    1
  315
 -0.6482633643176855D+00  0.4056094228105190D+00 -0.3256355992433855D+00
  0.1720106626998896D+01 -0.7422399061930349D+00 -0.7180164959660609D+00
 -0.3903813900468849D+00  0.1305195538999220D+00  0.4205058073718571D+00
 -0.6671193761991970D-01  0.4162227971295656D+00 -0.2605748702340381D+00
  0.2424522216967755D+00 -0.1587108827119781D+00  0.3213104846367637D+00
 -0.5863646120995574D-01 -0.8791326255568710D-01  0.3762245022800220D+00
 -0.5584000035743337D-01 -0.2569660022294055D+00  0.1210343095927657D+00
 -0.1384981638488249D+00 -0.1640987987845628D+00  0.4759721595170906D-01
  0.4759721595170735D-01 -0.4702256494072786D-01  0.1634540225892989D-01
 -0.1834508289077720D+00  0.1361341915477973D+00 -0.7837905029870047D-01
  0.4773859145211996D-01  0.4773859145212176D-01  0.6852240289776929D-01
  0.5499946358797674D-01 -0.1811695775626085D-01 -0.5473066847791219D-01
  0.1182513566768399D+00  0.9604478936065556D-02  0.2125457817839506D-02
 -0.8563436608667552D-01 -0.5666251726660196D-01  0.5769224742152994D-01
  0.4154735162625421D-01 -0.5515376894137392D-02  0.3612354102998865D-01
  0.1177967443379008D-01 -0.3319842153621169D-01 -0.3319842153621229D-01
  0.7843601323496938D-02 -0.3088333063346461D-01 -0.2648125367780670D-01
  0.5044128650687341D-01 -0.1765856942134672D-01  0.5193052305133785D-01
 -0.6911361751494986D-02 -0.2092908957601947D-01  0.4536251087207352D-01
 -0.4182729039365843D-01 -0.8237402795829322D-02 -0.1952295184107532D-01
 -0.3350557904035918D-01  0.1597444311384888D-01 -0.3704676175190871D-01
 -0.2244974981500350D-01  0.4661378391218354D-02  0.1330729055792379D-01
  0.1330729055792237D-01 -0.6676996193515799D-02  0.4740116985429352D-02
  0.1582743062083104D-02  0.1582743062082886D-02 -0.5274059615079490D-02
 -0.2503427839503048D-01  0.2050787478125033D-01  0.1471972611643313D-01
  0.1471972611643481D-01  0.2128885229346764D-01  0.1801300492035841D-01
 -0.1420136149404463D-02 -0.8608458422500222D-02  0.9339831320084074D-02
  0.1529626348443780D-02  0.5667208850134558D-02  0.2044211803599044D-02
 -0.6812550563939505D-02 -0.6946993807305168D-02 -0.7698473713530961D-02
 -0.4674321681307082D-02  0.6893951207015307D-02  0.5551603132163092D-02
 -0.1840236675159830D-02  0.1210629311567163D-01  0.1983280794947500D-02
 -0.1120219375499079D-01 -0.1120219375499138D-01  0.3674457824592035D-02
 -0.3893133072142891D-02 -0.1049445499186502D-01 -0.9012074748783828D-02
  0.4301685932377301D-02 -0.6065323078660392D-02  0.6183108856006874D-02
  0.8945608083860563D-02  0.3785028289280938D-02  0.3785028289281134D-02
 -0.1193913572806537D-02 -0.1809487508569359D-02  0.7853880855297840D-02
 -0.1097493687687564D-02  0.4766720649518993D-02 -0.2865143264579537D-02
 -0.2524943232755290D-02 -0.3402487366902644D-02 -0.5843245712611485D-02
  0.5577396248792480D-02 -0.3929674131661436D-02  0.4902193165523318D-02
 -0.2342544330408973D-02 -0.4260823604266436D-02  0.4160819447910132D-03
 -0.4698930903535320D-02  0.5558670060838010D-03  0.5558670060835726D-03
 -0.9261701087931601D-03 -0.3264581992890095D-02 -0.4396698262144186D-02
  0.3601371296498223D-02 -0.2089254884545066D-02  0.9375543059540657D-03
  0.1866675775048622D-02  0.7513099873858697D-03  0.7513099873856556D-03
 -0.4976805616567970D-03 -0.1507872667555781D-02  0.3270298571415564D-02
  0.5349823455118317D-03  0.1980845869696274D-02 -0.1189775327730540D-02
 -0.2420917295636523D-02 -0.2676449465993828D-02  0.6003547956949223D-03
 -0.1620881089651507D-02  0.8258076214375880D-03  0.8258076214378392D-03
  0.2385336207790290D-02  0.9596884010522616D-03  0.9596884010520567D-03
  0.1107507604067872D-02 -0.8732708745876328D-03 -0.8732708745876630D-03
  0.3406196202495140D-03  0.6301907680993937D-03  0.2271107095835086D-03
 -0.1332953018201711D-02 -0.8955180184263205D-03  0.1463502125602091D-02
  0.7601087238817666D-03  0.1043590298445637D-02  0.1043590298445876D-02
  0.1505304026739568D-02 -0.4691880308935900D-04  0.1272190063597768D-02
  0.1272190063597966D-02  0.6984959301734029D-03 -0.2000989915687796D-03
 -0.6056065566825774D-03  0.1311508338499270D-02 -0.1098104013074191D-02
 -0.6028068621804048D-03 -0.6028068621804908D-03  0.7907840220982640D-03
 -0.2371104657462077D-03 -0.4176769451920990D-03 -0.1120290143675431D-02
 -0.9601601252319596D-03 -0.6369075294879817D-03 -0.1745028273861202D-03
  0.8658761027265469D-03  0.1317959490423055D-03 -0.7419949204982811D-03
 -0.7419949204983612D-03 -0.2914629598185259D-03 -0.5132611176065585D-03
 -0.6865279680691712D-03  0.5583489789532653D-03 -0.3222338895351829D-03
 -0.3191588101428074D-03  0.2886086262162461D-03  0.5657059040300104D-03
  0.4772604093401631D-03  0.2270642336756608D-03 -0.7479153023036470D-04
 -0.3739576511513666D-04 -0.2258923195445684D-03  0.4878122781477367D-03
  0.2439061390738442D-03  0.1457898188972582D-03  0.2620026163122337D-04
  0.2620026163119462D-04 -0.1743235859322595D-03 -0.3496174255412573D-03
 -0.1748087127706650D-03 -0.1887386999309707D-03  0.8529149965640565D-04
 -0.2277947555387085D-03 -0.1138973777693643D-03  0.2315867584164016D-03
 -0.3090454820248195D-04 -0.3090454820248681D-04  0.3065935635700144D-03
 -0.4363533808834561D-04  0.2834402577352534D-03 -0.1313104084750055D-04
 -0.2365213566062155D-03 -0.2365213566062399D-03  0.4573938951368797D-04
  0.1681813685479530D-03  0.3017193524210234D-04  0.3017193524207751D-04
 -0.8820926344644011D-04 -0.2338443594845056D-03 -0.1995065572694976D-03
  0.1883908120427018D-03  0.9419540602135577D-04 -0.2135654785791411D-03
  0.9643531199087824D-04 -0.1279731426045430D-03  0.1850527611002280D-03
 -0.3442504060961652D-04  0.8535465553300977D-04 -0.7273732450575851D-04
 -0.3636866225285885D-04 -0.7227654273956026D-05 -0.1397256117436791D-03
  0.9158812328476803D-04  0.2318035517968882D-04 -0.5439292703354735D-04
 -0.9558700591889214D-04  0.1002842698129643D-03 -0.1141723122217035D-03
  0.3999310801570654D-04  0.3999310801572310D-04  0.3804709432143954D-04
  0.3804709432141922D-04  0.8774720948057251D-04 -0.3693502877183088D-04
 -0.7283758174420975D-05 -0.6530708171121295D-04  0.1244962732020398D-04
  0.6224813660110006D-05  0.6843986831423327D-04 -0.4682331837817756D-04
 -0.6056521591452630D-04 -0.5258661002224755D-04  0.1182751939342013D-04
  0.3068504764229933D-04  0.3068504764231684D-04  0.4255205883861522D-04
  0.2127602941930206D-04  0.3535111458919558D-04  0.3535111458920656D-04
 -0.5360428913859278D-05  0.3340556689348115D-04  0.5119886580906683D-05
  0.5548280323288285D-05  0.1831504570211223D-04  0.3221842372269205D-05
 -0.1060446460095389D-04 -0.1911111803485100D-04 -0.1864806509211816D-04
 -0.9106298003716404D-05  0.8131236634689512D-05 -0.9802965828487447D-05
  0.1269582378880130D-04 -0.2270075215968345D-05 -0.2270075215969416D-05
  0.4868673525290072D-05  0.4868673525288336D-05  0.5597440027109691D-05
 -0.7267364064678501D-06  0.4080815419827208D-05 -0.7418649498903645D-06
  0.1140100873198085D-05 -0.5359655536509750D-05 -0.5359655536511188D-05
  0.2418382137214602D-05  0.2418382137214768D-05 -0.3025545057669644D-05
 -0.2621312908685010D-05 -0.1310656454342976D-05 -0.8860213616221152D-06
  0.9385516840682141D-06  0.1230194551970775D-06 -0.1388148980567481D-06
  0.5355380422159777D-06 -0.1277958588690984D-05 -0.1277958588691469D-05
  0.1178697513045863D-05 -0.3116291703594475D-05  0.5604735221658396D-06
  0.1898963860727496D-05 -0.4709813715757409D-05  0.2241833333404803D-06
  0.2132524164157469D-05  0.2132524164158057D-05 -0.2149282135902650D-05
 -0.3929936091634468D-05 -0.6369675899535073D-05  0.2581775727961578D-05
  0.1290887863980897D-05  0.7311212455787775D-05  0.6623462227397182D-05
 -0.3432241579759633D-05  0.6078885152306558D-05  0.4283673338793307D-05
    7
    1    1  327
  0.0000000000000000D+00 -0.2679770724493368D+07 -0.2600423376359806D+07
 -0.2523424298897342D+07 -0.2448703995206070D+07 -0.2376195025141261D+07
 -0.2305831944459487D+07 -0.2237551245696419D+07 -0.2171291300918496D+07
 -0.2106992306036502D+07 -0.2044596226870885D+07 -0.1984046746752498D+07
 -0.1925289215698544D+07 -0.1868270601086256D+07 -0.1812939439787104D+07
 -0.1759245791717859D+07 -0.1707141194766133D+07 -0.1656578621049930D+07
 -0.1607512434471715D+07 -0.1559898349528638D+07 -0.1513693391341763D+07
 -0.1468855856868261D+07 -0.1425345277261485D+07 -0.1383122381345029D+07
 -0.1342149060167745D+07 -0.1302388332607763D+07 -0.1263804311994460D+07
 -0.1226362173718234D+07 -0.1190028123798889D+07 -0.1154769368384210D+07
 -0.1120554084151244D+07 -0.1087351389583547D+07 -0.1055131317098480D+07
 -0.1023864785999392D+07 -0.9935235762282931D+06 -0.9640803028953000D+06
 -0.9355083915619015D+06 -0.9077820542556952D+06 -0.8808762661949819D+06
 -0.8547667432021929D+06 -0.8294299197857596D+06 -0.8048429278706608D+06
 -0.7809835761584354D+06 -0.7578303300980355D+06 -0.7353622924494465D+06
 -0.7135591844225260D+06 -0.6924013273740427D+06 -0.6718696250463953D+06
 -0.6519455463319742D+06 -0.6326111085476187D+06 -0.6138488612040739D+06
 -0.5956418702557847D+06 -0.5779737028168316D+06 -0.5608284123291993D+06
 -0.5441905241699937D+06 -0.5280450216846254D+06 -0.5123773326333401D+06
 -0.4971733160388782D+06 -0.4824192494233812D+06 -0.4681018164230325D+06
 -0.4542080947692518D+06 -0.4407255446255947D+06 -0.4276419972698328D+06
 -0.4149456441110019D+06 -0.4026250260314974D+06 -0.3906690230446081D+06
 -0.3790668442581478D+06 -0.3678080181351269D+06 -0.3568823830426787D+06
 -0.3462800780807016D+06 -0.3359915341819511D+06 -0.3260074654755424D+06
 -0.3163188609060659D+06 -0.3069169761007653D+06 -0.2977933254774197D+06
 -0.2889396745858244D+06 -0.2803480326759478D+06 -0.2720106454860607D+06
 -0.2639199882443299D+06 -0.2560687588775614D+06 -0.2484498714209581D+06
 -0.2410564496229537D+06 -0.2338818207393440D+06 -0.2269195095111176D+06
 -0.2201632323205537D+06 -0.2136068915203065D+06 -0.2072445699303674D+06
 -0.2010705254979321D+06 -0.1950791861153528D+06 -0.1892651445915083D+06
 -0.1836231537720400D+06 -0.1781481218040621D+06 -0.1728351075410669D+06
 -0.1676793160838774D+06 -0.1626760944536290D+06 -0.1578209273928670D+06
 -0.1531094332909780D+06 -0.1485373602302736D+06 -0.1441005821491595D+06
 -0.1397950951189258D+06 -0.1356170137308015D+06 -0.1315625675900062D+06
 -0.1276280979136419D+06 -0.1238100542293472D+06 -0.1201049911717375D+06
 -0.1165095653737391D+06 -0.1130205324500073D+06 -0.1096347440697091D+06
 -0.1063491451160246D+06 -0.1031607709298003D+06 -0.1000667446348698D+06
 -0.9706427454261904D+05 -0.9415065163345639D+05 -0.9132324711290853D+05
 -0.8857951004013326D+05 -0.8591696502670729D+05 -0.8333321000360444D+05
 -0.8082591405434669D+05 -0.7839281531236626D+05 -0.7603171892067451D+05
 -0.7374049505199076D+05 -0.7151707698753674D+05 -0.6935945925275357D+05
 -0.6726569580825311D+05 -0.6523389829435792D+05 -0.6326223432763879D+05
 -0.6134892584789957D+05 -0.5949224751410570D+05 -0.5769052514779737D+05
 -0.5594213422256747D+05 -0.5424549839822689D+05 -0.5259908809831976D+05
 -0.5100141912968642D+05 -0.4945105134281261D+05 -0.4794658733173662D+05
 -0.4648667117232076D+05 -0.4506998719773036D+05 -0.4369525880999088D+05
 -0.4236124732653105D+05 -0.4106675086064619D+05 -0.3981060323484825D+05
 -0.3859167292609783D+05 -0.3740886204194042D+05 -0.3626110532659839D+05
 -0.3514736919609553D+05 -0.3406665080151823D+05 -0.3301797711954219D+05
 -0.3200040406937936D+05 -0.3101301565532343D+05 -0.3005492313409751D+05
 -0.2912526420623031D+05 -0.2822320223071187D+05 -0.2734792546220165D+05
 -0.2649864631008674D+05 -0.2567460061870915D+05 -0.2487504696810555D+05
 -0.2409926599462510D+05 -0.2334655973081385D+05 -0.2261625096397854D+05
 -0.2190768261286458D+05 -0.2122021712190792D+05 -0.2055323587254365D+05
 -0.1990613861107888D+05 -0.1927834289266237D+05 -0.1866928354090768D+05
 -0.1807841212275284D+05 -0.1750519643816513D+05 -0.1694912002432578D+05
 -0.1640968167395602D+05 -0.1588639496747235D+05 -0.1537878781868682D+05
 -0.1488640203379379D+05 -0.1440879288341254D+05 -0.1394552868748090D+05
 -0.1349619041282130D+05 -0.1306037128322533D+05 -0.1263767640192642D+05
 -0.1222772238635250D+05 -0.1183013701506913D+05 -0.1144455888684130D+05
 -0.1107063709175377D+05 -0.1070803089433904D+05 -0.1035640942866402D+05
 -0.1001545140532291D+05 -0.9684844830271217D+04 -0.9364286735414131D+04
 -0.9053482920828674D+04 -0.8752147708452738D+04 -0.8460003707010917D+04
 -0.8176781587866962D+04 -0.7902219871391490D+04 -0.7636064723310534D+04
 -0.7378069760352453D+04 -0.7127995864337986D+04 -0.6885611003660229D+04
 -0.6650690060881969D+04 -0.6423014664941829D+04 -0.6202373026220573D+04
 -0.5988559772490353D+04 -0.5781375783578086D+04 -0.5580628022452966D+04
 -0.5386129360439399D+04 -0.5197698394411088D+04 -0.5015159254192467D+04
 -0.4838341399030374D+04 -0.4667079402934954D+04 -0.4501212729927889D+04
 -0.4340585501732104D+04 -0.4185046262086995D+04 -0.4034447743650315D+04
 -0.3888646643727824D+04 -0.3747503418670232D+04 -0.3610882102935929D+04
 -0.3478650160796839D+04 -0.3350678375458749D+04 -0.3226840777701968D+04
 -0.3107014612731193D+04 -0.2991080340422283D+04 -0.2878921661074922D+04
 -0.2770425556566846D+04 -0.2665482335744285D+04 -0.2563985673054390D+04
 -0.2465832630703206D+04 -0.2370923656727526D+04 -0.2279162553942840D+04
 -0.2190456417415717D+04 -0.2104715540611521D+04 -0.2021853292486117D+04
 -0.1941785969420673D+04 -0.1864432627024298D+04 -0.1789714897491778D+04
 -0.1717556798478910D+04 -0.1647884539431760D+04 -0.1580626331061356D+04
 -0.1515712203259771D+04 -0.1453073836259705D+04 -0.1392644409282198D+04
 -0.1334358470317080D+04 -0.1278151830047024D+04 -0.1223961482259370D+04
 -0.1171725552384261D+04 -0.1121383275042100D+04 -0.1072875000663034D+04
 -0.1026142230336546D+04 -0.9811276770373461D+03 -0.9377753502274559D+03
 -0.8960306595260175D+03 -0.8558405316448208D+03 -0.8171535331036414D+03
 -0.7799199893998782D+03 -0.7440920894225196D+03 -0.7096239622071467D+03
 -0.6764717120448834D+03 -0.6445933981255048D+03 -0.6139489467575426D+03
 -0.5844999918173702D+03 -0.5562096422839525D+03 -0.5290421953525802D+03
 -0.5029628226493128D+03 -0.4779372695711063D+03 -0.4539316189065206D+03
 -0.4309121584671018D+03 -0.4088453820311389D+03 -0.3876981252630404D+03
 -0.3674378110671325D+03 -0.3480327572170062D+03 -0.3294524896311470D+03
 -0.3116680088391799D+03 -0.2946519717215853D+03 -0.2783787698614157D+03
 -0.2628245039658916D+03 -0.2479668676864535D+03 -0.2337849618695381D+03
 -0.2202590631773941D+03 -0.2073703700004476D+03 -0.1951007454492513D+03
 -0.1834324732321402D+03 -0.1723480380928712D+03 -0.1618299387623044D+03
 -0.1518605381896987D+03 -0.1424219532109866D+03 -0.1334959837323993D+03
 -0.1250640798848436D+03 -0.1171073443645523D+03 -0.1096065662561430D+03
 -0.1025422819853016D+03 -0.9589485862997580D+02 -0.8964459459849029D+02
 -0.8377183263177162D+02 -0.7825708017797358D+02 -0.7308113239485461D+02
 -0.6822519333175124D+02 -0.6367099120259719D+02 -0.5940088410307654D+02
 -0.5539795134422757D+02 -0.5164607306029099D+02 -0.4812998982099590D+02
 -0.4483533779939623D+02 -0.4174866729020252D+02 -0.3885743682369838D+02
 -0.3614998427528149D+02 -0.3361547581771026D+02 -0.3124383492146079D+02
 -0.2902565557020379D+02 -0.2695210551093089D+02 -0.2501482790183130D+02
 -0.2320584996082297D+02 -0.2151750820259211D+02 -0.1994239708922941D+02
 -0.1847334488261685D+02 -0.1710341582893960D+02 -0.1582593308482677D+02
 -0.1463451377676729D+02 -0.1352310632365194D+02 -0.1248602127114608D+02
 -0.1151794953537771D+02 -0.1061396524696083D+02 -0.9769513457297341D+01
 -0.8980385062742890D+01 -0.8242682791764704D+01 -0.7552781417949483D+01
 -0.6907288565067826D+01 -0.6303001944352593D+01 -0.5736887532871083D+01
 -0.5205996460268476D+01 -0.4707589532079087D+01 -0.4238695465567758D+01
 -0.3797057759939228D+01
    1 1000  327
  0.0000000000000000D+00  0.3133224914638864D-04  0.3228780381174756D-04
  0.3327250048899953D-04  0.3428722792975000D-04  0.3533290200705549D-04
  0.3641046650621195D-04  0.3752089401040655D-04  0.3866518675412944D-04
  0.3984437754467461D-04  0.4105953068127337D-04  0.4231174293223902D-04
  0.4360214449983450D-04  0.4493190006078204D-04  0.4630220982090530D-04
  0.4771431057608865D-04  0.4916947684611895D-04  0.5066902201902199D-04
  0.5221429954799835D-04  0.5380670414328741D-04  0.5544767306829138D-04
  0.5713868741280327D-04  0.5888127343434079D-04  0.6067700394048585D-04
  0.6252749970180362D-04  0.6443443092110093D-04  0.6639951874044231D-04
  0.6842453678913478D-04  0.7051131278392385D-04  0.7266173019117027D-04
  0.7487772991237737D-04  0.7716131203986742D-04  0.7951453767218775D-04
  0.8193953075767307D-04  0.8443848002421997D-04  0.8701364094307307D-04
  0.8966733778847042D-04  0.9240196569849694D-04  0.9521999287264793D-04
  0.9812396277639277D-04  0.1011164964443774D-03  0.1042002948503542D-03
  0.1073781413424978D-03  0.1106529041446896D-03  0.1140275389631552D-03
  0.1175050916414783D-03  0.1210887009156781D-03  0.1247816012456152D-03
  0.1285871257299914D-03  0.1325087091282211D-03  0.1365498909385831D-03
  0.1407143186131640D-03  0.1450057508410898D-03  0.1494280609453511D-03
  0.1539852403606265D-03  0.1586814022702199D-03  0.1635207852853940D-03
  0.1685077572921131D-03  0.1736468193820738D-03  0.1789426099218203D-03
  0.1843999087288855D-03  0.1900236414052209D-03  0.1958188837566401D-03
  0.2017908663995844D-03  0.2079449794716774D-03  0.2142867774872085D-03
  0.2208219843645027D-03  0.2275564985897530D-03  0.2344963985355436D-03
  0.2416479479451194D-03  0.2490176015952864D-03  0.2566120111122164D-03
  0.2644380309921656D-03  0.2725027247599056D-03  0.2808133713723191D-03
  0.2893774717702137D-03  0.2982027556555225D-03  0.3072971884668351D-03
  0.3166689785646394D-03  0.3263265846585074D-03  0.3362787234031310D-03
  0.3465343773092509D-03  0.3571028028229911D-03  0.3679935386924289D-03
  0.3792164145663410D-03  0.3907815598837597D-03  0.4026994129976635D-03
  0.4149807306066833D-03  0.4276365974656548D-03  0.4406784363823325D-03
  0.4541180185242161D-03  0.4679674740716783D-03  0.4822393031211089D-03
  0.4969463870016199D-03  0.5121019998910164D-03  0.5277198207915569D-03
  0.5438139458905578D-03  0.5603989012536548D-03  0.5774896559776954D-03
  0.5951016356644720D-03  0.6132507363629200D-03  0.6319533389131624D-03
  0.6512263237255856D-03  0.6710870860213176D-03  0.6915535515318171D-03
  0.7126441926810046D-03  0.7343780452556565D-03  0.7567747255794179D-03
  0.7798544482339570D-03  0.8036380442833168D-03  0.8281469800994568D-03
  0.8534033767099349D-03  0.8794300297949557D-03  0.9062504302321772D-03
  0.9338887853151775D-03  0.9623700406012100D-03  0.9917199024235884D-03
  0.1021964861092968D-02  0.1053132214808683D-02  0.1085250094293913D-02
  0.1118347488193236D-02  0.1152454269226516D-02  0.1187601221160023D-02
  0.1223820066583803D-02  0.1261143495548896D-02  0.1299605195073653D-02
  0.1339239879539740D-02  0.1380083322034163D-02  0.1422172386630976D-02
  0.1465545061663338D-02  0.1510240494026462D-02  0.1556299024471633D-02
  0.1603762224069729D-02  0.1652672931683340D-02  0.1703075292663149D-02
  0.1755014798677498D-02  0.1808538328781313D-02  0.1863694191713826D-02
  0.1920532169517241D-02  0.1979103562454591D-02  0.2039461235323543D-02
  0.2101659665164430D-02  0.2165754990419538D-02  0.2231805061627312D-02
  0.2299869493614818D-02  0.2370009719307029D-02  0.2442289045181344D-02
  0.2516772708409541D-02  0.2593527935729290D-02  0.2672624004117284D-02
  0.2754132303329423D-02  0.2838126400333654D-02  0.2924682105696770D-02
  0.3013877542020893D-02  0.3105793214448616D-02  0.3200512083330971D-02
  0.3298119639098402D-02  0.3398703979422251D-02  0.3502355888733716D-02
  0.3609168920154832D-02  0.3719239479951869D-02  0.3832666914528286D-02
  0.3949553600113959D-02  0.4070005035146708D-02  0.4194129935507005D-02
  0.4322040332630272D-02  0.4453851674627736D-02  0.4589682930499670D-02
  0.4729656697485375D-02  0.4873899311743929D-02  0.5022540962355164D-02
  0.5175715808852022D-02  0.5333562102286568D-02  0.5496222310022233D-02
  0.5663843244317058D-02  0.5836576194836436D-02  0.6014577065193680D-02
  0.6198006513677288D-02  0.6387030098238483D-02  0.6581818425939993D-02
  0.6782547306922723D-02  0.6989397913095301D-02  0.7202556941655077D-02
  0.7422216783594309D-02  0.7648575697341588D-02  0.7881837987711665D-02
  0.8122214190302644D-02  0.8369921261509348D-02  0.8625182774363110D-02
  0.8888229120300871D-02  0.9159297717118289D-02  0.9438633223261004D-02
  0.9726487758633509D-02  0.1002312113216757D-01  0.1032880107631073D-01
  0.1064380348867978D-01  0.1096841268106590D-01  0.1130292163605976D-01
  0.1164763227148198D-01  0.1200285571288372D-01  0.1236891257436470D-01
  0.1274613324794569D-01  0.1313485820177155D-01  0.1353543828740752D-01
  0.1394823505650781D-01  0.1437362108714297D-01  0.1481198032007388D-01
  0.1526370840528827D-01  0.1572921305910289D-01  0.1620891443215185D-01
  0.1670324548860850D-01  0.1721265239696224D-01  0.1773759493271505D-01
  0.1827854689336650D-01  0.1883599652604376D-01  0.1941044696818290D-01
  0.2000241670164295D-01  0.2061244002067486D-01  0.2124106751415945D-01
  0.2188886656254770D-01  0.2255642184996719D-01  0.2324433589193839D-01
  0.2395322957918724D-01  0.2468374273804141D-01  0.2543653470792333D-01
  0.2621228493644119D-01  0.2701169359264895D-01  0.2783548219898892D-01
  0.2868439428252269D-01  0.2955919604601289D-01  0.3046067705947815D-01
  0.3138965097282947D-01  0.3234695625025354D-01  0.3333345692698251D-01
  0.3435004338914541D-01  0.3539763317740501D-01  0.3647717181510449D-01
  0.3758963366166541D-01  0.3873602279201620D-01  0.3991737390284322D-01
  0.4113475324647410D-01  0.4238925959324775D-01  0.4368202522322712D-01
  0.4501421694816799D-01  0.4638703716464312D-01  0.4780172493929359D-01
  0.4925955712716906D-01  0.5076184952418408D-01  0.5230995805471197D-01
  0.5390527999540372D-01  0.5554925523632984D-01  0.5724336758057878D-01
  0.5898914608349563D-01  0.6078816643276203D-01  0.6264205237056385D-01
  0.6455247715913322D-01  0.6652116509098514D-01  0.6854989304521238D-01
  0.7064049209124357D-01  0.7279484914151271D-01  0.7501490865452896D-01
  0.7730267438988733D-01  0.7966021121680271D-01  0.8208964697779855D-01
  0.8459317440923719D-01  0.8717305312041372D-01  0.8983161163301354D-01
  0.9257124948277007D-01  0.9539443938521086D-01  0.9830372946745630D-01
  0.1013017455680863D+00  0.1043911936071410D+00  0.1075748620284065D+00
  0.1108556243161795D+00  0.1142364415887866D+00  0.1177203652712065D+00
  0.1213105398491903D+00  0.1250102057073856D+00  0.1288227020540054D+00
  0.1327514699347035D+00  0.1368000553383559D+00  0.1409721123975666D+00
  0.1452714066867789D+00  0.1497018186209699D+00  0.1542673469579985D+00
  0.1589721124077634D+00  0.1638203613514352D+00  0.1688164696741126D+00
  0.1739649467143663D+00  0.1792704393342321D+00  0.1847377361133330D+00
  0.1903717716709060D+00  0.1961776311196436D+00  0.2021605546553659D+00
  0.2083259422866627D+00  0.2146793587087841D+00  0.2212265383261648D+00
  0.2279733904281289D+00  0.2349260045224396D+00  0.2420906558315040D+00
  0.2494738109562049D+00  0.2570821337124626D+00  0.2649224911457924D+00
  0.2730019597293019D+00  0.2813278317506983D+00  0.2899076218940936D+00
  0.2987490740225362D+00  0.3078601681673863D+00  0.3172491277308592D+00
  0.3269244269082204D+00  0.3368947983363413D+00  0.3471692409755221D+00
  0.3577570282316785D+00  0.3686677163262457D+00  0.3799111529213401D+00
  0.3914974860079619D+00  0.4034371730652743D+00  0.4157409904992087D+00
  0.4284200433689284D+00  0.4414857754099288D+00  0.4549499793628051D+00
  0.4688248076170330D+00  0.4831227831793546D+00  0.4978568109766668D+00
  0.5130401895036293D+00  0.5286866228254853D+00  0.5448102329469440D+00
  0.5614255725582843D+00
    1 1000  327
  0.0000000000000000D+00  0.3073364402418297D-09  0.3263683657069642D-09
  0.3465783567403400D-09  0.3680401467308853D-09  0.3908305995716910D-09
  0.4150339556147365D-09  0.4407333878089372D-09  0.4680279555142807D-09
  0.4970090108220513D-09  0.5277856911821213D-09  0.5604701618024551D-09
  0.5951764715636779D-09  0.6320318414382076D-09  0.6711718574545478D-09
  0.7127339128543993D-09  0.7568695281006771D-09  0.8037378348129713D-09
  0.8535098733849119D-09  0.9063636982896791D-09  0.9624901693297273D-09
  0.1022092469889049D-08  0.1085385208763078D-08  0.1152597625491725D-08
  0.1223972975798420D-08  0.1299767758717534D-08  0.1380255787233079D-08
  0.1465727905161182D-08  0.1556492792688479D-08  0.1652879091478967D-08
  0.1755234387128957D-08  0.1863926571742511D-08  0.1979349901973155D-08
  0.2101921903034653D-08  0.2232083010913331D-08  0.2370305191700050D-08
  0.2517086559167685D-08  0.2672956081507769D-08  0.2838480118768838D-08
  0.3014253134064347D-08  0.3200910215222098D-08  0.3399125898159075D-08
  0.3609617326162770D-08  0.3833142909662640D-08  0.4070511201817936D-08
  0.4322577768345612D-08  0.4590253381515965D-08  0.4874505427580708D-08
  0.5176358668187629D-08  0.5496905871965647D-08  0.5837301139474472D-08
  0.6198777047225668D-08  0.6582636233297796D-08  0.6990266475199287D-08
  0.7423138103210777D-08  0.7882817515660650D-08  0.8370960683332438D-08
  0.8889332109554480D-08  0.9439805134428936D-08  0.1002436641702025D-07
  0.1064512450331751D-07  0.1130432520050325D-07  0.1200434581764291D-07
  0.1274771545259957D-07  0.1353711808201043D-07  0.1437540449208296D-07
  0.1526560213727627D-07  0.1621092672378966D-07  0.1721478826728035D-07
  0.1828081666969007D-07  0.1941285610130899D-07  0.2061499792332001D-07
  0.2189158299097410D-07  0.2324722096405311D-07  0.2468680550529784D-07
  0.2621553891507571D-07  0.2783893722506688D-07  0.2956286429587329D-07
  0.3139354602046012D-07  0.3333759330036159D-07  0.3540202499524941D-07
  0.3759429766620077D-07  0.3992232718035567D-07  0.4239452013968485D-07
  0.4501980254625623D-07  0.4780765676110737D-07  0.5076814803256600D-07
  0.5391196871803098D-07  0.5725046973358452D-07  0.6079570908554714D-07
  0.6456048595318322D-07  0.6855839867124969D-07  0.7280388102975430D-07
  0.7731226600221773D-07  0.8209983174630037D-07  0.8718386848501821D-07
  0.9258273456883263D-07  0.9831592608441876D-07  0.1044041451537665D-06
  0.1108693782380614D-06  0.1177349719903993D-06  0.1250257155313320D-06
  0.1327679398637927D-06  0.1409896021704950D-06  0.1497203918316179D-06
  0.1589918370601064D-06  0.1688374131111347D-06  0.1792926806165808D-06
  0.1903953903408908D-06  0.2021856355729375D-06  0.2147059938329856D-06
  0.2280016737231324D-06  0.2421206906962004D-06  0.2571140282282339D-06
  0.2730358296070621D-06  0.2899435881473186D-06  0.3078983625806410D-06
  0.3269649858962301D-06  0.3472123118618840D-06  0.3687134543899439D-06
  0.3915460553375081D-06  0.4157925686113409D-06  0.4415405471578819D-06
  0.4688829709970383D-06  0.4979185755649037D-06  0.5287522125957950D-06
  0.5614952237952588D-06  0.5962658478167018D-06  0.6331896446113649D-06
  0.6723999510051691D-06  0.7140383558437776D-06  0.7582552228407949D-06
  0.8052102210662080D-06  0.8550729107764974D-06  0.9080233496926002D-06
  0.9642527494708474D-06  0.1023964156045937D-05  0.1087373196221213D-05
  0.1154708844175565D-05  0.1226214254491725D-05  0.1302147643764586D-05
  0.1382783211643204D-05  0.1468412143620580D-05  0.1559343649766367D-05
  0.1655906094957402D-05  0.1758448176015892D-05  0.1867340181354031D-05
  0.1982975330232987D-05  0.2105771192455440D-05  0.2236171194644951D-05
  0.2374646225610881D-05  0.2521696330680645D-05  0.2677852521648666D-05
  0.2843678694537639D-05  0.3019773662707412D-05  0.3206773321455554D-05
  0.3405352944721558D-05  0.3616229623065484D-05  0.3840164851995684D-05
  0.4077967282899165D-05  0.4330495642185598D-05  0.4598661836576447D-05
  0.4883434236384839D-05  0.5185841184991449D-05  0.5506974700180671D-05
  0.5847994427183587D-05  0.6210131821255239D-05  0.6594694593153176D-05
  0.7003071437213116D-05  0.7436737042016768D-05  0.7897257413775848D-05
  0.8386295536485511D-05  0.8905617372731309D-05  0.9457098244576587D-05
  0.1004272960105697D-04  0.1066462621289389D-04  0.1132503380794086D-04
  0.1202633718295106D-04  0.1277106880921284D-04  0.1356191798453554D-04
  0.1440174054088191D-04  0.1529356915818463D-04  0.1624062431313909D-04
  0.1724632591483055D-04  0.1831430564571537D-04  0.1944842008325698D-04
  0.2065276462288550D-04  0.2193168826802477D-04  0.2328980933395977D-04
  0.2473203212552910D-04  0.2626356464719221D-04  0.2788993740840373D-04
  0.2961702339756142D-04  0.3145105928652896D-04  0.3339866795390931D-04
  0.3546688240119012D-04  0.3766317114770461D-04  0.3999546520164123D-04
  0.4247218670002877D-04  0.4510227932084835D-04  0.4789524057920821D-04
  0.5086115612549984D-04  0.5401073616390729D-04  0.5735535412870819D-04
  0.6090708775402131D-04  0.6467876269031006D-04  0.6868399881487642D-04
  0.7293725941873498D-04  0.7745390343173424D-04  0.8225024088666830D-04
  0.8734359181648378D-04  0.9275234879735232D-04  0.9849604336773703D-04
  0.1045954165567219D-03  0.1110724937836667D-03  0.1179506643928592D-03
  0.1252547661154164D-03  0.1330111747603095D-03  0.1412478994592646D-03
  0.1499946838126218D-03  0.1592831132933814D-03  0.1691467293075494D-03
  0.1796211503144862D-03  0.1907442004486593D-03  0.2025560461069159D-03
  0.2150993409914216D-03  0.2284193801380056D-03  0.2425642634799400D-03
  0.2575850695418022D-03  0.2735360398889620D-03  0.2904747749986466D-03
  0.3084624422610221D-03  0.3275639968596680D-03  0.3478484163330706D-03
  0.3693889496571579D-03  0.3922633817546023D-03  0.4165543143842762D-03
  0.4423494644237790D-03  0.4697419806227708D-03  0.4988307799739790D-03
  0.5297209049092401D-03  0.5625239026199022D-03  0.5973582278632907D-03
  0.6343496707147463D-03  0.6736318108063948D-03  0.7153464996981045D-03
  0.7596443731151536D-03  0.8066853949084349D-03  0.8566394347002144D-03
  0.9096868812988796D-03  0.9660192941000045D-03  0.1025840094825857D-02
  0.1089365302100522D-02  0.1156824311514246D-02  0.1228460723992253D-02
  0.1304533225461132D-02  0.1385316520988600D-02  0.1471102326769462D-02
  0.1562200423540752D-02  0.1658939775229913D-02  0.1761669716874179D-02
  0.1870761216103394D-02  0.1986608212739389D-02  0.2109629041350845D-02
  0.2240267941897701D-02  0.2378996663925772D-02  0.2526316170097767D-02
  0.2682758445220883D-02  0.2848888417290031D-02  0.3025305997499598D-02
  0.3212648246579242D-02  0.3411591675281371D-02  0.3622854687326265D-02
  0.3847200173625710D-02  0.4085438267154805D-02  0.4338429268421018D-02
  0.4607086752090861D-02  0.4892380865993654D-02  0.5195341834420374D-02
  0.5517063678360335D-02  0.5858708166115803D-02  0.6221509008559033D-02
  0.6606776314179132D-02  0.7015901320008989D-02  0.7450361415516086D-02
  0.7911725477595345D-02  0.8401659535934677D-02  0.8921932789207151D-02
  0.9474423993815578D-02  0.1006112824826205D-01  0.1068416419763912D-01
  0.1134578168425910D-01  0.1204836987204988D-01  0.1279446587405405D-01
  0.1358676391418589D-01  0.1442812505633203D-01  0.1532158753592576D-01
  0.1627037773130543D-01  0.1727792181447494D-01  0.1834785812333841D-01
  0.1948405030008377D-01  0.2069060124316702D-01  0.2197186792326783D-01
  0.2333247711672725D-01  0.2477734211327965D-01  0.2631168045841056D-01
  0.2794103279441159D-01  0.2967128286816915D-01  0.3150867877793687D-01
  0.3345985553581384D-01  0.3553185902740782D-01  0.3773217145520120D-01
  0.4006873835749763D-01  0.4254999730052089D-01  0.4518490834727173D-01
  0.4798298641317048D-01  0.5095433562532681D-01  0.5410968580950601D-01
  0.5746043123655516D-01  0.6101867176820407D-01  0.6479725655082014D-01
  0.6880983041490360D-01  0.7307088314787434D-01  0.7759580181807610D-01
  0.8240092633895209D-01  0.8750360847403064D-01  0.9292227449580145D-01
  0.9867649172474607D-01
    1 1000  327
  0.0000000000000000D+00 -0.4262604366199018D-13 -0.4967951598351216D-13
 -0.5415578213161165D-13 -0.5679570489213939D-13 -0.6703513131756449D-13
 -0.6677990468866426D-13 -0.7295416936494650D-13 -0.8191563352773848D-13
 -0.8662074490216520D-13 -0.9218726972535036D-13 -0.1058138854019863D-12
 -0.1129188513353046D-12 -0.1261314926119723D-12 -0.1366005341568498D-12
 -0.1514947474670856D-12 -0.1583115591964368D-12 -0.1787295831634492D-12
 -0.1957844672660308D-12 -0.2124447004290775D-12 -0.2376550222354297D-12
 -0.2534877756428136D-12 -0.2795301791488575D-12 -0.3053224877430304D-12
 -0.3330426160370145D-12 -0.3606347058429925D-12 -0.4018963998114562D-12
 -0.4319464720548461D-12 -0.4789991346843106D-12 -0.5176947245431147D-12
 -0.5685391272266489D-12 -0.6211963542550632D-12 -0.6830693701760010D-12
 -0.7494941298979612D-12 -0.8218133866987302D-12 -0.8921526780953737D-12
 -0.9812573212886973D-12 -0.1071126910642468D-11 -0.1167998822047535D-11
 -0.1281614509483614D-11 -0.1400530005320674D-11 -0.1528832024761939D-11
 -0.1667765695407205D-11 -0.1833414836499697D-11 -0.2004521085133878D-11
 -0.2193375299152616D-11 -0.2396270764248433D-11 -0.2625503676676684D-11
 -0.2876373576340931D-11 -0.3138536396672163D-11 -0.3436692219943828D-11
 -0.3763188520807416D-11 -0.4116774922900492D-11 -0.4503102717052660D-11
 -0.4930848736086755D-11 -0.5391410262532773D-11 -0.5901691829076025D-11
 -0.6462024547114936D-11 -0.7069257899487028D-11 -0.7736273132763116D-11
 -0.8463239077199336D-11 -0.9265491035721569D-11 -0.1014240107187508D-10
 -0.1109784511109864D-10 -0.1213808169552349D-10 -0.1328283694864242D-10
 -0.1453682613859260D-10 -0.1590551730373912D-10 -0.1740996506400356D-10
 -0.1904744404326331D-10 -0.2084492929304801D-10 -0.2280754716802695D-10
 -0.2496072471331335D-10 -0.2731818628011149D-10 -0.2989669649457886D-10
 -0.3270986009761395D-10 -0.3579356992609925D-10 -0.3916764620517669D-10
 -0.4286450986154655D-10 -0.4690769684840400D-10 -0.5133442820808918D-10
 -0.5616724782998794D-10 -0.6146438645708947D-10 -0.6726472424320040D-10
 -0.7360731144150833D-10 -0.8055032237582782D-10 -0.8814804863766379D-10
 -0.9645844945347182D-10 -0.1055507746987096D-09 -0.1155092636167361D-09
 -0.1264086026250961D-09 -0.1383312504695048D-09 -0.1513693856088750D-09
 -0.1656469688633318D-09 -0.1812704947976408D-09 -0.1983659236035073D-09
 -0.2170738376700202D-09 -0.2375463234691975D-09 -0.2599467610341255D-09
 -0.2844651461864650D-09 -0.3112918281217217D-09 -0.3406464465943979D-09
 -0.3727785880993975D-09 -0.4079317695680565D-09 -0.4464071658296961D-09
 -0.4885084233820474D-09 -0.5345791470085329D-09 -0.5849971902977562D-09
 -0.6401661957288929D-09 -0.7005409743544275D-09 -0.7666106262065877D-09
 -0.8389021598498262D-09 -0.9180301799457499D-09 -0.1004608340361019D-08
 -0.1099345392572727D-08 -0.1203033212510540D-08 -0.1316488397845118D-08
 -0.1440650739716924D-08 -0.1576510939842898D-08 -0.1725196964878726D-08
 -0.1887901618316865D-08 -0.2065954058482608D-08 -0.2260799424884177D-08
 -0.2474011838091789D-08 -0.2707339771091014D-08 -0.2962677601578542D-08
 -0.3242092170181814D-08 -0.3547852335278071D-08 -0.3882450178023071D-08
 -0.4248611504841323D-08 -0.4649300104655160D-08 -0.5087780340750653D-08
 -0.5567619605939729D-08 -0.6092706421681798D-08 -0.6667312376393445D-08
 -0.7296114992255926D-08 -0.7984220395611024D-08 -0.8737219543087824D-08
 -0.9561233353311324D-08 -0.1046296306056747D-07 -0.1144974235135040D-07
 -0.1252958193209647D-07 -0.1371125517714714D-07 -0.1500437894348199D-07
 -0.1641945794563564D-07 -0.1796799444301283D-07 -0.1966257912212150D-07
 -0.2151697559027471D-07 -0.2354626416163750D-07 -0.2576693930564090D-07
 -0.2819704403584295D-07 -0.3085634332909463D-07 -0.3376643986636590D-07
 -0.3695098648075817D-07 -0.4043587493729468D-07 -0.4424942777677394D-07
 -0.4842263772600326D-07 -0.5298942964208268D-07 -0.5798692125179596D-07
 -0.6345573037177009D-07 -0.6944030967359938D-07 -0.7598929862103372D-07
 -0.8315593514905479D-07 -0.9099846242351425D-07 -0.9958062743574224D-07
 -0.1089721816474121D-06 -0.1192494685601188D-06 -0.1304960183481220D-06
 -0.1428032415861181D-06 -0.1562711691746869D-06 -0.1710092760839336D-06
 -0.1871373508018750D-06 -0.2047864761147140D-06 -0.2241001157912601D-06
 -0.2452352441750572D-06 -0.2683636463252036D-06 -0.2936733189165435D-06
 -0.3213699690176376D-06 -0.3516787237684258D-06 -0.3848459275236804D-06
 -0.4211411724385339D-06 -0.4608594571720813D-06 -0.5043236169518158D-06
 -0.5518869303413536D-06 -0.6039359907342083D-06 -0.6608938569249548D-06
 -0.7232234814272039D-06 -0.7914314823462975D-06 -0.8660722529679637D-06
 -0.9477524766864010D-06 -0.1037136051142932D-05 -0.1134949492499229D-05
 -0.1241987821703169D-05 -0.1359121055350068D-05 -0.1487301253151118D-05
 -0.1627570267539261D-05 -0.1781068203291663D-05 -0.1949042699208434D-05
 -0.2132859053226810D-05 -0.2334011331594293D-05 -0.2554134499593032D-05
 -0.2795017724234599D-05 -0.3058618914094300D-05 -0.3347080619079698D-05
 -0.3662747463654247D-05 -0.4008185194593652D-05 -0.4386201537478409D-05
 -0.4799869016411473D-05 -0.5252549927345111D-05 -0.5747923671805208D-05
 -0.6290016657684698D-05 -0.6883235029674413D-05 -0.7532400476253562D-05
 -0.8242789427843519D-05 -0.9020175940962044D-05 -0.9870878630072412D-05
 -0.1080181202019081D-04 -0.1182054276034216D-04 -0.1293535111328543D-04
 -0.1415529826736819D-04 -0.1549029997508619D-04 -0.1695120715619915D-04
 -0.1854989409840140D-04 -0.2029935495986222D-04 -0.2221380939308664D-04
 -0.2430881812453656D-04 -0.2660140942726700D-04 -0.2911021753152466D-04
 -0.3185563407904888D-04 -0.3485997387236732D-04 -0.3814765624906170D-04
 -0.4174540355700547D-04 -0.4568245835782523D-04 -0.4999082111705568D-04
 -0.5470551029514330D-04 -0.5986484698017258D-04 -0.6551076636802397D-04
 -0.7168915860740019D-04 -0.7845024179453499D-04 -0.8584897015442423D-04
 -0.9394548070252107D-04 -0.1028055820414430D-03 -0.1125012892570290D-03
 -0.1231114092563482D-03 -0.1347221813108069D-03 -0.1474279780147520D-03
 -0.1613320723434102D-03 -0.1765474770600346D-03 -0.1931978632864061D-03
 -0.2114185657024923D-03 -0.2313576825506327D-03 -0.2531772793810976D-03
 -0.2770547063241064D-03 -0.3031840395943725D-03 -0.3317776589478370D-03
 -0.3630679739085672D-03 -0.3973093127978685D-03 -0.4347799899186496D-03
 -0.4757845677019697D-03 -0.5206563321970342D-03 -0.5697600020235540D-03
 -0.6234946928161205D-03 -0.6822971612415977D-03 -0.7466453549688678D-03
 -0.8170622974324493D-03 -0.8941203389854226D-03 -0.9784458089657200D-03
 -0.1070724106521213D-02 -0.1171705271544802D-02 -0.1282210081012968D-02
 -0.1403136720281930D-02 -0.1535468083550276D-02 -0.1680279762851185D-02
 -0.1838748790479348D-02 -0.2012163205935660D-02 -0.2201932525141808D-02
 -0.2409599197011520D-02 -0.2636851140506028D-02 -0.2885535464077415D-02
 -0.3157673479000137D-02 -0.3455477128633803D-02 -0.3781366967141988D-02
 -0.4137991833806383D-02 -0.4528250382847916D-02 -0.4955314643746163D-02
 -0.5422655803560296D-02 -0.5934072420808893D-02 -0.6493721300232470D-02
 -0.7106151279384612D-02 -0.7776340201679442D-02 -0.8509735376403180D-02
 -0.9312297854557883D-02 -0.1019055088040317D-01 -0.1115163291252044D-01
 -0.1220335564535173D-01 -0.1335426750281004D-01 -0.1461372312004514D-01
 -0.1599195937810908D-01 -0.1750017860953575D-01 -0.1915063965112839D-01
 -0.2095675748403694D-01 -0.2293321227099922D-01 -0.2509606867700365D-01
 -0.2746290644321733D-01 -0.3005296327547943D-01 -0.3288729120877078D-01
 -0.3598892771858429D-01 -0.3938308296999717D-01 -0.4309734472641019D-01
 -0.4716190258345238D-01 -0.5160979335063372D-01 -0.5647716957520883D-01
 -0.6180359339082205D-01 -0.6763235807933772D-01 -0.7401083995952698D-01
 -0.8099088346275111D-01 -0.8862922252556575D-01 -0.9698794172431698D-01
 -0.1061349808998498D+00 -0.1161446873739281D+00 -0.1270984202457851D+00
 -0.1390852116805501D+00 -0.1522024905645125D+00 -0.1665568744090994D+00
 -0.1822650359401988D+00 -0.1994546514164598D+00 -0.2182654383845391D+00
 -0.2388502913061863D+00
    1 1000  327
  0.0000000000000000D+00  0.4033507927199912D-13  0.4470553514428525D-13
  0.4966045166949135D-13  0.5439759691303361D-13  0.5907873920895072D-13
  0.6598502356092044D-13  0.7066554292391500D-13  0.7675724841361782D-13
  0.8708056708022280D-13  0.9509941779522849D-13  0.1057902718968802D-12
  0.1132807363842360D-12  0.1239684874752797D-12  0.1369729175973189D-12
  0.1506232705728523D-12  0.1647507271523608D-12  0.1799821844932975D-12
  0.1978654445478213D-12  0.2141814008292916D-12  0.2357132203334533D-12
  0.2587331861402438D-12  0.2816937963282188D-12  0.3106910011680147D-12
  0.3386680374574324D-12  0.3715629614479799D-12  0.4064513201196630D-12
  0.4436129535854905D-12  0.4868780280239015D-12  0.5330393601826043D-12
  0.5844644248152875D-12  0.6386750305360438D-12  0.6991158537113925D-12
  0.7673458349080083D-12  0.8400463123886013D-12  0.9175754460821988D-12
  0.1003811146100323D-11  0.1098308464614407D-11  0.1202957914271571D-11
  0.1315134085780437D-11  0.1440065022885348D-11  0.1576283648794045D-11
  0.1725144083603609D-11  0.1888078694073140D-11  0.2067072269536126D-11
  0.2262053109537922D-11  0.2475354643129342D-11  0.2710103623472967D-11
  0.2965242693464451D-11  0.3245405408069965D-11  0.3550484458531153D-11
  0.3886556128671904D-11  0.4252691793270380D-11  0.4653989150053677D-11
  0.5092215083410822D-11  0.5574352084801399D-11  0.6099336560023997D-11
  0.6674839108615355D-11  0.7304001578365394D-11  0.7992566667983575D-11
  0.8749442831171124D-11  0.9572683538008253D-11  0.1047623196513012D-10
  0.1146486459302227D-10  0.1254677491421962D-10  0.1372767563143902D-10
  0.1502378056291085D-10  0.1643985261561775D-10  0.1799184794652619D-10
  0.1968981293820994D-10  0.2154585889468935D-10  0.2357703841912986D-10
  0.2580121208596749D-10  0.2823601978826759D-10  0.3089920251728382D-10
  0.3381412381322797D-10  0.3700116851931415D-10  0.4049111823825175D-10
  0.4431174489462125D-10  0.4849013009568264D-10  0.5306346298930188D-10
  0.5806772710119566D-10  0.6354454480573956D-10  0.6953766753585451D-10
  0.7609487154996518D-10  0.8327281523369846D-10  0.9112844415609332D-10
  0.9972001880084453D-10  0.1091269784630034D-09  0.1194172880086195D-09
  0.1306814227247610D-09  0.1430059820951041D-09  0.1564923249362472D-09
  0.1712522442986633D-09  0.1874027620869583D-09  0.2050777899451718D-09
  0.2244183966843489D-09  0.2455831692295708D-09  0.2687451195262950D-09
  0.2940902252368793D-09  0.3218271169869594D-09  0.3521786516058951D-09
  0.3853922629174594D-09  0.4217404740253565D-09  0.4615148638032416D-09
  0.5050428698378423D-09  0.5526723811821858D-09  0.6047963092243842D-09
  0.6618361942379658D-09  0.7242537750468853D-09  0.7925585117166671D-09
  0.8673052976893801D-09  0.9491026335117294D-09  0.1038614377364503D-08
  0.1136567204146018D-08  0.1243756949117395D-08  0.1361058328917219D-08
  0.1489421705203704D-08  0.1629890285497126D-08  0.1783607563217706D-08
  0.1951821094391823D-08  0.2135900245546958D-08  0.2337340028122952D-08
  0.2557775893154385D-08  0.2799003307645923D-08  0.3062980207988174D-08
  0.3351854271485238D-08  0.3667970881414988D-08  0.4013901269100682D-08
  0.4392456245435459D-08  0.4806712468985535D-08  0.5260040916120551D-08
  0.5756122345686982D-08  0.6298988831470060D-08  0.6893052200535380D-08
  0.7543143852342887D-08  0.8254547166535874D-08  0.9033042542367945D-08
  0.9884957474983097D-08  0.1081721977171784D-07  0.1183740318529282D-07
  0.1295380188741424D-07  0.1417548955903643D-07  0.1551239572264343D-07
  0.1697538736912897D-07  0.1857635457357778D-07  0.2032831205403804D-07
  0.2224549608017529D-07  0.2434349368498700D-07  0.2663935583931140D-07
  0.2915174244349579D-07  0.3190107568116955D-07  0.3490970087042420D-07
  0.3820207400962089D-07  0.4180495363023669D-07  0.4574762456975858D-07
  0.5006213412372421D-07  0.5478354848497141D-07  0.5995024572812485D-07
  0.6560421850819933D-07  0.7179142414061687D-07  0.7856215302483899D-07
  0.8597143536380361D-07  0.9407949573578761D-07  0.1029522371378604D-06
  0.1126617751819719D-06  0.1232870308180033D-06  0.1349143664047011D-06
  0.1476382883717223D-06  0.1615622174076888D-06  0.1767993276536454D-06
  0.1934734665524727D-06  0.2117201610918656D-06  0.2316877217113942D-06
  0.2535384454644018D-06  0.2774499349540267D-06  0.3036165422031169D-06
  0.3322509515301945D-06  0.3635859030326459D-06  0.3978760890771787D-06
  0.4354002198671421D-06  0.4764632916467429D-06  0.5213990677692268D-06
  0.5705727856068025D-06  0.6243841305539252D-06  0.6832704839261783D-06
  0.7477104724713404D-06  0.8182278675227631D-06  0.8953958345960170D-06
  0.9798415989357777D-06  0.1072251534908121D-05  0.1173376753665205D-05
  0.1284039202459636D-05  0.1405138348306307D-05  0.1537658487056020D-05
  0.1682676746633061D-05  0.1841371835709465D-05  0.2015033633587949D-05
  0.2205073666301482D-05  0.2413036582183545D-05  0.2640612709992867D-05
  0.2889651790743168D-05  0.3162178021718335D-05  0.3460406499732506D-05
  0.3786761232837100D-05  0.4143894838368917D-05  0.4534710106505866D-05
  0.4962383590899541D-05  0.5430391431089589D-05  0.5942537603491736D-05
  0.6502984844026083D-05  0.7116288478207955D-05  0.7787433450831392D-05
  0.8521874842412678D-05  0.9325582206865663D-05  0.1020508809429080D-04
  0.1116754114730668D-04  0.1222076420307124D-04  0.1337331788077211D-04
  0.1463457016011233D-04  0.1601477252551262D-04  0.1752514328973496D-04
  0.1917795877784858D-04  0.2098665310727751D-04  0.2296592738360850D-04
  0.2513186918750784D-04  0.2750208333946450D-04  0.3009583498786854D-04
  0.3293420619960157D-04  0.3604026731325566D-04  0.3943926445890840D-04
  0.4315882475261755D-04  0.4722918085865308D-04  0.5168341671364628D-04
  0.5655773643853317D-04  0.6189175860316285D-04  0.6772883824981902D-04
  0.7411641928099384D-04  0.8110642008548962D-04  0.8875565553414396D-04
  0.9712629876853411D-04  0.1062863865489503D-03  0.1163103722557069D-03
  0.1272797310507624D-03  0.1392836221064185D-03  0.1524196132951270D-03
  0.1667944742228017D-03  0.1825250440529854D-03  0.1997391811795774D-03
  0.2185768024618696D-03  0.2391910204711115D-03  0.2617493879936912D-03
  0.2864352599031613D-03  0.3134492834717248D-03  0.3430110292358434D-03
  0.3753607756710266D-03  0.4107614621790076D-03  0.4495008262644579D-03
  0.4918937422720370D-03  0.5382847806916455D-03  0.5890510088333819D-03
  0.6446050556396964D-03  0.7053984655404340D-03  0.7719253686166647D-03
  0.8447264968992620D-03  0.9243935794499749D-03  0.1011574151946798D-02
  0.1106976819869378D-02  0.1211377018056102D-02  0.1325623313456527D-02
  0.1450644302299106D-02  0.1587456157742153D-02  0.1737170889348418D-02
  0.1901005381523068D-02  0.2080291284373871D-02  0.2276485837391507D-02
  0.2491183713920854D-02  0.2726129982699904D-02  0.2983234291813147D-02
  0.3264586390351106D-02  0.3572473113933040D-02  0.3909396972154131D-02
  0.4278096489034803D-02  0.4681568461799625D-02  0.5123092318906958D-02
  0.5606256775310422D-02  0.6134989001607378D-02  0.6713586544162486D-02
  0.7346752255652083D-02  0.8039632519947125D-02  0.8797859082027168D-02
  0.9627594822918185D-02  0.1053558385171632D-01  0.1152920632184450D-01
  0.1261653841709068D-01  0.1380641799499507D-01  0.1510851642113722D-01
  0.1653341717819365D-01  0.1809270188870168D-01  0.1979904445072457D-01
  0.2166631405155461D-01  0.2370968789675175D-01  0.2594577457078081D-01
  0.2839274903192674D-01  0.3107050033872660D-01  0.3400079330864616D-01
  0.3720744542296183D-01  0.4071652041573492D-01  0.4455654012037781D-01
  0.4875871629569863D-01  0.5335720431571637D-01  0.5838938078524152D-01
  0.6389614733768442D-01  0.6992226308436880D-01  0.7651670841750778D-01
  0.8373308312383154D-01  0.9163004204475543D-01  0.1002717718241287D+00
  0.1097285126185921D+00  0.1200771290110115D+00  0.1314017347673777D+00
  0.1437943765152211D+00  0.1573557819004883D+00  0.1721961783039053D+00
  0.1884361887713926D+00  0.2062078124406472D+00  0.2256554974328387D+00
  0.2469373149299014D+00
    1 1000  327
  0.0000000000000000D+00 -0.9750277673153253D-15 -0.1012689391766872D-14
 -0.1888465319266808D-15 -0.7542558310889743D-15 -0.1400055493198714D-14
 -0.3632322209869036D-15  0.2112130348756358D-16 -0.1148913015639572D-14
  0.4962112266189144D-15 -0.9837702296551626D-15  0.3257226123943785D-15
 -0.3864664124679577D-15  0.7318516940489162D-16 -0.4151964696721659D-15
 -0.1181491727443392D-14 -0.2664011178427525D-15 -0.7750426330669197D-15
 -0.7167349475031845D-15 -0.4014268685014659D-16 -0.1098518112928786D-15
 -0.3337072192005081D-15 -0.4159901655442437D-15 -0.5160946095826812D-15
  0.3490827177507446D-15 -0.4596413521821637D-15 -0.2742309450011777D-15
 -0.3059290980122090D-16 -0.1371023695354828D-14 -0.7897833516775275D-15
  0.3629134181157928D-15 -0.1677660473779066D-14 -0.7882759720618213D-15
 -0.8788017762366771D-15 -0.1289830936199783D-16 -0.8040020312516062D-15
 -0.4640493744129722D-15 -0.4893183367157604D-15 -0.5988349932400454D-15
 -0.6000236171461814D-15  0.6243568469953907D-15  0.4831193717647993D-15
 -0.8040417481531567D-15 -0.9009143620608193D-15 -0.8747790928643734D-15
 -0.1722763206889661D-15  0.1067070183055891D-15 -0.6423433822312599D-16
  0.3953665860100235D-15 -0.1286317914010077D-14 -0.5045254078823308D-15
 -0.3039447346199539D-15  0.6883095679954627D-16 -0.7998855037795527D-15
 -0.5250553472187178D-15  0.9518295066226405D-16  0.2556590011851373D-16
  0.7144578376502628D-15 -0.2991601507112823D-15  0.8262375439337247D-15
  0.1516977228960711D-15  0.1142367646532818D-14  0.1258519601292966D-14
  0.1879982620783838D-14  0.1551060807638196D-14  0.2154261048823623D-14
  0.2532781856065521D-14  0.2035160460339025D-14  0.2746126463854928D-14
  0.3204706636518447D-14  0.3447710236662409D-14  0.3474238814533908D-14
  0.4884450167871281D-14  0.4806651501979049D-14  0.5127107327936922D-14
  0.5722925371689409D-14  0.7698496567621036D-14  0.8710991396878845D-14
  0.9124728510986949D-14  0.1047255161298584D-13  0.1211846213972792D-13
  0.1348526727286664D-13  0.1479319917539571D-13  0.1735229827307870D-13
  0.1929917382752024D-13  0.2171299940850086D-13  0.2476343204606311D-13
  0.2810692458342484D-13  0.3264381259040404D-13  0.3677318266889808D-13
  0.4157118986069213D-13  0.4531350501876441D-13  0.5260819355314538D-13
  0.5826528686108722D-13  0.6582687168343255D-13  0.7398175291137337D-13
  0.8425234030252368D-13  0.9434347425872314D-13  0.1070373167396835D-12
  0.1199293719178976D-12  0.1356885254300783D-12  0.1534275449699679D-12
  0.1731372348666875D-12  0.1943895975217293D-12  0.2203959534811467D-12
  0.2478926217767979D-12  0.2807953680812866D-12  0.3154425199387961D-12
  0.3566048940473094D-12  0.4014487961636462D-12  0.4522270055484705D-12
  0.5111702272925738D-12  0.5756851240315492D-12  0.6502653282937913D-12
  0.7341303931324375D-12  0.8270951465675308D-12  0.9319987288068331D-12
  0.1051668331115579D-11  0.1185361736982514D-11  0.1336735825213622D-11
  0.1507295132198849D-11  0.1700381397462138D-11  0.1917663214187656D-11
  0.2162914390401989D-11  0.2439398404059736D-11  0.2750082163691217D-11
  0.3102026469707965D-11  0.3497884628125533D-11  0.3944263397213542D-11
  0.4447944769706169D-11  0.5016357469093274D-11  0.5658143965126919D-11
  0.6379748599420604D-11  0.7193036651370694D-11  0.8112762616324340D-11
  0.9148308803675136D-11  0.1031622127190422D-10  0.1163347325094755D-10
  0.1311878631386837D-10  0.1479369038271022D-10  0.1668339229751557D-10
  0.1881295681174263D-10  0.2121388096395147D-10  0.2392388564308113D-10
  0.2697960745461192D-10  0.3042359901500173D-10  0.3430873885101389D-10
  0.3868961064687620D-10  0.4363012977147886D-10  0.4920002894980429D-10
  0.5548289413323185D-10  0.6256673453000195D-10  0.7055545281297699D-10
  0.7956377718707294D-10  0.8972330681200001D-10  0.1011797550396708D-09
  0.1140994186845077D-09  0.1286686534918190D-09  0.1450974962904708D-09
  0.1636243978581250D-09  0.1845173753108057D-09  0.2080761629542473D-09
  0.2346452669291863D-09  0.2646050819694812D-09  0.2983912294775206D-09
  0.3364913340643465D-09  0.3794570280925713D-09  0.4279077659328424D-09
  0.4825457340490416D-09  0.5441590428935044D-09  0.6136398139436128D-09
  0.6919924685090902D-09  0.7803489737311924D-09  0.8799881044393481D-09
  0.9923490371029639D-09  0.1119056830052119D-08  0.1261944150143335D-08
  0.1423074662459372D-08  0.1604780092743851D-08  0.1809686140841122D-08
  0.2040756195843965D-08  0.2301328796282659D-08  0.2595174387244014D-08
  0.2926538430508061D-08  0.3300212968449046D-08  0.3721599673163466D-08
  0.4196792254302029D-08  0.4732658777779404D-08  0.5336947569859012D-08
  0.6018394987161169D-08  0.6786852468725269D-08  0.7653430881012070D-08
  0.8630657844053186D-08  0.9732661839885157D-08  0.1097537483058656D-07
  0.1237676350591088D-07  0.1395708938392094D-07  0.1573919744216862D-07
  0.1774885476487725D-07  0.2001511409456898D-07  0.2257074027403015D-07
  0.2545268142228799D-07  0.2870260272650415D-07  0.3236748984171923D-07
  0.3650032701881356D-07  0.4116086506717500D-07  0.4641648327586939D-07
  0.5234316395548935D-07  0.5902659210789185D-07  0.6656339251909642D-07
  0.7506252763483132D-07  0.8464687356236536D-07  0.9545499532875547D-07
  0.1076431498615464D-06  0.1213875468618861D-06  0.1368868951964784D-06
  0.1543652748024202D-06  0.1740753786438477D-06  0.1963021635482088D-06
  0.2213669716994718D-06  0.2496321756536594D-06  0.2815064170674746D-06
  0.3174505158136928D-06  0.3579841304440510D-06  0.4036932729715100D-06
  0.4552387792188749D-06  0.5133658646709635D-06  0.5789148972034351D-06
  0.6528335467391706D-06  0.7361904861599487D-06  0.8301908423477665D-06
  0.9361936177676050D-06  0.1055731339318311D-05  0.1190532214275805D-05
  0.1342545116205298D-05  0.1513967759193181D-05  0.1707278473225236D-05
  0.1925272032257509D-05  0.2171100061935521D-05  0.2448316601210454D-05
  0.2760929486911613D-05  0.3113458295187457D-05  0.3510999684117878D-05
  0.3959301076817158D-05  0.4464843756423533D-05  0.5034936566411092D-05
  0.5677821578770581D-05  0.6402793253982648D-05  0.7220332813186329D-05
  0.8142259771026761D-05  0.9181902814465875D-05  0.1035429250156872D-04
  0.1167637856505642D-04  0.1316727496089331D-04  0.1484853620742436D-04
  0.1674446900825248D-04  0.1888248366373075D-04  0.2129349035397275D-04
  0.2401234602033973D-04  0.2707835830654307D-04  0.3053585384594932D-04
  0.3443481911076775D-04  0.3883162308738340D-04  0.4378983222556312D-04
  0.4938112944796258D-04  0.5568635049805926D-04  0.6279665261763516D-04
  0.7081483244442575D-04  0.7985681218802048D-04  0.9005331556565801D-04
  0.1015517577292425D-03  0.1145183765100442D-03  0.1291406357871187D-03
  0.1456299357338603D-03  0.1642246691185249D-03  0.1851936678484445D-03
  0.2088400895872217D-03  0.2355058006331149D-03  0.2655763184234673D-03
  0.2994863851240398D-03  0.3377262528795744D-03  0.3808487715956593D-03
  0.4294773817227256D-03  0.4843151275996631D-03  0.5461548216601455D-03
  0.6158905064581029D-03  0.6945303802173645D-03  0.7832113727794417D-03
  0.8832155826777742D-03  0.9959888129771567D-03  0.1123161473859084D-02
  0.1266572154149569D-02  0.1428294202573653D-02  0.1610665703033123D-02
  0.1816323277272019D-02  0.2048240203629825D-02  0.2309769402981350D-02
  0.2604691913328357D-02  0.2937271553862230D-02  0.3312316568796253D-02
  0.3735249142183369D-02  0.4212183788716688D-02  0.4750015753850442D-02
  0.5356520701272980D-02  0.6040467128958041D-02  0.6811743139040014D-02
  0.7681499394279949D-02  0.8662310327902281D-02  0.9768355937482365D-02
  0.1101562679115613D-01  0.1242215521001039D-01  0.1400827596896058D-01
  0.1579692028517127D-01  0.1781394734434042D-01  0.2008851815786028D-01
  0.2265351715586453D-01  0.2554602761131239D-01  0.2880786776851524D-01
  0.3248619542714166D-01  0.3663418972242947D-01  0.4131181995838407D-01
  0.4658671260931464D-01  0.5253512902431291D-01  0.5924306796975744D-01
  0.6680750894977412D-01  0.7533781427985067D-01  0.8495731018398377D-01
  0.9580506977394598D-01
    1 1000  327
  0.0000000000000000D+00 -0.6884326072947662D-15  0.4247164642501712D-15
 -0.7533889377867742D-17  0.7772717089756683D-16 -0.1037245000048386D-14
 -0.1270224228093099D-14 -0.7540185814112632D-15 -0.9874998391143021D-15
  0.1531252520325998D-16 -0.1729296980579378D-15 -0.1904798293032990D-14
 -0.5275743148469525D-16  0.5913650597060005D-15 -0.1265564709022357D-14
 -0.1438388544230834D-14 -0.1594218276144683D-14  0.9371062184450420D-16
 -0.1421933081523351D-14 -0.3413350768588938D-15 -0.2754553347301809D-14
 -0.8158497528164869D-15 -0.8095580135668439D-15  0.5054557658396043D-15
 -0.8489491263215558D-15 -0.2426691643791032D-14 -0.1218236554396861D-14
  0.7921741768725224D-15  0.9862452605910958D-16 -0.4068592501255983D-15
 -0.9157520760664768D-15 -0.1173129831956674D-14 -0.1572351527246026D-14
 -0.1109491910050553D-14 -0.7146919885529670D-15  0.9347695130107065D-15
 -0.5982663748800733D-15 -0.1738348620823205D-14 -0.1409118033220623D-14
  0.3175618974546033D-15  0.3768455211711704D-16 -0.3655362955564519D-15
 -0.1106702936535423D-14  0.1514901929263080D-15 -0.9837211337075507D-15
 -0.1234320615492604D-14 -0.4923186670756731D-15 -0.1725558805821098D-14
 -0.1467606744284128D-14 -0.1159143803236696D-14 -0.6634283593694963D-15
 -0.1474272913353496D-14 -0.1913031152054380D-14 -0.9949767143247083D-15
 -0.1914901797396535D-14 -0.1206324345315594D-14 -0.4242061210760904D-15
 -0.1872253929457043D-14 -0.3741248309898200D-14 -0.1637191455326569D-14
 -0.1836793636310282D-14 -0.2799187974615210D-14 -0.3069461110979487D-14
 -0.4087102520247933D-14 -0.3906245896709824D-14 -0.5629136673264630D-14
 -0.5373362534777410D-14 -0.7644162568581173D-14 -0.6597671297810843D-14
 -0.7227419307700805D-14 -0.8225045832285313D-14 -0.9448301479209302D-14
 -0.1032550827638985D-13 -0.1368428046906000D-13 -0.1386395739617097D-13
 -0.1642920937485830D-13 -0.1866752498841250D-13 -0.1921973366128757D-13
 -0.2256937383904556D-13 -0.2383958027725056D-13 -0.2762028600682938D-13
 -0.3188929352612669D-13 -0.3568765091228912D-13 -0.4065955179176371D-13
 -0.4529354605427071D-13 -0.5137305031165123D-13 -0.5910895144977241D-13
 -0.6327373409170960D-13 -0.7409894815093230D-13 -0.8274120954480497D-13
 -0.9339049612358439D-13 -0.1051187639154255D-12 -0.1185977216620381D-12
 -0.1327540551331931D-12 -0.1508040739027634D-12 -0.1710867749886822D-12
 -0.1920175305007346D-12 -0.2155967897885763D-12 -0.2450551426689065D-12
 -0.2740582455097259D-12 -0.3109851412706397D-12 -0.3508338741019700D-12
 -0.3947850848395642D-12 -0.4438619280441716D-12 -0.5024112910626723D-12
 -0.5670407706514462D-12 -0.6375891712277666D-12 -0.7191539234561093D-12
 -0.8106434572910124D-12 -0.9155349185531147D-12 -0.1031871917478888D-11
 -0.1162028083461981D-11 -0.1312959610658353D-11 -0.1478854408946111D-11
 -0.1668717759623534D-11 -0.1882878380191174D-11 -0.2120711478486426D-11
 -0.2392968406056041D-11 -0.2697012750106876D-11 -0.3041691068681311D-11
 -0.3430205518684995D-11 -0.3869213902350298D-11 -0.4362446101114732D-11
 -0.4918750201884771D-11 -0.5546717347283091D-11 -0.6255219536911716D-11
 -0.7054923033820053D-11 -0.7954350154505877D-11 -0.8970472938761148D-11
 -0.1011582731695982D-10 -0.1140712851593381D-10 -0.1286270203329239D-10
 -0.1450637532359724D-10 -0.1635840901190466D-10 -0.1844733246385751D-10
 -0.2080065929831838D-10 -0.2345817519731145D-10 -0.2645376941924353D-10
 -0.2983161013107978D-10 -0.3364056740608359D-10 -0.3793435530352419D-10
 -0.4277947523549698D-10 -0.4824025779365193D-10 -0.5440063468831656D-10
 -0.6134731799769733D-10 -0.6917909430511266D-10 -0.7801271310979063D-10
 -0.8797307114109676D-10 -0.9920799159760606D-10 -0.1118728952125915D-09
 -0.1261596356655931D-09 -0.1422679370483307D-09 -0.1604330497408301D-09
 -0.1809174204912405D-09 -0.2040175109010453D-09 -0.2300682715275375D-09
 -0.2594433840135044D-09 -0.2925711738413326D-09 -0.3299279578450944D-09
 -0.3720547268099124D-09 -0.4195604917303215D-09 -0.4731308956468066D-09
 -0.5335424834648709D-09 -0.6016691402716491D-09 -0.6784914024238458D-09
 -0.7651261613638724D-09 -0.8628206432278195D-09 -0.9729895383622173D-09
 -0.1097225910249509D-08 -0.1237324637447013D-08 -0.1395312078959951D-08
 -0.1573471904402859D-08 -0.1774380210392705D-08 -0.2000943558193063D-08
 -0.2256433062251077D-08 -0.2544544568047044D-08 -0.2869444430562928D-08
 -0.3235829008978849D-08 -0.3648993883392004D-08 -0.4114916257835946D-08
 -0.4640328237702568D-08 -0.5232828447786454D-08 -0.5900980142359900D-08
 -0.6654446171949948D-08 -0.7504118064604043D-08 -0.8462279761744662D-08
 -0.9542784596580130D-08 -0.1076125347560584D-07 -0.1213530175897848D-07
 -0.1368479620608196D-07 -0.1543213637189179D-07 -0.1740258631800558D-07
 -0.1962463272899380D-07 -0.2213040174461320D-07 -0.2495611751409780D-07
 -0.2814263530257663D-07 -0.3173602220726782D-07 -0.3578823089929789D-07
 -0.4035784545185983D-07 -0.4551092949834380D-07 -0.5132198459775350D-07
 -0.5787502335398969D-07 -0.6526478582636695D-07 -0.7359810912968926D-07
 -0.8299547164316305D-07 -0.9359273323679883D-07 -0.1055431052027918D-06
 -0.1190193587553639D-06 -0.1342163253492684D-06 -0.1513537132682698D-06
 -0.1706792866698640D-06 -0.1924724423703441D-06 -0.2170482525082690D-06
 -0.2447620220590756D-06 -0.2760144184926754D-06 -0.3112572726232526D-06
 -0.3510001037652383D-06 -0.3958174918508737D-06 -0.4463573803544009D-06
 -0.5033504466574993D-06 -0.5676206618546226D-06 -0.6400972085897257D-06
 -0.7218279105346676D-06 -0.8139943840994660D-06 -0.9179291174378633D-06
 -0.1035134739164998D-05 -0.1167305740939086D-05 -0.1316352974546874D-05
 -0.1484431278634142D-05 -0.1673970631788642D-05 -0.1887711284754894D-05
 -0.2128743376545785D-05 -0.2400551610130506D-05 -0.2707065631013668D-05
 -0.3052716841955158D-05 -0.3442502468854878D-05 -0.3882057806295112D-05
 -0.4377737691977673D-05 -0.4936708378938004D-05 -0.5567051142280026D-05
 -0.6277879113305319D-05 -0.7079469032076430D-05 -0.7983409822052369D-05
 -0.9002770136657464D-05 -0.1015228729868754D-04 -0.1144858036244407D-04
 -0.1291039038368542D-04 -0.1455885136727966D-04 -0.1641779580876239D-04
 -0.1851409925279505D-04 -0.2087806884254843D-04 -0.2354388148450259D-04
 -0.2655007795646220D-04 -0.2994012010990620D-04 -0.3376301921497970D-04
 -0.3807404453660603D-04 -0.4293552238782169D-04 -0.4841773720511159D-04
 -0.5459994768187651D-04 -0.6157153264356970D-04 -0.6943328323650045D-04
 -0.7829886010618802D-04 -0.8829643663936918D-04 -0.9957055201848805D-04
 -0.1122842008872744D-03 -0.1266211898331243D-03 -0.1427887947553081D-03
 -0.1610207575411653D-03 -0.1815806653703601D-03 -0.2047657615068446D-03
 -0.2309112426700200D-03 -0.2603951051143104D-03 -0.2936436094815751D-03
 -0.3311374434304357D-03 -0.3734186711410191D-03 -0.4210985701651990D-03
 -0.4748664689244957D-03 -0.5354997126214505D-03 -0.6038749016479517D-03
 -0.6809805649663655D-03 -0.7679314516904761D-03 -0.8659846474832528D-03
 -0.9765577487756384D-03 -0.1101249357555365D-02 -0.1241862193031033D-02
 -0.1400429154304747D-02 -0.1579242710851780D-02 -0.1780888045719704D-02
 -0.2008280430610066D-02 -0.2264707373192087D-02 -0.2553876145988833D-02
 -0.2879967383979117D-02 -0.3247695525803144D-02 -0.3662376972391050D-02
 -0.4130006948413952D-02 -0.4657346177778047D-02 -0.5252018626262496D-02
 -0.5922621724410433D-02 -0.6678850664210476D-02 -0.7531638566578269D-02
 -0.8493314546100058D-02 -0.9577781958245050D-02 -0.1080071940604218D-01
 -0.1217980741226148D-01 -0.1373498403419222D-01 -0.1548873311655148D-01
 -0.1746640934991588D-01 -0.1969660483418251D-01 -0.2221156244662324D-01
 -0.2504764199076861D-01 -0.2824584586543062D-01 -0.3185241185368715D-01
 -0.3591948160202297D-01 -0.4050585445411735D-01 -0.4567783753777080D-01
 -0.5151020439503109D-01 -0.5808727601484868D-01 -0.6550413989719464D-01
 -0.7386802477317711D-01 -0.8329985085605916D-01 -0.9393597803580804D-01
 -0.1059301772915709D+00 -0.1194558538236142D+00 -0.1347085540454775D+00
 -0.1519087926810015D+00 -0.1713052408387444D+00 -0.1931783211551395D+00
 -0.2178442619828956D+00
