  0.8350000000000000D+01    4
  0.2211313321219523D+01
    1  315    7
  327  327  327  327  327  327  327
  0.1944318579019745D-01  0.0000000000000000D+00  0.0000000000000000D+00
  0.0000000000000000D+00  0.0000000000000000D+00  0.0000000000000000D+00
  0.0000000000000000D+00  0.0000000000000000D+00  0.0000000000000000D+00
  0.0000000000000000D+00  0.0000000000000000D+00  0.0000000000000000D+00
  0.0000000000000000D+00  0.0000000000000000D+00  0.0000000000000000D+00
  0.0000000000000000D+00  0.0000000000000000D+00  0.0000000000000000D+00
  0.0000000000000000D+00  0.0000000000000000D+00  0.0000000000000000D+00
  0.0000000000000000D+00  0.0000000000000000D+00  0.0000000000000000D+00
  0.0000000000000000D+00  0.0000000000000000D+00  0.0000000000000000D+00
  0.0000000000000000D+00  0.0000000000000000D+00  0.0000000000000000D+00
  0.0000000000000000D+00  0.0000000000000000D+00  0.0000000000000000D+00
  0.0000000000000000D+00  0.0000000000000000D+00  0.0000000000000000D+00
  0.0000000000000000D+00  0.0000000000000000D+00  0.0000000000000000D+00
  0.0000000000000000D+00  0.0000000000000000D+00  0.0000000000000000D+00
  0.0000000000000000D+00  0.0000000000000000D+00  0.0000000000000000D+00
  0.0000000000000000D+00  0.0000000000000000D+00  0.0000000000000000D+00
  0.0000000000000000D+00  0.0000000000000000D+00  0.0000000000000000D+00
  0.0000000000000000D+00  0.0000000000000000D+00  0.0000000000000000D+00
  0.0000000000000000D+00  0.0000000000000000D+00  0.0000000000000000D+00
  0.0000000000000000D+00  0.0000000000000000D+00  0.0000000000000000D+00
  0.0000000000000000D+00  0.0000000000000000D+00  0.0000000000000000D+00
  0.0000000000000000D+00  0.0000000000000000D+00  0.0000000000000000D+00
  0.0000000000000000D+00  0.0000000000000000D+00  0.0000000000000000D+00
  0.0000000000000000D+00  0.0000000000000000D+00  0.0000000000000000D+00
  0.0000000000000000D+00  0.0000000000000000D+00  0.0000000000000000D+00
  0.0000000000000000D+00  0.0000000000000000D+00  0.0000000000000000D+00
  0.0000000000000000D+00  0.0000000000000000D+00  0.0000000000000000D+00
  0.0000000000000000D+00  0.0000000000000000D+00  0.0000000000000000D+00
  0.0000000000000000D+00  0.0000000000000000D+00  0.0000000000000000D+00
  0.0000000000000000D+00  0.0000000000000000D+00  0.0000000000000000D+00
  0.0000000000000000D+00  0.0000000000000000D+00  0.0000000000000000D+00
  0.0000000000000000D+00  0.0000000000000000D+00  0.0000000000000000D+00
  0.0000000000000000D+00  0.0000000000000000D+00  0.0000000000000000D+00
  0.0000000000000000D+00  0.0000000000000000D+00  0.0000000000000000D+00
  0.0000000000000000D+00  0.0000000000000000D+00  0.0000000000000000D+00
  0.0000000000000000D+00  0.0000000000000000D+00  0.0000000000000000D+00
  0.0000000000000000D+00  0.0000000000000000D+00  0.0000000000000000D+00
  0.0000000000000000D+00  0.0000000000000000D+00  0.0000000000000000D+00
  0.0000000000000000D+00  0.0000000000000000D+00  0.0000000000000000D+00
  0.0000000000000000D+00  0.0000000000000000D+00  0.0000000000000000D+00
  0.0000000000000000D+00  0.0000000000000000D+00  0.0000000000000000D+00
  0.0000000000000000D+00  0.0000000000000000D+00  0.0000000000000000D+00
  0.0000000000000000D+00  0.0000000000000000D+00  0.0000000000000000D+00
  0.0000000000000000D+00  0.0000000000000000D+00  0.0000000000000000D+00
  0.0000000000000000D+00  0.0000000000000000D+00  0.0000000000000000D+00
  0.0000000000000000D+00  0.0000000000000000D+00  0.0000000000000000D+00
  0.0000000000000000D+00  0.0000000000000000D+00  0.0000000000000000D+00
  0.0000000000000000D+00  0.0000000000000000D+00  0.0000000000000000D+00
  0.0000000000000000D+00  0.0000000000000000D+00  0.0000000000000000D+00
  0.0000000000000000D+00  0.0000000000000000D+00  0.0000000000000000D+00
  0.0000000000000000D+00  0.0000000000000000D+00  0.0000000000000000D+00
  0.0000000000000000D+00  0.0000000000000000D+00  0.0000000000000000D+00
  0.0000000000000000D+00  0.0000000000000000D+00  0.0000000000000000D+00
  0.0000000000000000D+00  0.0000000000000000D+00  0.0000000000000000D+00
  0.0000000000000000D+00  0.0000000000000000D+00  0.0000000000000000D+00
  0.0000000000000000D+00  0.0000000000000000D+00  0.0000000000000000D+00
  0.0000000000000000D+00  0.0000000000000000D+00  0.0000000000000000D+00
  0.0000000000000000D+00  0.0000000000000000D+00  0.0000000000000000D+00
  0.0000000000000000D+00  0.0000000000000000D+00  0.0000000000000000D+00
  0.0000000000000000D+00  0.0000000000000000D+00  0.0000000000000000D+00
  0.0000000000000000D+00  0.0000000000000000D+00  0.0000000000000000D+00
  0.0000000000000000D+00  0.0000000000000000D+00  0.0000000000000000D+00
  0.0000000000000000D+00  0.0000000000000000D+00  0.0000000000000000D+00
  0.0000000000000000D+00  0.0000000000000000D+00  0.0000000000000000D+00
  0.0000000000000000D+00  0.0000000000000000D+00  0.0000000000000000D+00
  0.0000000000000000D+00  0.0000000000000000D+00  0.0000000000000000D+00
  0.0000000000000000D+00  0.0000000000000000D+00  0.0000000000000000D+00
  0.0000000000000000D+00  0.0000000000000000D+00  0.0000000000000000D+00
  0.0000000000000000D+00  0.0000000000000000D+00  0.0000000000000000D+00
  0.0000000000000000D+00  0.0000000000000000D+00  0.0000000000000000D+00
  0.0000000000000000D+00  0.0000000000000000D+00  0.0000000000000000D+00
  0.0000000000000000D+00  0.0000000000000000D+00  0.0000000000000000D+00
  0.0000000000000000D+00  0.0000000000000000D+00  0.0000000000000000D+00
  0.0000000000000000D+00  0.0000000000000000D+00  0.0000000000000000D+00
  0.0000000000000000D+00  0.0000000000000000D+00  0.0000000000000000D+00
  0.0000000000000000D+00  0.0000000000000000D+00  0.0000000000000000D+00
  0.0000000000000000D+00  0.0000000000000000D+00  0.0000000000000000D+00
  0.0000000000000000D+00  0.0000000000000000D+00  0.0000000000000000D+00
  0.0000000000000000D+00  0.0000000000000000D+00  0.0000000000000000D+00
  0.0000000000000000D+00  0.0000000000000000D+00  0.0000000000000000D+00
  0.0000000000000000D+00  0.0000000000000000D+00  0.0000000000000000D+00
  0.0000000000000000D+00  0.0000000000000000D+00  0.0000000000000000D+00
  0.0000000000000000D+00  0.0000000000000000D+00  0.0000000000000000D+00
  0.0000000000000000D+00  0.0000000000000000D+00  0.0000000000000000D+00
  0.0000000000000000D+00  0.0000000000000000D+00  0.0000000000000000D+00
  0.0000000000000000D+00  0.0000000000000000D+00  0.0000000000000000D+00
  0.0000000000000000D+00  0.0000000000000000D+00  0.0000000000000000D+00
  0.0000000000000000D+00  0.0000000000000000D+00  0.0000000000000000D+00
  0.0000000000000000D+00  0.0000000000000000D+00  0.0000000000000000D+00
  0.0000000000000000D+00  0.0000000000000000D+00  0.0000000000000000D+00
  0.0000000000000000D+00  0.0000000000000000D+00  0.0000000000000000D+00
  0.0000000000000000D+00  0.0000000000000000D+00  0.0000000000000000D+00
  0.0000000000000000D+00  0.0000000000000000D+00  0.0000000000000000D+00
  0.0000000000000000D+00  0.0000000000000000D+00  0.0000000000000000D+00
  0.0000000000000000D+00  0.0000000000000000D+00  0.0000000000000000D+00
  0.0000000000000000D+00  0.0000000000000000D+00  0.0000000000000000D+00
  0.0000000000000000D+00  0.0000000000000000D+00  0.0000000000000000D+00
  0.0000000000000000D+00  0.0000000000000000D+00  0.0000000000000000D+00
  0.0000000000000000D+00  0.0000000000000000D+00  0.0000000000000000D+00
  0.0000000000000000D+00  0.0000000000000000D+00  0.0000000000000000D+00
  0.0000000000000000D+00  0.0000000000000000D+00  0.0000000000000000D+00
  0.0000000000000000D+00  0.0000000000000000D+00  0.0000000000000000D+00
  0.0000000000000000D+00  0.0000000000000000D+00  0.0000000000000000D+00
  0.0000000000000000D+00  0.0000000000000000D+00  0.0000000000000000D+00
  0.0000000000000000D+00  0.0000000000000000D+00  0.0000000000000000D+00
  0.0000000000000000D+00  0.1722683789137110D+06  0.1719211443700876D+06
  0.1715733035999551D+06  0.1712248233105181D+06  0.1708756721719626D+06
  0.1705258457058354D+06  0.1701752796231269D+06  0.1698239642746172D+06
  0.1694718442162731D+06  0.1691188862880096D+06  0.1687650487385920D+06
  0.1684102902928591D+06  0.1680545686510139D+06  0.1676978403008030D+06
  0.1673400606558021D+06  0.1669811839900732D+06  0.1666211634074107D+06
  0.1662599508127192D+06  0.1658974968793295D+06  0.1655337510165923D+06
  0.1651686613369320D+06  0.1648021746223197D+06  0.1644342362902461D+06
  0.1640647903591619D+06  0.1636937794133933D+06  0.1633211445675383D+06
  0.1629468254303357D+06  0.1625707600680254D+06  0.1621928849671924D+06
  0.1618131349971107D+06  0.1614314433716008D+06  0.1610477416104017D+06
  0.1606619595000803D+06  0.1602740250544976D+06  0.1598838644748390D+06
  0.1594914021092484D+06  0.1590965604120713D+06  0.1586992599027522D+06
  0.1582994191244079D+06  0.1578969546021114D+06  0.1574917808009281D+06
  0.1570838100837445D+06  0.1566729526689322D+06  0.1562591165879026D+06
  0.1558422076426000D+06  0.1554221293629990D+06  0.1549987829646639D+06
  0.1545720673064424D+06  0.1541418788483682D+06  0.1537081116098521D+06
  0.1532706571282474D+06  0.1528294044178844D+06  0.1523842399296727D+06
  0.1519350475113770D+06  0.1514817083686850D+06  0.1510241010271823D+06
  0.1505621012953744D+06  0.1500955822288868D+06  0.1496244140959969D+06
  0.1491484643446548D+06  0.1486675975711586D+06  0.1481816754906687D+06
  0.1476905569097452D+06  0.1471940977011143D+06  0.1466921507808753D+06
  0.1461845660883750D+06  0.1456711905689899D+06  0.1451518681600704D+06
  0.1446264397803101D+06  0.1440947433228303D+06  0.1435566136522742D+06
  0.1430118826062213D+06  0.1424603790012645D+06  0.1419019286440841D+06
  0.1413363543478993D+06  0.1407634759546716D+06  0.1401831103634700D+06
  0.1395950715654200D+06  0.1389991706856827D+06  0.1383952160329240D+06
  0.1377830131567656D+06  0.1371623649137232D+06  0.1365330715421581D+06
  0.1358949307468044D+06  0.1352477377934314D+06  0.1345912856142560D+06
  0.1339253649247138D+06  0.1332497643522345D+06  0.1325642705776975D+06
  0.1318686684902439D+06  0.1311627413561672D+06  0.1304462710026158D+06
  0.1297190380168563D+06  0.1289808219618836D+06  0.1282314016091664D+06
  0.1274705551893453D+06  0.1266980606617164D+06  0.1259136960033418D+06
  0.1251172395186520D+06  0.1243084701704096D+06  0.1234871679329054D+06
  0.1226531141682852D+06  0.1218060920268761D+06  0.1209458868724071D+06
  0.1200722867329962D+06  0.1191850827787670D+06  0.1182840698269472D+06
  0.1173690468752739D+06  0.1164398176644964D+06  0.1154961912707503D+06
  0.1145379827285020D+06  0.1135650136847426D+06  0.1125771130850263D+06
  0.1115741178918821D+06  0.1105558738360554D+06  0.1095222362009243D+06
  0.1084730706403445D+06  0.1074082540300509D+06  0.1063276753526069D+06
  0.1052312366157505D+06  0.1041188538038182D+06  0.1029904578617409D+06
  0.1018459957109217D+06  0.1006854312960658D+06  0.9950874666181700D+05
  0.9831594305778437D+05  0.9710704207026678D+05  0.9588208677868999D+05
  0.9464114293444094D+05  0.9338430015944294D+05  0.9211167316145495D+05
  0.9082340296267682D+05  0.8951965813784339D+05  0.8820063605754936D+05
  0.8686656413209006D+05  0.8551770105063732D+05  0.8415433801005920D+05
  0.8277679992719421D+05  0.8138544662785175D+05  0.7998067400527101D+05
  0.7856291514022058D+05  0.7713264137435808D+05  0.7569036332790783D+05
  0.7423663185215379D+05  0.7277203890669197D+05  0.7129721835084417D+05
  0.6981284663811509D+05  0.6831964340207833D+05  0.6681837192161998D+05
  0.6530983945305094D+05  0.6379489741623777D+05  0.6227444142160230D+05
  0.6074941112461966D+05  0.5922078989430331D+05  0.5768960428213043D+05
  0.5615692327793469D+05  0.5462385733948844D+05  0.5309155718283796D+05
  0.5156121232094208D+05  0.5003404933881936D+05  0.4851132989424407D+05
  0.4699434843405960D+05  0.4548442961740596D+05  0.4398292543860807D+05
  0.4249121204414136D+05  0.4101068623999934D+05  0.3954276168793189D+05
  0.3808886479141082D+05  0.3665043027481035D+05  0.3522889646216352D+05
  0.3382570026495714D+05  0.3244227189175806D+05  0.3108002929599379D+05
  0.2974037238193266D+05  0.2842467699278333D+05  0.2713428870883979D+05
  0.2587051648768955D+05  0.2463462618263880D+05  0.2342783397963796D+05
  0.2225129979705419D+05  0.2110612069657496D+05  0.1999332435726560D+05
  0.1891386266827412D+05  0.1786860549879515D+05  0.1685833470659300D+05
  0.1588373844855536D+05  0.1494540585831872D+05  0.1404382215688764D+05
  0.1317936426228128D+05  0.1235229696350033D+05  0.1156276972244640D+05
  0.1081081416477501D+05  0.1009634231697419D+05  0.9419145642189605D+04
  0.8778894921443514D+04  0.8175141019910641D+04  0.7607316569837732D+04
  0.7074738592562620D+04  0.6576612071967026D+04  0.6112034480677555D+04
  0.5680001248527262D+04  0.5279412150355146D+04  0.4909078577324876D+04
  0.4567731642790109D+04  0.4254031060545630D+04  0.3966574720328807D+04
  0.3703908872937186D+04  0.3464538826261032D+04  0.3246940058377754D+04
  0.3049569532348447D+04  0.2870877292784600D+04  0.2709317990818097D+04
  0.2563362315614864D+04  0.2431508168955286D+04  0.2312291444065705D+04
  0.2204296272757203D+04  0.2106164610231216D+04  0.2016605034615123D+04
  0.1934400648319034D+04  0.1858415980528023D+04  0.1787602804384284D+04
  0.1721004798445963D+04  0.1657760999566256D+04  0.1597108013109313D+04
  0.1538380966066005D+04  0.1481013208779147D+04  0.1424534791239545D+04
  0.1368569759861459D+04  0.1312832339875279D+04  0.1257122086579327D+04
  0.1201318105283156D+04  0.1145372454491605D+04  0.1089302859403467D+04
  0.1033184872860607D+04  0.9771436282708772D+03  0.9213453335915885D+03
  0.8659886571168342D+03  0.8112961545456214D+03  0.7575058826685777D+03
  0.7048633381108531D+03  0.6536138500763112D+03  0.6039955441720007D+03
  0.5562329804133011D+03  0.5105315527157944D+03  0.4670727198938822D+03
  0.4260101197546845D+03  0.3874665986608825D+03  0.3515321693127831D+03
  0.3182628898521642D+03  0.2876806381107147D+03  0.2597737363125291D+03
  0.2344983641965089D+03  0.2117806827554205D+03  0.1915195701093994D+03
  0.1735899008129538D+03  0.1578461886202571D+03  0.1441265429188666D+03
  0.1322567899437096D+03  0.1220546236463715D+03  0.1133337213508707D+03
  0.1059076644421756D+03  0.9959359685826587D+02  0.9421553270709173D+02
  0.8960724567948878D+02  0.8561468951220864D+02  0.8209791596643406D+02
  0.7893247425761693D+02  0.7601029248780348D+02  0.7324005807804883D+02
  0.7054712751207229D+02  0.6787301007110912D+02  0.6517447859147639D+02
  0.6242236958893551D+02  0.5960013970579702D+02  0.5670224765461290D+02
  0.5373243073627818D+02  0.5070194173578228D+02  0.4762780679954106D+02
  0.4453115764274440D+02  0.4143568277832433D+02  0.3836623289495308D+02
  0.3534760557190264D+02  0.3240352470938264D+02  0.2955582082300166D+02
  0.2682381006858062D+02  0.2422386280097292D+02  0.2176914679791448D+02
  0.1946952606734591D+02  0.1733159338370552D+02  0.1535881326938452D+02
  0.1355175189844984D+02  0.1190837115942153D+02  0.1042436576790891D+02
  0.9093520844622242D+01  0.7908086655054395D+01  0.6859140137637797D+01
  0.5936920999250909D+01  0.5131152932864750D+01  0.4431328428314908D+01
  0.3826957277286737D+01  0.3307776899214003D+01  0.2863924178231462D+01
  0.2486070047677633D+01  0.2165518730857496D+01  0.1894275018761957D+01
  0.1665082584806927D+01  0.1471437674979473D+01  0.1307581815073285D+01
  0.1168477611157874D+01  0.1049771464042545D+01  0.9477466333218596D+00
  0.8592698677660631D+00  0.7817343325431368D+00  0.7130011708715780D+00
  0.6513416048626081D+00  0.5953810694507700D+00  0.5440465074204310D+00
  0.4965175793355766D+00  0.4521823537238017D+00  0.4105975073291189D+00
  0.3714538747923441D+00  0.3345453308686310D+00  0.2997462644905928D+00
  0.2669785266530754D+00  0.2362246064003950D+00  0.2074332788918051D+00
  0.1806799964162247D+00
  0.0000000000000000D+00  0.9178884401732929D-14  0.9372010864665063D-14
  0.9569178626754292D-14  0.9770465682088508D-14  0.9975913187333735D-14
  0.1018615074759681D-13  0.1040089542111835D-13  0.1062082600357832D-13
  0.1084564453346451D-13  0.1107560323895502D-13  0.1131078162867723D-13
  0.1155128585980564D-13  0.1179723584547728D-13  0.1204874834056197D-13
  0.1230594513518576D-13  0.1256895200325182D-13  0.1283789828193752D-13
  0.1311291723617146D-13  0.1339414604995698D-13  0.1368172587358722D-13
  0.1397580189634301D-13  0.1427652340847755D-13  0.1458404386977038D-13
  0.1489852098199495D-13  0.1522011676410090D-13  0.1554899763057492D-13
  0.1588533447263178D-13  0.1622930274200368D-13  0.1658108253713859D-13
  0.1694085869158439D-13  0.1730882086433776D-13  0.1768516363193077D-13
  0.1807008658202052D-13  0.1846379440823879D-13  0.1886649700604678D-13
  0.1927840956933112D-13  0.1969975268746108D-13  0.2013075244251476D-13
  0.2057164050636549D-13  0.2102265423730094D-13  0.2148403677583059D-13
  0.2195603713931520D-13  0.2243891031503027D-13  0.2293291735125302D-13
  0.2343832544593527D-13  0.2395540803250030D-13  0.2448444486227103D-13
  0.2502572208300871D-13  0.2557953231300777D-13  0.2614617471016090D-13
  0.2672595503537022D-13  0.2731918570964581D-13  0.2792618586419179D-13
  0.2854728138273951D-13  0.2918280493534402D-13  0.2983309600281425D-13
  0.3049850089090034D-13  0.3117937273331146D-13  0.3187607148258484D-13
  0.3258896388777325D-13  0.3331842345786039D-13  0.3406483040975549D-13
  0.3482857159965539D-13  0.3561004043649873D-13  0.3640963677616945D-13
  0.3722776679503831D-13  0.3806484284135670D-13  0.3892128326294398D-13
  0.3979751220952946D-13  0.4069395940803239D-13  0.4161105990897683D-13
  0.4254925380215277D-13  0.4350898589954829D-13  0.4449070538348022D-13
  0.4549486541776226D-13  0.4652192271964751D-13  0.4757233709018468D-13
  0.4864657090052473D-13  0.4974508853161030D-13  0.5086835576457128D-13
  0.5201683911904616D-13  0.5319100513653268D-13  0.5439131960576431D-13
  0.5561824672699523D-13  0.5687224821196069D-13  0.5815378231617246D-13
  0.5946330280009020D-13  0.6080125781560092D-13  0.6216808871413085D-13
  0.6356422877260087D-13  0.6499010183333977D-13  0.6644612085396589D-13
  0.6793268636315231D-13  0.6945018481811133D-13  0.7099898685954325D-13
  0.7257944545973554D-13  0.7419189395943344D-13  0.7583664398905910D-13
  0.7751398326982641D-13  0.7922417329028520D-13  0.8096744685382987D-13
  0.8274400549274312D-13  0.8455401674438736D-13  0.8639761128524449D-13
  0.8827487991861123D-13  0.9018587041189825D-13  0.9213058417967301D-13
  0.9410897280880131D-13  0.9612093442231395D-13  0.9816630987895667D-13
  0.1002448788057399D-12  0.1023563554612600D-12  0.1045003844280545D-12
  0.1066765361328349D-12  0.1088843021940947D-12  0.1111230905973223D-12
  0.1133922206988815D-12  0.1156909180605491D-12  0.1180183091177233D-12
  0.1203734156854710D-12  0.1227551493078362D-12  0.1251623054572258D-12
  0.1275935575922244D-12  0.1300474510838434D-12  0.1325223970220513D-12
  0.1350166659164043D-12  0.1375283813067421D-12  0.1400555133022513D-12
  0.1425958720696930D-12  0.1451471012942906D-12  0.1477066716396666D-12
  0.1502718742362948D-12  0.1528398142312411D-12  0.1554074044354496D-12
  0.1579713591085411D-12  0.1605281879250090D-12  0.1630741901697974D-12
  0.1656054492155766D-12  0.1681178273385249D-12  0.1706069609341186D-12
  0.1730682561992776D-12  0.1754968853522235D-12  0.1778877834665159D-12
  0.1802356460009751D-12  0.1825349271124693D-12  0.1847798388438716D-12
  0.1869643512847789D-12  0.1890821938078115D-12  0.1911268574884125D-12
  0.1930915988209535D-12  0.1949694448485837D-12  0.1967531998285115D-12
  0.1984354535582409D-12  0.2000085914915002D-12  0.2014648067752112D-12
  0.2027961143406069D-12  0.2039943671824357D-12  0.2050512749599778D-12
  0.2059584250520713D-12  0.2067073061954874D-12  0.2072893348314667D-12
  0.2076958842789992D-12  0.2079183168451557D-12  0.2079480189723845D-12
  0.2077764395098584D-12  0.2073951311805787D-12  0.2067957952977119D-12
  0.2059703297624143D-12  0.2049108803509410D-12  0.2036098952709924D-12
  0.2020601829357660D-12  0.2002549728690186D-12  0.1981879796153312D-12
  0.1958534694867602D-12  0.1932463299299584D-12  0.1903621412467714D-12
  0.1871972503462370D-12  0.1837488461469997D-12  0.1800150361866003D-12
  0.1759949239281879D-12  0.1716886861863595D-12  0.1670976500225335D-12
  0.1622243683871999D-12  0.1570726937122711D-12  0.1516478485825853D-12
  0.1459564925424061D-12  0.1400067840218300D-12  0.1338084363007462D-12
  0.1273727663660146D-12  0.1207127354626263D-12  0.1138429800937388D-12
  0.1067798321897422D-12  0.9954132714520893D-13  0.9214719841704688D-13
  0.8461885738991674D-13  0.7697935724846246D-13  0.6925333965263062D-13
  0.6146696309472219D-13  0.5364781192703141D-13  0.4582478518898645D-13
  0.3802796453419506D-13  0.3028846076191970D-13  0.2263823869484878D-13
  0.1510992041559191D-13  0.7736567177360994D-14  0.5514406383219298D-15
 -0.6412255568175026D-14 -0.1312165252690299D-13 -0.1954450918681463D-13
 -0.2564951972153679D-13 -0.3140663242646612D-13 -0.3678737702895583D-13
 -0.4176519684327846D-13 -0.4631578176569117D-13 -0.5041739768631413D-13
 -0.5405120750387832D-13 -0.5720157857891747D-13 -0.5985637116428161D-13
 -0.6200720212409795D-13 -0.6364967810969893D-13 -0.6478359232021389D-13
 -0.6541307905272580D-13 -0.6554672045708953D-13 -0.6519760026636408D-13
 -0.6438329978485027D-13 -0.6312583208747214D-13 -0.6145151121759417D-13
 -0.5939075416109667D-13 -0.5697781451296308D-13 -0.5425044802353168D-13
 -0.5124951159418937D-13 -0.4801849876062815D-13 -0.4460301622502970D-13
 -0.4105020754160751D-13 -0.3740813158431491D-13 -0.3372510489009782D-13
 -0.3004901833315534D-13 -0.2642663980204577D-13 -0.2290291557950001D-13
 -0.1952028392347665D-13 -0.1631801487904434D-13 -0.1333159057958236D-13
 -0.1059214019278688D-13 -0.8125943208041758D-14 -0.5954013929631786D-14
 -0.4091778825673794D-14 -0.2548856785248520D-14 -0.1328950366196777D-14
 -0.4298537955163529D-15  0.1564191510566847D-15  0.4433871630240307D-15
  0.4497361712895539D-15  0.1988429628153084D-15 -0.2818030723771340D-15
 -0.9612676576487054D-15 -0.1805913530057861D-14 -0.2780198735802163D-14
 -0.3847511513184105D-14 -0.4971020531542027D-14 -0.6114518499172343D-14
 -0.7243237099634652D-14 -0.8324611860511561D-14 -0.9328976863326741D-14
 -0.1023017111760661D-13 -0.1100604088883611D-13 -0.1163882523931701D-13
 -0.1211541546112557D-13 -0.1242748288798138D-13 -0.1257147367676893D-13
 -0.1254847342115649D-13 -0.1236394873329009D-13 -0.1202737701054377D-13
 -0.1155177928811351D-13 -0.1095317416818994D-13 -0.1024997314528116D-13
 -0.9462339091323999D-14 -0.8611530155833022D-14 -0.7719250868435966D-14
 -0.6807030856888852D-14 -0.5895649420795447D-14 -0.5004621381507920D-14
 -0.4151756344503391D-14 -0.3352799959748870D-14 -0.2621162146074669D-14
 -0.1967733741242946D-14 -0.1400789808478232D-14 -0.9259749971208543D-15
 -0.5463640058073416D-15 -0.2625883780638541D-15 -0.7301958271609846D-16
  0.2600242603688673D-16  0.3990625720924478D-16 -0.2439730046040556D-16
 -0.1588146051355126D-15 -0.3543716816697349D-15 -0.6015111231889578D-15
 -0.8903756401083807D-15 -0.1211071689030153D-14 -0.1553907827033406D-14
 -0.1909603671258756D-14 -0.2269466570625032D-14 -0.2625534302222324D-14
 -0.2970683268006574D-14 -0.3298702767554889D-14 -0.3604336933250931D-14
 -0.3883296801048725D-14 -0.4132245719823179D-14 -0.4348761836765916D-14
 -0.4531281717464615D-14 -0.4679029255615469D-14 -0.4791933920042854D-14
 -0.4870542111841904D-14 -0.4915925014417073D-14 -0.4929585870718142D-14
 -0.4913369160740391D-14 -0.4869373711824221D-14 -0.4799871368964658D-14
 -0.4707232483828893D-14 -0.4593859143642716D-14 -0.4462126743042233D-14
 -0.4314334204521963D-14 -0.4152662841671178D-14 -0.3979143625920678D-14
 -0.3795632178105019D-14 -0.3603791157425704D-14 -0.3405077478869557D-14
 -0.3200737421733490D-14
  0.0000000000000000D+00  0.1081031540980338D-17  0.1128004499651986D-17
  0.1177017573850409D-17  0.1228158220308732D-17  0.1281507501413855D-17
  0.1337285690337753D-17  0.1395520042286129D-17  0.1456458196670764D-17
  0.1520129644010261D-17  0.1586696072604489D-17  0.1656282453211451D-17
  0.1729027600835265D-17  0.1805078216580877D-17  0.1884586795763758D-17
  0.1967713613020826D-17  0.2054626713020548D-17  0.2145502343639651D-17
  0.2240525405225724D-17  0.2339889882390658D-17  0.2443799321379516D-17
  0.2552467323615060D-17  0.2666118067677876D-17  0.2784986859978052D-17
  0.2909320714399846D-17  0.3039378963694444D-17  0.3175433904068089D-17
  0.3317771474833970D-17  0.3466691975190078D-17  0.3622510820186289D-17
  0.3785559338095735D-17  0.3956185611526616D-17  0.4134755364730649D-17
  0.4321652899702227D-17  0.4517282083803010D-17  0.4722067391795089D-17
  0.4936455005323348D-17  0.5160913973051770D-17  0.5395937434832740D-17
  0.5642043913470237D-17  0.5899778677829716D-17  0.6169715181249080D-17
  0.6452456579416188D-17  0.6748637332100674D-17  0.7058924893360594D-17
  0.7384021495088321D-17  0.7724666029016621D-17  0.8081636032573148D-17
  0.8455749784252860D-17  0.8847868514471448D-17  0.9258898738170181D-17
  0.9689794715763128D-17  0.1014156104935443D-16  0.1061525542150220D-16
  0.1111199148417216D-16  0.1163294190590450D-16  0.1217934158561439D-16
  0.1275249104186075D-16  0.1335375998684620D-16  0.1398459109485920D-16
  0.1464650397533261D-16  0.1534109936117416D-16  0.1607006352352281D-16
  0.1683517292460158D-16  0.1763829912086988D-16  0.1848141392923093D-16
  0.1936659486961570D-16  0.2029603089785207D-16  0.2127202844332723D-16
  0.2229701776656856D-16  0.2337355965250161D-16  0.2450435245578766D-16
  0.2569223951530289D-16  0.2694021695549308D-16  0.2825144189301384D-16
  0.2962924106775922D-16  0.3107711991807078D-16  0.3259877212061884D-16
  0.3419808961614279D-16  0.3587917314293190D-16  0.3764634330061285D-16
  0.3950415216748868D-16  0.4145739549532749D-16  0.4351112550614163D-16
  0.4567066431610370D-16  0.4794161801232055D-16  0.5032989140872064D-16
  0.5284170350778968D-16  0.5548360369530941D-16  0.5826248869561099D-16
  0.6118562031511406D-16  0.6426064400210794D-16  0.6749560825078870D-16
  0.7089898487751444D-16  0.7447969019704429D-16  0.7824710712616789D-16
  0.8221110824160698D-16  0.8638207981833383D-16  0.9077094687350062D-16
  0.9538919923997453D-16  0.1002489186919959D-15  0.1053628071436928D-15
  0.1107442159390817D-15  0.1164071762496751D-15  0.1223664305929462D-15
  0.1286374654815362D-15  0.1352365452092676D-15  0.1421807467756579D-15
  0.1494879959456675D-15  0.1571771044358297D-15  0.1652678082116393D-15
  0.1737808068740188D-15  0.1827378041048749D-15  0.1921615491330161D-15
  0.2020758791720412D-15  0.2125057627711484D-15  0.2234773440080272D-15
  0.2350179874400547D-15  0.2471563237158607D-15  0.2599222957337537D-15
  0.2733472052166003D-15  0.2874637595542878D-15  0.3023061187448252D-15
  0.3179099422434556D-15  0.3343124355055762D-15  0.3515523959839202D-15
  0.3696702583131095D-15  0.3887081383852533D-15  0.4087098759888380D-15
  0.4297210756493495D-15  0.4517891452741398D-15  0.4749633321657215D-15
  0.4992947559269271D-15  0.5248364377383110D-15  0.5516433254425593D-15
  0.5797723138226956D-15  0.6092822594104628D-15  0.6402339891084303D-15
  0.6726903018543660D-15  0.7067159624990808D-15  0.7423776870097140D-15
  0.7797441180493017D-15  0.8188857899207315D-15  0.8598750817992449D-15
  0.9027861581126508D-15  0.9476948948630803D-15  0.9946787906186319D-15
  0.1043816860838492D-14  0.1095189514131541D-14  0.1148878408987020D-14
  0.1204966289457211D-14  0.1263536798217529D-14  0.1324674265379750D-14
  0.1388463471390905D-14  0.1454989382314628D-14  0.1524336855765362D-14
  0.1596590315750288D-14  0.1671833394670818D-14  0.1750148540747479D-14
  0.1831616589160466D-14  0.1916316295246067D-14  0.2004323828158298D-14
  0.2095712223498998D-14  0.2190550793539858D-14  0.2288904493810698D-14
  0.2390833245011368D-14  0.2496391209424424D-14  0.2605626021264182D-14
  0.2718577970699083D-14  0.2835279141630902D-14  0.2955752503710421D-14
  0.3080010959516359D-14  0.3208056348327223D-14  0.3339878408475155D-14
  0.3475453700890863D-14  0.3614744497129335D-14  0.3757697635910244D-14
  0.3904243353013817D-14  0.4054294090243212D-14  0.4207743290096471D-14
  0.4364464183781861D-14  0.4524308581257554D-14  0.4687105673072560D-14
  0.4852660854926029D-14  0.5020754587035055D-14  0.5191141301597441D-14
  0.5363548372840913D-14  0.5537675165348834D-14  0.5713192177524800D-14
  0.5889740298184275D-14  0.6066930195315352D-14  0.6244341857007240D-14
  0.6421524305372608D-14  0.6597995504959133D-14  0.6773242487620242D-14
  0.6946721716062118D-14  0.7117859708266326D-14  0.7286053944670065D-14
  0.7450674079335419D-14  0.7611063475322304D-14  0.7766541083070815D-14
  0.7916403678772801D-14  0.8059928477453640D-14  0.8196376132781189D-14
  0.8324994132465846D-14  0.8445020594511475D-14  0.8555688465527014D-14
  0.8656230117813634D-14  0.8745882337007722D-14  0.8823891686677036D-14
  0.8889520230430052D-14  0.8942051585808628D-14  0.8980797277415741D-14
  0.9005103349503173D-14  0.9014357190457551D-14  0.9007994513501705D-14
  0.8985506429438908D-14  0.8946446538654101D-14  0.8890437961039090D-14
  0.8817180214325055D-14  0.8726455843813478D-14  0.8618136700059682D-14
  0.8492189756042314D-14  0.8348682352099570D-14  0.8187786755734188D-14
  0.8009783924540339D-14  0.7815066364172232D-14  0.7604139979568540D-14
  0.7377624826600604D-14  0.7136254682879192D-14  0.6880875370505168D-14
  0.6612441779884441D-14  0.6332013562069084D-14  0.6040749477104878D-14
  0.5739900407167894D-14  0.5430801065436155D-14  0.5114860454214331D-14
  0.4793551148350525D-14  0.4468397502002778D-14  0.4140962897902086D-14
  0.3812836178025023D-14  0.3485617412690953D-14  0.3160903181240668D-14
  0.2840271551395488D-14  0.2525266955939569D-14  0.2217385174348055D-14
  0.1918058633244052D-14  0.1628642242943469D-14  0.1350399987634216D-14
  0.1084492483669771D-14  0.8319657136877380D-15  0.5937411333520345D-15
  0.3706073319422832D-15  0.1632134072162774D-15 -0.2793581156175292D-16
 -0.2024825911327487D-15 -0.3602171096050297D-15 -0.5010762409170008D-15
 -0.6251403374370596D-15 -0.7326280889117415D-15 -0.8238895833531572D-15
 -0.8993977373087515D-15 -0.9597382963869697D-15 -0.1005598629542602D-14
 -0.1037755552737461D-14 -0.1057062420508396D-14 -0.1064435720859806D-14
 -0.1060841402848982D-14 -0.1047281159700779D-14 -0.1024778884329479D-14
 -0.9943675083553014D-15 -0.9570764286546129D-15 -0.9139197152877849D-15
 -0.8658852796588845D-15 -0.8139251608427548D-15 -0.7589470609257204D-15
 -0.7018072274450501D-15 -0.6433047438248680D-15 -0.5841772488341596D-15
 -0.5250980655698055D-15 -0.4666746814211951D-15 -0.4094484849059487D-15
 -0.3538956349141061D-15 -0.3004289141006419D-15 -0.2494004017959038D-15
 -0.2011047932379585D-15 -0.1557831910637197D-15 -0.1136272012862813D-15
 -0.7478317853276412D-16 -0.3935648294791145D-16 -0.7415632538220190D-17
  0.2100374158536945D-16  0.4589520502925423D-16  0.6727813883045688D-16
  0.8519468839574404D-16  0.9970704421805951D-16  0.1108950394436615D-15
  0.1188540371613645D-15  0.1236930723971712D-15  0.1255332100887909D-15
  0.1245060813717100D-15  0.1207525645525222D-15  0.1144215847211072D-15
  0.1056690150243585D-15  0.9465667241515407D-16  0.8155140975950299D-16
  0.6652431326656197D-16  0.4975001857829059D-16  0.3140616005578015D-16
  0.1167296641240038D-16 -0.9266987304873627D-17 -0.3122886481453368D-16
 -0.5402548675278599D-16 -0.7746707874374970D-16 -0.1013608455739876D-15
 -0.1255103663297555D-15 -0.1497148049537841D-15 -0.1737679331501320D-15
 -0.1974569699230949D-15 -0.2205612562298458D-15 -0.2428508059383918D-15
 -0.2640848075980875D-15 -0.2840101955957659D-15 -0.3023604711841760D-15
 -0.3188550174522274D-15 -0.3331992930794229D-15 -0.3450862389846278D-15
 -0.3541999060331009D-15
  0.0000000000000000D+00 -0.7250065400452002D-22 -0.7787596827786786D-22
 -0.8364953742182259D-22 -0.8985067952717218D-22 -0.9650960442497011D-22
 -0.1036824283790066D-21 -0.1113910536980764D-21 -0.1197027534437303D-21
 -0.1286445791216161D-21 -0.1382718466647734D-21 -0.1486360897996018D-21
 -0.1597931973552276D-21 -0.1718046074240065D-21 -0.1847360250195993D-21
 -0.1986584072550862D-21 -0.2136483790502788D-21 -0.2297885836969951D-21
 -0.2471682140422414D-21 -0.2658835344790210D-21 -0.2860384444131847D-21
 -0.3077450978614439D-21 -0.3311245701217628D-21 -0.3563075799272588D-21
 -0.3834352720902008D-21 -0.4126600648285422D-21 -0.4441465676125310D-21
 -0.4780725754925643D-21 -0.5146301463336451D-21 -0.5540267680256773D-21
 -0.5964866233162362D-21 -0.6422519605724701D-21 -0.6915845795030685D-21
 -0.7447674416497006D-21 -0.8021064163065302D-21 -0.8639321734496885D-21
 -0.9306022362619304D-21 -0.1002503206928312D-20 -0.1080053180564657D-20
 -0.1163704363429462D-20 -0.1253945912971059D-20 -0.1351307018785075D-20
 -0.1456360245212626D-20 -0.1569725158109286D-20 -0.1692072260270670D-20
 -0.1824127262126148D-20 -0.1966675716622267D-20 -0.2120568049727960D-20
 -0.2286725020721383D-20 -0.2466143649382369D-20 -0.2659903650434683D-20
 -0.2869174419080693D-20 -0.3095222615271514D-20 -0.3339420398483266D-20
 -0.3603254369253235D-20 -0.3888335278597948D-20 -0.4196408571721104D-20
 -0.4529365838158455D-20 -0.4889257246736244D-20 -0.5278305050481623D-20
 -0.5698918253961480D-20 -0.6153708543487880D-20 -0.6645507589266597D-20
 -0.7177385837934236D-20 -0.7752672924090530D-20 -0.8374979840450304D-20
 -0.9048223018182951D-20 -0.9776650481952711D-20 -0.1056487025820099D-19
 -0.1141788123040843D-19 -0.1234110665153496D-19 -0.1334043054165933D-19
 -0.1442223721813357D-19 -0.1559345422645125D-19 -0.1686159896261820D-19
 -0.1823482930225394D-19 -0.1972199857807216D-19 -0.2133271527594993D-19
 -0.2307740785065612D-19 -0.2496739509564417D-19 -0.2701496253730527D-19
 -0.2923344536292863D-19 -0.3163731843352396D-19 -0.3424229397786092D-19
 -0.3706542761279986D-19 -0.4012523338747716D-19 -0.4344180860543790D-19
 -0.4703696923964398D-19 -0.5093439682073341D-19 -0.5515979774927209D-19
 -0.5974107605833283D-19 -0.6470852073392096D-19 -0.7009500878787413D-19
 -0.7593622537127036D-19 -0.8227090231647451D-19 -0.8914107660311111D-19
 -0.9659237035790760D-19 -0.1046742941208974D-18 -0.1134405752413346D-18
 -0.1229495134063075D-18 -0.1332643654538425D-18 -0.1444537617807110D-18
 -0.1565921568236509D-18 -0.1697603162716223D-18 -0.1840458438565455D-18
 -0.1995437507710081D-18 -0.2163570709740549D-18 -0.2345975258707337D-18
 -0.2543862420877381D-18 -0.2758545263165382D-18 -0.2991447014569130D-18
 -0.3244110085677691D-18 -0.3518205794185686D-18 -0.3815544847332780D-18
 -0.4138088635291680D-18 -0.4487961392745431D-18 -0.4867463289216476D-18
 -0.5279084512128357D-18 -0.5725520410081094D-18 -0.6209687767388551D-18
 -0.6734742284541788D-18 -0.7304097342901342D-18 -0.7921444135557613D-18
 -0.8590773249898275D-18 -0.9316397790945029D-18 -0.1010297813792685D-17
 -0.1095554842978727D-17 -0.1187954487832150D-17 -0.1288083601033595D-17
 -0.1396575494253721D-17 -0.1514113379470369D-17 -0.1641434034796668D-17
 -0.1779331705561594D-17 -0.1928662251362098D-17 -0.2090347549687778D-17
 -0.2265380166489388D-17 -0.2454828303703646D-17 -0.2659841033238809D-17
 -0.2881653826247284D-17 -0.3121594385638975D-17 -0.3381088788696075D-17
 -0.3661667945308673D-17 -0.3964974375729262D-17 -0.4292769309810245D-17
 -0.4646940107405278D-17 -0.5029507996944281D-17 -0.5442636126091619D-17
 -0.5888637914823306D-17 -0.6369985697165250D-17 -0.6889319633171974D-17
 -0.7449456867441698D-17 -0.8053400904506970D-17 -0.8704351164754061D-17
 -0.9405712677055009D-17 -0.1016110585598457D-16 -0.1097437630228695D-16
 -0.1184960455509777D-16 -0.1279111571326154D-16 -0.1380348883086872D-16
 -0.1489156597882001D-16 -0.1606046084977678D-16 -0.1731556676824361D-16
 -0.1866256395073707D-16 -0.2010742584301979D-16 -0.2165642434223476D-16
 -0.2331613369149363D-16 -0.2509343281311591D-16 -0.2699550582436340D-16
 -0.2902984045628772D-16 -0.3120422407235844D-16 -0.3352673695906785D-16
 -0.3600574253594964D-16 -0.3864987410770996D-16 -0.4146801775679854D-16
 -0.4446929095116812D-16 -0.4766301641967466D-16 -0.5105869082712189D-16
 -0.5466594776300915D-16 -0.5849451454332459D-16 -0.6255416231408194D-16
 -0.6685464893962671D-16 -0.7140565415906725D-16 -0.7621670650162292D-16
 -0.8129710146741935D-16 -0.8665581050559027D-16 -0.9230138035782610D-16
 -0.9824182238415829D-16 -0.1044844915502733D-15 -0.1110359548334692D-15
 -0.1179018488990362D-15 -0.1250867270117547D-15 -0.1325938952797989D-15
 -0.1404252384818026D-15 -0.1485810359033253D-15 -0.1570597678072795D-15
 -0.1658579133846469D-15 -0.1749697412772576D-15 -0.1843870940333769D-15
 -0.1940991681487320D-15 -0.2040922916592770D-15 -0.2143497015857509D-15
 -0.2248513238815859D-15 -0.2355735589020073D-15 -0.2464890757893908D-15
 -0.2575666195536845D-15 -0.2687708350112603D-15 -0.2800621121244938D-15
 -0.2913964576497519D-15 -0.3027253983439432D-15 -0.3139959212882497D-15
 -0.3251504571489507D-15 -0.3361269123948328D-15 -0.3468587566089445D-15
 -0.3572751710544950D-15 -0.3673012645539297D-15 -0.3768583625016354D-15
 -0.3858643744286837D-15 -0.3942342449567268D-15 -0.4018804922005576D-15
 -0.4087138366938040D-15 -0.4146439227133574D-15 -0.4195801324649399D-15
 -0.4234324919701679D-15 -0.4261126656764709D-15 -0.4275350348131051D-15
 -0.4276178523634556D-15 -0.4262844652456174D-15 -0.4234645919257326D-15
 -0.4190956412728895D-15 -0.4131240560470253D-15 -0.4055066620435557D-15
 -0.3962120016561189D-15 -0.3852216285212295D-15 -0.3725313380386703D-15
 -0.3581523069840107D-15 -0.3421121142119247D-15 -0.3244556136589373D-15
 -0.3052456305605958D-15 -0.2845634520689753D-15 -0.2625090843591282D-15
 -0.2392012499121466D-15 -0.2147771010184888D-15 -0.1893916287121939D-15
 -0.1632167503685945D-15 -0.1364400641051419D-15 -0.1092632639265679D-15
 -0.8190021623458552D-16 -0.5457470582573613D-16 -0.2751786773133798D-16
 -0.9653300592674170D-18  0.2484589783548964D-16  0.4968074827804830D-16
  0.7330957675009833D-16  0.9551174107539760D-16  0.1160792103186497D-15
  0.1348201298441350D-15  0.1515622654258625D-15  0.1661562480833091D-15
  0.1784785425272473D-15  0.1884340657232125D-15  0.1959583877873481D-15
  0.2010194548066803D-15  0.2036187818614748D-15  0.2037920741304815D-15
  0.2016092445693975D-15  0.1971738083676919D-15  0.1906216475869071D-15
  0.1821191542607531D-15  0.1718607767378205D-15  0.1600660117139194D-15
  0.1469759023887173D-15  0.1328491203810678D-15  0.1179577242307327D-15
  0.1025826993633683D-15  0.8700939235976418D-16  0.7152295562946150D-16
  0.5640391686747118D-16  0.4192398106920506D-16  0.2834216183137464D-16
  0.1590132390672624D-16  0.4825201463262827D-17 -0.4684062683632745D-17
 -0.1244783130348605D-16 -0.1831233401314474D-16 -0.2214948670530134D-16
 -0.2385719549543018D-16 -0.2335918383629693D-16 -0.2060439051496923D-16
 -0.1556599202589402D-16 -0.8240105486191932D-17  0.1355771791031538D-17
  0.1318453218532792D-16  0.2719138702397729D-16  0.4330590976396652D-16
  0.6144415252826387D-16  0.8151079994780982D-16  0.1034013278296072D-15
  0.1270041367062542D-15  0.1522026316230363D-15  0.1788772193709159D-15
  0.2069071939156350D-15  0.2361724793193840D-15  0.2665551988771082D-15
  0.2979410393560810D-15  0.3302203810985260D-15  0.3632891686131728D-15
  0.3970495017470460D-15  0.4314099341213774D-15  0.4662854712960808D-15
  0.5015972649199651D-15  0.5372719985345049D-15  0.5732409550197536D-15
  0.6094387443973583D-15  0.6458016546170059D-15  0.6822655688354405D-15
  0.7187633722873533D-15  0.7552217520757767D-15  0.7915572751511247D-15
  0.8276716137722829D-15  0.8634457735338585D-15  0.8987331649560572D-15
  0.9333513452598605D-15  0.9670722332203544D-15  0.9996105817481810D-15
  0.1030610408714452D-14  0.1059629173173421D-14  0.1086118831255195D-14
  0.1109404453868263D-14
  0.0000000000000000D+00  0.1642012424819050D-23  0.1774021535599874D-23
  0.1916603234496587D-23  0.2070595898233775D-23  0.2236873751115703D-23
  0.2417183051559011D-23  0.2612000424401663D-23  0.2823464811409302D-23
  0.3052221495714928D-23  0.3299925196846169D-23  0.3568115240296500D-23
  0.3858416447950227D-23  0.4172669303570698D-23  0.4512839013699584D-23
  0.4881055676664704D-23  0.5279636047524485D-23  0.5711088557828090D-23
  0.6178133109990940D-23  0.6683719176887792D-23  0.7231044138646255D-23
  0.7823574625785665D-23  0.8465069256546944D-23  0.9159603263284951D-23
  0.9911595379441174D-23  0.1072583699248962D-22  0.1160752381111496D-22
  0.1256229027722951D-22  0.1359624694179842D-22  0.1471602106767488D-22
  0.1592880073963617D-22  0.1724238278408873D-22  0.1866522482985309D-22
  0.2020650186961421D-22  0.2187616771291169D-22  0.2368502175589932D-22
  0.2564478153010292D-22  0.2776816153269288D-22  0.3006895888458398D-22
  0.3256214641021363D-22  0.3526397378449788D-22  0.3819207744856224D-22
  0.4136560005675505D-22  0.4480532028359308D-22  0.4853379389109743D-22
  0.5257550703492135D-22  0.5695704287227117D-22  0.6170726262642289D-22
  0.6685750236223806D-22  0.7244178683512928D-22  0.7849706189310719D-22
  0.8506344703860296D-22  0.9218450989451894D-22  0.9990756446826026D-22
  0.1082839952692939D-21  0.1173696095110560D-21  0.1272250198178640D-21
  0.1379160600630401D-21  0.1495142371869564D-21  0.1620972220844928D-21
  0.1757493829118787D-21  0.1905623644445972D-21  0.2066357174225798D-21
  0.2240775821480428D-21  0.2430054309568960D-21  0.2635468745686141D-21
  0.2858405377339506D-21  0.3100370100470855D-21  0.3362998782711367D-21
  0.3648068470458901D-21  0.3957509554068578D-21  0.4293418971480496D-21
  0.4658074537101915D-21  0.5053950489746513D-21  0.5483734360941776D-21
  0.5950345272983931D-21  0.6456953784780659D-21  0.7007003412814916D-21
  0.7604233964525760D-21  0.8252706832074431D-21  0.8956832405885670D-21
  0.9721399779571199D-21  0.1055160893089075D-20  0.1145310557733648D-20
  0.1243201891977614D-20  0.1349500250340562D-20  0.1464927844208427D-20
  0.1590268526999608D-20  0.1726372970353636D-20  0.1874164261640504D-20
  0.2034643955212093D-20  0.2208898612059114D-20  0.2398106864899188D-20
  0.2603547048205533D-20  0.2826605435292445D-20  0.3068785127301137D-20
  0.3331715641777569D-20  0.3617163251497211D-20  0.3927042127265911D-20
  0.4263426341603631D-20  0.4628562793487769D-20  0.5024885117682597D-20
  0.5455028645595331D-20  0.5921846488054524D-20  0.6428426813881628D-20
  0.6978111401588076D-20  0.7574515544944700D-20  0.8221549396494308D-20
  0.8923440836261609D-20  0.9684759955898881D-20  0.1051044525122470D-19
  0.1140583161848341D-19  0.1237668025159024D-19  0.1342921053902089D-19
  0.1457013405973957D-19  0.1580669077749986D-19  0.1714668753183978D-19
  0.1859853892195877D-19  0.2017131067620388D-19  0.2187476559488969D-19
  0.2371941214737767D-19  0.2571655579546747D-19  0.2787835310389089D-19
  0.3021786868470526D-19  0.3274913500525988D-19  0.3548721506874225D-19
  0.3844826795161074D-19  0.4164961715297434D-19  0.4510982167661197D-19
  0.4884874972619643D-19  0.5288765484772192D-19  0.5724925429937260D-19
  0.6195780936729427D-19  0.6703920727506969D-19  0.7252104425418370D-19
  0.7843270925138012D-19  0.8480546764546915D-19  0.9167254422965196D-19
  0.9906920458457735D-19  0.1070328338208069D-18  0.1156030115057731D-18
  0.1248215814082592D-18  0.1347327144914129D-18  0.1453829633618346D-18
  0.1568213061358283D-18  0.1690991774129225D-18  0.1822704837497800D-18
  0.1963916007031353D-18  0.2115213481570822D-18  0.2277209402666556D-18
  0.2450539059350889D-18  0.2635859752956701D-18  0.2833849271901149D-18
  0.3045203921238066D-18  0.3270636046343491D-18  0.3510870984346157D-18
  0.3766643370863897D-18  0.4038692723281820D-18  0.4327758215242702D-18
  0.4634572550258244D-18  0.4959854835450200D-18  0.5304302349464144D-18
  0.5668581091656933D-18  0.6053314992848242D-18  0.6459073661379431D-18
  0.6886358532091866D-18  0.7335587280305823D-18  0.7807076358158249D-18
  0.8301021506990334D-18  0.8817476097140812D-18  0.9356327145818100D-18
  0.9917268865050372D-18  0.1049977359545288D-17  0.1110305998815018D-17
  0.1172605830714678D-17  0.1236737273829273D-17  0.1302524060933382D-17
  0.1369748844900860D-17  0.1438148484243734D-17  0.1507409007586951D-17
  0.1577160260697274D-17  0.1646970244804690D-17  0.1716339160963504D-17
  0.1784693182178687D-17  0.1851377983050148D-17  0.1915652065839846D-17
  0.1976679932213847D-17  0.2033525161515563D-17  0.2085143469336690D-17
  0.2130375834402885D-17  0.2167941797395932D-17  0.2196433052281899D-17
  0.2214307468965176D-17  0.2219883705564925D-17  0.2211336589195591D-17
  0.2186693465661730D-17  0.2143831740729332D-17  0.2080477858330709D-17
  0.1994207983849740D-17  0.1882450683095302D-17  0.1742491909199781D-17
  0.1571482629883370D-17  0.1366449445618009D-17  0.1124308564419487D-17
  0.8418835104002097D-18  0.5159269498256561D-18  0.1431470191206868D-18
 -0.2797614671566345D-18 -0.7560805652424007D-18 -0.1289027169622791D-17
 -0.1881705096751577D-17 -0.2537051031718678D-17 -0.3257774147831664D-17
 -0.4046289288052735D-17 -0.4904643693121200D-17 -0.5834437374973479D-17
 -0.6836737366370785D-17 -0.7911986228709569D-17 -0.9059905369589065D-17
 -0.1027939390909629D-16 -0.1156842403763451D-16 -0.1292393402656242D-16
 -0.1434172028340122D-16 -0.1581633008273104D-16 -0.1734095684828772D-16
 -0.1890734010664809D-16 -0.2050567247300352D-16 -0.2212451625891128D-16
 -0.2375073250390657D-16 -0.2536942542009515D-16 -0.2696390539331116D-16
 -0.2851567379748815D-16 -0.3000443294139883D-16 -0.3140812446926781D-16
 -0.3270299946903445D-16 -0.3386372339418803D-16 -0.3486351866713967D-16
 -0.3567434749444634D-16 -0.3626713697806727D-16 -0.3661204804468912D-16
 -0.3667878903144918D-16 -0.3643697395825219D-16 -0.3585652458513640D-16
 -0.3490811430331166D-16 -0.3356365075194311D-16 -0.3179679280783566D-16
 -0.2958349628825025D-16 -0.2690258137318830D-16 -0.2373631343654230D-16
 -0.2007098772759537D-16 -0.1589750722385691D-16 -0.1121194204448124D-16
 -0.6016058129729155D-17 -0.3178025065111310D-18  0.5868267593071156D-17
  0.1252062420385155D-16  0.1961048851897143D-16  0.2710164213216843D-16
  0.3495033943957202D-16  0.4310532971223721D-16  0.5150799589627067D-16
  0.6009261554079799D-16  0.6878674731321821D-16  0.7751174418054602D-16
  0.8618339142336648D-16  0.9471266414462567D-16  0.1030065949353864D-15
  0.1109692380780515D-15  0.1185027124302281D-15  0.1255083013143917D-15
  0.1318875846979119D-15  0.1375435769779594D-15  0.1423818429754264D-15
  0.1463115653763153D-15  0.1492465388040648D-15  0.1511060688408380D-15
  0.1518157584276948D-15  0.1513081688926737D-15  0.1495233480688528D-15
  0.1464092232376849D-15  0.1419218616397091D-15  0.1360256057341017D-15
  0.1286930940088295D-15  0.1199051807575577D-15  0.1096507697378707D-15
  0.9792657698097747D-16  0.8473683729224458D-16  0.7009296729915710D-16
  0.5401319547142392D-16  0.3652216661402416D-16  0.1765052521313833D-16
 -0.2565520988418502D-17 -0.2408465838105065D-16 -0.4686094888384000D-16
 -0.7084433925202236D-16 -0.9598120193932774D-16 -0.1222149094934710D-15
 -0.1494864416487380D-15 -0.1777350203784293D-15 -0.2068987630389663D-15
 -0.2369153388009885D-15 -0.2677226079418022D-15 -0.2992592193783454D-15
 -0.3314651387130639D-15 -0.3642820780307717D-15 -0.3976537999491446D-15
 -0.4315262715273645D-15 -0.4658476481370820D-15 -0.5005680713335645D-15
 -0.5356392671100908D-15 -0.5710139293456342D-15 -0.6066448672764725D-15
 -0.6424838850825872D-15 -0.6784803471348245D-15 -0.7145793660546665D-15
 -0.7507195343730471D-15 -0.7868301063745994D-15 -0.8228275260315114D-15
 -0.8586111905817223D-15 -0.8940583376732020D-15 -0.9290179464842750D-15
 -0.9633035511175974D-15 -0.9966848710448074D-15 -0.1028878187786764D-14
 -0.1059535371773045D-14 -0.1088231642202856D-14 -0.1114451603164019D-14
 -0.1137574892847478D-14
  0.0000000000000000D+00  0.5441277561988162D-27  0.6003776639649949D-27
  0.6624374633142198D-27  0.7309048592177356D-27  0.8064241729763446D-27
  0.8899726747020976D-27  0.9822140774725924D-27  0.1084373534123753D-26
  0.1197289596336800D-26  0.1322195180137867D-26  0.1460351972412968D-26
  0.1613170244201279D-26  0.1782220696808274D-26  0.1969237426934392D-26
  0.2176143851181084D-26  0.2405071284879323D-26  0.2658381914951656D-26
  0.2938694458368671D-26  0.3248912144844723D-26  0.3592254198515000D-26
  0.3972290676672302D-26  0.4392981217701138D-26  0.4858718167456106D-26
  0.5374374518029982D-26  0.5945357243699752D-26  0.6577666644396149D-26
  0.7277962377932736D-26  0.8053636951851371D-26  0.8912897528889261D-26
  0.9864857000551221D-26  0.1091963539534409D-25  0.1208847281185793D-25
  0.1338385520611794D-25  0.1481965451817497D-25  0.1641128479670468D-25
  0.1817587617492837D-25  0.2013246876873775D-25  0.2230222881132281D-25
  0.2470868961095350D-25  0.2737802022333070D-25  0.3033932507097307D-25
  0.3362497812381984D-25  0.3727099568246892D-25  0.4131745228373236D-25
  0.4580894478359138D-25  0.5079511027205345D-25  0.5633120414557099D-25
  0.6247874541418172D-25  0.6930623716211537D-25  0.7688997102303175D-25
  0.8531492558658648D-25  0.9467576983521436D-25  0.1050779840341557D-24
  0.1166391119809952D-24  0.1294901601824810D-24  0.1437771613876661D-24
  0.1596629219915187D-24  0.1773289751592137D-24  0.1969777641383811D-24
  0.2188350831588247D-24  0.2431528066043812D-24  0.2702119408224144D-24
  0.3003260370605011D-24  0.3338450086406303D-24  0.3711594006585904D-24
  0.4127051662970628D-24  0.4589690103404809D-24  0.5104943677619671D-24
  0.5678880934116400D-24  0.6318279479769915D-24  0.7030709756274576D-24
  0.7824628802293369D-24  0.8709485198709961D-24  0.9695836538382716D-24
  0.1079548092310156D-23  0.1202160417113268D-23  0.1338894462111656D-23
  0.1491397764474955D-23  0.1661512223453618D-23  0.1851297231717341D-23
  0.2063055576146367D-23  0.2299362440607087D-23  0.2563097883148990D-23
  0.2857483204731499D-23  0.3186121676594757D-23  0.3553044149354987D-23
  0.3962760129539091D-23  0.4420314979359754D-23  0.4931353973947186D-23
  0.5502194037975835D-23  0.6139904081746180D-23  0.6852394966513882D-23
  0.7648520251567162D-23  0.8538189012734773D-23  0.9532492175358607D-23
  0.1064384397614924D-22  0.1188614035985236D-22  0.1327493633060373D-22
  0.1482764451682999D-22  0.1656375747542003D-22  0.1850509655884829D-22
  0.2067609050151671D-22  0.2310408725271653D-22  0.2581970299769274D-22
  0.2885721277012586D-22  0.3225498757433220D-22  0.3605598350955403D-22
  0.4030828902845988D-22  0.4506573717470310D-22  0.5038859043814726D-22
  0.5634430675009178D-22  0.6300839612435601D-22  0.7046537854430527D-22
  0.7880985491277839D-22  0.8814770423468471D-22  0.9859742170526746D-22
  0.1102916140467956D-21  0.1233786702902429D-21  0.1380246282558125D-21
  0.1544152592681202D-21  0.1727583961717190D-21  0.1932865325160285D-21
  0.2162597238832924D-21  0.2419688257696065D-21  0.2707391062303470D-21
  0.3029342757037599D-21  0.3389609810694599D-21  0.3792738161247075D-21
  0.4243809063172102D-21  0.4748501318087392D-21  0.5313160598135926D-21
  0.5944876647179970D-21  0.6651569228043779D-21  0.7442083775448684D-21
  0.8326297814647126D-21  0.9315239315846568D-21  0.1042121827515250D-20
  0.1165797294481531D-20  0.1304083227997083D-20  0.1458689632678546D-20
  0.1631523644897527D-20  0.1824711747713079D-20  0.2040624406924676D-20
  0.2281903379246843D-20  0.2551491967648655D-20  0.2852668524943182D-20
  0.3189083534870102D-20  0.3564800630310062D-20  0.3984341941012961D-20
  0.4452738198426816D-20  0.4975584062979271D-20  0.5559099179581700D-20
  0.6210195510275592D-20  0.6936551538875093D-20  0.7746693991221880D-20
  0.8650087766255100D-20  0.9657234827492550D-20  0.1077978286163617D-19
  0.1203064457074572D-19  0.1342412852657890D-19  0.1497608258002800D-19
  0.1670405088476375D-19  0.1862744566179756D-19  0.2076773490016119D-19
  0.2314864725764265D-19  0.2579639549368847D-19  0.2873991983328376D-19
  0.3201115272469117D-19  0.3564530651411520D-19  0.3968118561507289D-19
  0.4416152479783199D-19  0.4913335526263549D-19  0.5464840018736656D-19
  0.6076350145319507D-19  0.6754107924777190D-19  0.7504962622141290D-19
  0.8336423782399386D-19  0.9256718037495294D-19  0.1027484983116984D-18
  0.1140066619181575D-18  0.1264492566502250D-18  0.1401937149431749D-18
  0.1553680911019817D-18  0.1721118795330970D-18  0.1905768761693888D-18
  0.2109280824621480D-18  0.2333446507592216D-18  0.2580208692494677D-18
  0.2851671839249583D-18  0.3150112541871444D-18  0.3477990377959639D-18
  0.3837958998262257D-18  0.4232877391490035D-18  0.4665821246936037D-18
  0.5140094323654646D-18  0.5659239719961009D-18  0.6227050920836027D-18
  0.6847582483495157D-18  0.7525160202953789D-18  0.8264390579988249D-18
  0.9070169393580070D-18  0.9947689158907561D-18  0.1090244523045425D-17
  0.1194024028812767D-17  0.1306718692279958D-17  0.1428970801684906D-17
  0.1561453459566868D-17  0.1704870080831768D-17  0.1859953568031735D-17
  0.2027465126977334D-17  0.2208192685048602D-17  0.2402948874318431D-17
  0.2612568541958966D-17  0.2837905751409653D-17  0.3079830239542320D-17
  0.3339223297589351D-17  0.3616973046952516D-17  0.3913969085199201D-17
  0.4231096482586807D-17  0.4569229115328743D-17  0.4929222328518891D-17
  0.5311904929142900D-17  0.5718070517904908D-17  0.6148468177655413D-17
  0.6603792545994115D-17  0.7084673310096683D-17  0.7591664172944073D-17
  0.8125231351863904D-17  0.8685741682582359D-17  0.9273450414767019D-17
  0.9888488798258526D-17  0.1053085157274910D-16  0.1120038448747895D-16
  0.1189677199143176D-16  0.1261952524834708D-16  0.1336797064435908D-16
  0.1414123896887918D-16  0.1493825546099733D-16  0.1575773092358665D-16
  0.1659815411468657D-16  0.1745778562969688D-16  0.1833465348729912D-16
  0.1922655062559120D-16  0.2013103450126886D-16  0.2104542896240415D-16
  0.2196682853312811D-16  0.2289210520526187D-16  0.2381791777714670D-16
  0.2474072371391585D-16  0.2565679342777803D-16  0.2656222679471188D-16
  0.2745297164041453D-16  0.2832484385057235D-16  0.2917354869751502D-16
  0.2999470293714240D-16  0.3078385722312952D-16  0.3153651842140504D-16
  0.3224817147190721D-16  0.3291430054100186D-16  0.3353040930024035D-16
  0.3409204023118606D-16  0.3459479287261765D-16  0.3503434085763694D-16
  0.3540644745849367D-16  0.3570697916876181D-16  0.3593191665678345D-16
  0.3607736226101398D-16  0.3613954310707554D-16  0.3611480893220813D-16
  0.3599962381078704D-16  0.3579055117503012D-16  0.3548423179594538D-16
  0.3507735470598337D-16  0.3456662137786322D-16  0.3394870379995128D-16
  0.3322019738433510D-16  0.3237756989185461D-16  0.3141710774490379D-16
  0.3033486121359443D-16  0.2912658999817445D-16  0.2778771068789395D-16
  0.2631324745501395D-16  0.2469778714649490D-16  0.2293543967180126D-16
  0.2101980426213872D-16  0.1894394180490885D-16  0.1670035304927545D-16
  0.1428096204782002D-16  0.1167710375986331D-16  0.8879514310097971D-17
  0.5878321989184613D-17  0.2663036720114512D-17 -0.7774645836614364D-18
 -0.4454959552807119D-17 -0.8381911677124876D-17 -0.1257151425497286D-16
 -0.1703774964382307D-16 -0.2179546615880450D-16 -0.2686047443855529D-16
 -0.3224966450681676D-16 -0.3798114398585912D-16 -0.4407439717562934D-16
 -0.5055046397860978D-16 -0.5743213703654159D-16 -0.6474417500301656D-16
 -0.7251352954149287D-16 -0.8076958333077637D-16 -0.8954439570518014D-16
 -0.9887295123107277D-16 -0.1087934038602958D-15 -0.1193473047820944D-15
 -0.1305797950648651D-15 -0.1425397340444096D-15 -0.1552797206194225D-15
 -0.1688559464196876D-15 -0.1833277963257592D-15 -0.1987570817113825D-15
 -0.2152067531977570D-15 -0.2327388901302496D-15 -0.2514116998503071D-15
 -0.2712751769454861D-15 -0.2923649631500816D-15 -0.3146938095737107D-15
 -0.3382398438151936D-15 -0.3629306466641046D-15 -0.3886216355167563D-15
 -0.4150673960714700D-15
  0.0000000000000000D+00  0.2898180528323417D-27  0.3202767460996269D-27
  0.3539304016975564D-27  0.3911124052547094D-27  0.4321831085569561D-27
  0.4777224470050970D-27  0.5280635699955495D-27  0.5839415731241509D-27
  0.6457883701762685D-27  0.7143048567770842D-27  0.7902055362937076D-27
  0.8742755374352846D-27  0.9674027958015141D-27  0.1070565312636385D-26
  0.1184848208911498D-26  0.1311457037829656D-26  0.1451728789628411D-26
  0.1607147305589360D-26  0.1779359582204446D-26  0.1970193659418946D-26
  0.2181678828935930D-26  0.2416068007550771D-26  0.2675862623889720D-26
  0.2963840341166990D-26  0.3283085899326198D-26  0.3637025447466781D-26
  0.4029464767394011D-26  0.4464631831113495D-26  0.4947224191726609D-26
  0.5482461763389108D-26  0.6076145610673289D-26  0.6734723440411936D-26
  0.7465362569771728D-26  0.8276031234769051D-26  0.9175589204558781D-26
  0.1017388877985423D-25  0.1128188738026598D-25  0.1251177306673685D-25
  0.1387710450338959D-25  0.1539296704000275D-25  0.1707614679421910D-25
  0.1894532483398330D-25  0.2102129380840906D-25  0.2332719965243975D-25
  0.2588881130080997D-25  0.2873482169389308D-25  0.3189718374644455D-25
  0.3541148538497965D-25  0.3931736824610112D-25  0.4365899517272544D-25
  0.4848557225480188D-25  0.5385193184357026D-25  0.5981918373237408D-25
  0.6645544255231345D-25  0.7383664038851751D-25  0.8204743469478851D-25
  0.9118222278453566D-25  0.1013462755196157D-24  0.1126570043231374D-24
  0.1252453773266839D-24  0.1392575023483175D-24  0.1548563965092520D-24
  0.1722239646611790D-24  0.1915632114431206D-24  0.2131007147501202D-24
  0.2370893917138748D-24  0.2638115920098295D-24  0.2935825574636114D-24
  0.3267542915848233D-24  0.3637198878673679D-24  0.4049183715286915D-24
  0.4508401158895786D-24  0.5020329019041170D-24  0.5591086975283424D-24
  0.6227512427693438D-24  0.6937245364992567D-24  0.7728823325795897D-24
  0.8611787656644050D-24  0.9596802413965886D-24  0.1069578741758975D-23
  0.1192206714291546D-23  0.1329053733960290D-23  0.1481785148911506D-23
  0.1652262946445152D-23  0.1842569103601066D-23  0.2055031718118281D-23
  0.2292254250583340D-23  0.2557148247757147D-23  0.2852969960837862D-23
  0.3183361321308954D-23  0.3552395791628480D-23  0.3964629668992267D-23
  0.4425159488480626D-23  0.4939686247886140D-23  0.5514587261318441D-23
  0.6156996543292092D-23  0.6874894730533943D-23  0.7677209666428148D-23
  0.8573928904214905D-23  0.9576225531284785D-23  0.1069659887983780D-22
  0.1194903187066112D-22  0.1334916693886637D-22  0.1491450271538831D-22
  0.1666461388837934D-22  0.1862139694710323D-22  0.2080934482058524D-22
  0.2325585376746826D-22  0.2599156625595824D-22  0.2905075399748512D-22
  0.3247174576922265D-22  0.3629740518382895D-22  0.4057566414505717D-22
  0.4536011837116308D-22  0.5071069208076000D-22  0.5669437972499788D-22
  0.6338607352340773D-22  0.7086948652683967D-22  0.7923818199880921D-22
  0.8859672108620075D-22  0.9906194205245616D-22  0.1107643857828083D-21
  0.1238498838544666D-21  0.1384813272085445D-21  0.1548406353796817D-21
  0.1731309483495039D-21  0.1935790654081930D-21  0.2164381579526030D-21
  0.2419907859387200D-21  0.2705522507612737D-21  0.3024743206755104D-21
  0.3381493685281706D-21  0.3780149655504103D-21  0.4225589793094059D-21
  0.4723252286433180D-21  0.5279197535424641D-21  0.5900177635145850D-21
  0.6593713340111249D-21  0.7368179270210578D-21  0.8232898189853381D-21
  0.9198245267736455D-21  0.1027576330619073D-20  0.1147829001646759D-20
  0.1282009850976819D-20  0.1431705227343478D-20  0.1598677600758577D-20
  0.1784884380959398D-20  0.1992498631209623D-20  0.2223931850449964D-20
  0.2481859009789819D-20  0.2769246042846796D-20  0.3089380003412588D-20
  0.3445902118265660D-20  0.3842843977552596D-20  0.4284667119882272D-20
  0.4776306283947008D-20  0.5323216612891894D-20  0.5931425111544317D-20
  0.6607586669684971D-20  0.7359044976430869D-20  0.8193898661086080D-20
  0.9121073004004526D-20  0.1015039756652703D-19  0.1129269009124378D-19
  0.1255984702193613D-19  0.1396494098570637D-19  0.1552232556703469D-19
  0.1724774768370450D-19  0.1915846784647859D-19  0.2127338854670595D-19
  0.2361319096716293D-19  0.2620048014969581D-19  0.2905993867677175D-19
  0.3221848883085132D-19  0.3570546308335951D-19  0.3955278263160387D-19
  0.4379514354473890D-19  0.4847020989612749D-19  0.5361881304639665D-19
  0.5928515599620000D-19  0.6551702144717612D-19  0.7236598189078796D-19
  0.7988760968460922D-19  0.8814168467120828D-19  0.9719239644326580D-19
  0.1071085378573357D-18  0.1179636858454914D-18  0.1298363649671510D-18
  0.1428101884814753D-18  0.1569739710033623D-18  0.1724218060337073D-18
  0.1892531008287567D-18  0.2075725601969435D-18  0.2274901098889274D-18
  0.2491207492838865D-18  0.2725843220806471D-18  0.2980051926866596D-18
  0.3255118149744400D-18  0.3552361790602995D-18  0.3873131207738459D-18
  0.4218794775525423D-18  0.4590730736417207D-18  0.4990315167396011D-18
  0.5418907876373349D-18  0.5877836040093960D-18  0.6368375393595071D-18
  0.6891728782768132D-18  0.7449001896672088D-18  0.8041176005605816D-18
  0.8669077545247551D-18  0.9333344407127405D-18  0.1003438882194392D-17
  0.1077235675553031D-17  0.1154708377805263D-17  0.1235804741594458D-17
  0.1320431605341080D-17  0.1408449451641838D-17  0.1499666654706155D-17
  0.1593833446005524D-17  0.1690635636577341D-17  0.1789688144544937D-17
  0.1890528387348229D-17  0.1992609609867363D-17  0.2095294231986656D-17
  0.2197847312088289D-17  0.2299430236357965D-17  0.2399094757473710D-17
  0.2495777520046532D-17  0.2588295223864370D-17  0.2675340589295544D-17
  0.2755479301827065D-17  0.2827148124291202D-17  0.2888654375462423D-17
  0.2938176981921779D-17  0.2973769315865402D-17  0.2993364034298743D-17
  0.2994780134177714D-17  0.2975732432858768D-17  0.2933843673007807D-17
  0.2866659435202814D-17  0.2771666019204313D-17  0.2646311425718874D-17
  0.2488029534067637D-17  0.2294267527366634D-17  0.2062516565835308D-17
  0.1790345651307261D-17  0.1475438563060739D-17  0.1115633678410643D-17
  0.7089664233596827D-18  0.2537140317177897D-18 -0.2515577715356080D-18
 -0.8079466023178061D-18 -0.1416164250483592D-17 -0.2076487034446793D-17
 -0.2788706222732622D-17 -0.3552079084582207D-17 -0.4365281145296057D-17
 -0.5226360236631910D-17 -0.6132692953009006D-17 -0.7080944149618788D-17
 -0.8067030141779748D-17 -0.9086086274498814D-17 -0.1013243950506150D-16
 -0.1119958656429305D-16 -0.1228017811725361D-16 -0.1336600913070170D-16
 -0.1444801538199690D-16 -0.1551627573356538D-16 -0.1656001947685413D-16
 -0.1756763774951504D-16 -0.1852669777669651D-16 -0.1942395850301043D-16
 -0.2024538608149557D-16 -0.2097616767691032D-16 -0.2160072212488708D-16
 -0.2210270616024329D-16 -0.2246501517626578D-16 -0.2266977778584531D-16
 -0.2269834380396892D-16 -0.2253126563519622D-16 -0.2214827340268970D-16
 -0.2152824446978034D-16 -0.2064916825412169D-16 -0.1948810739352584D-16
 -0.1802115637052408D-16 -0.1622339862349719D-16 -0.1406886295618118D-16
 -0.1153047970242531D-16 -0.8580036615973157D-17 -0.5188133852400258D-17
 -0.1324136719591686D-17  0.3043875866788285D-17  0.7949170024881682D-17
  0.1342642612247188D-16  0.1951182259262908D-16  0.2624313868868973D-16
  0.3365988056052359D-16  0.4180343473801012D-16  0.5071725231920175D-16
  0.6044706608743385D-16  0.7104114112762884D-16  0.8255055767686858D-16
  0.9502952283698219D-16  0.1085357056355427D-15  0.1231305878839532D-15
  0.1388798212978612D-15  0.1558535793563662D-15  0.1741268897675937D-15
  0.1937799296422102D-15  0.2148982593396180D-15  0.2375729614803287D-15
  0.2619006376110835D-15  0.2879831954434796D-15  0.3159273336481097D-15
  0.3458435979109052D-15  0.3778448403605609D-15  0.4120438630565192D-15
  0.4485499628726497D-15  0.4874640169086365D-15  0.5288716501588117D-15
  0.5728339058357641D-15  0.6193746822482592D-15  0.6684640094122667D-15
  0.7199959579597272D-15  0.7737597454413894D-15  0.8294017847681289D-15
  0.8863770842552884D-15
