  0.8350000000000000D+01    4
  0.2211313321219523D+01
    1  315    7
  327  327  327  327  327  327  327
  0.1944318727748242D-01  0.0000000000000000D+00  0.0000000000000000D+00
  0.0000000000000000D+00  0.0000000000000000D+00  0.0000000000000000D+00
  0.0000000000000000D+00  0.0000000000000000D+00  0.0000000000000000D+00
  0.0000000000000000D+00  0.0000000000000000D+00  0.0000000000000000D+00
  0.0000000000000000D+00  0.0000000000000000D+00  0.0000000000000000D+00
  0.0000000000000000D+00  0.0000000000000000D+00  0.0000000000000000D+00
  0.0000000000000000D+00  0.0000000000000000D+00  0.0000000000000000D+00
  0.0000000000000000D+00  0.0000000000000000D+00  0.0000000000000000D+00
  0.0000000000000000D+00  0.0000000000000000D+00  0.0000000000000000D+00
  0.0000000000000000D+00  0.0000000000000000D+00  0.0000000000000000D+00
  0.0000000000000000D+00  0.0000000000000000D+00  0.0000000000000000D+00
  0.0000000000000000D+00  0.0000000000000000D+00  0.0000000000000000D+00
  0.0000000000000000D+00  0.0000000000000000D+00  0.0000000000000000D+00
  0.0000000000000000D+00  0.0000000000000000D+00  0.0000000000000000D+00
  0.0000000000000000D+00  0.0000000000000000D+00  0.0000000000000000D+00
  0.0000000000000000D+00  0.0000000000000000D+00  0.0000000000000000D+00
  0.0000000000000000D+00  0.0000000000000000D+00  0.0000000000000000D+00
  0.0000000000000000D+00  0.0000000000000000D+00  0.0000000000000000D+00
  0.0000000000000000D+00  0.0000000000000000D+00  0.0000000000000000D+00
  0.0000000000000000D+00  0.0000000000000000D+00  0.0000000000000000D+00
  0.0000000000000000D+00  0.0000000000000000D+00  0.0000000000000000D+00
  0.0000000000000000D+00  0.0000000000000000D+00  0.0000000000000000D+00
  0.0000000000000000D+00  0.0000000000000000D+00  0.0000000000000000D+00
  0.0000000000000000D+00  0.0000000000000000D+00  0.0000000000000000D+00
  0.0000000000000000D+00  0.0000000000000000D+00  0.0000000000000000D+00
  0.0000000000000000D+00  0.0000000000000000D+00  0.0000000000000000D+00
  0.0000000000000000D+00  0.0000000000000000D+00  0.0000000000000000D+00
  0.0000000000000000D+00  0.0000000000000000D+00  0.0000000000000000D+00
  0.0000000000000000D+00  0.0000000000000000D+00  0.0000000000000000D+00
  0.0000000000000000D+00  0.0000000000000000D+00  0.0000000000000000D+00
  0.0000000000000000D+00  0.0000000000000000D+00  0.0000000000000000D+00
  0.0000000000000000D+00  0.0000000000000000D+00  0.0000000000000000D+00
  0.0000000000000000D+00  0.0000000000000000D+00  0.0000000000000000D+00
  0.0000000000000000D+00  0.0000000000000000D+00  0.0000000000000000D+00
  0.0000000000000000D+00  0.0000000000000000D+00  0.0000000000000000D+00
  0.0000000000000000D+00  0.0000000000000000D+00  0.0000000000000000D+00
  0.0000000000000000D+00  0.0000000000000000D+00  0.0000000000000000D+00
  0.0000000000000000D+00  0.0000000000000000D+00  0.0000000000000000D+00
  0.0000000000000000D+00  0.0000000000000000D+00  0.0000000000000000D+00
  0.0000000000000000D+00  0.0000000000000000D+00  0.0000000000000000D+00
  0.0000000000000000D+00  0.0000000000000000D+00  0.0000000000000000D+00
  0.0000000000000000D+00  0.0000000000000000D+00  0.0000000000000000D+00
  0.0000000000000000D+00  0.0000000000000000D+00  0.0000000000000000D+00
  0.0000000000000000D+00  0.0000000000000000D+00  0.0000000000000000D+00
  0.0000000000000000D+00  0.0000000000000000D+00  0.0000000000000000D+00
  0.0000000000000000D+00  0.0000000000000000D+00  0.0000000000000000D+00
  0.0000000000000000D+00  0.0000000000000000D+00  0.0000000000000000D+00
  0.0000000000000000D+00  0.0000000000000000D+00  0.0000000000000000D+00
  0.0000000000000000D+00  0.0000000000000000D+00  0.0000000000000000D+00
  0.0000000000000000D+00  0.0000000000000000D+00  0.0000000000000000D+00
  0.0000000000000000D+00  0.0000000000000000D+00  0.0000000000000000D+00
  0.0000000000000000D+00  0.0000000000000000D+00  0.0000000000000000D+00
  0.0000000000000000D+00  0.0000000000000000D+00  0.0000000000000000D+00
  0.0000000000000000D+00  0.0000000000000000D+00  0.0000000000000000D+00
  0.0000000000000000D+00  0.0000000000000000D+00  0.0000000000000000D+00
  0.0000000000000000D+00  0.0000000000000000D+00  0.0000000000000000D+00
  0.0000000000000000D+00  0.0000000000000000D+00  0.0000000000000000D+00
  0.0000000000000000D+00  0.0000000000000000D+00  0.0000000000000000D+00
  0.0000000000000000D+00  0.0000000000000000D+00  0.0000000000000000D+00
  0.0000000000000000D+00  0.0000000000000000D+00  0.0000000000000000D+00
  0.0000000000000000D+00  0.0000000000000000D+00  0.0000000000000000D+00
  0.0000000000000000D+00  0.0000000000000000D+00  0.0000000000000000D+00
  0.0000000000000000D+00  0.0000000000000000D+00  0.0000000000000000D+00
  0.0000000000000000D+00  0.0000000000000000D+00  0.0000000000000000D+00
  0.0000000000000000D+00  0.0000000000000000D+00  0.0000000000000000D+00
  0.0000000000000000D+00  0.0000000000000000D+00  0.0000000000000000D+00
  0.0000000000000000D+00  0.0000000000000000D+00  0.0000000000000000D+00
  0.0000000000000000D+00  0.0000000000000000D+00  0.0000000000000000D+00
  0.0000000000000000D+00  0.0000000000000000D+00  0.0000000000000000D+00
  0.0000000000000000D+00  0.0000000000000000D+00  0.0000000000000000D+00
  0.0000000000000000D+00  0.0000000000000000D+00  0.0000000000000000D+00
  0.0000000000000000D+00  0.0000000000000000D+00  0.0000000000000000D+00
  0.0000000000000000D+00  0.0000000000000000D+00  0.0000000000000000D+00
  0.0000000000000000D+00  0.0000000000000000D+00  0.0000000000000000D+00
  0.0000000000000000D+00  0.0000000000000000D+00  0.0000000000000000D+00
  0.0000000000000000D+00  0.0000000000000000D+00  0.0000000000000000D+00
  0.0000000000000000D+00  0.0000000000000000D+00  0.0000000000000000D+00
  0.0000000000000000D+00  0.0000000000000000D+00  0.0000000000000000D+00
  0.0000000000000000D+00  0.0000000000000000D+00  0.0000000000000000D+00
  0.0000000000000000D+00  0.0000000000000000D+00  0.0000000000000000D+00
  0.0000000000000000D+00  0.0000000000000000D+00  0.0000000000000000D+00
  0.0000000000000000D+00  0.0000000000000000D+00  0.0000000000000000D+00
  0.0000000000000000D+00  0.0000000000000000D+00  0.0000000000000000D+00
  0.0000000000000000D+00  0.0000000000000000D+00  0.0000000000000000D+00
  0.0000000000000000D+00  0.0000000000000000D+00  0.0000000000000000D+00
  0.0000000000000000D+00  0.0000000000000000D+00  0.0000000000000000D+00
  0.0000000000000000D+00  0.0000000000000000D+00  0.0000000000000000D+00
  0.0000000000000000D+00  0.0000000000000000D+00  0.0000000000000000D+00
  0.0000000000000000D+00  0.0000000000000000D+00  0.0000000000000000D+00
  0.0000000000000000D+00  0.0000000000000000D+00  0.0000000000000000D+00
  0.0000000000000000D+00  0.0000000000000000D+00  0.0000000000000000D+00
  0.0000000000000000D+00  0.0000000000000000D+00  0.0000000000000000D+00
  0.0000000000000000D+00  0.0000000000000000D+00  0.0000000000000000D+00
  0.0000000000000000D+00  0.0000000000000000D+00  0.0000000000000000D+00
  0.0000000000000000D+00  0.0000000000000000D+00  0.0000000000000000D+00
  0.0000000000000000D+00  0.0000000000000000D+00  0.0000000000000000D+00
  0.0000000000000000D+00  0.0000000000000000D+00  0.0000000000000000D+00
  0.0000000000000000D+00  0.0000000000000000D+00  0.0000000000000000D+00
  0.0000000000000000D+00  0.0000000000000000D+00  0.0000000000000000D+00
  0.0000000000000000D+00  0.0000000000000000D+00  0.0000000000000000D+00
  0.0000000000000000D+00  0.0000000000000000D+00  0.0000000000000000D+00
  0.0000000000000000D+00  0.0000000000000000D+00  0.0000000000000000D+00
  0.0000000000000000D+00  0.0000000000000000D+00  0.0000000000000000D+00
  0.0000000000000000D+00  0.0000000000000000D+00  0.0000000000000000D+00
  0.0000000000000000D+00  0.0000000000000000D+00  0.0000000000000000D+00
  0.0000000000000000D+00  0.1722683785675511D+06  0.1719211440246239D+06
  0.1715733032551886D+06  0.1712248229664501D+06  0.1708756718285944D+06
  0.1705258453631685D+06  0.1701752792811628D+06  0.1698239639333576D+06
  0.1694718438757198D+06  0.1691188859481644D+06  0.1687650483994567D+06
  0.1684102899544360D+06  0.1680545683133047D+06  0.1676978399638099D+06
  0.1673400603195274D+06  0.1669811836545191D+06  0.1666211630725796D+06
  0.1662599504786137D+06  0.1658974965459520D+06  0.1655337506839456D+06
  0.1651686610050188D+06  0.1648021742911431D+06  0.1644342359598089D+06
  0.1640647900294672D+06  0.1636937790844445D+06  0.1633211442393386D+06
  0.1629468251028886D+06  0.1625707597413345D+06  0.1621928846412613D+06
  0.1618131346719434D+06  0.1614314430472011D+06  0.1610477412867738D+06
  0.1606619591772284D+06  0.1602740247324262D+06  0.1598838641535527D+06
  0.1594914017887515D+06  0.1590965600923690D+06  0.1586992595838494D+06
  0.1582994188063100D+06  0.1578969542848236D+06  0.1574917804844559D+06
  0.1570838097680935D+06  0.1566729523541085D+06  0.1562591162739121D+06
  0.1558422073294490D+06  0.1554221290506939D+06  0.1549987826532114D+06
  0.1545720669958496D+06  0.1541418785386419D+06  0.1537081113009998D+06
  0.1532706568202765D+06  0.1528294041108027D+06  0.1523842396234881D+06
  0.1519350472060978D+06  0.1514817080643195D+06  0.1510241007237394D+06
  0.1505621009928629D+06  0.1500955819273160D+06  0.1496244137953763D+06
  0.1491484640449941D+06  0.1486675972724680D+06  0.1481816751929583D+06
  0.1476905566130258D+06  0.1471940974053969D+06  0.1466921504861710D+06
  0.1461845657946952D+06  0.1456711902763466D+06  0.1451518678684757D+06
  0.1446264394897764D+06  0.1440947430333706D+06  0.1435566133639017D+06
  0.1430118823189494D+06  0.1424603787151070D+06  0.1419019283590555D+06
  0.1413363540640139D+06  0.1407634756719446D+06  0.1401831100819166D+06
  0.1395950712850560D+06  0.1389991704065243D+06  0.1383952157549875D+06
  0.1377830128800683D+06  0.1371623646382821D+06  0.1365330712679912D+06
  0.1358949304739296D+06  0.1352477375218675D+06  0.1345912853440222D+06
  0.1339253646558293D+06  0.1332497640847193D+06  0.1325642703115721D+06
  0.1318686682255288D+06  0.1311627410928839D+06  0.1304462707407861D+06
  0.1297190377565021D+06  0.1289808217030279D+06  0.1282314013518322D+06
  0.1274705549335560D+06  0.1266980604074961D+06  0.1259136957507150D+06
  0.1251172392676438D+06  0.1243084699210452D+06  0.1234871676852109D+06
  0.1226531139222870D+06  0.1218060917826010D+06  0.1209458866298823D+06
  0.1200722864922495D+06  0.1191850825398265D+06  0.1182840695898415D+06
  0.1173690466400320D+06  0.1164398174311480D+06  0.1154961910393252D+06
  0.1145379824990303D+06  0.1135650134572551D+06  0.1125771128595540D+06
  0.1115741176684563D+06  0.1105558736147079D+06  0.1095222359816870D+06
  0.1084730704232498D+06  0.1074082538151315D+06  0.1063276751398955D+06
  0.1052312364052802D+06  0.1041188535956221D+06  0.1029904576558526D+06
  0.1018459955073746D+06  0.1006854310948936D+06  0.9950874646305332D+05
  0.9831594286146290D+05  0.9710704187642114D+05  0.9588208658735383D+05
  0.9464114274564762D+05  0.9338429997322579D+05  0.9211167297784696D+05
  0.9082340278171073D+05  0.8951965795955165D+05  0.8820063588196394D+05
  0.8686656395924248D+05  0.8551770088055861D+05  0.8415433784277964D+05
  0.8277679976274347D+05  0.8138544646625877D+05  0.7998067384656385D+05
  0.7856291498442636D+05  0.7713264122150282D+05  0.7569036317801663D+05
  0.7423663170525040D+05  0.7277203876279895D+05  0.7129721820998259D+05
  0.6981284650030464D+05  0.6831964326733700D+05  0.6681837178996419D+05
  0.6530983932449514D+05  0.6379489729079470D+05  0.6227444129928257D+05
  0.6074941100543186D+05  0.5922078977825372D+05  0.5768960416922299D+05
  0.5615692316817102D+05  0.5462385723286735D+05  0.5309155707935589D+05
  0.5156121222059256D+05  0.5003404924159309D+05  0.4851132980012883D+05
  0.4699434834304004D+05  0.4548442952946363D+05  0.4398292535372128D+05
  0.4249121196228506D+05  0.4101068616114512D+05  0.3954276161204789D+05
  0.3808886471846170D+05  0.3665043020475715D+05  0.3522889639496369D+05
  0.3382570020056450D+05  0.3244227183012279D+05  0.3108002923706242D+05
  0.2974037232564803D+05  0.2842467693908471D+05  0.2713428865766286D+05
  0.2587051643896645D+05  0.2463462613629825D+05  0.2342783393560533D+05
  0.2225129975525159D+05  0.2110612065692144D+05  0.1999332431967725D+05
  0.1891386263266428D+05  0.1786860546507460D+05  0.1685833467467022D+05
  0.1588373841833675D+05  0.1494540582970890D+05  0.1404382212978975D+05
  0.1317936423659731D+05  0.1235229693913149D+05  0.1156276969929348D+05
  0.1081081414273882D+05  0.1009634229595594D+05  0.9419145622091406D+04
  0.8778894902168811D+04  0.8175141001364719D+04  0.7607316551928194D+04
  0.7074738575199927D+04  0.6576612055064987D+04  0.6112034464153856D+04
  0.5680001232303974D+04  0.5279412134359237D+04  0.4909078561488691D+04
  0.4567731627051851D+04  0.4254031044849782D+04  0.3966574704626549D+04
  0.3703908857186752D+04  0.3464538810347020D+04  0.3246940042683986D+04
  0.3049569516806528D+04  0.2870877277338267D+04  0.2709317975423129D+04
  0.2563362300238884D+04  0.2431508153577472D+04  0.2312291428676369D+04
  0.2204296257357285D+04  0.2106164594831662D+04  0.2016605019236159D+04
  0.1934400632989340D+04  0.1858415965283818D+04  0.1787602789268316D+04
  0.1721004783506440D+04  0.1657760984855699D+04  0.1597107998683365D+04
  0.1538380951982210D+04  0.1481013195095705D+04  0.1424534778014078D+04
  0.1368569747149791D+04  0.1312832327730258D+04  0.1257122075049716D+04
  0.1201318094412597D+04  0.1145372444317691D+04  0.1089302849956937D+04
  0.1033184864164672D+04  0.9771436203407064D+03  0.9213453264339512D+03
  0.8659886507299293D+03  0.8112961489190760D+03  0.7575058777836324D+03
  0.7048633339407278D+03  0.6536138465867452D+03  0.6039955413219561D+03
  0.5562329781558171D+03  0.5105315509989717D+03  0.4670727186619796D+03
  0.4260101189492970D+03  0.3874665982221798D+03  0.3515321691807699D+03
  0.3182628899679409D+03  0.2876806384176968D+03  0.2597737367576012D+03
  0.2344983647310773D+03  0.2117806833363448D+03  0.1915195706993590D+03
  0.1735899013818893D+03  0.1578461891453087D+03  0.1441265433845623D+03
  0.1322567903419379D+03  0.1220546239761379D+03  0.1133337216178436D+03
  0.1059076646580344D+03  0.9959359703987062D+02  0.9421553287549980D+02
  0.8960724585885046D+02  0.8561468972857763D+02  0.8209791624653205D+02
  0.7893247462759504D+02  0.7601029297204234D+02  0.7324005869803904D+02
  0.7054712828541489D+02  0.6787301101067148D+02  0.6517447970473360D+02
  0.6242237087752170D+02  0.5960014116528236D+02  0.5670224927451487D+02
  0.5373243250030583D+02  0.5070194362230379D+02  0.4762780878225524D+02
  0.4453115969152864D+02  0.4143568486022431D+02  0.3836623497527284D+02
  0.3534760761534982D+02  0.3240352668122118D+02  0.2955582269016455D+02
  0.2682381180069740D+02  0.2422386437127127D+02  0.2176914818396213D+02
  0.1946952725160726D+02  0.1733159435389713D+02  0.1535881401862381D+02
  0.1355175242520185D+02  0.1190837146725813D+02  0.1042436586510374D+02
  0.9093520743606932D+01  0.7908086371775400D+01  0.6859139690877978D+01
  0.5936920409886332D+01  0.5131152223146433D+01  0.4431327621189889D+01
  0.3826956395782576D+01  0.3307775965903534D+01  0.2863923214786988D+01
  0.2486069074516295D+01  0.2165517766872779D+01  0.1894274081131094D+01
  0.1665081688860320D+01  0.1471436834116732D+01  0.1307581040710909D+01
  0.1168476912695782D+01  0.1049770848840254D+01  0.9477461066794182D+00
  0.8592694329093898D+00  0.7817339906175084D+00  0.7130009209503229D+00
  0.6513414439802671D+00  0.5953809926709548D+00  0.5440465079484755D+00
  0.4965176486845518D+00  0.4521824819404897D+00  0.4105976832819684D+00
  0.3714540865235622D+00  0.3345455659968047D+00  0.2997465106769692D+00
  0.2669787720333348D+00  0.2362248401889681D+00  0.2074334915422664D+00
  0.1806801806505433D+00
  0.0000000000000000D+00  0.9178564573676898D-14  0.9371684307331560D-14
  0.9568845199328732D-14  0.9770125241038728D-14  0.9975565587693101D-14
  0.1018579582246043D-13  0.1040053301344103D-13  0.1062045593266280D-13
  0.1084526662899566D-13  0.1107521732182913D-13  0.1131038751702020D-13
  0.1155088336804441D-13  0.1179682478386057D-13  0.1204832851527030D-13
  0.1230551634815601D-13  0.1256851405203837D-13  0.1283745095958822D-13
  0.1311246033109064D-13  0.1339367934576897D-13  0.1368124914899808D-13
  0.1397531492499990D-13  0.1427602595882571D-13  0.1458353570490796D-13
  0.1489800185952515D-13  0.1521958643598154D-13  0.1554845584296533D-13
  0.1588478096573670D-13  0.1622873724991447D-13  0.1658050478767131D-13
  0.1694026840611475D-13  0.1730821775763301D-13  0.1768454741197837D-13
  0.1806945694985353D-13  0.1846315105775795D-13  0.1886583962383921D-13
  0.1927773783448586D-13  0.1969906627138088D-13  0.2013005100872483D-13
  0.2057092371031871D-13  0.2102192172617971D-13  0.2148328818834533D-13
  0.2195527210549962D-13  0.2243812845603336D-13  0.2293211827912778D-13
  0.2343750876342463D-13  0.2395457333281952D-13  0.2448359172888794D-13
  0.2502485008942056D-13  0.2557864102251588D-13  0.2614526367564284D-13
  0.2672502379904963D-13  0.2731823380286041D-13  0.2792521280715953D-13
  0.2854628668432331D-13  0.2918178809281533D-13  0.2983205650161569D-13
  0.3049743820440797D-13  0.3117828632259686D-13  0.3187496079617740D-13
  0.3258782836142348D-13  0.3331726251430442D-13  0.3406364345848111D-13
  0.3482735803667105D-13  0.3560879964410485D-13  0.3640836812273417D-13
  0.3722646963477693D-13  0.3806351651411701D-13  0.3891992709399680D-13
  0.3979612550936677D-13  0.4069254147217282D-13  0.4160961001778043D-13
  0.4254777122064515D-13  0.4350746987725632D-13  0.4448915515427957D-13
  0.4549328019973880D-13  0.4652030171497355D-13  0.4757067948501138D-13
  0.4864487586489267D-13  0.4974335521937954D-13  0.5086658331337236D-13
  0.5201502665025458D-13  0.5318915175526813D-13  0.5438942440091686D-13
  0.5561630877128077D-13  0.5687026656200769D-13  0.5815175601264216D-13
  0.5946123086783368D-13  0.6079913926385442D-13  0.6216592253675253D-13
  0.6356201394835249D-13  0.6498783732621542D-13  0.6644380561357092D-13
  0.6793031932513712D-13  0.6944776490466113D-13  0.7099651297992972D-13
  0.7257691651093192D-13  0.7418930882679943D-13  0.7583400154709668D-13
  0.7751128238301331D-13  0.7922141281398938D-13  0.8096462563530838D-13
  0.8274112237223228D-13  0.8455107055628741D-13  0.8639460085940382D-13
  0.8827180408171606D-13  0.9018272798897236D-13  0.9212737399569278D-13
  0.9410569369043201D-13  0.9611758519977294D-13  0.9816288938800910D-13
  0.1002413858898323D-12  0.1023527889737978D-12  0.1044967432348308D-12
  0.1066728191146136D-12  0.1088805082493580D-12  0.1111192186451836D-12
  0.1133882696821752D-12  0.1156868869490985D-12  0.1180141969117947D-12
  0.1203692214194198D-12  0.1227508720539497D-12  0.1251579443297677D-12
  0.1275891117516864D-12  0.1300429197414093D-12  0.1325177794442766D-12
  0.1350119614301144D-12  0.1375235893041542D-12  0.1400506332463213D-12
  0.1425909034996892D-12  0.1451420438315949D-12  0.1477015249938048D-12
  0.1502666382111921D-12  0.1528344887317042D-12  0.1554019894738685D-12
  0.1579658548118092D-12  0.1605225945416527D-12  0.1630685080773074D-12
  0.1655996789279324D-12  0.1681119695139006D-12  0.1706010163827539D-12
  0.1730622258915014D-12  0.1754907704266063D-12  0.1778815852381359D-12
  0.1802293659697686D-12  0.1825285669716402D-12  0.1847734004883289D-12
  0.1869578368195701D-12  0.1890756055565114D-12  0.1911201980014289D-12
  0.1930848708837023D-12  0.1949626514894867D-12  0.1967463443267622D-12
  0.1984285394512772D-12  0.2000016225821286D-12  0.2014577871383101D-12
  0.2027890483293381D-12  0.2039872594338898D-12  0.2050441304001705D-12
  0.2059512489002079D-12  0.2067001039674012D-12  0.2072821123421414D-12
  0.2076886476440734D-12  0.2079110724813099D-12  0.2079407735965013D-12
  0.2077692001368507D-12  0.2073879051197724D-12  0.2067885901476704D-12
  0.2059631534040892D-12  0.2049037409390376D-12  0.2036028012234316D-12
  0.2020531429211343D-12  0.2002479957918946D-12  0.1981810745993855D-12
  0.1958466458555276D-12  0.1932395971851941D-12  0.1903555090443054D-12
  0.1871907284692599D-12  0.1837424444767187D-12  0.1800087646702254D-12
  0.1759887925442229D-12  0.1716827049071950D-12  0.1670918287743575D-12
  0.1622187170072723D-12  0.1570672219036332D-12  0.1516425658663032D-12
  0.1459514082074862D-12  0.1400019070729747D-12  0.1338037754041569D-12
  0.1273683297934918D-12  0.1207085310342536D-12  0.1138390151194853D-12
  0.1067761134103596D-12  0.9953786067284883D-13  0.9214398967606115D-13
  0.8461591105836112D-13  0.7697667720085489D-13  0.6925092890456790D-13
  0.6146482374999093D-13  0.5364594512788874D-13  0.4582319107031332D-13
  0.3802664218225183D-13  0.3028740817844956D-13  0.2263745276728376D-13
  0.1510939689411651D-13  0.7736300659577140D-14  0.5514245622359306D-15
 -0.6412028922157242D-14 -0.1312119202433543D-13 -0.1954382481735148D-13
 -0.2564862256635725D-13 -0.3140553461458118D-13 -0.3678609168210290D-13
 -0.4176373800923430D-13 -0.4631416433997301D-13 -0.5041563732239331D-13
 -0.5404932051219851D-13 -0.5719958181518906D-13 -0.5985428190771481D-13
 -0.6200503794643606D-13 -0.6364745673611547D-13 -0.6478133148334248D-13
 -0.6541079634129444D-13 -0.6554443316082545D-13 -0.6519532521901772D-13
 -0.6438105320735172D-13 -0.6312362943337471D-13 -0.6144936702307240D-13
 -0.5938868190184328D-13 -0.5697582647036754D-13 -0.5424855516251728D-13
 -0.5124772345503056D-13 -0.4801682336696487D-13 -0.4460146001013548D-13
 -0.4104877529475702D-13 -0.3740682641882876D-13 -0.3372392823432750D-13
 -0.3004796994530455D-13 -0.2642571780931877D-13 -0.2290211654162362D-13
 -0.1951960292017203D-13 -0.1631744562053466D-13 -0.1333112553872556D-13
 -0.1059177075692710D-13 -0.8125659848196479D-14 -0.5953806384180849D-14
 -0.4091636295310513D-14 -0.2548768135601126D-14 -0.1328904334246150D-14
 -0.4298391957340351D-15  0.1564132250357649D-15  0.4433711453883290D-15
  0.4497198437917479D-15  0.1988352911501795D-15 -0.2817940819988798D-15
 -0.9612350786046203D-15 -0.1805851609503333D-14 -0.2780102960974122D-14
 -0.3847378648539734D-14 -0.4970848626195655D-14 -0.6114306864862447D-14
 -0.7242986260224311D-14 -0.8324323474774180D-14 -0.9328653623472245D-14
 -0.1022981662663996D-13 -0.1100565952038936D-13 -0.1163842198404323D-13
 -0.1211499576406829D-13 -0.1242705248152693D-13 -0.1257103841383780D-13
 -0.1254803911318984D-13 -0.1236352099733713D-13 -0.1202696112936245D-13
 -0.1155138008667466D-13 -0.1095279590934395D-13 -0.1024961944663323D-13
 -0.9462012864600337D-14 -0.8611233569239432D-14 -0.7718985331744642D-14
 -0.6806797028272876D-14 -0.5895447233789836D-14 -0.5004450089934929D-14
 -0.4151614582774118D-14 -0.3352685815653352D-14 -0.2621073243000298D-14
 -0.1967667326712875D-14 -0.1400742845967641D-14 -0.9259442582754683D-15
 -0.5463461604382548D-15 -0.2625800796065450D-15 -0.7301754719996426D-16
  0.2600134907778627D-16  0.3990502306060377D-16 -0.2439598334364556D-16
 -0.1588083163321229D-15 -0.3543583194636981D-15 -0.6014889249279953D-15
 -0.8903431927293053D-15 -0.1211027930448266D-14 -0.1553852039265386D-14
 -0.1909535466276064D-14 -0.2269385870018905D-14 -0.2625441311804896D-14
 -0.2970578448478722D-14 -0.3298586802345023D-14 -0.3604210694575199D-14
 -0.3883161315168296D-14 -0.4132102132384448D-14 -0.4348611379009893D-14
 -0.4531125673987062D-14 -0.4678868934251965D-14 -0.4791770624344910D-14
 -0.4870377116502549D-14 -0.4915759543898249D-14 -0.4929421081231281D-14
 -0.4913206125637172D-14 -0.4869213410371312D-14 -0.4799714678406306D-14
 -0.4707080174585850D-14 -0.4593711877455656D-14 -0.4461985073841010D-14
 -0.4314198581787318D-14 -0.4152533616047248D-14 -0.3979021056839470D-14
 -0.3795516443167505D-14 -0.3603682363338203D-14 -0.3404975673550048D-14
 -0.3200642607682270D-14
  0.0000000000000000D+00  0.1080972771263846D-17  0.1127943144140976D-17
  0.1176953518686815D-17  0.1228091346680750D-17  0.1281437685898158D-17
  0.1337212796854703D-17  0.1395443933446644D-17  0.1456378720805488D-17
  0.1520046647975717D-17  0.1586609394037253D-17  0.1656191922641548D-17
  0.1728933040942105D-17  0.1804979441695222D-17  0.1884483611547247D-17
  0.1967605816016660D-17  0.2054514090201458D-17  0.2145384671935476D-17
  0.2240402451023168D-17  0.2339761401008119D-17  0.2443665056514543D-17
  0.2552327006763008D-17  0.2665971417520310D-17  0.2784833581739160D-17
  0.2909160499169166D-17  0.3039211487714055D-17  0.3175258827982331D-17
  0.3317588442899574D-17  0.3466500614444648D-17  0.3622310739572725D-17
  0.3785350127540263D-17  0.3955966840967825D-17  0.4134526583096855D-17
  0.4321413633834284D-17  0.4517031837319635D-17  0.4721805643897414D-17
  0.4936181209535456D-17  0.5160627555893616D-17  0.5395637794421713D-17
  0.5641730418047483D-17  0.5899450664207033D-17  0.6169371953171945D-17
  0.6452097405838423D-17  0.6748261445365712D-17  0.7058531487284299D-17
  0.7383609722937950D-17  0.7724235001380124D-17  0.8081184815112766D-17
  0.8455277395336803D-17  0.8847373922676832D-17  0.9258380859650060D-17
  0.9689252411470497D-17  0.1014099312211497D-16  0.1061466061292785D-16
  0.1111136847140653D-16  0.1163228929819122D-16  0.1217865792067860D-16
  0.1275177478209364D-16  0.1335300951528194D-16  0.1398380471093307D-16
  0.1464567989040853D-16  0.1534023569382901D-16  0.1606915829457499D-16
  0.1683422405186950D-16  0.1763730441364673D-16  0.1848037108245973D-16
  0.1936550145774975D-16  0.2029488436838345D-16  0.2127082610996624D-16
  0.2229575680205582D-16  0.2337223708103355D-16  0.2450296514503541D-16
  0.2569078416800367D-16  0.2693869010059177D-16  0.2824983987633217D-16
  0.2962756004216820D-16  0.3107535583314142D-16  0.3259692071172498D-16
  0.3419614639298826D-16  0.3587713337747418D-16  0.3764420201435282D-16
  0.3950190411809554D-16  0.4145503516256715D-16  0.4350864707707415D-16
  0.4566806166951570D-16  0.4793888470235571D-16  0.5032702064767131D-16
  0.5283868814801042D-16  0.5548043621021210D-16  0.5825916115969997D-16
  0.6118212438301827D-16  0.6425697088656585D-16  0.6749174869953996D-16
  0.7089492914905126D-16  0.7447542803517548D-16  0.7824262773334359D-16
  0.8220640025095589D-16  0.8637713126436029D-16  0.9076574516138815D-16
  0.9538373111344401D-16  0.1002431701996619D-15  0.1053567636038648D-15
  0.1107378619029541D-15  0.1164004954628519D-15  0.1223594059552415D-15
  0.1286300790049989D-15  0.1352287779743740D-15  0.1421725788856171D-15
  0.1494794064787892D-15  0.1571680713959024D-15  0.1652583084762680D-15
  0.1737708161408787D-15  0.1827272968358375D-15  0.1921504984961048D-15
  0.2020642569811846D-15  0.2124935394237003D-15  0.2234644884200259D-15
  0.2350044669792119D-15  0.2471421041322581D-15  0.2599073410882566D-15
  0.2733314778069936D-15  0.2874472198391495D-15  0.3022887252651757D-15
  0.3178916515422270D-15  0.3342932020449533D-15  0.3515321720606515D-15
  0.3696489939718551D-15  0.3886857813301148D-15  0.4086863714931876D-15
  0.4296963664641350D-15  0.4517631715348467D-15  0.4749360312982134D-15
  0.4992660625524149D-15  0.5248062835777326D-15  0.5516116392206944D-15
  0.5797390211723670D-15  0.6092472827772331D-15  0.6401972476562377D-15
  0.6726517113725957D-15  0.7066754353116190D-15  0.7423351318865860D-15
  0.7796994401215546D-15  0.8188388905992851D-15  0.8598258586984887D-15
  0.9027345049796548D-15  0.9476407015133322D-15  0.9946219428793076D-15
  0.1043757240500340D-14  0.1095126998910530D-14  0.1148812872496990D-14
  0.1204897601194861D-14  0.1263464823561140D-14  0.1324598865603155D-14
  0.1388384503694279D-14  0.1454906699873778D-14  0.1524250307801285D-14
  0.1596499747620831D-14  0.1671738647986386D-14  0.1750049453512778D-14
  0.1831512995944403D-14  0.1916208027381903D-14  0.2004210713976318D-14
  0.2095594088593906D-14  0.2190427461075247D-14  0.2288775784862861D-14
  0.2390698978954807D-14  0.2496251204361364D-14  0.2605480094500385D-14
  0.2718425939268135D-14  0.2835120822869192D-14  0.2955587715884766D-14
  0.3079839522506208D-14  0.3207878084363087D-14  0.3339693142934789D-14
  0.3475261263154340D-14  0.3614544721493982D-14  0.3757490362565885D-14
  0.3904028429078478D-14  0.4054071370858964D-14  0.4207512639584418D-14
  0.4364225476854887D-14  0.4524061704288631D-14  0.4686850525415757D-14
  0.4852397350286604D-14  0.5020482654884141D-14  0.5190860888625837D-14
  0.5363259444445736D-14  0.5537377707145477D-14  0.5712886196875832D-14
  0.5889425825735572D-14  0.6066607286528753D-14  0.6244010593677697D-14
  0.6421184797116751D-14  0.6597647890660836D-14  0.6772886936817633D-14
  0.6946358430259482D-14  0.7117488922153051D-14  0.7285675927227927D-14
  0.7450289134814651D-14  0.7610671944066031D-14  0.7766143342167013D-14
  0.7916000142512416D-14  0.8059519597573466D-14  0.8195962398470164D-14
  0.8324576070113800D-14  0.8444598767180122D-14  0.8555263472123925D-14
  0.8655802591951523D-14  0.8745452945532861D-14  0.8823461127853152D-14
  0.8889089231766542D-14  0.8941620901524719D-14  0.8980367685536257D-14
  0.9004675648584976D-14  0.9013932195950507D-14  0.9007573053752655D-14
  0.8985089341352515D-14  0.8946034663029945D-14  0.8890032137610530D-14
  0.8816781276531559D-14  0.8726064613344516D-14  0.8617753981214643D-14
  0.8491816329957632D-14  0.8348318970900114D-14  0.8187434136671651D-14
  0.8009442744186961D-14  0.7814737252742072D-14  0.7603823515442427D-14
  0.7377321531133177D-14  0.7135965015567182D-14  0.6880599724596561D-14
  0.6612180478505483D-14  0.6331766854943337D-14  0.6040517537933267D-14
  0.5739683331731852D-14  0.5430598870477945D-14  0.5114673077138459D-14
  0.4793378447778860D-14  0.4468239259203591D-14  0.4140818819099138D-14
  0.3812705897578428D-14  0.3485500497126243D-14  0.3160799134086908D-14
  0.2840179818777821D-14  0.2525186932856283D-14  0.2217316211547726D-14
  0.1918000044604906D-14  0.1628593313245023D-14  0.1350359980600955D-14
  0.1084460650158448D-14  0.8319412998842553D-15  0.5937233888408033D-15
  0.3705955175110577D-15  0.1632068022627012D-15 -0.2793790214911448D-16
 -0.2024808307361855D-15 -0.3602121243863849D-15 -0.5010686151611335D-15
 -0.6251306097989933D-15 -0.7326167496151532D-15 -0.8238770723651526D-15
 -0.8993844434922423D-15 -0.9597245576081522D-15 -0.1005584733688368D-14
 -0.1037741739575925D-14 -0.1057048884306637D-14 -0.1064422613656479D-14
 -0.1060828838266309D-14 -0.1047269217170513D-14 -0.1024767613601957D-14
 -0.9943569341585459D-15 -0.9570665553727536D-15 -0.9139105315340449D-15
 -0.8658767626282762D-15 -0.8139172803427208D-15 -0.7589397829988124D-15
 -0.7018005175159234D-15 -0.6432985693232072D-15 -0.5841715812653113D-15
 -0.5250928820245363D-15 -0.4666699655349296D-15 -0.4094442272947967D-15
 -0.3538918331299669D-15 -0.3004255721597127D-15 -0.2493975293442640D-15
 -0.2011024044240590D-15 -0.1557813031908996D-15 -0.1136258333188870D-15
 -0.7478234952741919D-16 -0.3935621047728846D-16 -0.7415931168729425D-17
  0.2100286170785776D-16  0.4589373943976761D-16  0.6727608981429109D-16
  0.8519206583881929D-16  0.9970386621924138D-16  0.1108913326787195D-15
  0.1188498369964347D-15  0.1236884227571332D-15  0.1255281630926958D-15
  0.1245006967532465D-15  0.1207469088883804D-15  0.1144157304939621D-15
  0.1056630395500365D-15  0.9465065666534732D-16  0.8154543711223252D-16
  0.6651846821644288D-16  0.4974438543765580D-16  0.3140082167587422D-16
  0.1166800295128362D-16 -0.9271499544237931D-17 -0.3123285445618889D-16
 -0.5402888831381983D-16 -0.7746983348264580D-16 -0.1013629022136146D-15
 -0.1255116816513839D-15 -0.1497153442627061D-15 -0.1737676706177796D-15
 -0.1974558888152710D-15 -0.2205593490358451D-15 -0.2428480744214960D-15
 -0.2640812627940290D-15 -0.2840058577917946D-15 -0.3023553699170820D-15
 -0.3188491915659476D-15 -0.3331927908877377D-15 -0.3450791185619122D-15
 -0.3541922356912178D-15
  0.0000000000000000D+00 -0.7249747312729276D-22 -0.7787255163995847D-22
 -0.8364586756157472D-22 -0.8984673769790175D-22 -0.9650537055594211D-22
 -0.1036778799408977D-21 -0.1113861672005115D-21 -0.1196975024492827D-21
 -0.1286389360062401D-21 -0.1382657813804281D-21 -0.1486295700399721D-21
 -0.1597861883645534D-21 -0.1717970717542711D-21 -0.1847279223435264D-21
 -0.1986496941360447D-21 -0.2136390086940385D-21 -0.2297785056880810D-21
 -0.2471573740570376D-21 -0.2658718739760209D-21 -0.2860259002985586D-21
 -0.3077316021274769D-21 -0.3311100494560976D-21 -0.3562919552905157D-21
 -0.3834184582593260D-21 -0.4126419699030561D-21 -0.4441270924805812D-21
 -0.4780516132534438D-21 -0.5146075816731414D-21 -0.5540024765403144D-21
 -0.5964604707821379D-21 -0.6422238021542001D-21 -0.6915542588974253D-21
 -0.7447347901590021D-21 -0.8020712518354495D-21 -0.8638942994192173D-21
 -0.9305614404334823D-21 -0.1002459260130380D-20 -0.1080005835313778D-20
 -0.1163653352436562D-20 -0.1253890947523471D-20 -0.1351247786993661D-20
 -0.1456296410112571D-20 -0.1569656355602117D-20 -0.1691998096893995D-20
 -0.1824047312636427D-20 -0.1966589521374693D-20 -0.2120475111836106D-20
 -0.2286624802977833D-20 -0.2466035570919857D-20 -0.2659787083105583D-20
 -0.2869048683530707D-20 -0.3095086976681333D-20 -0.3339274061949783D-20
 -0.3603096474779337D-20 -0.3888164895657262D-20 -0.4196224693361210D-20
 -0.4529167374602892D-20 -0.4889043018442147D-20 -0.5278073780606226D-20
 -0.5698668560186548D-20 -0.6153438929146844D-20 -0.6645216433714247D-20
 -0.7177071386093835D-20 -0.7752333275107454D-20 -0.8374612935375135D-20
 -0.9047826626600528D-20 -0.9776222187466232D-20 -0.1056440744267264D-19
 -0.1141738105684924D-19 -0.1234056604552770D-19 -0.1333984617118816D-19
 -0.1442160547168324D-19 -0.1559277118922690D-19 -0.1686086039072444D-19
 -0.1823403059465736D-19 -0.1972113474615740D-19 -0.2133178091046231D-19
 -0.2307639708580683D-19 -0.2496630157013505D-19 -0.2701377935200904D-19
 -0.2923216503493892D-19 -0.3163593284626434D-19 -0.3424079432691738D-19
 -0.3706380434711155D-19 -0.4012347614549060D-19 -0.4343990614579631D-19
 -0.4703490936594773D-19 -0.5093216629986964D-19 -0.5515738222276926D-19
 -0.5973845994615066D-19 -0.6470568713003907D-19 -0.7009193934698874D-19
 -0.7593290018585314D-19 -0.8226729978338643D-19 -0.8913717327889787D-19
 -0.9658814080183512D-19 -0.1046697107247061D-18 -0.1134356080446132D-18
 -0.1229441298962970D-18 -0.1332585303483877D-18 -0.1444474367929752D-18
 -0.1565853004071011D-18 -0.1697528833436743D-18 -0.1840377854991379D-18
 -0.1995350139062314D-18 -0.2163475980128325D-18 -0.2345872543323831D-18
 -0.2543751041880910D-18 -0.2758424485221141D-18 -0.2991316040024637D-18
 -0.3243968049343021D-18 -0.3518051757687628D-18 -0.3815377793009645D-18
 -0.4137907459593282D-18 -0.4487764899100084D-18 -0.4867250180324340D-18
 -0.5278853381637562D-18 -0.5725269733600105D-18 -0.6209415892785231D-18
 -0.6734447421476130D-18 -0.7303777551535601D-18 -0.7921097314383811D-18
 -0.8590397122619482D-18 -0.9315989892342560D-18 -0.1010253579864188D-17
 -0.1095506875994082D-17 -0.1187902474989253D-17 -0.1288027203821277D-17
 -0.1396514346415312D-17 -0.1514047084816235D-17 -0.1641362164855921D-17
 -0.1779253797062551D-17 -0.1928577803530754D-17 -0.2090256021352905D-17
 -0.2265280972982610D-17 -0.2454720813542226D-17 -0.2659724564578530D-17
 -0.2881527643092463D-17 -0.3121457693796176D-17 -0.3380940731457873D-17
 -0.3661507598853509D-17 -0.3964800744223313D-17 -0.4292581320197037D-17
 -0.4646736603868855D-17 -0.5029287735031814D-17 -0.5442397766481628D-17
 -0.5888380016725984D-17 -0.6369706711342109D-17 -0.6889017894562641D-17
 -0.7449130587386857D-17 -0.8053048162557605D-17 -0.8703969900058862D-17
 -0.9405300679319463D-17 -0.1016066075599775D-16 -0.1097389556201461D-16
 -0.1184908545734320D-16 -0.1279055535089971D-16 -0.1380288409566288D-16
 -0.1489091354983481D-16 -0.1605975718140752D-16 -0.1731480807788662D-16
 -0.1866174620613384D-16 -0.2010654474931425D-16 -0.2165547532879175D-16
 -0.2331511189853609D-16 -0.2509233307824804D-16 -0.2699432266905873D-16
 -0.2902856807243302D-16 -0.3120285630895721D-16 -0.3352526730922240D-16
 -0.3600416412425511D-16 -0.3864817967821156D-16 -0.4146619966167893D-16
 -0.4446734114035245D-16 -0.4766092643155898D-16 -0.5105645178065221D-16
 -0.5466355035135906D-16 -0.5849194902944179D-16 -0.6255141852839622D-16
 -0.6685171628023455D-16 -0.7140252159473294D-16 -0.7621336257795459D-16
 -0.8129353431660529D-16 -0.8665200786009694D-16 -0.9229732956848186D-16
 -0.9823751044306343D-16 -0.1044799051189895D-15 -0.1110310802769564D-15
 -0.1178966723258078D-15 -0.1250812343207289D-15 -0.1325880722143151D-15
 -0.1404190706912680D-15 -0.1485745090129347D-15 -0.1570528674962250D-15
 -0.1658506254732025D-15 -0.1749620518230716D-15 -0.1843789894372526D-15
 -0.1940906352701008D-15 -0.2040833179414871D-15 -0.2143402751911950D-15
 -0.2248414338365787D-15 -0.2355631952511838D-15 -0.2464782297592661D-15
 -0.2575552837248376D-15 -0.2687590034984256D-15 -0.2800497807636608D-15
 -0.2913836241911361D-15 -0.3027120626494843D-15 -0.3139820855320386D-15
 -0.3251361260187379D-15 -0.3361120932925038D-15 -0.3468434598475796D-15
 -0.3572594100493637D-15 -0.3672850560044985D-15 -0.3768417265614108D-15
 -0.3858473348594791D-15 -0.3942168292637126D-15 -0.4018627317442823D-15
 -0.4086957667752354D-15 -0.4146255826278829D-15 -0.4195615655212650D-15
 -0.4234137454700752D-15 -0.4260937908515197D-15 -0.4275160867145693D-15
 -0.4275988897020915D-15 -0.4262655501782402D-15 -0.4234457897861022D-15
 -0.4190770202449921D-15 -0.4131056867795575D-15 -0.4054886172052310D-15
 -0.3961943554323289D-15 -0.3852044560535898D-15 -0.3725147148100860D-15
 -0.3581363081530324D-15 -0.3420968139013955D-15 -0.3244410842051713D-15
 -0.3052319417305906D-15 -0.2845506702544275D-15 -0.2624972717572319D-15
 -0.2391904637043063D-15 -0.2147673925591458D-15 -0.1893830427408759D-15
 -0.1632093242590643D-15 -0.1364338271660525D-15 -0.1092582367683391D-15
 -0.8189641021723082D-16 -0.5457212260205184D-16 -0.2751649889921396D-16
 -0.9651569358301997D-18  0.2484490430662495D-16  0.4967862747698269D-16
  0.7330637818110582D-16  0.9550752401302706D-16  0.1160740432977730D-15
  0.1348140899954050D-15  0.1515554376613678D-15  0.1661487241405892D-15
  0.1784704198831854D-15  0.1884254463924955D-15  0.1959493770231467D-15
  0.2010101597238338D-15  0.2036093100047147D-15  0.2037825320121020D-15
  0.2015997362021742D-15  0.1971644338197573D-15  0.1906125015856504D-15
  0.1821103248725407D-15  0.1718523441493526D-15  0.1600580471393216D-15
  0.1469684671239543D-15  0.1328422650240374D-15  0.1179514880814626D-15
  0.1025771100143040D-15  0.8700446548130015D-16  0.7151869495088752D-16
  0.5640031434854998D-16  0.4192101725291991D-16  0.2833980636413532D-16
  0.1589953620871330D-16  0.4823931528706041D-17 -0.4684873378488853D-17
 -0.1244824880817404D-16 -0.1831243085031388D-16 -0.2214934078096072D-16
 -0.2385688899431872D-16 -0.2335880212290378D-16 -0.2060402105858463D-16
 -0.1556572336563223D-16 -0.8240026249330643D-17  0.1355573806688081D-17
  0.1318397085691815D-16  0.2719037867115188D-16  0.4330437383502655D-16
  0.6144201220328554D-16  0.8150798265886704D-16  0.1033977656996286D-15
  0.1269997669092345D-15  0.1521973966692654D-15  0.1788710673216116D-15
  0.2069000785318720D-15  0.2361643601504989D-15  0.2665460412938259D-15
  0.2979308145334336D-15  0.3302090659533026D-15  0.3632767457001042D-15
  0.3970359591174037D-15  0.4313952651471652D-15  0.4662696744627537D-15
  0.5015803435906199D-15  0.5372539606888435D-15  0.5732218129717367D-15
  0.6094185144962924D-15  0.6457803569377890D-15  0.6822432268648366D-15
  0.7187400126147135D-15  0.7551974040988536D-15  0.7915319708109858D-15
  0.8276453873362793D-15  0.8634186614528160D-15  0.8987052058317462D-15
  0.9333225799721576D-15  0.9670427052803436D-15  0.9995803379657619D-15
  0.1030579500290952D-14  0.1059597657374498D-14  0.1086086773804390D-14
  0.1109371932386196D-14
  0.0000000000000000D+00  0.1641956277754979D-23  0.1773960876568943D-23
  0.1916537702275566D-23  0.2070525102965229D-23  0.2236797273084887D-23
  0.2417100411429840D-23  0.2611911126537354D-23  0.2823368287151267D-23
  0.3052117154345931D-23  0.3299812391144125D-23  0.3567993270474560D-23
  0.3858284558730805D-23  0.4172526676828302D-23  0.4512684764201370D-23
  0.4880888846440947D-23  0.5279455599497137D-23  0.5710893369267172D-23
  0.6177921965295517D-23  0.6683490759749282D-23  0.7230797023585800D-23
  0.7823307268963051D-23  0.8464779985793507D-23  0.9159290267296043D-23
  0.9911256696050910D-23  0.1072547049595074D-22  0.1160712719829791D-22
  0.1256186105264708D-22  0.1359578240135488D-22  0.1471551828102941D-22
  0.1592825653106097D-22  0.1724179371169174D-22  0.1866458716302405D-22
  0.2020581156454053D-22  0.2187542038599716D-22  0.2368421265490426D-22
  0.2564390550280853D-22  0.2776721299287552D-22  0.3006793177506628D-22
  0.3256103416273944D-22  0.3526276927615550D-22  0.3819077295445681D-22
  0.4136418719860503D-22  0.4480378997389707D-22  0.4853213627248743D-22
  0.5257371141428449D-22  0.5695509764918593D-22  0.6170515521541754D-22
  0.6685521910833396D-22  0.7243931292208701D-22  0.7849438124374254D-22
  0.8506054220648485D-22  0.9218136194630192D-22  0.9990415285583913D-22
  0.1082802976908989D-21  0.1173656017603304D-21  0.1272206756198816D-21
  0.1379113508961352D-21  0.1495091320891355D-21  0.1620916874430962D-21
  0.1757433822350445D-21  0.1905558581129581D-21  0.2066286624194822D-21
  0.2240699317664436D-21  0.2429971344809217D-21  0.2635378769276082D-21
  0.2858307791266395D-21  0.3100264255333035D-21  0.3362883973283231D-21
  0.3647943930873472D-21  0.3957374452584974D-21  0.4293272404800871D-21
  0.4657915524199433D-21  0.5053777965162821D-21  0.5483547167508860D-21
  0.5950142153921620D-21  0.6456733375116889D-21  0.7006764230071650D-21
  0.7603974398608749D-21  0.8252425134299750D-21  0.8956526677070928D-21
  0.9721067957112997D-21  0.1055124877474408D-20  0.1145271465480462D-20
  0.1243159458901264D-20  0.1349454189552186D-20  0.1464877844174786D-20
  0.1590214249439630D-20  0.1726314047958323D-20  0.1874100295601808D-20
  0.2034574512545290D-20  0.2208823222702004D-20  0.2398025018570162D-20
  0.2603458191001271D-20  0.2826508966004469D-20  0.3068680393429022D-20
  0.3331601935214868D-20  0.3617039803864542D-20  0.3926908104863729D-20
  0.4263280839955296D-20  0.4628404831441466D-20  0.5024713631038506D-20
  0.5454842480222123D-20  0.5921644392456887D-20  0.6428207431177992D-20
  0.6977873260855059D-20  0.7574257051882081D-20  0.8221268823361310D-20
  0.8923136311032497D-20  0.9684429450582719D-20  0.1051008656929082D-19
  0.1140544238133104D-19  0.1237625788399731D-19  0.1342875225350374D-19
  0.1456963683975177D-19  0.1580615135939518D-19  0.1714610238552046D-19
  0.1859790423012777D-19  0.2017062231213572D-19  0.2187401909863213D-19
  0.2371860270029339D-19  0.2571567819302254D-19  0.2787740172659446D-19
  0.3021683746710368D-19  0.3274801740288745D-19  0.3548600402292954D-19
  0.3844695585205316D-19  0.4164819579796459D-19  0.4510828223084203D-19
  0.4884708267604009D-19  0.5288584995391317D-19  0.5724730054700354D-19
  0.6195569491306486D-19  0.6703691939173487D-19  0.7251856927215637D-19
  0.7843003249746788D-19  0.8480257337874348D-19  0.9166941557447189D-19
  0.9906582346082384D-19  0.1070291808714133D-18  0.1155990660216816D-18
  0.1248173212509790D-18  0.1347281160134049D-18  0.1453780013250160D-18
  0.1568159536285522D-18  0.1690934057658717D-18  0.1822642624512987D-18
  0.1963848973146260D-18  0.2115141282292043D-18  0.2277131672571856D-18
  0.2450455411294461D-18  0.2635769777312626D-18  0.2833752535858276D-18
  0.3045099968161468D-18  0.3270524395219719D-18  0.3510751129331697D-18
  0.3766514780958804D-18  0.4038554842153067D-18  0.4327610461224811D-18
  0.4634414316561822D-18  0.4959685490612395D-18  0.5304121238078613D-18
  0.5668387535424845D-18  0.6053108291995848D-18  0.6458853096491930D-18
  0.6886123366418163D-18  0.7335336762592931D-18  0.7806809726079471D-18
  0.8300737991236053D-18  0.8817174926245812D-18  0.9356007551804423D-18
  0.9916930089969953D-18  0.1049941489891883D-17  0.1110268065595046D-17
  0.1172565766103824D-17  0.1236695014707766D-17  0.1302479550132396D-17
  0.1369702032598439D-17  0.1438099329521143D-17  0.1507357480156411D-17
  0.1577106342811859D-17  0.1646913933360937D-17  0.1716280469806731D-17
  0.1784632144620303D-17  0.1851314654605210D-17  0.1915586527191815D-17
  0.1976612292411799D-17  0.2033455561407050D-17  0.2085072085236920D-17
  0.2130302881997925D-17  0.2167867535874058D-17  0.2196357788683176D-17
  0.2214231562734551D-17  0.2219807573288802D-17  0.2211260709495672D-17
  0.2186618384213194D-17  0.2143758075362722D-17  0.2080406304168606D-17
  0.1994139318420174D-17  0.1882385771353912D-17  0.1742431708382133D-17
  0.1571428194097452D-17  0.1366401930075093D-17  0.1124269229188963D-17
  0.8418537235612313D-18  0.5159081898753170D-18  0.1431408764853670D-18
 -0.2797532896729997D-18 -0.7560562532517564D-18 -0.1288984799378249D-17
 -0.1881642639005010D-17 -0.2536966357419706D-17 -0.3257665035883601D-17
 -0.4046153435344800D-17 -0.4904478727056883D-17 -0.5834240868711497D-17
 -0.6836506856987280D-17 -0.7911719238477036D-17 -0.9059599430548791D-17
 -0.1027904659107582D-16 -0.1156803297982950D-16 -0.1292349697276254D-16
 -0.1434123512089236D-16 -0.1581579488485034D-16 -0.1734036992054426D-16
 -0.1890670003624880D-16 -0.2050497818154456D-16 -0.2212376705790582D-16
 -0.2374992815272435D-16 -0.2536856618578784D-16 -0.2696299211168919D-16
 -0.2851470793470432D-16 -0.3000341665518039D-16 -0.3140706066882513D-16
 -0.3270189187256336D-16 -0.3386257658277757D-16 -0.3486233813379748D-16
 -0.3567313968686925D-16 -0.3626590933371213D-16 -0.3661080901664831D-16
 -0.3667754810360518D-16 -0.3643574164818601D-16 -0.3585531243329466D-16
 -0.3490693484700462D-16 -0.3356251748285222D-16 -0.3179572011185828D-16
 -0.2958249936670217D-16 -0.2690167614462649D-16 -0.2373551641875216D-16
 -0.2007031589961613D-16 -0.1589697786828496D-16 -0.1121157257068747D-16
 -0.6015865879050445D-17 -0.3178045409093567D-18  0.5868054716950773D-17
  0.1252018467286402D-16  0.1960980751113206D-16  0.2710070607064775D-16
  0.3494913624954684D-16  0.4310384907682686D-16  0.5150622950754387D-16
  0.6009055734165245D-16  0.6878439372581504D-16  0.7750909431694576D-16
  0.8618044727407736D-16  0.9470943074095727D-16  0.1030030804818255D-15
  0.1109654540513404D-15  0.1184986736424442D-15  0.1255040259380715D-15
  0.1318830942521089D-15  0.1375388962750499D-15  0.1423770000294212D-15
  0.1463065912743549D-15  0.1492414675436432D-15  0.1511009371360413D-15
  0.1518106054883576D-15  0.1513030361808000D-15  0.1495182790369016D-15
  0.1464042630534065D-15  0.1419170569021087D-15  0.1360210041848464D-15
  0.1286887442430184D-15  0.1199011319372738D-15  0.1096470713113641D-15
  0.9792327840973894D-16  0.8473398778764372D-16  0.7009061556976547D-16
  0.5401138948167614D-16  0.3652095335447087D-16  0.1764995048225722D-16
 -0.2565412791079279D-17 -0.2408382445071750D-16 -0.4685934819567874D-16
 -0.7084193273589730D-16 -0.9597795264432972D-16 -0.1222107827422598D-15
 -0.1494814051816035D-15 -0.1777290444868422D-15 -0.2068918206882379D-15
 -0.2369074057415063D-15 -0.2677136628081166D-15 -0.2992492437751401D-15
 -0.3314541172867113D-15 -0.3642699985248330D-15 -0.3976406532417661D-15
 -0.4315120516482586D-15 -0.4658323522616393D-15 -0.5005516997518752D-15
 -0.5356218231691896D-15 -0.5709954193642251D-15 -0.6066253004325928D-15
 -0.6424632732760794D-15 -0.6784587048279980D-15 -0.7145567100962176D-15
 -0.7506958838123483D-15 -0.7868054822761294D-15 -0.8228019513030278D-15
 -0.8585846898351039D-15 -0.8940309371444118D-15 -0.9289896740489402D-15
 -0.9632744364519545D-15 -0.9966549459979899D-15 -0.1028847487051478D-14
 -0.1059503933960936D-14 -0.1088199511471846D-14 -0.1114418831521435D-14
 -0.1137541543431024D-14
  0.0000000000000000D+00  0.5441117584094605D-27  0.6003600226324545D-27
  0.6624180097117899D-27  0.7308834073621449D-27  0.8064005183017991D-27
  0.8899465850700556D-27  0.9821853009058544D-27  0.1084341784236278D-26
  0.1197254561886718D-26  0.1322156514546760D-26  0.1460309292903420D-26
  0.1613123127279538D-26  0.1782168673889929D-26  0.1969179979616419D-26
  0.2176080405812343D-26  0.2405001206654429D-26  0.2658304501308375D-26
  0.2938608931667211D-26  0.3248817644255114D-26  0.3592149771004408D-26
  0.3972175267004207D-26  0.4392853657333965D-26  0.4858577162216514D-26
  0.5374218634425497D-26  0.5945184893717564D-26  0.6577476068618092D-26
  0.7277751626777140D-26  0.8053403864730869D-26  0.8912639711049297D-26
  0.9864571797326680D-26  0.1091931986354267D-25  0.1208812368794348D-25
  0.1338346887083097D-25  0.1481922695718421D-25  0.1641081155683792D-25
  0.1817535231547806D-25  0.2013188880727829D-25  0.2230158666341050D-25
  0.2470797852300829D-25  0.2737723269791568D-25  0.3033845278359951D-25
  0.3362401183029748D-25  0.3726992511571392D-25  0.4131626603881372D-25
  0.4580763018965309D-25  0.5079365324959537D-25  0.5632958904738154D-25
  0.6247695484803295D-25  0.6930425179308569D-25  0.7688776935308958D-25
  0.8531248370878382D-25  0.9467306115950903D-25  0.1050749789815582D-24
  0.1166357776423158D-24  0.1294864599375367D-24  0.1437730544802851D-24
  0.1596583630551620D-24  0.1773239136873894D-24  0.1969721438933326D-24
  0.2188288415112355D-24  0.2431458737959186D-24  0.2702042391419962D-24
  0.3003174799240724D-24  0.3338354995630011D-24  0.3711488321045454D-24
  0.4126934183973880D-24  0.4589559494568746D-24  0.5104798448828127D-24
  0.5678719423585546D-24  0.6318099833995560D-24  0.7030509907608977D-24
  0.7824406443868104D-24  0.8709237756388513D-24  0.9695561139387570D-24
  0.1079517436091711D-23  0.1202126286624010D-23  0.1338856457705954D-23
  0.1491355439897296D-23  0.1661465080336982D-23  0.1851244713426028D-23
  0.2062997060884381D-23  0.2299297233704147D-23  0.2563025208425282D-23
  0.2857402194830673D-23  0.3186031362160894D-23  0.3552943446914939D-23
  0.3962647827934406D-23  0.4420189724553741D-23  0.4931214252012082D-23
  0.5502038156040907D-23  0.6139730146661364D-23  0.6852200860955308D-23
  0.7648303607275396D-23  0.8537947180542428D-23  0.9532222191620469D-23
  0.1064354252514318D-22  0.1188580373166617D-22  0.1327456037396605D-22
  0.1482722458627818D-22  0.1656328837212446D-22  0.1850457246433367D-22
  0.2067550490342507D-22  0.2310343286166181D-22  0.2581897165413655D-22
  0.2885639534008080D-22  0.3225407383255590D-22  0.3605496200873756D-22
  0.4030714695273829D-22  0.4506446017561342D-22  0.5038716245094528D-22
  0.5634270978808188D-22  0.6300661004861878D-22  0.7046338080590025D-22
  0.7880762026414711D-22  0.8814520440660098D-22  0.9859462504525920D-22
  0.1102884851144673D-21  0.1233751694044137D-21  0.1380207109877858D-21
  0.1544108758747308D-21  0.1727534909610790D-21  0.1932810431380655D-21
  0.2162535805362685D-21  0.2419619503127835D-21  0.2707314111918320D-21
  0.3029256631713376D-21  0.3389513414507610D-21  0.3792630267615991D-21
  0.4243688299374808D-21  0.4748366147963409D-21  0.5313009302764553D-21
  0.5944707303302414D-21  0.6651379683970039D-21  0.7441871624161917D-21
  0.8326060363786014D-21  0.9314973554211375D-21  0.1042092083534033D-20
  0.1165764006154861D-20  0.1304045974363377D-20  0.1458647943163112D-20
  0.1631476993540865D-20  0.1824659546740870D-20  0.2040565999586483D-20
  0.2281838031842754D-20  0.2551418860654867D-20  0.2852586743137555D-20
  0.3188992056349312D-20  0.3564698314277913D-20  0.3984227514207545D-20
  0.4452610240040437D-20  0.4975440987910582D-20  0.5558939219843280D-20
  0.6210016694362197D-20  0.6936351668879628D-20  0.7746470617463840D-20
  0.8649838159165560D-20  0.9656955946473008D-20  0.1077947132058407D-19
  0.1203029659990851D-19  0.1342373993036984D-19  0.1497564869040125D-19
  0.1670356650971206D-19  0.1862690502849446D-19  0.2076713159223343D-19
  0.2314797414600670D-19  0.2579564466034513D-19  0.2873908248740939D-19
  0.3201021911031533D-19  0.3564426580861197D-19  0.3968002581764036D-19
  0.4416023260706951D-19  0.4913191594225954D-19  0.5464679741904652D-19
  0.6076171717541190D-19  0.6753909347953251D-19  0.7504741686958448D-19
  0.8336178047293964D-19  0.9256444805707884D-19  0.1027454612574431D-18
  0.1140032872838835D-18  0.1264455082224061D-18  0.1401895528171772D-18
  0.1553634713337068D-18  0.1721067537616797D-18  0.1905711912090710D-18
  0.2109217798614669D-18  0.2333376663255486D-18  0.2580131325369797D-18
  0.2851586176841025D-18  0.3150017737736729D-18  0.3477885505376981D-18
  0.3837843043457379D-18  0.4232749246405448D-18  0.4665679701527664D-18
  0.5139938057701859D-18  0.5659067294379124D-18  0.6226860768482776D-18
  0.6847372899466219D-18  0.7524929334365359D-18  0.8264136415251637D-18
  0.9069889751175626D-18  0.9947381675673615D-18  0.1090210734941278D-17
  0.1193986924587610D-17  0.1306677973650649D-17  0.1428926147090306D-17
  0.1561404522803780D-17  0.1704816489668964D-17  0.1859894922810232D-17
  0.2027400999206818D-17  0.2208122616010650D-17  0.2402872373689214D-17
  0.2612485086465724D-17  0.2837814783536240D-17  0.3079731166301762D-17
  0.3339115489381996D-17  0.3616855836530791D-17  0.3913841766761436D-17
  0.4230958311024129D-17  0.4569079305650486D-17  0.4929060055483975D-17
  0.5311729327125375D-17  0.5717880681023414D-17  0.6148263160197179D-17
  0.6603571363165313D-17  0.7084434939130846D-17  0.7591407554601527D-17
  0.8124955392354471D-17  0.8685445255943041D-17  0.9273132365726948D-17
  0.9888147945620146D-17  0.1053048671331471D-16  0.1119999440054818D-16
  0.1189635544389277D-16  0.1261908100038103D-16  0.1336749745577227D-16
  0.1414073560607202D-16  0.1493772070457401D-16  0.1575716357659961D-16
  0.1659755301150626D-16  0.1745714964548282D-16  0.1833398154804359D-16
  0.1922584171869229D-16  0.2013028768658161D-16  0.2104464338370591D-16
  0.2196600342992240D-16  0.2289123992483658D-16  0.2381701178679074D-16
  0.2473977661319155D-16  0.2565580496074001D-16  0.2656119686196037D-16
  0.2745190031086805D-16  0.2832373137285138D-16  0.2917239551082647D-16
  0.2999350968156749D-16  0.3078262474922048D-16  0.3153524779900561D-16
  0.3224686399811624D-16  0.3291295774720301D-16  0.3352903295811778D-16
  0.3409063235765240D-16  0.3459335573357106D-16  0.3503287697047568D-16
  0.3540495959332613D-16  0.3570547034827142D-16  0.3593039015474319D-16
  0.3607582159949024D-16  0.3613799205241101D-16  0.3611325148992997D-16
  0.3599806421964124D-16  0.3578899390039043D-16  0.3548268152288162D-16
  0.3507581633230125D-16  0.3456510000743482D-16  0.3394720473664891D-16
  0.3321872612685838D-16  0.3237613212970287D-16  0.3141570935569219D-16
  0.3033350826185517D-16  0.2912528873570909D-16  0.2778646755567508D-16
  0.2631206908655808D-16  0.2469668037255854D-16  0.2293441152618965D-16
  0.2101886198836151D-16  0.1894309286337635D-16  0.1669960512470057D-16
  0.1428032305647972D-16  0.1167658185637603D-16  0.8879117893393184D-17
  0.5878059707373496D-17  0.2662917474016326D-17 -0.7774316385272547D-18
 -0.4454765005891499D-17 -0.8381545864245379D-17 -0.1257096726143446D-16
 -0.1703701130920003D-16 -0.2179452608326278D-16 -0.2685932199054087D-16
 -0.3224828883188211D-16 -0.3797953401634180D-16 -0.4407254164082520D-16
 -0.5054835141498623D-16 -0.5742975579741561D-16 -0.6474151326696278D-16
 -0.7251057531856666D-16 -0.8076632446544778D-16 -0.8954081987469615D-16
 -0.9886904593782895D-16 -0.1087891564167262D-15 -0.1193427022865902D-15
 -0.1305748243673400D-15 -0.1425343817003374D-15 -0.1552739728315775D-15
 -0.1688497889674727D-15 -0.1833212144831022D-15 -0.1987500601559544D-15
 -0.2151992759170562D-15 -0.2327309403343942D-15 -0.2514032599078413D-15
 -0.2712662283680369D-15 -0.2923554866653695D-15 -0.3146837853462161D-15
 -0.3382292518998814D-15 -0.3629194678207224D-15 -0.3886098525470604D-15
 -0.4150549959596677D-15
  0.0000000000000000D+00  0.2898036332654725D-27  0.3202608091003897D-27
  0.3539127878766105D-27  0.3910929385672211D-27  0.4321615949513749D-27
  0.4776986634065939D-27  0.5280372767318754D-27  0.5839124937139637D-27
  0.6457562065957897D-27  0.7142692759500019D-27  0.7901661694002565D-27
  0.8742319764033085D-27  0.9673545881380436D-27  0.1070511956919358D-26
  0.1184789149426713D-26  0.1311391658532494D-26  0.1451656407558143D-26
  0.1607067163509315D-26  0.1779270840422941D-26  0.1970095386713214D-26
  0.2181569992461417D-26  0.2415947461627086D-26  0.2675729097537112D-26
  0.2963692424250656D-26  0.3282922027151588D-26  0.3636843883650448D-26
  0.4029263584814300D-26  0.4464408890723118D-26  0.4946977118984027D-26
  0.5482187922037583D-26  0.6075842073565370D-26  0.6734386957042093D-26
  0.7464989530141013D-26  0.8275617629162098D-26  0.9175130578764768D-26
  0.1017338018530923D-25  0.1128132331853342D-25  0.1251114742767482D-25
  0.1387641049627836D-25  0.1539219711682049D-25  0.1707529256415992D-25
  0.1894437696820526D-25  0.2102024193388188D-25  0.2332603223362913D-25
  0.2588751550778851D-25  0.2873338325530100D-25  0.3189558678553961D-25
  0.3540971223680802D-25  0.3931539925358987D-25  0.4365680845923811D-25
  0.4848314347040915D-25  0.5384923388196362D-25  0.5981618641498787D-25
  0.6645211227581469D-25  0.7383293973136946D-25  0.8204332197808545D-25
  0.9117765158173745D-25  0.1013411941091766D-24  0.1126513550773072D-24
  0.1252390960289679D-24  0.1392505174311851D-24  0.1548486282026874D-24
  0.1722153240415497D-24  0.1915535993705872D-24  0.2130900206814123D-24
  0.2370774923756873D-24  0.2637983499163431D-24  0.2935678192596702D-24
  0.3267378861941095D-24  0.3637016244224506D-24  0.4048980370570656D-24
  0.4508174727267330D-24  0.5020076848012147D-24  0.5590806104182285D-24
  0.6227199551502766D-24  0.6936896793909113D-24  0.7728434940004651D-24
  0.8611354855737026D-24  0.9596320060368463D-24  0.1069524977328131D-23
  0.1192146779864639D-23  0.1328986913571451D-23  0.1481710642696303D-23
  0.1652179860731407D-23  0.1842476439822985D-23  0.2054928360413822D-23
  0.2292138951918102D-23  0.2557019614399436D-23  0.2852826434988757D-23
  0.3183201161667932D-23  0.3552217051649108D-23  0.3964430172553406D-23
  0.4424936802666042D-23  0.4939437652529130D-23  0.5514309714927450D-23
  0.6156686644928026D-23  0.6874548677159146D-23  0.7676823205190589D-23
  0.8573497279067892D-23  0.9575743423272134D-23  0.1069606034029575D-22
  0.1194843024650055D-22  0.1334849478900091D-22  0.1491375171726518D-22
  0.1666377473344749D-22  0.1862045922391847D-22  0.2080829688410024D-22
  0.2325468259288760D-22  0.2599025727535081D-22  0.2904929091713766D-22
  0.3247011036548616D-22  0.3629557707495079D-22  0.4057362053620526D-22
  0.4535783376952802D-22  0.5070813797726693D-22  0.5669152423876507D-22
  0.6338288100465125D-22  0.7086591711343732D-22  0.7923419112119815D-22
  0.8859225891468525D-22  0.9905695288033933D-22  0.1107588073380284D-21
  0.1238436465316061D-21  0.1384743532121789D-21  0.1548328377690466D-21
  0.1731222299733531D-21  0.1935693177175149D-21  0.2164272596775156D-21
  0.2419786016143971D-21  0.2705386290861186D-21  0.3024590926830102D-21
  0.3381323455518848D-21  0.3779959369593852D-21  0.4225377099889221D-21
  0.4723014561932684D-21  0.5278931851627930D-21  0.5899880725440854D-21
  0.6593381560824546D-21  0.7367808557910924D-21  0.8232484013958797D-21
  0.9197782577930560D-21  0.1027524647410530D-20  0.1147771277103571D-20
  0.1281945386559503D-20  0.1431633245147100D-20  0.1598597234732136D-20
  0.1784794667191795D-20  0.1992398497188947D-20  0.2223820103194433D-20
  0.2481734322739685D-20  0.2769106941396924D-20  0.3089224848955070D-20
  0.3445729090600932D-20  0.3842651055515869D-20  0.4284452060019798D-20
  0.4776066597063796D-20  0.5322949538278869D-20  0.5931127588678813D-20
  0.6607255307183625D-20  0.7358676018018956D-20  0.8193487948331614D-20
  0.9120615935549720D-20  0.1014988905353372D-19  0.1129212450875370D-19
  0.1255921815583105D-19  0.1396424197493847D-19  0.1552154884078319D-19
  0.1724688489310175D-19  0.1915750979053755D-19  0.2127232509207207D-19
  0.2361201096130715D-19  0.2619917132716234D-19  0.2905848755809612D-19
  0.3221688061376982D-19  0.3570368152594421D-19  0.3955080992697603D-19
  0.4379296018704198D-19  0.4846779453747713D-19  0.5361614234457457D-19
  0.5928220445291765D-19  0.6551376123681078D-19  0.7236238267958400D-19
  0.7988363844044665D-19  0.8813730546417086D-19  0.9718757023739244D-19
  0.1071032222941165D-18  0.1179578350198710D-18  0.1298299291970408D-18
  0.1428031140720344D-18  0.1569662000076148D-18  0.1724132760113943D-18
  0.1892437446057011D-18  0.2075623056276205D-18  0.2274788796253941D-18
  0.2491084605547296D-18  0.2725708864841491D-18  0.2979905160029875D-18
  0.3254957970022861D-18  0.3552187134840967D-18  0.3872940950683856D-18
  0.4218587729325947D-18  0.4590505650650308D-18  0.4990070729724539D-18
  0.5418642713926995D-18  0.5877548721684987D-18  0.6368064432884846D-18
  0.6891392642509068D-18  0.7448638994156824D-18  0.8040784719462337D-18
  0.8668656223724731D-18  0.9332891378020007D-18  0.1003390240430879D-17
  0.1077183527334705D-17  0.1154652557598034D-17  0.1235745087732265D-17
  0.1320367962064453D-17  0.1408381671387972D-17  0.1499594600662132D-17
  0.1593756994934366D-17  0.1690554681924336D-17  0.1789602599828794D-17
  0.1890438189838269D-17  0.1992514724544044D-17  0.2095194655778224D-17
  0.2197743078371269D-17  0.2299321419703533D-17  0.2398981478615699D-17
  0.2495659951040017D-17  0.2588173593396394D-17  0.2675215188101634D-17
  0.2755350488158936D-17  0.2827016329372325D-17  0.2888520108859302D-17
  0.2938040836749648D-17  0.2973631973738104D-17  0.2993226269923780D-17
  0.2994642819488932D-17  0.2975596540571540D-17  0.2933710279474636D-17
  0.2866529722441614D-17  0.2771541275967540D-17  0.2646193047469303D-17
  0.2487919021726415D-17  0.2294166484701606D-17  0.2062426695362580D-17
  0.1790268748587173D-17  0.1475376509280652D-17  0.1115588431161408D-17
  0.7089400055305613D-18  0.2537085184552203D-18 -0.2515402678364616D-18
 -0.8079039489941679D-18 -0.1416094313537046D-17 -0.2076387699376074D-17
 -0.2788575417188697D-17 -0.3551914802738716D-17 -0.4365081473800489D-17
 -0.5226123381975393D-17 -0.6132417270126209D-17 -0.7080628171502958D-17
 -0.8066672609872426D-17 -0.9085686169589794D-17 -0.1013199607841361D-16
 -0.1119909936869067D-16 -0.1227964703766656D-16 -0.1336543441425935D-16
 -0.1444739766698427D-16 -0.1551561607718312D-16 -0.1655931938152941D-16
 -0.1756689918760686D-16 -0.1852592321350625D-16 -0.1942315091808063D-16
 -0.2024454898825568D-16 -0.2097530514080007D-16 -0.2159983878015594D-16
 -0.2210180722567882D-16 -0.2246410647014875D-16 -0.2266886574045492D-16
 -0.2269743547997280D-16 -0.2253036873625096D-16 -0.2214739629055393D-16
 -0.2152739618020125D-16 -0.2064835851370316D-16 -0.1948734663772251D-16
 -0.1802045576283702D-16 -0.1622277007587465D-16 -0.1406831915055986D-16
 -0.1153003411328290D-16 -0.8579703533710602D-17 -0.5187928407329434D-17
 -0.1324074906277823D-17  0.3043777165092919D-17  0.7948893011973568D-17
  0.1342595206534574D-16  0.1951113179825766D-16  0.2624221048161240D-16
  0.3365869326137683D-16  0.4180196564308027D-16  0.5071547768101610D-16
  0.6044496109632737D-16  0.7103867989411806D-16  0.8254771321451895D-16
  0.9502626704525758D-16  0.1085320092818638D-15  0.1231264205838718D-15
  0.1388751514918905D-15  0.1558483742816354D-15  0.1741211154221697D-15
  0.1937735507396904D-15  0.2148912392515142D-15  0.2375652621638502D-15
  0.2618922195202129D-15  0.2879740174217763D-15  0.3159173528025584D-15
  0.3458327694675883D-15  0.3778331175052310D-15  0.4120311967669076D-15
  0.4485363017551377D-15  0.4874493070608706D-15  0.5288558350931005D-15
  0.5728169265175379D-15  0.6193564773312842D-15  0.6684445157914904D-15
  0.7199751118129199D-15  0.7737374840118790D-15  0.8293780492001402D-15
  0.8863518240248849D-15
