    1
  315
 -0.6482603589494749D+00  0.4056009702421536D+00 -0.3256288132640418D+00
  0.1720070781384760D+01 -0.7422244385209401D+00 -0.7180015330900076D+00
 -0.3903732548182577D+00  0.1305168339792537D+00  0.4204970443750308D+00
 -0.6671054739774583D-01  0.4162141233871668D+00 -0.2605694400670325D+00
  0.2424471691909313D+00 -0.1587075753070930D+00  0.3213037887892681D+00
 -0.5863523927410020D-01 -0.8791143051525563D-01  0.3762166620693478D+00
 -0.5583883669753300D-01 -0.2569606472682551D+00  0.1210317873368248D+00
 -0.1384952776604561D+00 -0.1640953790999169D+00  0.4759622406468867D-01
  0.4759622406468697D-01 -0.4702158502896417D-01  0.1634506163412610D-01
 -0.1834470059426587D+00  0.1361313546226762D+00 -0.7837741694344835D-01
  0.4773759661894987D-01  0.4773759661895166D-01  0.6852097494698098D-01
  0.5499831744417464D-01 -0.1811658021369060D-01 -0.5472952793558014D-01
  0.1182488924153598D+00  0.9604278786586137D-02  0.2125413525038350D-02
 -0.8563258153658111D-01 -0.5666133646612246D-01  0.5769104516231687D-01
  0.4154648581345436D-01 -0.5515261958197460D-02  0.3612278824496203D-01
  0.1177942895501696D-01 -0.3319772970828100D-01 -0.3319772970828159D-01
  0.7843437869265639D-02 -0.3088268705013334D-01 -0.2648070183015593D-01
  0.5044023535175063D-01 -0.1765820143121416D-01  0.5192944086174448D-01
 -0.6911217724373287D-02 -0.2092865343092392D-01  0.4536156555447782D-01
 -0.4182641874716379D-01 -0.8237231135097675D-02 -0.1952254499873919D-01
 -0.3350488081151751D-01  0.1597411021953005D-01 -0.3704598972771792D-01
 -0.2244928198059330D-01  0.4661281251908189D-02  0.1330701324488106D-01
  0.1330701324487964D-01 -0.6676857050380491D-02  0.4740018205271332D-02
  0.1582710079013225D-02  0.1582710079013008D-02 -0.5273949707994123D-02
 -0.2503375670116020D-01  0.2050744741392634D-01  0.1471941936938950D-01
  0.1471941936939117D-01  0.2128840865121154D-01  0.1801262954408017D-01
 -0.1420106554929541D-02 -0.8608279029273032D-02  0.9339636685644356D-02
  0.1529594472282732D-02  0.5667090750140939D-02  0.2044169203898321D-02
 -0.6812408595962076D-02 -0.6946849037640593D-02 -0.7698313283640252D-02
 -0.4674224272269344D-02  0.6893807542715103D-02  0.5551487441298005D-02
 -0.1840198326133820D-02  0.1210604083043254D-01  0.1983239464999120D-02
 -0.1120196031044234D-01 -0.1120196031044293D-01  0.3674381251898650D-02
 -0.3893051942436337D-02 -0.1049423629601309D-01 -0.9011886944522776D-02
  0.4301596288763557D-02 -0.6065196682292121D-02  0.6182980005079414D-02
  0.8945421664710402D-02  0.3784949412389573D-02  0.3784949412389769D-02
 -0.1193888692624943D-02 -0.1809449800330811D-02  0.7853717186849503D-02
 -0.1097470816817450D-02  0.4766621314962393D-02 -0.2865083557339128D-02
 -0.2524890615005076D-02 -0.3402416461850976D-02 -0.5843123944153742D-02
  0.5577280020419958D-02 -0.3929592240469113D-02  0.4902091007830372D-02
 -0.2342495513702584D-02 -0.4260734812190164D-02  0.4160732739838623D-03
 -0.4698832981661537D-02  0.5558554222703918D-03  0.5558554222701638D-03
 -0.9261508081661970D-03 -0.3264513961673541D-02 -0.4396606638551260D-02
  0.3601296246868258D-02 -0.2089211346183395D-02  0.9375347680897510D-03
  0.1866636875053412D-02  0.7512943307007070D-03  0.7512943307004934D-03
 -0.4976701904012619D-03 -0.1507841244723638D-02  0.3270230421070194D-02
  0.5349711969176540D-03  0.1980804590489744D-02 -0.1189750533786585D-02
 -0.2420866845701691D-02 -0.2676393690977727D-02  0.6003422847923917D-03
 -0.1620847311816349D-02  0.8257904122827111D-03  0.8257904122829619D-03
  0.2385286499336204D-02  0.9596684019315233D-03  0.9596684019313188D-03
  0.1107484524515938D-02 -0.8732526763374108D-03 -0.8732526763374408D-03
  0.3406125220154372D-03  0.6301776354396208D-03  0.2271059767822193D-03
 -0.1332925240551881D-02 -0.8954993565638309D-03  0.1463471627415723D-02
  0.7600928838381369D-03  0.1043568550878035D-02  0.1043568550878272D-02
  0.1505272657435797D-02 -0.4691782533990943D-04  0.1272163552198177D-02
  0.1272163552198374D-02  0.6984813740899626D-03 -0.2000948216695832D-03
 -0.6055939363376473D-03  0.1311481007739013D-02 -0.1098081129485397D-02
 -0.6027943001788164D-03 -0.6027943001789021D-03  0.7907675428065293D-03
 -0.2371055245581852D-03 -0.4176682411464449D-03 -0.1120266797745836D-02
 -0.9601401162808758D-03 -0.6368942568563993D-03 -0.1744991908900339D-03
  0.8658580585773174D-03  0.1317932025226072D-03 -0.7419794579314879D-03
 -0.7419794579315677D-03 -0.2914568859690164D-03 -0.5132504216649905D-03
 -0.6865136613882646D-03  0.5583373434175729D-03 -0.3222271744446851D-03
 -0.3191521591344471D-03  0.2886026118487124D-03  0.5656941151820211D-03
  0.4772504636238875D-03  0.2270595018428913D-03 -0.7478997163609421D-04
 -0.3739498581800153D-04 -0.2258876121335300D-03  0.4878021125391521D-03
  0.2439010562695519D-03  0.1457867807567667D-03  0.2619971563921680D-04
  0.2619971563918813D-04 -0.1743199531714189D-03 -0.3496101398002836D-03
 -0.1748050699001781D-03 -0.1887347667709536D-03  0.8528972225136694D-04
 -0.2277900084824613D-03 -0.1138950042412407D-03  0.2315819323379183D-03
 -0.3090390417699383D-04 -0.3090390417699868D-04  0.3065871744111076D-03
 -0.4363442876361703D-04  0.2834343510722884D-03 -0.1313076720735763D-04
 -0.2365164276947452D-03 -0.2365164276947696D-03  0.4573843634224998D-04
  0.1681778637858951D-03  0.3017130648366867D-04  0.3017130648364392D-04
 -0.8820742523759235D-04 -0.2338394863594641D-03 -0.1995023997161474D-03
  0.1883868861323836D-03  0.9419344306619663D-04 -0.2135610280493787D-03
  0.9643330235791209D-04 -0.1279704757490017D-03  0.1850489047521590D-03
 -0.3442432321994829D-04  0.8535287681185440D-04 -0.7273580871945394D-04
 -0.3636790435970662D-04 -0.7227503655557107D-05 -0.1397226999763009D-03
  0.9158621466324699D-04  0.2317987212005964D-04 -0.5439179352947057D-04
 -0.9558501396393019D-04  0.1002821799708677D-03 -0.1141699329641710D-03
  0.3999227459207134D-04  0.3999227459208786D-04  0.3804630145113678D-04
  0.3804630145111651D-04  0.8774538090055123D-04 -0.3693425907606398D-04
 -0.7283606386862690D-05 -0.6530572076508635D-04  0.1244936788016112D-04
  0.6224683940088555D-05  0.6843844208339808D-04 -0.4682234261854918D-04
 -0.6056395378500151D-04 -0.5258551416033875D-04  0.1182727291759724D-04
  0.3068440819102333D-04  0.3068440819104078D-04  0.4255117208853942D-04
  0.2127558604426418D-04  0.3535037790090371D-04  0.3535037790091468D-04
 -0.5360317206908422D-05  0.3340487074881076D-04  0.5119779886661145D-05
  0.5548164701667827D-05  0.1831466403155133D-04  0.3221775231711359D-05
 -0.1060424361259175D-04 -0.1911071977479429D-04 -0.1864767648170576D-04
 -0.9106108235919841D-05  0.8131067186373756D-05 -0.9802761542703668D-05
  0.1269555921822554D-04 -0.2270027909458981D-05 -0.2270027909460050D-05
  0.4868572066118986D-05  0.4868572066117256D-05  0.5597323381041234D-05
 -0.7267212618759966D-06  0.4080730378974154D-05 -0.7418494900320568D-06
  0.1140077114429104D-05 -0.5359543845675443D-05 -0.5359543845676877D-05
  0.2418331740110396D-05  0.2418331740110562D-05 -0.3025482007787162D-05
 -0.2621258282669634D-05 -0.1310629141335286D-05 -0.8860028976621802D-06
  0.9385321254193566D-06  0.1230168915723271D-06 -0.1388120052678975D-06
  0.5355268820415351D-06 -0.1277931957080051D-05 -0.1277931957080536D-05
  0.1178672949954497D-05 -0.3116226762626170D-05  0.5604618423564037D-06
  0.1898924287875010D-05 -0.4709715567094726D-05  0.2241786615433169D-06
  0.2132479724099437D-05  0.2132479724100024D-05 -0.2149237346622207D-05
 -0.3929854194983115D-05 -0.6369543160703137D-05  0.2581721925868684D-05
  0.1290860962934450D-05  0.7311060096104688D-05  0.6623324199865912D-05
 -0.3432170054654525D-05  0.6078758473315772D-05  0.4283584070547265D-05
    7
    1    1  327
  0.0000000000000000D+00 -0.2679770724481678D+07 -0.2600423376348118D+07
 -0.2523424298885656D+07 -0.2448703995194384D+07 -0.2376195025129577D+07
 -0.2305831944447805D+07 -0.2237551245684738D+07 -0.2171291300906816D+07
 -0.2106992306024825D+07 -0.2044596226859209D+07 -0.1984046746740823D+07
 -0.1925289215686871D+07 -0.1868270601074584D+07 -0.1812939439775434D+07
 -0.1759245791706190D+07 -0.1707141194754465D+07 -0.1656578621038264D+07
 -0.1607512434460051D+07 -0.1559898349516975D+07 -0.1513693391330102D+07
 -0.1468855856856602D+07 -0.1425345277249828D+07 -0.1383122381333372D+07
 -0.1342149060156091D+07 -0.1302388332596110D+07 -0.1263804311982809D+07
 -0.1226362173706584D+07 -0.1190028123787241D+07 -0.1154769368372564D+07
 -0.1120554084139599D+07 -0.1087351389571903D+07 -0.1055131317086839D+07
 -0.1023864785987752D+07 -0.9935235762166551D+06 -0.9640803028836637D+06
 -0.9355083915502668D+06 -0.9077820542440623D+06 -0.8808762661833508D+06
 -0.8547667431905634D+06 -0.8294299197741316D+06 -0.8048429278590343D+06
 -0.7809835761468110D+06 -0.7578303300864127D+06 -0.7353622924378254D+06
 -0.7135591844109070D+06 -0.6924013273624253D+06 -0.6718696250347798D+06
 -0.6519455463203604D+06 -0.6326111085360069D+06 -0.6138488611924634D+06
 -0.5956418702441762D+06 -0.5779737028052253D+06 -0.5608284123175946D+06
 -0.5441905241583908D+06 -0.5280450216730244D+06 -0.5123773326217410D+06
 -0.4971733160272810D+06 -0.4824192494117858D+06 -0.4681018164114390D+06
 -0.4542080947576602D+06 -0.4407255446140051D+06 -0.4276419972582451D+06
 -0.4149456440994161D+06 -0.4026250260199134D+06 -0.3906690230330261D+06
 -0.3790668442465676D+06 -0.3678080181235488D+06 -0.3568823830311025D+06
 -0.3462800780691272D+06 -0.3359915341703788D+06 -0.3260074654639720D+06
 -0.3163188608944974D+06 -0.3069169760891987D+06 -0.2977933254658551D+06
 -0.2889396745742616D+06 -0.2803480326643870D+06 -0.2720106454745017D+06
 -0.2639199882327730D+06 -0.2560687588660062D+06 -0.2484498714094048D+06
 -0.2410564496114022D+06 -0.2338818207277944D+06 -0.2269195094995698D+06
 -0.2201632323090076D+06 -0.2136068915087622D+06 -0.2072445699188248D+06
 -0.2010705254863911D+06 -0.1950791861038135D+06 -0.1892651445799706D+06
 -0.1836231537605039D+06 -0.1781481217925274D+06 -0.1728351075295336D+06
 -0.1676793160723456D+06 -0.1626760944420985D+06 -0.1578209273813376D+06
 -0.1531094332794498D+06 -0.1485373602187465D+06 -0.1441005821376333D+06
 -0.1397950951074006D+06 -0.1356170137192770D+06 -0.1315625675784824D+06
 -0.1276280979021186D+06 -0.1238100542178243D+06 -0.1201049911602149D+06
 -0.1165095653622166D+06 -0.1130205324384847D+06 -0.1096347440581863D+06
 -0.1063491451045014D+06 -0.1031607709182764D+06 -0.1000667446233451D+06
 -0.9706427453109328D+05 -0.9415065162192931D+05 -0.9132324710137991D+05
 -0.8857951002860280D+05 -0.8591696501517472D+05 -0.8333320999206947D+05
 -0.8082591404280902D+05 -0.7839281530082546D+05 -0.7603171890913026D+05
 -0.7374049504044271D+05 -0.7151707697598443D+05 -0.6935945924119659D+05
 -0.6726569579669100D+05 -0.6523389828279021D+05 -0.6326223431606498D+05
 -0.6134892583631913D+05 -0.5949224750251806D+05 -0.5769052513620196D+05
 -0.5594213421096364D+05 -0.5424549838661401D+05 -0.5259908808669714D+05
 -0.5100141911805336D+05 -0.4945105133116837D+05 -0.4794658732008038D+05
 -0.4648667116065173D+05 -0.4506998718604767D+05 -0.4369525879829364D+05
 -0.4236124731481832D+05 -0.4106675084891698D+05 -0.3981060322310159D+05
 -0.3859167291433264D+05 -0.3740886203015559D+05 -0.3626110531479280D+05
 -0.3514736918426800D+05 -0.3406665078966752D+05 -0.3301797710766704D+05
 -0.3200040405747846D+05 -0.3101301564339544D+05 -0.3005492312214103D+05
 -0.2912526419424391D+05 -0.2822320221869408D+05 -0.2734792545015096D+05
 -0.2649864629800159D+05 -0.2567460060658798D+05 -0.2487504695594673D+05
 -0.2409926598242699D+05 -0.2334655971857477D+05 -0.2261625095169680D+05
 -0.2190768260053845D+05 -0.2122021710953569D+05 -0.2055323586012356D+05
 -0.1990613859860918D+05 -0.1927834288014132D+05 -0.1866928352833352D+05
 -0.1807841211012385D+05 -0.1750519642547960D+05 -0.1694912001158202D+05
 -0.1640968166115239D+05 -0.1588639495460725D+05 -0.1537878780575870D+05
 -0.1488640202080118D+05 -0.1440879287035403D+05 -0.1394552867435518D+05
 -0.1349619039962716D+05 -0.1306037126996167D+05 -0.1263767638859227D+05
 -0.1222772237294702D+05 -0.1183013700159164D+05 -0.1144455887329127D+05
 -0.1107063707813086D+05 -0.1070803088064310D+05 -0.1035640941489511D+05
 -0.1001545139148128D+05 -0.9684844816357379D+04 -0.9364286721428804D+04
 -0.9053482906772835D+04 -0.8752147694327612D+04 -0.8460003692817982D+04
 -0.8176781573607960D+04 -0.7902219857068417D+04 -0.7636064708925641D+04
 -0.7378069745908233D+04 -0.7127995849837167D+04 -0.6885610989105755D+04
 -0.6650690046276979D+04 -0.6423014650289633D+04 -0.6202373011524613D+04
 -0.5988559757754176D+04 -0.5781375768805295D+04 -0.5580628007647177D+04
 -0.5386129345604197D+04 -0.5197698379549977D+04 -0.5015159239308822D+04
 -0.4838341384127398D+04 -0.4667079388015645D+04 -0.4501212714995008D+04
 -0.4340585486788170D+04 -0.4185046247134378D+04 -0.4034447728690559D+04
 -0.3888646628762820D+04 -0.3747503403701738D+04 -0.3610882087965643D+04
 -0.3478650145826481D+04 -0.3350678360490144D+04 -0.3226840762737133D+04
 -0.3107014597772409D+04 -0.2991080325472165D+04 -0.2878921646136454D+04
 -0.2770425541643411D+04 -0.2665482320839656D+04 -0.2563985658172717D+04
 -0.2465832615848974D+04 -0.2370923641905496D+04 -0.2279162539157992D+04
 -0.2190456402673179D+04 -0.2104715525916499D+04 -0.2021853277843830D+04
 -0.1941785954836295D+04 -0.1864432612502906D+04 -0.1789714883038313D+04
 -0.1717556784098153D+04 -0.1647884525128312D+04 -0.1580626316839637D+04
 -0.1515712189124031D+04 -0.1453073822214041D+04 -0.1392644395330591D+04
 -0.1334358456463434D+04 -0.1278151816295223D+04 -0.1223961468613345D+04
 -0.1171725538848062D+04 -0.1121383261619993D+04 -0.1072874987359595D+04
 -0.1026142217156783D+04 -0.9811276639868238D+03 -0.9377753373124431D+03
 -0.8960306467536388D+03 -0.8558405190232265D+03 -0.8171535206421756D+03
 -0.7799199771092494D+03 -0.7440920773149534D+03 -0.7096239502965112D+03
 -0.6764717003467641D+03 -0.6445933866572144D+03 -0.6139489355378734D+03
 -0.5844999808667262D+03 -0.5562096316238889D+03 -0.5290421850054107D+03
 -0.5029628126376535D+03 -0.4779372599174162D+03 -0.4539316096326956D+03
 -0.4309121495941894D+03 -0.4088453735792120D+03 -0.3876981172512408D+03
 -0.3674378035138524D+03 -0.3480327501401482D+03 -0.3294524830483861D+03
 -0.3116680027681511D+03 -0.2946519661799366D+03 -0.2783787648666857D+03
 -0.2628244995351917D+03 -0.2479668638359556D+03 -0.2337849586137784D+03
 -0.2202590605284155D+03 -0.2073703679668051D+03 -0.1951007440349104D+03
 -0.1834324724352990D+03 -0.1723480379047406D+03 -0.1618299391658818D+03
 -0.1518605391585737D+03 -0.1424219547082191D+03 -0.1334959857095151D+03
 -0.1250640822809905D+03 -0.1171073471058666D+03 -0.1096065692553711D+03
 -0.1025422851417274D+03 -0.9589486182969827D+02 -0.8964459771509584D+02
 -0.8377183552744407D+02 -0.7825708270507793D+02 -0.7308113439802986D+02
 -0.6822519465054006D+02 -0.6367099167463683D+02 -0.5940088356786869D+02
 -0.5539794964746424D+02 -0.5164607005881458D+02 -0.4812998538836380D+02
 -0.4483533183183647D+02 -0.4174865971300348D+02 -0.3885742759779025D+02
 -0.3614997340370655D+02 -0.3361546335154560D+02 -0.3124382096461809D+02
 -0.2902564028242139D+02 -0.2695208910824717D+02 -0.2501481065394519D+02
 -0.2320583218504587D+02 -0.2151749025456411D+02 -0.1994237935112197D+02
 -0.1847332775001981D+02 -0.1710339969785979D+02 -0.1582591834010569D+02
 -0.1463450078276709D+02 -0.1352309541740850D+02 -0.1248601275753818D+02
 -0.1151794368339672D+02 -0.1061396228596182D+02 -0.9769513572172785D+01
 -0.8980388387184766D+01 -0.8242689399134841D+01 -0.7552791309515539D+01
 -0.6907301656037737D+01 -0.6303018047431046D+01 -0.5736906342402813D+01
 -0.5206017528873005D+01 -0.4707612267245010D+01 -0.4238719072841185D+01
 -0.3797081313799304D+01
    1 1000  327
  0.0000000000000000D+00  0.3133159620811781D-04  0.3228713096162488D-04
  0.3327180711728657D-04  0.3428651341342379D-04  0.3533216569753181D-04
  0.3640970774395658D-04  0.3752011210754170D-04  0.3866438100416301D-04
  0.3984354722053643D-04  0.4105867503460807D-04  0.4231086118692349D-04
  0.4360123586672795D-04  0.4493096371644607D-04  0.4630124492239032D-04
  0.4771331624658020D-04  0.4916845219275611D-04  0.5066796611818347D-04
  0.5221321144512226D-04  0.5380558285553352D-04  0.5544651758348900D-04
  0.5713749669156015D-04  0.5888004639821748D-04  0.6067573947975704D-04
  0.6252619667959572D-04  0.6443308816258941D-04  0.6639813503126119D-04
  0.6842311087784588D-04  0.7050984338516161D-04  0.7266021597866183D-04
  0.7487616952039846D-04  0.7715970406304789D-04  0.7951288065440042D-04
  0.8193782320559104D-04  0.8443672039556064D-04  0.8701182765097644D-04
  0.8966546919442375D-04  0.9240004011800157D-04  0.9521800856668032D-04
  0.9812191795190735D-04  0.1011143892587572D-03  0.1041981234024912D-03
  0.1073759036695538D-03  0.1106505982303775D-03  0.1140251627227100D-03
  0.1175026429310827D-03  0.1210861775258851D-03  0.1247790008986769D-03
  0.1285844460813816D-03  0.1325059477556026D-03  0.1365470453504300D-03
  0.1407113862434794D-03  0.1450027290416511D-03  0.1494249469855397D-03
  0.1539820314324887D-03  0.1586780954778833D-03  0.1635173776458948D-03
  0.1685042457287889D-03  0.1736432007254521D-03  0.1789388809041979D-03
  0.1843960659853370D-03  0.1900196814646560D-03  0.1958148030493669D-03
  0.2017866612431090D-03  0.2079406460683119D-03  0.2142823119273201D-03
  0.2208173826160648D-03  0.2275517564996104D-03  0.2344915118217591D-03
  0.2416429121987245D-03  0.2490124122696426D-03  0.2566066635283054D-03
  0.2644325203200286D-03  0.2724970460265037D-03  0.2808075194503386D-03
  0.2893714413817236D-03  0.2981965413526046D-03  0.3072907846460760D-03
  0.3166623794448086D-03  0.3263197842785769D-03  0.3362717156303569D-03
  0.3465271558169058D-03  0.3570953610929863D-03  0.3679858700089393D-03
  0.3792085120064661D-03  0.3907734163156337D-03  0.4026910210712026D-03
  0.4149720827494827D-03  0.4276276858698151D-03  0.4406692530045515D-03
  0.4541085550754271D-03  0.4679577220123716D-03  0.4822292536467791D-03
  0.4969360310463276D-03  0.5120913281039011D-03  0.5277088235430650D-03
  0.5438026132492743D-03  0.5603872230009355D-03  0.5774776215649649D-03
  0.5950892342339569D-03  0.6132379567212505D-03  0.6319401695228251D-03
  0.6512127527027164D-03  0.6710731011150570D-03  0.6915391401218204D-03
  0.7126293417579108D-03  0.7343627414189349D-03  0.7567589550144323D-03
  0.7798381967039608D-03  0.8036212971256555D-03  0.8281297221951103D-03
  0.8533855924837820D-03  0.8794117031929665D-03  0.9062315447136164D-03
  0.9338693238376512D-03  0.9623499855969783D-03  0.9916992357933694D-03
  0.1021943564183273D-02  0.1053110268394694D-02  0.1085227478572177D-02
  0.1118324182746444D-02  0.1152430253024023D-02  0.1187576472522359D-02
  0.1223794563175417D-02  0.1261117214350609D-02  0.1299578112362449D-02
  0.1339211970877003D-02  0.1380054562226582D-02  0.1422142749722323D-02
  0.1465514520904130D-02  0.1510209021848033D-02  0.1556266592474767D-02
  0.1603728802978272D-02  0.1652638491332086D-02  0.1703039801968005D-02
  0.1754978225605840D-02  0.1808500640323578D-02  0.1863655353852215D-02
  0.1920492147199135D-02  0.1979062319557408D-02  0.2039418734622987D-02
  0.2101615868294877D-02  0.2165709857857055D-02  0.2231758552636031D-02
  0.2299821566214425D-02  0.2369960330243061D-02  0.2442238149877063D-02
  0.2516720260927625D-02  0.2593473888729228D-02  0.2672568308819099D-02
  0.2754074909467843D-02  0.2838067256102957D-02  0.2924621157714690D-02
  0.3013814735279711D-02  0.3105728492259310D-02  0.3200445387280144D-02
  0.3298050908984506D-02  0.3398633153214374D-02  0.3502282902501525D-02
  0.3609093708028916D-02  0.3719161974043925D-02  0.3832587044886667D-02
  0.3949471294649442D-02  0.4069920219573435D-02  0.4194042533272446D-02
  0.4321950264845816D-02  0.4453758860004558D-02  0.4589587285263738D-02
  0.4729558135311705D-02  0.4873797743671439D-02  0.5022436296713495D-02
  0.5175607951170668D-02  0.5333450955218874D-02  0.5496107773248382D-02
  0.5663725214460710D-02  0.5836454565366567D-02  0.6014451726331926D-02
  0.6197877352294582D-02  0.6386896997759219D-02  0.6581681266230735D-02
  0.6782405964188830D-02  0.6989252259763893D-02  0.7202406846264975D-02
  0.7422062110672701D-02  0.7648416307284765D-02  0.7881673736660127D-02
  0.8122044930005547D-02  0.8369746839201369D-02  0.8625003032614343D-02
  0.8888043896881579D-02  0.9159106844852122D-02  0.9438436529869958D-02
  0.9726285066590238D-02  0.1002291225852731D-01  0.1032858583255225D-01
  0.1064358168052719D-01  0.1096818410832411D-01  0.1130268609242521D-01
  0.1164738954435907D-01  0.1200260558319607D-01  0.1236865481635159D-01
  0.1274586762896225D-01  0.1313458448207780D-01  0.1353515621995274D-01
  0.1394794438670617D-01  0.1437332155264506D-01  0.1481167165052854D-01
  0.1526339032209932D-01  0.1572888527517767D-01  0.1620857665164283D-01
  0.1670289740664552D-01  0.1721229369937582D-01  0.1773722529575623D-01
  0.1827816598341072D-01  0.1883560399929347D-01  0.1941004247035602D-01
  0.2000199986765221D-01  0.2061201047429721D-01  0.2124062486769887D-01
  0.2188841041648524D-01  0.2255595179259914D-01  0.2324385149900467D-01
  0.2395273041348944D-01  0.2468322834904760D-01  0.2543600463136104D-01
  0.2621173869387879D-01  0.2701113069106399D-01  0.2783490213032420D-01
  0.2868379652322486D-01  0.2955858005656236D-01  0.3046004228390131D-01
  0.3138899683819701D-01  0.3234628216616296D-01  0.3333276228502478D-01
  0.3434932756235781D-01  0.3539689551970386D-01  0.3647641166070224D-01
  0.3758885032446795D-01  0.3873521556500779D-01  0.3991654205744500D-01
  0.4113389603188718D-01  0.4238837623577487D-01  0.4368111492557701D-01
  0.4501327888873252D-01  0.4638607049675841D-01  0.4780072879047315D-01
  0.4925853059831961D-01  0.5076079168879042D-01  0.5230886795800380D-01
  0.5390415665349207D-01  0.5554809763531977D-01  0.5724217467565407D-01
  0.5898791679797620D-01  0.6078689965713088D-01  0.6264074696146721D-01
  0.6455113193834781D-01  0.6651977884435459D-01  0.6854846452155183D-01
  0.7063902000121032D-01  0.7279333215644172D-01  0.7501334540523510D-01
  0.7730106346542849D-01  0.7965855116320537D-01  0.8208793629674896D-01
  0.8459141155672548D-01  0.8717123650534093D-01  0.8982973961575770D-01
  0.9256932037370401D-01  0.9539245144317747D-01  0.9830168089819952D-01
  0.1012996345226278D+00  0.1043890181801146D+00  0.1075726202563360D+00
  0.1108533141757080D+00  0.1142340609948507D+00  0.1177179120751525D+00
  0.1213080118368370D+00  0.1250076005970238D+00  0.1288200174943408D+00
  0.1327487035027322D+00  0.1367972045371784D+00  0.1409691746541349D+00
  0.1452683793495733D+00  0.1496986989576063D+00  0.1542641321527614D+00
  0.1589687995590655D+00  0.1638169474691975D+00  0.1688129516770671D+00
  0.1739613214272735D+00  0.1792667034850158D+00  0.1847338863301270D+00
  0.1903678044790107D+00  0.1961735429383897D+00  0.2021563417948826D+00
  0.2083216009445479D+00  0.2146748849666715D+00  0.2212219281461882D+00
  0.2279686396492771D+00  0.2349211088568007D+00  0.2420856108603964D+00
  0.2494686121261882D+00  0.2570767763312272D+00  0.2649169703779258D+00
  0.2729962705919234D+00  0.2813219691089617D+00  0.2899015804565536D+00
  0.2987428483363707D+00  0.3078537526134765D+00  0.3172425165187173D+00
  0.3269176140707632D+00  0.3368877777245049D+00  0.3471620062527108D+00
  0.3577495728680474D+00  0.3686600335928054D+00  0.3799032358838844D+00
  0.3914893275208086D+00  0.4034287657648157D+00  0.4157323267972659D+00
  0.4284111154459021D+00  0.4414765752077415D+00  0.4549404985776284D+00
  0.4688150376917925D+00  0.4831127152960069D+00  0.4978464360482400D+00
  0.5130294981660221D+00  0.5286756054290150D+00  0.5447988795476364D+00
  0.5614138729088997D+00
    1 1000  327
  0.0000000000000000D+00  0.3073305623379348D-09  0.3263607361998780D-09
  0.3465717478485454D-09  0.3680325911423255D-09  0.3908229731216051D-09
  0.4150254806790655D-09  0.4407243626962951D-09  0.4680179163612868D-09
  0.4969986973016059D-09  0.5277755892846292D-09  0.5604584185144259D-09
  0.5951645125624625D-09  0.6320192192936232D-09  0.6711582671202397D-09
  0.7127182460924089D-09  0.7568540423064833D-09  0.8037218653280211D-09
  0.8534927386520574D-09  0.9063453462381251D-09  0.9624704660721752D-09
  0.1022071007891278D-08  0.1085362799190607D-08  0.1152574528962607D-08
  0.1223947846571665D-08  0.1299739939092116D-08  0.1380226567030081D-08
  0.1465697654723842D-08  0.1556460803671698D-08  0.1652844976117236D-08
  0.1755197799202258D-08  0.1863888478515088D-08  0.1979309006223609D-08
  0.2101877909255286D-08  0.2232036162660686D-08  0.2370256429638860D-08
  0.2517033071281775D-08  0.2672901096428495D-08  0.2838420847864247D-08
  0.3014189645794357D-08  0.3200843613238391D-08  0.3399055954759960D-08
  0.3609541430930555D-08  0.3833063288193356D-08  0.4070426701878800D-08
  0.4322488357010040D-08  0.4590157980947406D-08  0.4874403063642385D-08
  0.5176250429081222D-08  0.5496789994991826D-08  0.5837179496060471D-08
  0.6198647514209572D-08  0.6582499226286505D-08  0.6990120960389056D-08
  0.7422984771387390D-08  0.7882652773745567D-08  0.8370786795731231D-08
  0.8889146902145142D-08  0.9439608375649349D-08  0.1002415677970746D-07
  0.1064490362782620D-07  0.1130408885075585D-07  0.1200409641302226D-07
  0.1274744895020693D-07  0.1353683702083969D-07  0.1437510542315332D-07
  0.1526528447668959D-07  0.1621058863251621D-07  0.1721443044142796D-07
  0.1828043497065238D-07  0.1941245250720190D-07  0.2061456839863763D-07
  0.2189112723036233D-07  0.2324673568092514D-07  0.2468629131865703D-07
  0.2621499160682566D-07  0.2783835650147197D-07  0.2956224751647169D-07
  0.3139289274366256D-07  0.3333689876665557D-07  0.3540128777619982D-07
  0.3759351513734715D-07  0.3992149546241976D-07  0.4239363688702007D-07
  0.4501886462942199D-07  0.4780665980350314D-07  0.5076708950448070D-07
  0.5391084566455288D-07  0.5724927650215200D-07  0.6079444222359858D-07
  0.6455914065546101D-07  0.6855697008733601D-07  0.7280236413581532D-07
  0.7731065539405842D-07  0.8209812119612652D-07  0.8718205159922723D-07
  0.9258080532580901D-07  0.9831387702436123D-07  0.1044019702353364D-06
  0.1108670678940536D-06  0.1177325167946372D-06  0.1250231098132533D-06
  0.1327651733057456D-06  0.1409866649450043D-06  0.1497172713166949D-06
  0.1589885229045783D-06  0.1688338955104127D-06  0.1792889443407240D-06
  0.1903914229946184D-06  0.2021814219136316D-06  0.2147015189141142D-06
  0.2279969222733804D-06  0.2421156445010904D-06  0.2571086706699061D-06
  0.2730301397252698D-06  0.2899375465585137D-06  0.3078919461967310D-06
  0.3269581725191372D-06  0.3472050771377655D-06  0.3687057707285114D-06
  0.3915378961194252D-06  0.4157839035562475D-06  0.4415313454036038D-06
  0.4688731996365979D-06  0.4979081995744932D-06  0.5287411931648496D-06
  0.5614835232000708D-06  0.5962534215584250D-06  0.6331764500364268D-06
  0.6723859388876212D-06  0.7140234759059594D-06  0.7582394215697174D-06
  0.8051934417824752D-06  0.8550550912037668D-06  0.9080044275121621D-06
  0.9642326554432201D-06  0.1023942817756057D-05  0.1087350536075192D-05
  0.1154684780079288D-05  0.1226188702872005D-05  0.1302120508670257D-05
  0.1382754396062090D-05  0.1468381543001354D-05  0.1559311154094220D-05
  0.1655871587689146D-05  0.1758411531591840D-05  0.1867301268339054D-05
  0.1982934006781847D-05  0.2105727309952817D-05  0.2236124595425268D-05
  0.2374596740381166D-05  0.2521643780754652D-05  0.2677796717583020D-05
  0.2843619434215969D-05  0.3019710733280918D-05  0.3206706494721771D-05
  0.3405281980092048D-05  0.3616154263704739D-05  0.3840084826256522D-05
  0.4077882301518733D-05  0.4330405398452180D-05  0.4598566004216898D-05
  0.4883332469909997D-05  0.5185733116035832D-05  0.5506859939063240D-05
  0.5847872559945936D-05  0.6210002406254220D-05  0.6594557165055466D-05
  0.7002925499165411D-05  0.7436582066360731D-05  0.7897092841517654D-05
  0.8386120772680238D-05  0.8905431787030373D-05  0.9456901166740293D-05
  0.1004252031841426D-04  0.1066440397070225D-04  0.1132479780385663D-04
  0.1202608656400932D-04  0.1277080267063275D-04  0.1356163536567083D-04
  0.1440144042060096D-04  0.1529325045269721D-04  0.1624028587251884D-04
  0.1724596651550577D-04  0.1831392399004382D-04  0.1944801479404488D-04
  0.2065233423620052D-04  0.2193123122928167D-04  0.2328932399333822D-04
  0.2473151672990342D-04  0.2626301733581007D-04  0.2788935620517113D-04
  0.2961640620320789D-04  0.3145040387220448D-04  0.3339797195324406D-04
  0.3546614330048336D-04  0.3766238627779901D-04  0.3999463172878862D-04
  0.4247130161429409D-04  0.4510133942629399D-04  0.4789424248144559D-04
  0.5086009622086409D-04  0.5400961062405038D-04  0.5735415888983695D-04
  0.6090581850030354D-04  0.6467741483768468D-04  0.6868256749656430D-04
  0.7293573946601033D-04  0.7745228935568894D-04  0.8224852685903034D-04
  0.8734177164751062D-04  0.9275041591413171D-04  0.9849399079076636D-04
  0.1045932368737138D-03  0.1110701791239007D-03  0.1179482063975633D-03
  0.1252521559088873D-03  0.1330084029161518D-03  0.1412449559691166D-03
  0.1499915580461941D-03  0.1592797939637164D-03  0.1691432044281932D-03
  0.1796174071567597D-03  0.1907402254958501D-03  0.2025518250049400D-03
  0.2150948584970862D-03  0.2284146200650398D-03  0.2425592086391674D-03
  0.2575797016799195D-03  0.2735303396218592D-03  0.2904687217420643D-03
  0.3084560141563098D-03  0.3275571706942801D-03  0.3478411674567541D-03
  0.3693812518939310D-03  0.3922552073068150D-03  0.4165456337333249D-03
  0.4423402462230650D-03  0.4697321915844593D-03  0.4988203847487194D-03
  0.5297098659590988D-03  0.5625121800822896D-03  0.5973457794067776D-03
  0.6343364513865904D-03  0.6736177728708103D-03  0.7153315924626205D-03
  0.7596285427481197D-03  0.8066685842450320D-03  0.8566215830356353D-03
  0.9096679241688807D-03  0.9659991630486789D-03  0.1025818717157929D-02
  0.1089342600619359D-02  0.1156800204242575D-02  0.1228435123876282D-02
  0.1304506040056462D-02  0.1385287652126195D-02  0.1471071670201179D-02
  0.1562167868562697D-02  0.1658905204282907D-02  0.1761633005119338D-02
  0.1870722230971023D-02  0.1986566813450515D-02  0.2109585078408271D-02
  0.2240221256547608D-02  0.2378947087582643D-02  0.2526263523736874D-02
  0.2682702538730943D-02  0.2848829048787574D-02  0.3025242952599155D-02
  0.3212581297619310D-02  0.3411520580503721D-02  0.3622779190000312D-02
  0.3847120001122807D-02  0.4085353129965327D-02  0.4338338859106277D-02
  0.4606990744173787D-02  0.4892278912780901D-02  0.5195233567748920D-02
  0.5516948707269272D-02  0.5858586075433177D-02  0.6221379357403809D-02
  0.6606638634368644D-02  0.7015755114368358D-02  0.7450206156082385D-02
  0.7911560603712358D-02  0.8401484452227038D-02  0.8921746863430727D-02
  0.9474226554574661D-02  0.1006091858258476D-01  0.1068394154840261D-01
  0.1134554524745577D-01  0.1204811879388380D-01  0.1279419924785797D-01
  0.1358648077714716D-01  0.1442782438601584D-01  0.1532126824658278D-01
  0.1627003866995139D-01  0.1727756175672717D-01  0.1834747576899339D-01
  0.1948364426842388D-01  0.2069017006797328D-01  0.2197141004752511D-01
  0.2333199088700270D-01  0.2477682577375115D-01  0.2631113214452684D-01
  0.2794045052615883D-01  0.2967066454292117D-01  0.3150802216286217D-01
  0.3345915825981260D-01  0.3553111857254983D-01  0.3773138514763323D-01
  0.4006790335778805D-01  0.4254911059340592D-01  0.4518396673076730D-01
  0.4798198648700955D-01  0.5095327377868042D-01  0.5410855820794454D-01
  0.5745923380820172D-01  0.6101740018903043D-01  0.6479590622903254D-01
  0.6880839647436113D-01  0.7306936041048079D-01  0.7759418478508132D-01
  0.8239920917109539D-01  0.8750178497045499D-01  0.9292033807166133D-01
  0.9867443538742889D-01
    1 1000  327
  0.0000000000000000D+00 -0.4616547669377309D-13 -0.4804408792686457D-13
 -0.5283141253963565D-13 -0.5685374159467143D-13 -0.6010385630565172D-13
 -0.6535910645160765D-13 -0.7374133863356726D-13 -0.8002829477545344D-13
 -0.9017766725136965D-13 -0.9746366164234947D-13 -0.1080685190999412D-12
 -0.1138730378001255D-12 -0.1277958397911005D-12 -0.1365800894536344D-12
 -0.1464155577087709D-12 -0.1608160175696011D-12 -0.1766567421338980D-12
 -0.1953267481734462D-12 -0.2094421222405270D-12 -0.2361648193882283D-12
 -0.2528203384619342D-12 -0.2827078048456869D-12 -0.2995968129537508D-12
 -0.3316600844859774D-12 -0.3651542677117315D-12 -0.4008090931997126D-12
 -0.4344628043013698D-12 -0.4750604878768104D-12 -0.5229449851844218D-12
 -0.5635552446905150D-12 -0.6271740780857118D-12 -0.6829620660880176D-12
 -0.7409580734380514D-12 -0.8185071241003430D-12 -0.8964522919457536D-12
 -0.9800479185053430D-12 -0.1066469868051263D-11 -0.1166665460479235D-11
 -0.1280471913748078D-11 -0.1400665791198437D-11 -0.1527596894571577D-11
 -0.1673602405110609D-11 -0.1833087373472800D-11 -0.2003584929796096D-11
 -0.2194557592736950D-11 -0.2396758655102516D-11 -0.2624550077116919D-11
 -0.2873211032096842D-11 -0.3138590469360449D-11 -0.3439882532232877D-11
 -0.3766386500655823D-11 -0.4115580970348527D-11 -0.4504620911349924D-11
 -0.4928912004382975D-11 -0.5396023688992620D-11 -0.5902856864170219D-11
 -0.6461343624977541D-11 -0.7067757193132950D-11 -0.7739289253759373D-11
 -0.8465630519544533D-11 -0.9266467438385176D-11 -0.1013834300677983D-10
 -0.1109556785444670D-10 -0.1214084882157078D-10 -0.1328326880949059D-10
 -0.1452960200094877D-10 -0.1590565571849416D-10 -0.1741029717947606D-10
 -0.1904675223129397D-10 -0.2084581968444294D-10 -0.2281031838919994D-10
 -0.2496052419353201D-10 -0.2731658972693374D-10 -0.2989504424402566D-10
 -0.3271093819718684D-10 -0.3579272085151045D-10 -0.3916778760298940D-10
 -0.4286272851197165D-10 -0.4690747504634310D-10 -0.5133186782759795D-10
 -0.5616494119190547D-10 -0.6146783731565876D-10 -0.6725994425337194D-10
 -0.7360460335449400D-10 -0.8055092181621092D-10 -0.8813985635676583D-10
 -0.9645739951243012D-10 -0.1055586724750662D-09 -0.1155083394941949D-09
 -0.1264018649135876D-09 -0.1383216313052289D-09 -0.1513684114947743D-09
 -0.1656423039317301D-09 -0.1812653160569362D-09 -0.1983598197220656D-09
 -0.2170696345269807D-09 -0.2375400342230211D-09 -0.2599446736023104D-09
 -0.2844568040465642D-09 -0.3112829794196537D-09 -0.3406424877243080D-09
 -0.3727676229204320D-09 -0.4079244379583350D-09 -0.4463961239340451D-09
 -0.4884960571335109D-09 -0.5345647006534989D-09 -0.5849821155694244D-09
 -0.6401528828630297D-09 -0.7005232355576848D-09 -0.7665934247761847D-09
 -0.8388870521812116D-09 -0.9180051366706721D-09 -0.1004585125709670D-08
 -0.1099326558293930D-08 -0.1203010418989924D-08 -0.1316463845095442D-08
 -0.1440623070599085D-08 -0.1576485857746198D-08 -0.1725164887555539D-08
 -0.1887860984419788D-08 -0.2065913317788829D-08 -0.2260749655313840D-08
 -0.2473958204714750D-08 -0.2707278904004912D-08 -0.2962616476223862D-08
 -0.3242024079370980D-08 -0.3547779144829619D-08 -0.3882373384158558D-08
 -0.4248520823163008D-08 -0.4649204673749132D-08 -0.5087675264100721D-08
 -0.5567500064578167D-08 -0.6092576552372678D-08 -0.6667169300371773D-08
 -0.7295962394017328D-08 -0.7984054843789800D-08 -0.8737037037578004D-08
 -0.9561036712793270D-08 -0.1046274692326993D-07 -0.1144950511545460D-07
 -0.1252932178270586D-07 -0.1371097142433032D-07 -0.1500407006216071D-07
 -0.1641911815249267D-07 -0.1796762075581571D-07 -0.1966216984994487D-07
 -0.2151653006776130D-07 -0.2354576980798912D-07 -0.2576640011672367D-07
 -0.2819645884435191D-07 -0.3085569650889633D-07 -0.3376573482155723D-07
 -0.3695021608842776D-07 -0.4043503315301978D-07 -0.4424850480724978D-07
 -0.4842162918450794D-07 -0.5298832325924235D-07 -0.5798571303395175D-07
 -0.6345440795134298D-07 -0.6943886098119113D-07 -0.7598771538328395D-07
 -0.8315420277933251D-07 -0.9099656557857241D-07 -0.9957855127382028D-07
 -0.1089699131748005D-06 -0.1192469837324030D-06 -0.1304933004345268D-06
 -0.1428002660500371D-06 -0.1562679135284014D-06 -0.1710057139910855D-06
 -0.1871334508102244D-06 -0.2047822094718377D-06 -0.2240954436656365D-06
 -0.2452301306974611D-06 -0.2683580542371820D-06 -0.2936671958302625D-06
 -0.3213632699682172D-06 -0.3516713943590922D-06 -0.3848379059606688D-06
 -0.4211323947450375D-06 -0.4608498500056770D-06 -0.5043131057167657D-06
 -0.5518754297064966D-06 -0.6039234065880228D-06 -0.6608800848226010D-06
 -0.7232084107250278D-06 -0.7914149875032367D-06 -0.8660542049028644D-06
 -0.9477327252181174D-06 -0.1037114439928582D-05 -0.1134925838805517D-05
 -0.1241961941020771D-05 -0.1359092731966337D-05 -0.1487270259585506D-05
 -0.1627536350344341D-05 -0.1781031087439744D-05 -0.1949002082422237D-05
 -0.2132814608615487D-05 -0.2333962693981453D-05 -0.2554081272199356D-05
 -0.2794959478291744D-05 -0.3058555174175668D-05 -0.3347010869012050D-05
 -0.3662671134848001D-05 -0.4008101666894610D-05 -0.4386110131688090D-05
 -0.4799768990685999D-05 -0.5252440468836101D-05 -0.5747803890489801D-05
 -0.6289885580489949D-05 -0.6883091588637251D-05 -0.7532243506569568D-05
 -0.8242617654670841D-05 -0.9019987967131214D-05 -0.9870672926527134D-05
 -0.1080158691914603D-04 -0.1182029643003598D-04 -0.1293508155143136D-04
 -0.1415500328321543D-04 -0.1548997716890767D-04 -0.1695085390725789D-04
 -0.1854950753492816D-04 -0.2029893193805728D-04 -0.2221334647473350D-04
 -0.2430831154895790D-04 -0.2660085507611795D-04 -0.2910961089753649D-04
 -0.3185497023323453D-04 -0.3485924741992998D-04 -0.3814686128183328D-04
 -0.4174453361647811D-04 -0.4568150637328424D-04 -0.4998977934817506D-04
 -0.5470437027774253D-04 -0.5986359944688512D-04 -0.6550940117762562D-04
 -0.7168766466388236D-04 -0.7844860695561898D-04 -0.8584718113251301D-04
 -0.9394352295490978D-04 -0.1028034396576285D-03 -0.1124989448224705D-03
 -0.1231088437152671D-03 -0.1347193738104391D-03 -0.1474249057366792D-03
 -0.1613287103149273D-03 -0.1765437979556779D-03 -0.1931938372014696D-03
 -0.2114141599125216D-03 -0.2313528612460687D-03 -0.2531720033739819D-03
 -0.2770489327310835D-03 -0.3031777214870802D-03 -0.3317707449731797D-03
 -0.3630604078693928D-03 -0.3973010331971516D-03 -0.4347709294592540D-03
 -0.4757746527414016D-03 -0.5206454821453312D-03 -0.5697481286909463D-03
 -0.6234816996967343D-03 -0.6822829427271395D-03 -0.7466297954908392D-03
 -0.8170452705233976D-03 -0.8941017062494212D-03 -0.9784254189559665D-03
 -0.1070701793506954D-02 -0.1171680854165792D-02 -0.1282183360804786D-02
 -0.1403107480060877D-02 -0.1535436085652662D-02 -0.1680244747196273D-02
 -0.1838710472459442D-02 -0.2012121274101334D-02 -0.2201886638670299D-02
 -0.2409548982936234D-02 -0.2636796190686816D-02 -0.2885475331880335D-02
 -0.3157607675669750D-02 -0.3455405119318737D-02 -0.3781288166549083D-02
 -0.4137905601443731D-02 -0.4528156017816407D-02 -0.4955211379044898D-02
 -0.5422542799851715D-02 -0.5933948759596928D-02 -0.6493585976396293D-02
 -0.7106003193008487D-02 -0.7776178149115139D-02 -0.8509558040483580D-02
 -0.9312103793893023D-02 -0.1019033851766394D-01 -0.1115140052161862D-01
 -0.1220310133740895D-01 -0.1335398921080636D-01 -0.1461341858201711D-01
 -0.1599162611876586D-01 -0.1749981392013790D-01 -0.1915024056747364D-01
 -0.2095632076236489D-01 -0.2293273436162708D-01 -0.2509554569547458D-01
 -0.2746233413872649D-01 -0.3005233699632439D-01 -0.3288660586454133D-01
 -0.3598817773878881D-01 -0.3938226225878450D-01 -0.4309644661302279D-01
 -0.4716091976800635D-01 -0.5160871784478481D-01 -0.5647599263722351D-01
 -0.6180230545452423D-01 -0.6763094867635489D-01 -0.7400929763420278D-01
 -0.8098919567903372D-01 -0.8862737556511460D-01 -0.9698592057499958D-01
 -0.1061327691337232D+00 -0.1161422670137119D+00 -0.1270957716187418D+00
 -0.1390823132585849D+00 -0.1521993187891923D+00 -0.1665534035001696D+00
 -0.1822612376860403D+00 -0.1994504949447851D+00 -0.2182608899114612D+00
 -0.2388453138616231D+00
    1 1000  327
  0.0000000000000000D+00  0.4091945127735517D-13  0.4534652492640995D-13
  0.5056058794188098D-13  0.5434908617598366D-13  0.6001224431731564D-13
  0.6559207984624927D-13  0.7068618297073630D-13  0.7768181077778635D-13
  0.8671658151088625D-13  0.9444839139987558D-13  0.1044744271832511D-12
  0.1143130521824656D-12  0.1241414726401875D-12  0.1381051103685300D-12
  0.1499933429581662D-12  0.1642004737082200D-12  0.1780208817685236D-12
  0.1975988261718292D-12  0.2148311367519429D-12  0.2362251779342769D-12
  0.2585852118809888D-12  0.2827977935141188D-12  0.3109986804546352D-12
  0.3396267393885831D-12  0.3720226197442293D-12  0.4065427113285011D-12
  0.4438279679654682D-12  0.4869332305588222D-12  0.5344449348053211D-12
  0.5843144902595487D-12  0.6381227341633491D-12  0.7006235176224601D-12
  0.7657759166926610D-12  0.8377379887137842D-12  0.9172402128614403D-12
  0.1003886303152061D-11  0.1097780707296408D-11  0.1202508223725913D-11
  0.1316216702318461D-11  0.1441764285180266D-11  0.1576710171976570D-11
  0.1724991641212261D-11  0.1887823996207324D-11  0.2068450586696611D-11
  0.2263288554515573D-11  0.2475842117498814D-11  0.2709507466385656D-11
  0.2965158619741410D-11  0.3244361748242102D-11  0.3551315191490821D-11
  0.3886295552358012D-11  0.4252193602631475D-11  0.4653213352679645D-11
  0.5094262225599484D-11  0.5573467680637085D-11  0.6099773309727651D-11
  0.6673819978562006D-11  0.7304293274133023D-11  0.7993032246695561D-11
  0.8749325270907859D-11  0.9572429809826388D-11  0.1047645731450267D-10
  0.1146292127228262D-10  0.1254599221602791D-10  0.1372938018773215D-10
  0.1502423217641259D-10  0.1643998717782954D-10  0.1799190272784425D-10
  0.1969017811284900D-10  0.2154639493159665D-10  0.2357689760984033D-10
  0.2580163275727033D-10  0.2823478400280791D-10  0.3089782534610458D-10
  0.3381350536380774D-10  0.3700055873449179D-10  0.4049089737577774D-10
  0.4430955227152686D-10  0.4848811388590390D-10  0.5306251925016855D-10
  0.5806607640996302D-10  0.6354343807689339D-10  0.6953635835534771D-10
  0.7609409093135034D-10  0.8327058141067915D-10  0.9112497286436590D-10
  0.9971942867439898D-10  0.1091243891714064D-09  0.1194153102882535D-09
  0.1306779834990868D-09  0.1430018939042869D-09  0.1564891138555959D-09
  0.1712479715128724D-09  0.1873980452468110D-09  0.2050730106013743D-09
  0.2244132350691689D-09  0.2455795784857215D-09  0.2687387938984207D-09
  0.2940852432964385D-09  0.3218194168137292D-09  0.3521714774598677D-09
  0.3853837294884056D-09  0.4217323756960981D-09  0.4615058194382022D-09
  0.5050319696692348D-09  0.5526599499950310D-09  0.6047832973906583D-09
  0.6618215160214876D-09  0.7242379009056910D-09  0.7925430750396110D-09
  0.8672876622863127D-09  0.9490824683653088D-09  0.1038592296330234D-08
  0.1136543337313375D-08  0.1243731941528368D-08  0.1361030024752816D-08
  0.1489391598529572D-08  0.1629856254094482D-08  0.1783570076616766D-08
  0.1951781219574520D-08  0.2135856223182643D-08  0.2337290849577310D-08
  0.2557723316934912D-08  0.2798944466328083D-08  0.3062916405315055D-08
  0.3351784780368772D-08  0.3667893523704027D-08  0.4013817454078446D-08
  0.4392365059686785D-08  0.4806614417830679D-08  0.5259932017420809D-08
  0.5756001838532364D-08  0.6298856705833607D-08  0.6892908526752277D-08
  0.7542987804697135D-08  0.8254374990818111D-08  0.9032854197983625D-08
  0.9884752532747734D-08  0.1081699510442504D-07  0.1183715691524330D-07
  0.1295353220404180D-07  0.1417519486516076D-07  0.1551207260854241D-07
  0.1697503334195788D-07  0.1857596716939013D-07  0.2032788821432007D-07
  0.2224503289744437D-07  0.2434298671488937D-07  0.2663880088771663D-07
  0.2915113553701886D-07  0.3190041127195990D-07  0.3490897335272755D-07
  0.3820127754414612D-07  0.4180408241714941D-07  0.4574667144246918D-07
  0.5006108977021992D-07  0.5478240713950015D-07  0.5994899602065078D-07
  0.6560285206959861D-07  0.7178992858904003D-07  0.7856051498527781D-07
  0.8596964371322945D-07  0.9407753627514743D-07  0.1029500914965835D-06
  0.1126594274160918D-06  0.1232844615655609D-06  0.1349115556903102D-06
  0.1476352120502869D-06  0.1615588509732674D-06  0.1767956434745872D-06
  0.1934694345200005D-06  0.2117157485718676D-06  0.2316828936399433D-06
  0.2535331622367451D-06  0.2774441528262744D-06  0.3036102154043745D-06
  0.3322440283946190D-06  0.3635783262911479D-06  0.3978677978625835D-06
  0.4353911463497156D-06  0.4764533623665672D-06  0.5213882017491979D-06
  0.5705608957187110D-06  0.6243711194853536D-06  0.6832562446145117D-06
  0.7476948905628012D-06  0.8182108160956780D-06  0.8953771758875463D-06
  0.9798211797926308D-06  0.1072229189458691D-05  0.1173352301004351D-05
  0.1284012443864803D-05  0.1405109066095732D-05  0.1537626443247535D-05
  0.1682641680753271D-05  0.1841333463906437D-05  0.2014991642581060D-05
  0.2205027713962002D-05  0.2412986296542200D-05  0.2640557681501907D-05
  0.2889591573106581D-05  0.3162112124604541D-05  0.3460334387796147D-05
  0.3786682319320749D-05  0.4143808483048653D-05  0.4534615606874806D-05
  0.4962280178817497D-05  0.5430278265976219D-05  0.5942413765956256D-05
  0.6502849327293080D-05  0.7116140180555139D-05  0.7787271166997001D-05
  0.8521697253452146D-05  0.9325387869400243D-05  0.1020487542854212D-04
  0.1116730842481533D-04  0.1222050953212963D-04  0.1337303919158529D-04
  0.1463426518754591D-04  0.1601443879052907D-04  0.1752477808008014D-04
  0.1917755912475135D-04  0.2098621576286600D-04  0.2296544879241192D-04
  0.2513134545998388D-04  0.2750151021867103D-04  0.3009520781543145D-04
  0.3293351987755481D-04  0.3603951626353703D-04  0.3943844257674727D-04
  0.4315792535831703D-04  0.4722819664100968D-04  0.5168233967350143D-04
  0.5655655782138333D-04  0.6189046882954747D-04  0.6772742683625907D-04
  0.7411487475532829D-04  0.8110472989422059D-04  0.8875380593918623D-04
  0.9712427473613403D-04  0.1062841716275820D-03  0.1163079484426922D-03
  0.1272770786452834D-03  0.1392807195497643D-03  0.1524164369952163D-03
  0.1667909983624488D-03  0.1825212403804834D-03  0.1997350187786645D-03
  0.2185722475000108D-03  0.2391860359260793D-03  0.2617439333508749D-03
  0.2864292908268209D-03  0.3134427514450716D-03  0.3430038811668356D-03
  0.3753529534597932D-03  0.4107529022463771D-03  0.4494914590351995D-03
  0.4918834916091446D-03  0.5382735632774107D-03  0.5890387334926048D-03
  0.6445916225979592D-03  0.7053837656137332D-03  0.7719092823239166D-03
  0.8447088934906731D-03  0.9243743158443231D-03  0.1011553071569534D-02
  0.1106953751378538D-02  0.1211351773950659D-02  0.1325595688551794D-02
  0.1450614072059272D-02  0.1587423076455217D-02  0.1737134688129030D-02
  0.1900965766127004D-02  0.2080247932806318D-02  0.2276438397290064D-02
  0.2491131799691325D-02  0.2726073172382542D-02  0.2983172123652395D-02
  0.3264518359042888D-02  0.3572398666517533D-02  0.3909315503521292D-02
  0.4278007337005780D-02  0.4681470901744920D-02  0.5122985557856458D-02
  0.5606139945508171D-02  0.6134861153458303D-02  0.6713446638514242D-02
  0.7346599155348656D-02  0.8039464980586147D-02  0.8797675741845279D-02
  0.9627394191722647D-02  0.1053536429877260D-01  0.1152896606262179D-01
  0.1261627549875715D-01  0.1380613028054507D-01  0.1510820157202194D-01
  0.1653307263531290D-01  0.1809232485160384D-01  0.1979863185484447D-01
  0.2166586254330447D-01  0.2370919380626327D-01  0.2594523388207634D-01
  0.2839215735027745D-01  0.3106985285493192D-01  0.3400008475994458D-01
  0.3720667005025484D-01  0.4071567191677744D-01  0.4455561159855288D-01
  0.4875770020396181D-01  0.5335609239525325D-01  0.5838816399833981D-01
  0.6389481579427522D-01  0.6992080596164008D-01  0.7651511387193607D-01
  0.8373133819491788D-01  0.9162813254968175D-01  0.1002696822424800D+00
  0.1097262259662060D+00  0.1200746267019304D+00  0.1313989964627823D+00
  0.1437913799581155D+00  0.1573525027347950D+00  0.1721925898764983D+00
  0.1884322619154605D+00  0.2062035152386246D+00  0.2256507949569795D+00
  0.2469321689583855D+00
    1 1000  327
  0.0000000000000000D+00 -0.3218411764967933D-15 -0.4518832616952587D-15
  0.1707334542086316D-15 -0.1626983451035854D-15 -0.5083836442375050D-15
 -0.3709922083068163D-15 -0.2290828127618769D-16 -0.8040931017186469D-15
 -0.1720708399818334D-15 -0.6824630807694991D-15  0.2669014943606025D-15
 -0.5187906452194516D-15 -0.5158269057131030D-15 -0.2232615039540888D-15
 -0.2252431034059936D-15 -0.4953681571751523D-15  0.1618955958481560D-15
 -0.1419229338140864D-14 -0.7263040610178738D-15 -0.1089497098874166D-14
 -0.2472886204799431D-15 -0.8485837869383212D-15 -0.7470739615958919D-15
 -0.6734587468059608D-17 -0.1222778687634888D-15  0.7842609332728422D-15
 -0.6387331447187088D-15 -0.3472371632252624D-15 -0.1273092175091546D-14
 -0.1334971732213679D-14 -0.5644056450691126D-15 -0.1180951583139916D-14
 -0.9914969110231737D-15  0.4618130452634264D-16 -0.1513937747852200D-14
 -0.4817437221766656D-15 -0.6207544070042268D-15  0.5916933075141503D-15
 -0.6051674544043909D-15 -0.9680543241691995D-17 -0.1052208644654493D-14
  0.7462427455891516D-15 -0.2772258951891598D-15 -0.1356740920188797D-14
  0.4600383219596064D-15  0.4838071643861678D-15  0.1310863501166365D-15
  0.1746411194846948D-15 -0.4263483985807022D-16 -0.4531202003381092D-15
 -0.5620126804707880D-15 -0.1544611746030545D-15 -0.2047891379477109D-15
  0.6844669145595020D-16  0.3167690756212290D-15  0.4552201862345258D-15
 -0.1550651279925668D-15  0.2289016134927139D-15  0.6380451997210697D-15
 -0.5544031014959349D-15  0.7629307885614340D-15  0.1500721644643051D-14
  0.1090429571315727D-14  0.1675506987312158D-14  0.2240819747037700D-14
  0.2122257527050167D-14  0.1456756536936084D-14  0.2623259078217073D-14
  0.2709451964446294D-14  0.3573557548915076D-14  0.3669946609856555D-14
  0.3815804025586277D-14  0.4798309026762618D-14  0.5365957443252927D-14
  0.5532319962406863D-14  0.7975768143983250D-14  0.8744103168210255D-14
  0.9081978693485995D-14  0.1051482624715590D-13  0.1212308135291326D-13
  0.1335523707595493D-13  0.1483575458969830D-13  0.1747834031115777D-13
  0.1982782760469072D-13  0.2213978808490784D-13  0.2555835023762134D-13
  0.2717965721800380D-13  0.3174575397067263D-13  0.3660229074145950D-13
  0.4148817497590978D-13  0.4531259453204257D-13  0.5250823601572188D-13
  0.5776592613333493D-13  0.6620481183736490D-13  0.7432718034498993D-13
  0.8460653457253481D-13  0.9518226704580599D-13  0.1065810930702870D-12
  0.1208328751825621D-12  0.1362033814986578D-12  0.1524631976180604D-12
  0.1728048557416353D-12  0.1952021443518258D-12  0.2208638256303155D-12
  0.2482270971576851D-12  0.2800603427163986D-12  0.3150417964075563D-12
  0.3565418950966739D-12  0.4016933469505957D-12  0.4531529305200321D-12
  0.5111999868672587D-12  0.5766776009830640D-12  0.6506940089603135D-12
  0.7338145936149472D-12  0.8275557577201176D-12  0.9310003599553260D-12
  0.1052705011514055D-11  0.1185566187816398D-11  0.1337215947726838D-11
  0.1507373789352380D-11  0.1700129382972676D-11  0.1917524679760285D-11
  0.2162525508951734D-11  0.2440310008088732D-11  0.2749206321892432D-11
  0.3101476570111800D-11  0.3497194908169755D-11  0.3944437309312356D-11
  0.4448389220011464D-11  0.5015750744906443D-11  0.5656971519238429D-11
  0.6379679800139630D-11  0.7193584584272271D-11  0.8112036236627634D-11
  0.9148813551437287D-11  0.1031497978998076D-10  0.1163352714524627D-10
  0.1311877597848576D-10  0.1479366347222661D-10  0.1668227333757777D-10
  0.1881295852059849D-10  0.2121420280715827D-10  0.2392329373958638D-10
  0.2697899344673570D-10  0.3042393207483296D-10  0.3430728932953046D-10
  0.3868917993938538D-10  0.4362858007533116D-10  0.4919898713857931D-10
  0.5548113220839625D-10  0.6256563697429934D-10  0.7055419796245188D-10
  0.7956216719263224D-10  0.8972235962866642D-10  0.1011784307564881D-09
  0.1140977087720975D-09  0.1286660225660771D-09  0.1450949338644648D-09
  0.1636210016187244D-09  0.1845138583567914D-09  0.2080726029767674D-09
  0.2346397329761843D-09  0.2646003522726134D-09  0.2983850752449552D-09
  0.3364843853556054D-09  0.3794493886479820D-09  0.4278985353597314D-09
  0.4825353109988982D-09  0.5441471934017064D-09  0.6136271770020719D-09
  0.6919785079056055D-09  0.7803335757331278D-09  0.8799695080008556D-09
  0.9923286696747897D-09  0.1119034240763685D-08  0.1261917670660942D-08
  0.1423045077485600D-08  0.1604746427969238D-08  0.1809648424826970D-08
  0.2040713180417520D-08  0.2301281050306997D-08  0.2595120172904417D-08
  0.2926477406544493D-08  0.3300144416672519D-08  0.3721521999533252D-08
  0.4196705153884351D-08  0.4732560339923125D-08  0.5336836416152127D-08
  0.6018269481985580D-08  0.6786710782519494D-08  0.7653271457521607D-08
  0.8630478115394851D-08  0.9732459489209899D-08  0.1097514628448054D-07
  0.1237650601398438D-07  0.1395679825612393D-07  0.1573886957028815D-07
  0.1774848493796310D-07  0.2001469691485129D-07  0.2257027014433928D-07
  0.2545215087676540D-07  0.2870200466176310D-07  0.3236681546435392D-07
  0.3649956654401657D-07  0.4116000743426652D-07  0.4641551587410659D-07
  0.5234207320545845D-07  0.5902536199889903D-07  0.6656200520888927D-07
  0.7506096345975703D-07  0.8464510963859204D-07  0.9545300610849958D-07
  0.1076409067119778D-06  0.1213850173971550D-06  0.1368840425874940D-06
  0.1543620580197533D-06  0.1740717512537393D-06  0.1962980726698198D-06
  0.2213623584017274D-06  0.2496269734937357D-06  0.2815005506579981D-06
  0.3174439005573490D-06  0.3579766704879946D-06  0.4036848603057850D-06
  0.4552292921402137D-06  0.5133551665530385D-06  0.5789028331140779D-06
  0.6528199421612948D-06  0.7361751444219810D-06  0.8301735418607176D-06
  0.9361741082862313D-06  0.1055709339032914D-05  0.1190507404409779D-05
  0.1342517138705663D-05  0.1513936209342365D-05  0.1707242894829163D-05
  0.1925231911189552D-05  0.2171054817979686D-05  0.2448265580253706D-05
  0.2760871951323583D-05  0.3113393413171595D-05  0.3510926517786916D-05
  0.3959218568381635D-05  0.4464750712695985D-05  0.5034831642468928D-05
  0.5677703257565517D-05  0.6402659825063607D-05  0.7220182347415171D-05
  0.8142090093001758D-05  0.9181711471029500D-05  0.1035407672647540D-04
  0.1167613523882061D-04  0.1316700056556086D-04  0.1484822677618829D-04
  0.1674412006732577D-04  0.1888209016812741D-04  0.2129304661516042D-04
  0.2401184562278117D-04  0.2707779401580761D-04  0.3053521750383588D-04
  0.3443410151736109D-04  0.3883081386802709D-04  0.4378891968136848D-04
  0.4938010038559726D-04  0.5568519003997637D-04  0.6279534398671983D-04
  0.7081335672123595D-04  0.7985514803750894D-04  0.9005143892830808D-04
  0.1015496414738058D-03  0.1145159900405249D-03  0.1291379446019016D-03
  0.1456269009254182D-03  0.1642212468109392D-03  0.1851898085641394D-03
  0.2088357375307919D-03  0.2355008928849925D-03  0.2655707840305040D-03
  0.2994801440728240D-03  0.3377192149408162D-03  0.3808408350187454D-03
  0.4294684317654447D-03  0.4843050348687483D-03  0.5461434402407899D-03
  0.6158776718040931D-03  0.6945159067727082D-03  0.7831950512955292D-03
  0.8831971771880080D-03  0.9959680573855276D-03  0.1123138068093325D-02
  0.1266545759822587D-02  0.1428264438091547D-02  0.1610632138078226D-02
  0.1816285426581652D-02  0.2048197519980609D-02  0.2309721269277574D-02
  0.2604637633680951D-02  0.2937210343527139D-02  0.3312247542830308D-02
  0.3735171302648723D-02  0.4212096010254318D-02  0.4749916767410136D-02
  0.5356409075766062D-02  0.6040341250567407D-02  0.6811601187888645D-02
  0.7681339318120186D-02  0.8662129812445544D-02  0.9768152372940419D-02
  0.1101539723451038D-01  0.1242189634246375D-01  0.1400798404795568D-01
  0.1579659109028294D-01  0.1781357611625907D-01  0.2008809952958510D-01
  0.2265304507510972D-01  0.2554549525300733D-01  0.2880726743613125D-01
  0.3248551844142010D-01  0.3663342629590204D-01  0.4131095905387135D-01
  0.4658574178035674D-01  0.5253403423522594D-01  0.5924183339271356D-01
  0.6680611673597200D-01  0.7533624430146779D-01  0.8495553974318017D-01
  0.9580307327471178D-01
    1 1000  327
  0.0000000000000000D+00 -0.4897344994901397D-15  0.1416220367097588D-14
 -0.6417790122335777D-15  0.4446580290063026D-15 -0.3166996143538607D-15
  0.1235458405829147D-14 -0.1479394569976724D-14 -0.9513785556873404D-15
 -0.5482344021754653D-15 -0.3647208640142368D-15  0.1222858159054000D-14
 -0.1339882772324461D-15  0.1470125904355859D-15 -0.9566763946289008D-15
  0.2783405028535026D-15 -0.9768844723785696D-15  0.1062555367997410D-14
  0.8283372109637343D-15  0.3701897572100525D-15 -0.6571070328571483D-15
  0.9492603979330845D-15 -0.3494662609267699D-15 -0.2115603358461547D-16
 -0.1688014048320879D-14 -0.8412193106587886D-15 -0.1572196006333785D-15
 -0.1049042275741709D-14 -0.7143272611654318D-15 -0.1826445616752920D-14
 -0.8983713538420108D-15  0.1607997982231141D-16 -0.1177959255151813D-14
 -0.1541626450309057D-15 -0.5331457840214575D-15 -0.1914045211366852D-15
 -0.9848482393126706D-15 -0.1219577237963768D-14 -0.1329939009919438D-14
 -0.2186791585881859D-15 -0.7989978326325409D-15  0.1875281153434616D-15
 -0.2276426649106522D-14 -0.7438903582128420D-15  0.7404692405490995D-16
 -0.1204414664285635D-14  0.3565401290865904D-15 -0.7574320945212095D-15
 -0.1681940467422310D-14 -0.1211357465345717D-14  0.2144129542427476D-15
 -0.1001698286946221D-14 -0.1934943277909442D-14 -0.1532316454983038D-14
 -0.1727461565521192D-14 -0.2175224150381006D-14 -0.6059128223142270D-15
 -0.2141290743053793D-14 -0.2150490399322804D-14 -0.2506373247424590D-14
 -0.2322067118297379D-14 -0.3118656065642784D-14 -0.3584876006045024D-14
 -0.4133614647397069D-14 -0.3861636259454281D-14 -0.4301305149468498D-14
 -0.5674702357228658D-14 -0.6749041251941739D-14 -0.6951244123858571D-14
 -0.8802141849481929D-14 -0.7035333298709781D-14 -0.1032125928345367D-13
 -0.1159377699719105D-13 -0.1265516190332189D-13 -0.1295250954853176D-13
 -0.1621115114506389D-13 -0.1782678095886706D-13 -0.1973820639019531D-13
 -0.2271040101079733D-13 -0.2565463055135004D-13 -0.2815524996525618D-13
 -0.3190099661013136D-13 -0.3524647943670370D-13 -0.4175853300621196D-13
 -0.4588302932631920D-13 -0.5127265623902496D-13 -0.5828421823191481D-13
 -0.6495315084869967D-13 -0.7397368269716321D-13 -0.8351873209940445D-13
 -0.9295519840292176D-13 -0.1065562316449242D-12 -0.1189203548624121D-12
 -0.1354220188977363D-12 -0.1502177905157896D-12 -0.1697224797524951D-12
 -0.1928616751085479D-12 -0.2169880348475012D-12 -0.2449485012675783D-12
 -0.2749251863203695D-12 -0.3106736707503077D-12 -0.3503553956521081D-12
 -0.3941570138248773D-12 -0.4444321529740742D-12 -0.5017946225161066D-12
 -0.5676197912081817D-12 -0.6379120393284310D-12 -0.7188436772073425D-12
 -0.8119620725060993D-12 -0.9158826494444443D-12 -0.1032574931463105D-11
 -0.1163556282263872D-11 -0.1313343366728603D-11 -0.1478591785831089D-11
 -0.1668537724656173D-11 -0.1881883041870058D-11 -0.2120861183707796D-11
 -0.2391603068039982D-11 -0.2698186280713257D-11 -0.3041216029431863D-11
 -0.3430597582509627D-11 -0.3867425919072839D-11 -0.4362061020042450D-11
 -0.4918009568819343D-11 -0.5546045945096578D-11 -0.6255269313730258D-11
 -0.7054252292157895D-11 -0.7954777505718866D-11 -0.8969640814198436D-11
 -0.1011537131537236D-10 -0.1140583078152607D-10 -0.1286298096928155D-10
 -0.1450517225902974D-10 -0.1635814001613895D-10 -0.1844665997036451D-10
 -0.2080214823074452D-10 -0.2345788859476679D-10 -0.2645263141011109D-10
 -0.2983107394560132D-10 -0.3363948956025498D-10 -0.3793449047745079D-10
 -0.4277862054447063D-10 -0.4823950828116821D-10 -0.5439857787723829D-10
 -0.6134565634131064D-10 -0.6917808756541305D-10 -0.7801043390288114D-10
 -0.8797219332651359D-10 -0.9920530734430222D-10 -0.1118718236319978D-09
 -0.1261569888879691D-09 -0.1422651784668909D-09 -0.1604287783078849D-09
 -0.1809142242606851D-09 -0.2040140230603112D-09 -0.2300639581174862D-09
 -0.2594382739787586D-09 -0.2925649188394668D-09 -0.3299206992553173D-09
 -0.3720463995413866D-09 -0.4195510759176892D-09 -0.4731217941232272D-09
 -0.5335314338325964D-09 -0.6016570044448836D-09 -0.6784785006669778D-09
 -0.7651093616262907D-09 -0.8628025443613410D-09 -0.9729696191666800D-09
 -0.1097203202680786D-08 -0.1237298557112608D-08 -0.1395283629957214D-08
 -0.1573439315307244D-08 -0.1774342947775680D-08 -0.2000901214721675D-08
 -0.2256385349725593D-08 -0.2544491586150134D-08 -0.2869384257400718D-08
 -0.3235761501463389D-08 -0.3648917360357574D-08 -0.4114830758026077D-08
 -0.4640231433458023D-08 -0.5232718927726134D-08 -0.5900857515864240D-08
 -0.6654306953114959D-08 -0.7503961648866937D-08 -0.8462103454738631D-08
 -0.9542585514757190D-08 -0.1076102899381562D-07 -0.1213504855671999D-07
 -0.1368451117962622D-07 -0.1543181458484879D-07 -0.1740222397392186D-07
 -0.1962422404974837D-07 -0.2212994036139035D-07 -0.2495559694805368D-07
 -0.2814204864189886D-07 -0.3173536057339734D-07 -0.3578748506588727D-07
 -0.4035700387338667D-07 -0.4550998081602103D-07 -0.5132091519167220D-07
 -0.5787381733956586D-07 -0.6526342657159758D-07 -0.7359657509374595D-07
 -0.8299374158261890D-07 -0.9359078286544196D-07 -0.1055409059940843D-06
 -0.1190168782326482D-06 -0.1342135284311879D-06 -0.1513505591440799D-06
 -0.1706757297180667D-06 -0.1924684313849021D-06 -0.2170437295016872D-06
 -0.2447569214163456D-06 -0.2760086667145538D-06 -0.3112507861378047D-06
 -0.3509927894535525D-06 -0.3958092431732547D-06 -0.4463480791299709D-06
 -0.5033399569670447D-06 -0.5676088329069643D-06 -0.6400838693466801D-06
 -0.7218128683577777D-06 -0.8139774209220476D-06 -0.9179099884787781D-06
 -0.1035113167832108D-05 -0.1167281415180106D-05 -0.1316325543033067D-05
 -0.1484400344350389D-05 -0.1673935747438063D-05 -0.1887671946453822D-05
 -0.2128699015485035D-05 -0.2400501584740986D-05 -0.2707009217915944D-05
 -0.3052653225916542D-05 -0.3442430729535396D-05 -0.3881976907597793D-05
 -0.4377646463798518D-05 -0.4936605502139691D-05 -0.5566935129593995D-05
 -0.6277748287433197D-05 -0.7079321501630737D-05 -0.7983243454260274D-05
 -0.9002582526323693D-05 -0.1015207573315134D-04 -0.1144834178317558D-04
 -0.1291012134162953D-04 -0.1455854797263328D-04 -0.1641745367536728D-04
 -0.1851371343411546D-04 -0.2087763376073802D-04 -0.2354339084920775D-04
 -0.2654952467465002D-04 -0.2993949618236438D-04 -0.3376231562126605D-04
 -0.3807325110460123D-04 -0.4293462764649516D-04 -0.4841672821912045D-04
 -0.5459880986362672D-04 -0.6157024954325702D-04 -0.6943183630359557D-04
 -0.7829722842213274D-04 -0.8829459661388626D-04 -0.9956847704960123D-04
 -0.1122818609766282D-03 -0.1266185511513253D-03 -0.1427858191537231D-03
 -0.1610174020003678D-03 -0.1815768813778852D-03 -0.2047614943560067D-03
 -0.2309064306687029D-03 -0.2603896786935056D-03 -0.2936374901892583D-03
 -0.3311305427971276D-03 -0.3734108894015506D-03 -0.4210897948156563D-03
 -0.4748565730958654D-03 -0.5354885532457365D-03 -0.6038623173892366D-03
 -0.6809663738887781D-03 -0.7679154486275631D-03 -0.8659666010721525D-03
 -0.9765373981115110D-03 -0.1101226408420249D-02 -0.1241836313639395D-02
 -0.1400399970507449D-02 -0.1579209800726398D-02 -0.1780850933470534D-02
 -0.2008238579689703D-02 -0.2264660178544226D-02 -0.2553822925300300D-02
 -0.2879907367816144D-02 -0.3247627846486841D-02 -0.3662300651452739D-02
 -0.4129920882449760D-02 -0.4657249122495865D-02 -0.5251909178493280D-02
 -0.5922498301821589D-02 -0.6678711482429505D-02 -0.7531481613395487D-02
 -0.8493137552377055D-02 -0.9577582365108792D-02 -0.1080049432789050D-01
 -0.1217955359504461D-01 -0.1373469780836755D-01 -0.1548841034403143D-01
 -0.1746604536424197D-01 -0.1969619437306016D-01 -0.2221109957584284D-01
 -0.2504712001841192D-01 -0.2824525724512306D-01 -0.3185174807549647D-01
 -0.3591873306942778D-01 -0.4050501034526599D-01 -0.4567688564902548D-01
 -0.5150913096453449D-01 -0.5808606552356307D-01 -0.6550277484453670D-01
 -0.7386648542400449D-01 -0.8329811495535126D-01 -0.9393402048691582D-01
 -0.1059279697933839D+00 -0.1194533644613995D+00 -0.1347057468294750D+00
 -0.1519056270261050D+00 -0.1713016709777449D+00 -0.1931742954770501D+00
 -0.2178397222867894D+00
