  0.8350000000000000D+01    4
  0.2211313321219523D+01
    1  315    7
  327  327  327  327  327  327  327
  0.1944326429245240D-01  0.0000000000000000D+00  0.0000000000000000D+00
  0.0000000000000000D+00  0.0000000000000000D+00  0.0000000000000000D+00
  0.0000000000000000D+00  0.0000000000000000D+00  0.0000000000000000D+00
  0.0000000000000000D+00  0.0000000000000000D+00  0.0000000000000000D+00
  0.0000000000000000D+00  0.0000000000000000D+00  0.0000000000000000D+00
  0.0000000000000000D+00  0.0000000000000000D+00  0.0000000000000000D+00
  0.0000000000000000D+00  0.0000000000000000D+00  0.0000000000000000D+00
  0.0000000000000000D+00  0.0000000000000000D+00  0.0000000000000000D+00
  0.0000000000000000D+00  0.0000000000000000D+00  0.0000000000000000D+00
  0.0000000000000000D+00  0.0000000000000000D+00  0.0000000000000000D+00
  0.0000000000000000D+00  0.0000000000000000D+00  0.0000000000000000D+00
  0.0000000000000000D+00  0.0000000000000000D+00  0.0000000000000000D+00
  0.0000000000000000D+00  0.0000000000000000D+00  0.0000000000000000D+00
  0.0000000000000000D+00  0.0000000000000000D+00  0.0000000000000000D+00
  0.0000000000000000D+00  0.0000000000000000D+00  0.0000000000000000D+00
  0.0000000000000000D+00  0.0000000000000000D+00  0.0000000000000000D+00
  0.0000000000000000D+00  0.0000000000000000D+00  0.0000000000000000D+00
  0.0000000000000000D+00  0.0000000000000000D+00  0.0000000000000000D+00
  0.0000000000000000D+00  0.0000000000000000D+00  0.0000000000000000D+00
  0.0000000000000000D+00  0.0000000000000000D+00  0.0000000000000000D+00
  0.0000000000000000D+00  0.0000000000000000D+00  0.0000000000000000D+00
  0.0000000000000000D+00  0.0000000000000000D+00  0.0000000000000000D+00
  0.0000000000000000D+00  0.0000000000000000D+00  0.0000000000000000D+00
  0.0000000000000000D+00  0.0000000000000000D+00  0.0000000000000000D+00
  0.0000000000000000D+00  0.0000000000000000D+00  0.0000000000000000D+00
  0.0000000000000000D+00  0.0000000000000000D+00  0.0000000000000000D+00
  0.0000000000000000D+00  0.0000000000000000D+00  0.0000000000000000D+00
  0.0000000000000000D+00  0.0000000000000000D+00  0.0000000000000000D+00
  0.0000000000000000D+00  0.0000000000000000D+00  0.0000000000000000D+00
  0.0000000000000000D+00  0.0000000000000000D+00  0.0000000000000000D+00
  0.0000000000000000D+00  0.0000000000000000D+00  0.0000000000000000D+00
  0.0000000000000000D+00  0.0000000000000000D+00  0.0000000000000000D+00
  0.0000000000000000D+00  0.0000000000000000D+00  0.0000000000000000D+00
  0.0000000000000000D+00  0.0000000000000000D+00  0.0000000000000000D+00
  0.0000000000000000D+00  0.0000000000000000D+00  0.0000000000000000D+00
  0.0000000000000000D+00  0.0000000000000000D+00  0.0000000000000000D+00
  0.0000000000000000D+00  0.0000000000000000D+00  0.0000000000000000D+00
  0.0000000000000000D+00  0.0000000000000000D+00  0.0000000000000000D+00
  0.0000000000000000D+00  0.0000000000000000D+00  0.0000000000000000D+00
  0.0000000000000000D+00  0.0000000000000000D+00  0.0000000000000000D+00
  0.0000000000000000D+00  0.0000000000000000D+00  0.0000000000000000D+00
  0.0000000000000000D+00  0.0000000000000000D+00  0.0000000000000000D+00
  0.0000000000000000D+00  0.0000000000000000D+00  0.0000000000000000D+00
  0.0000000000000000D+00  0.0000000000000000D+00  0.0000000000000000D+00
  0.0000000000000000D+00  0.0000000000000000D+00  0.0000000000000000D+00
  0.0000000000000000D+00  0.0000000000000000D+00  0.0000000000000000D+00
  0.0000000000000000D+00  0.0000000000000000D+00  0.0000000000000000D+00
  0.0000000000000000D+00  0.0000000000000000D+00  0.0000000000000000D+00
  0.0000000000000000D+00  0.0000000000000000D+00  0.0000000000000000D+00
  0.0000000000000000D+00  0.0000000000000000D+00  0.0000000000000000D+00
  0.0000000000000000D+00  0.0000000000000000D+00  0.0000000000000000D+00
  0.0000000000000000D+00  0.0000000000000000D+00  0.0000000000000000D+00
  0.0000000000000000D+00  0.0000000000000000D+00  0.0000000000000000D+00
  0.0000000000000000D+00  0.0000000000000000D+00  0.0000000000000000D+00
  0.0000000000000000D+00  0.0000000000000000D+00  0.0000000000000000D+00
  0.0000000000000000D+00  0.0000000000000000D+00  0.0000000000000000D+00
  0.0000000000000000D+00  0.0000000000000000D+00  0.0000000000000000D+00
  0.0000000000000000D+00  0.0000000000000000D+00  0.0000000000000000D+00
  0.0000000000000000D+00  0.0000000000000000D+00  0.0000000000000000D+00
  0.0000000000000000D+00  0.0000000000000000D+00  0.0000000000000000D+00
  0.0000000000000000D+00  0.0000000000000000D+00  0.0000000000000000D+00
  0.0000000000000000D+00  0.0000000000000000D+00  0.0000000000000000D+00
  0.0000000000000000D+00  0.0000000000000000D+00  0.0000000000000000D+00
  0.0000000000000000D+00  0.0000000000000000D+00  0.0000000000000000D+00
  0.0000000000000000D+00  0.0000000000000000D+00  0.0000000000000000D+00
  0.0000000000000000D+00  0.0000000000000000D+00  0.0000000000000000D+00
  0.0000000000000000D+00  0.0000000000000000D+00  0.0000000000000000D+00
  0.0000000000000000D+00  0.0000000000000000D+00  0.0000000000000000D+00
  0.0000000000000000D+00  0.0000000000000000D+00  0.0000000000000000D+00
  0.0000000000000000D+00  0.0000000000000000D+00  0.0000000000000000D+00
  0.0000000000000000D+00  0.0000000000000000D+00  0.0000000000000000D+00
  0.0000000000000000D+00  0.0000000000000000D+00  0.0000000000000000D+00
  0.0000000000000000D+00  0.0000000000000000D+00  0.0000000000000000D+00
  0.0000000000000000D+00  0.0000000000000000D+00  0.0000000000000000D+00
  0.0000000000000000D+00  0.0000000000000000D+00  0.0000000000000000D+00
  0.0000000000000000D+00  0.0000000000000000D+00  0.0000000000000000D+00
  0.0000000000000000D+00  0.0000000000000000D+00  0.0000000000000000D+00
  0.0000000000000000D+00  0.0000000000000000D+00  0.0000000000000000D+00
  0.0000000000000000D+00  0.0000000000000000D+00  0.0000000000000000D+00
  0.0000000000000000D+00  0.0000000000000000D+00  0.0000000000000000D+00
  0.0000000000000000D+00  0.0000000000000000D+00  0.0000000000000000D+00
  0.0000000000000000D+00  0.0000000000000000D+00  0.0000000000000000D+00
  0.0000000000000000D+00  0.0000000000000000D+00  0.0000000000000000D+00
  0.0000000000000000D+00  0.0000000000000000D+00  0.0000000000000000D+00
  0.0000000000000000D+00  0.0000000000000000D+00  0.0000000000000000D+00
  0.0000000000000000D+00  0.0000000000000000D+00  0.0000000000000000D+00
  0.0000000000000000D+00  0.0000000000000000D+00  0.0000000000000000D+00
  0.0000000000000000D+00  0.0000000000000000D+00  0.0000000000000000D+00
  0.0000000000000000D+00  0.0000000000000000D+00  0.0000000000000000D+00
  0.0000000000000000D+00  0.0000000000000000D+00  0.0000000000000000D+00
  0.0000000000000000D+00  0.0000000000000000D+00  0.0000000000000000D+00
  0.0000000000000000D+00  0.0000000000000000D+00  0.0000000000000000D+00
  0.0000000000000000D+00  0.0000000000000000D+00  0.0000000000000000D+00
  0.0000000000000000D+00  0.0000000000000000D+00  0.0000000000000000D+00
  0.0000000000000000D+00  0.0000000000000000D+00  0.0000000000000000D+00
  0.0000000000000000D+00  0.0000000000000000D+00  0.0000000000000000D+00
  0.0000000000000000D+00  0.0000000000000000D+00  0.0000000000000000D+00
  0.0000000000000000D+00  0.0000000000000000D+00  0.0000000000000000D+00
  0.0000000000000000D+00  0.0000000000000000D+00  0.0000000000000000D+00
  0.0000000000000000D+00  0.0000000000000000D+00  0.0000000000000000D+00
  0.0000000000000000D+00  0.0000000000000000D+00  0.0000000000000000D+00
  0.0000000000000000D+00  0.0000000000000000D+00  0.0000000000000000D+00
  0.0000000000000000D+00  0.0000000000000000D+00  0.0000000000000000D+00
  0.0000000000000000D+00  0.0000000000000000D+00  0.0000000000000000D+00
  0.0000000000000000D+00  0.0000000000000000D+00  0.0000000000000000D+00
  0.0000000000000000D+00  0.1722683778638885D+06  0.1719211433223712D+06
  0.1715733025543481D+06  0.1712248222670241D+06  0.1708756711305853D+06
  0.1705258446665798D+06  0.1701752785859976D+06  0.1698239632396198D+06
  0.1694718431834132D+06  0.1691188852572927D+06  0.1687650477100242D+06
  0.1684102892664466D+06  0.1680545676267630D+06  0.1676978392787203D+06
  0.1673400596358945D+06  0.1669811829723477D+06  0.1666211623918746D+06
  0.1662599497993804D+06  0.1658974958681959D+06  0.1655337500076721D+06
  0.1651686603302337D+06  0.1648021736178522D+06  0.1644342352880186D+06
  0.1640647893591838D+06  0.1636937784156744D+06  0.1633211435720889D+06
  0.1629468244371663D+06  0.1625707590771469D+06  0.1621928839786160D+06
  0.1618131340108482D+06  0.1614314423876642D+06  0.1610477406288035D+06
  0.1606619585208335D+06  0.1602740240776154D+06  0.1598838635003355D+06
  0.1594914011371375D+06  0.1590965594423678D+06  0.1586992589354715D+06
  0.1582994181595658D+06  0.1578969536397239D+06  0.1574917798410120D+06
  0.1570838091263171D+06  0.1566729517140115D+06  0.1562591156355067D+06
  0.1558422066927482D+06  0.1554221284157106D+06  0.1549987820199593D+06
  0.1545720663643425D+06  0.1541418779088942D+06  0.1537081106730264D+06
  0.1532706561940926D+06  0.1528294034864242D+06  0.1523842390009310D+06
  0.1519350465853788D+06  0.1514817074454559D+06  0.1510241001067489D+06
  0.1505621003777636D+06  0.1500955813141267D+06  0.1496244131841164D+06
  0.1491484634356833D+06  0.1486675966651267D+06  0.1481816745876075D+06
  0.1476905560096870D+06  0.1471940968040923D+06  0.1466921498869235D+06
  0.1461845651975282D+06  0.1456711896812842D+06  0.1451518672755424D+06
  0.1446264388989977D+06  0.1440947424447726D+06  0.1435566127775112D+06
  0.1430118817347937D+06  0.1424603781332145D+06  0.1419019277794549D+06
  0.1413363534867351D+06  0.1407634750970179D+06  0.1401831095093733D+06
  0.1395950707149280D+06  0.1389991698388443D+06  0.1383952151897892D+06
  0.1377830123173861D+06  0.1371623640781513D+06  0.1365330707104477D+06
  0.1358949299190105D+06  0.1352477369696106D+06  0.1345912847944659D+06
  0.1339253641090135D+06  0.1332497635406843D+06  0.1325642697703592D+06
  0.1318686676871803D+06  0.1311627405574430D+06  0.1304462702082967D+06
  0.1297190372270094D+06  0.1289808211765779D+06  0.1282314008284716D+06
  0.1274705544133329D+06  0.1266980598904590D+06  0.1259136952369137D+06
  0.1251172387571289D+06  0.1243084694138684D+06  0.1234871671814246D+06
  0.1226531134219445D+06  0.1218060912857567D+06  0.1209458861365916D+06
  0.1200722860025684D+06  0.1191850820538121D+06  0.1182840691075517D+06
  0.1173690461615255D+06  0.1164398169564843D+06  0.1154961905685645D+06
  0.1145379820322340D+06  0.1135650129944850D+06  0.1125771124008726D+06
  0.1115741172139269D+06  0.1105558731643944D+06  0.1095222355356539D+06
  0.1084730699815622D+06  0.1074082533778548D+06  0.1063276747070959D+06
  0.1052312359770238D+06  0.1041188531719759D+06  0.1029904572368833D+06
  0.1018459950931495D+06  0.1006854306854798D+06  0.9950874605851829D+05
  0.9831594246187375D+05  0.9710704148184489D+05  0.9588208619785725D+05
  0.9464114236129720D+05  0.9338429959408742D+05  0.9211167260398602D+05
  0.9082340241319187D+05  0.8951965759643863D+05  0.8820063552431957D+05
  0.8686656360712851D+05  0.8551770053403542D+05  0.8415433750190631D+05
  0.8277679942757743D+05  0.8138544613685569D+05  0.7998067352297742D+05
  0.7856291466670821D+05  0.7713264090970240D+05  0.7569036287218070D+05
  0.7423663140542315D+05  0.7277203846902162D+05  0.7129721792229338D+05
  0.6981284621873840D+05  0.6831964299192504D+05  0.6681837152073398D+05
  0.6530983906147032D+05  0.6379489703399457D+05  0.6227444104872209D+05
  0.6074941076112110D+05  0.5922078954019800D+05  0.5768960393742244D+05
  0.5615692294262035D+05  0.5462385701355571D+05  0.5309155686626655D+05
  0.5156121201370265D+05  0.5003404904087351D+05  0.4851132960554397D+05
  0.4699434815454764D+05  0.4548442934701452D+05  0.4398292517725920D+05
  0.4249121179174658D+05  0.4101068599645944D+05  0.3954276145313670D+05
  0.3808886456523905D+05  0.3665043005712952D+05  0.3522889625282973D+05
  0.3382570006381517D+05  0.3244227169864126D+05  0.3108002911072414D+05
  0.2974037220432080D+05  0.2842467682262879D+05  0.2713428854593111D+05
  0.2587051633180453D+05  0.2463462603354482D+05  0.2342783383709239D+05
  0.2225129966080477D+05  0.2110612056636043D+05  0.1999332423281618D+05
  0.1891386254931225D+05  0.1786860538503624D+05  0.1685833459774629D+05
  0.1588373834432479D+05  0.1494540575840396D+05  0.1404382206098520D+05
  0.1317936417008564D+05  0.1235229687470525D+05  0.1156276963674619D+05
  0.1081081408186598D+05  0.1009634223655609D+05  0.9419145563967182D+04
  0.8778894845128083D+04  0.8175140945221710D+04  0.7607316496504684D+04
  0.7074738520326390D+04  0.6576612000581785D+04  0.6112034409912382D+04
  0.5680001178167798D+04  0.5279412080205196D+04  0.4909078507207922D+04
  0.4567731572550778D+04  0.4254030990050982D+04  0.3966574649469545D+04
  0.3703908801628664D+04  0.3464538753820640D+04  0.3246939987933352D+04
  0.3049569463513214D+04  0.2870877225230813D+04  0.2709317924275994D+04
  0.2563362249871126D+04  0.2431508103851056D+04  0.2312291379494162D+04
  0.2204296208660740D+04  0.2106164546598195D+04  0.2016604971476250D+04
  0.1934400585743379D+04  0.1858415918618712D+04  0.1787602743273916D+04
  0.1721004738291794D+04  0.1657760940545187D+04  0.1597107955412764D+04
  0.1538380909894727D+04  0.1481013154338023D+04  0.1424534738732484D+04
  0.1368569709486422D+04  0.1312832291819527D+04  0.1257122041014969D+04
  0.1201318062363047D+04  0.1145372414345688D+04  0.1089302822135601D+04
  0.1033184838545953D+04  0.9771435969538775D+03  0.9213453052845862D+03
  0.8659886317993567D+03  0.8112961321643470D+03  0.7575058631379809D+03
  0.7048633213145215D+03  0.6536138358689120D+03  0.6039955323818430D+03
  0.5562329708454600D+03  0.5105315451557137D+03  0.4670727141113869D+03
  0.4260101155083103D+03  0.3874665957024304D+03  0.3515321673919870D+03
  0.3182628887213731D+03  0.2876806375294767D+03  0.2597737360519679D+03
  0.2344983640433929D+03  0.2117806825191120D+03  0.1915195694452769D+03
  0.1735898996032953D+03  0.1578461867718065D+03  0.1441265403649852D+03
  0.1322567865937818D+03  0.1220546194946269D+03  0.1133337164162396D+03
  0.1059076587668811D+03  0.9959359050581402D+02  0.9421552575973202D+02
  0.8960723823521431D+02  0.8561468168138683D+02  0.8209790786816959D+02
  0.7893246601595683D+02  0.7601028422789970D+02  0.7324004992239465D+02
  0.7054711957692707D+02  0.6787300246321865D+02  0.6517447140518641D+02
  0.6242236290378228D+02  0.5960013358464129D+02  0.5670224214236573D+02
  0.5373242585924450D+02  0.5070193750162675D+02  0.4762780319785783D+02
  0.4453115464619125D+02  0.4143568034426141D+02  0.3836623096750906D+02
  0.3534760408437761D+02  0.3240352358688701D+02  0.2955581998522497D+02
  0.2682380943258438D+02  0.2422386228390492D+02  0.2176914631955180D+02
  0.1946952555238570D+02  0.1733159276373909D+02  0.1535881248450743D+02
  0.1355175089848076D+02  0.1190836990472055D+02  0.1042436422980525D+02
  0.9093519005356077D+01  0.7908084507505472D+01  0.6859137685198644D+01
  0.5936918254743392D+01  0.5131149917588782D+01  0.4431325170976191D+01
  0.3826953812851428D+01  0.3307773267730957D+01  0.2863920423653993D+01
  0.2486066216707462D+01  0.2165514871824803D+01  0.1894271180547986D+01
  0.1665078815810226D+01  0.1471434022124023D+01  0.1307578322856692D+01
  0.1168474320740154D+01  0.1049768412380402D+01  0.9477438523588183D+00
  0.8592673836944964D+00  0.7817321651591809D+00  0.7129993330474815D+00
  0.6513401021627823D+00  0.5953798999174177D+00  0.5440456615525092D+00
  0.4965170402797544D+00  0.4521820976919144D+00  0.4105975042429320D+00
  0.3714540891687059D+00  0.3345457228942444D+00  0.2997467913848151D+00
  0.2669791438652677D+00  0.2362252697726846D+00  0.2074339446782235D+00
  0.1806806260190003D+00
  0.0000000000000000D+00  0.9240986747381652D-14  0.9435419863547851D-14
  0.9633921621524862D-14  0.9836570543097140D-14  0.1004340806339159D-13
  0.1025506804732264D-13  0.1047126563879493D-13  0.1069268422611237D-13
  0.1091902383180633D-13  0.1115053839059310D-13  0.1138730794904603D-13
  0.1162943938258589D-13  0.1187705341566691D-13  0.1213026759310833D-13
  0.1238920452905381D-13  0.1265399084837825D-13  0.1292475676333993D-13
  0.1320163644052337D-13  0.1348476799210446D-13  0.1377429352338479D-13
  0.1407035920598155D-13  0.1437311534023159D-13  0.1468271642420938D-13
  0.1499932122668479D-13  0.1532309286281424D-13  0.1565419887303173D-13
  0.1599281130478923D-13  0.1633910679691321D-13  0.1669326666638602D-13
  0.1705547699732823D-13  0.1742592873195895D-13  0.1780481776330545D-13
  0.1819234502942623D-13  0.1858871660890244D-13  0.1899414381734129D-13
  0.1940884330462593D-13  0.1983303715262905D-13  0.2026695297309751D-13
  0.2071082400539556D-13  0.2116488921377775D-13  0.2162939338384488D-13
  0.2210458721781416D-13  0.2259072742821209D-13  0.2308807682957817D-13
  0.2359690442773810D-13  0.2411748550618109D-13  0.2465010170904641D-13
  0.2519504112019326D-13  0.2575259833779775D-13  0.2632307454388526D-13
  0.2690677756817114D-13  0.2750402194554594D-13  0.2811512896650084D-13
  0.2874042671974753D-13  0.2938025012624408D-13  0.3003494096379060D-13
  0.3070484788131356D-13  0.3139032640190416D-13  0.3209173891362649D-13
  0.3280945464705463D-13  0.3354384963844130D-13  0.3429530667736134D-13
  0.3506421523761023D-13  0.3585097139007351D-13  0.3665597769621583D-13
  0.3747964308076737D-13  0.3832238268211374D-13  0.3918461767881830D-13
  0.4006677509062847D-13  0.4096928755223624D-13  0.4189259305797921D-13
  0.4283713467557917D-13  0.4380336022693076D-13  0.4479172193385327D-13
  0.4580267602662996D-13  0.4683668231305648D-13  0.4789420370562149D-13
  0.4897570570434040D-13  0.5008165583265637D-13  0.5121252302371383D-13
  0.5236877695420630D-13  0.5355088732288096D-13  0.5475932307067807D-13
  0.5599455153936472D-13  0.5725703756540966D-13  0.5854724250573573D-13
  0.5986562319186674D-13  0.6121263080887815D-13  0.6258870969544937D-13
  0.6399429606120511D-13  0.6542981661743201D-13  0.6689568711715494D-13
  0.6839231080046157D-13  0.6992007674088030D-13  0.7147935808852991D-13
  0.7307051020569751D-13  0.7469386869043520D-13  0.7634974728372438D-13
  0.7803843565572198D-13  0.7976019706659683D-13  0.8151526589745476D-13
  0.8330384504689910D-13  0.8512610318880608D-13  0.8698217188698715D-13
  0.8887214256251863D-13  0.9079606330965778D-13  0.9275393555646051D-13
  0.9474571056642950D-13  0.9677128577779891D-13  0.9883050097739040D-13
  0.1009231343063414D-12  0.1030488980954596D-12  0.1052074345284587D-12
  0.1073983111319052D-12  0.1096210160913772D-12  0.1118749533940606D-12
  0.1141594377988573D-12  0.1164736896360046D-12  0.1188168294392433D-12
  0.1211878724147277D-12  0.1235857227521404D-12  0.1260091677848678D-12
  0.1284568720076536D-12  0.1309273709617946D-12  0.1334190649998109D-12
  0.1359302129435017D-12  0.1384589256514586D-12  0.1410031595144662D-12
  0.1435607098997207D-12  0.1461292045675283D-12  0.1487060970870465D-12
  0.1512886602807349D-12  0.1538739797305102D-12  0.1564589473821077D-12
  0.1590402552878853D-12  0.1616143895322529D-12  0.1641776243880357D-12
  0.1667260167564379D-12  0.1692554009478065D-12  0.1717613838650996D-12
  0.1742393406568726D-12  0.1766844109116014D-12  0.1790914954703421D-12
  0.1814552539399754D-12  0.1837701029946063D-12  0.1860302155580458D-12
  0.1882295209656271D-12  0.1903617062088682D-12  0.1924202183716253D-12
  0.1943982683713108D-12  0.1962888361233990D-12  0.1980846772517356D-12
  0.1997783314710113D-12  0.2013621327710153D-12  0.2028282215348959D-12
  0.2041685587254306D-12  0.2053749422741584D-12  0.2064390258079834D-12
  0.2073523398463557D-12  0.2081063155992233D-12  0.2086923114914192D-12
  0.2091016425328563D-12  0.2093256126455834D-12  0.2093555500482847D-12
  0.2091828457858913D-12  0.2087989954764955D-12  0.2081956443293948D-12
  0.2073646354667366D-12  0.2062980615566117D-12  0.2049883197373989D-12
  0.2034281697814922D-12  0.2016107954111083D-12  0.1995298686395264D-12
  0.1971796169677930D-12  0.1945548932195180D-12  0.1916512477449592D-12
  0.1884650026701508D-12  0.1849933278075089D-12  0.1812343177813918D-12
  0.1771870698557083D-12  0.1728517618814015D-12  0.1682297297098157D-12
  0.1633235433444325D-12  0.1581370810288323D-12  0.1526756003940648D-12
  0.1469458057149231D-12  0.1409559102532042D-12  0.1347156925983213D-12
  0.1282365458532432D-12  0.1215315184584706D-12  0.1146153454005769D-12
  0.1075044685168879D-12  0.1002170445864188D-12  0.9277293989163383D-13
  0.8519370994842325D-13  0.7750256313540990D-13  0.6972430701081424D-13
  0.6188527618803508D-13  0.5401324075205950D-13  0.4613729433982341D-13
  0.3828772118029249D-13  0.3049584159552612D-13  0.2279383570293112D-13
  0.1521454533128926D-13  0.7791254468214815D-14  0.5574488929583605D-15
 -0.6453443986369821D-14 -0.1320833368111124D-13 -0.1967476173291118D-13
 -0.2582121113374272D-13 -0.3161742735927909D-13 -0.3703474787114996D-13
 -0.4204643649586178D-13 -0.4662801864890697D-13 -0.5075761295120648D-13
 -0.5441625439179803D-13 -0.5758820383789790D-13 -0.6026123839483154D-13
 -0.6242691688909951D-13 -0.6408081460434069D-13 -0.6522272135890808D-13
 -0.6585679709155045D-13 -0.6599167933334108D-13 -0.6564053730227651D-13
 -0.6482106787146358D-13 -0.6355542933807866D-13 -0.6187010975922314D-13
 -0.5979572761815346D-13 -0.5736676373038156D-13 -0.5462122457849475D-13
 -0.5160023865633705D-13 -0.4834758888125293D-13 -0.4490918566638942D-13
 -0.4133248679826225D-13 -0.3766587179916276D-13 -0.3395797992811130D-13
 -0.3025702234498589D-13 -0.2661008018667895D-13 -0.2306240133871866D-13
 -0.1965670948949126D-13 -0.1643253958848188D-13 -0.1342561406008887D-13
 -0.1066727402059883D-13 -0.8183979283689712D-14 -0.5996890102022979D-14
 -0.4121542369688695D-14 -0.2567626402221981D-14 -0.1338877427868354D-14
 -0.4330835880194390D-15  0.1577854077993699D-15  0.4473287451322771D-15
  0.4543469745831868D-15  0.2023626054310594D-15 -0.2809618222245988D-15
 -0.9644957018199575D-15 -0.1814386982781296D-14 -0.2794865547888277D-14
 -0.3869083411146670D-14 -0.4999970369371928D-14 -0.6151082981190295D-14
 -0.7287424694001031D-14 -0.8376215589064631D-14 -0.9387591528639240D-14
 -0.1029521441626220D-13 -0.1107677776427227D-13 -0.1171439475109864D-13
 -0.1219485939276168D-13 -0.1250977528449718D-13 -0.1265555049773716D-13
 -0.1263326151552113D-13 -0.1244839338881901D-13 -0.1211046740169080D-13
 -0.1163257123879392D-13 -0.1103080975664617D-13 -0.1032369680203049D-13
 -0.9531509972620076D-14 -0.8675630708267089D-14 -0.7777891629394581D-14
 -0.6859951655102568D-14 -0.5942717246400820D-14 -0.5045825282128194D-14
 -0.4187199770214554D-14 -0.3382691024066759D-14 -0.2645802292141681D-14
 -0.1987505303219243D-14 -0.1416142939741214D-14 -0.9374144020029918D-15
 -0.5544358635360370D-15 -0.2678677898669305D-15 -0.7609880932862123D-16
  0.2452473553349390D-16  0.3943471003394526D-16 -0.2444639534062221D-16
 -0.1590060063847075D-15 -0.3552451654458098D-15 -0.6035765373757546D-15
 -0.8941089538380284D-15 -0.1216911904429032D-14 -0.1562254604900865D-14
 -0.1920815515436131D-14 -0.2283859416420140D-14 -0.2643380361594712D-14
 -0.2992209997404602D-14 -0.3324091842434989D-14 -0.3633723135526253D-14
 -0.3916766751111976D-14 -0.4169836412429162D-14 -0.4390458968836523D-14
 -0.4577017824545128D-14 -0.4728681700785271D-14 -0.4845322803007112D-14
 -0.4927428185161066D-14 -0.4976007707034521D-14 -0.4992501525178052D-14
 -0.4978689589252279D-14 -0.4936605167621198D-14 -0.4868454013603157D-14
 -0.4776540408842635D-14 -0.4663200977073880D-14 -0.4530746838535485D-14
 -0.4381414373526840D-14 -0.4217324547679182D-14 -0.4040450514281775D-14
 -0.3852592761257127D-14 -0.3655361422969231D-14 -0.3450163092375899D-14
 -0.3238195166028067D-14
  0.0000000000000000D+00  0.1097837979849382D-17  0.1145552820380840D-17
  0.1195340558532073D-17  0.1247290082659499D-17  0.1301483789281899D-17
  0.1358145622144470D-17  0.1417303198051350D-17  0.1479208301668947D-17
  0.1543890835362764D-17  0.1611515156430408D-17  0.1682208291430643D-17
  0.1756111323305833D-17  0.1833373368736952D-17  0.1914149430676634D-17
  0.1998602421875986D-17  0.2086903156614376D-17  0.2179230789474530D-17
  0.2275773272808296D-17  0.2376727795773089D-17  0.2482301269637648D-17
  0.2592710829704889D-17  0.2708184366092566D-17  0.2828961083699446D-17
  0.2955292091649555D-17  0.3087441025021719D-17  0.3225684700341818D-17
  0.3370313806737340D-17  0.3521633634850373D-17  0.3679964845607474D-17
  0.3845644281098866D-17  0.4019025819942342D-17  0.4200481279629755D-17
  0.4390401368493616D-17  0.4589196690075040D-17  0.4797298802824509D-17
  0.5015161338227449D-17  0.5243261180613438D-17  0.5482099712084911D-17
  0.5732204126186354D-17  0.5994128814129818D-17  0.6268456827597660D-17
  0.6555801422358139D-17  0.6856807687155050D-17  0.7172154262569589D-17
  0.7502555154800521D-17  0.7848761649569073D-17  0.8211564331627131D-17
  0.8591795215633019D-17  0.8990329994457405D-17  0.9408090411294248D-17
  0.9846046762277745D-17  0.1030522053664788D-16  0.1078668720186226D-16
  0.1129157914142390D-16  0.1182108875358158D-16  0.1237647171946213D-16
  0.1295905044961531D-16  0.1357021771838667D-16  0.1421144049598942D-16
  0.1488426398861613D-16  0.1559031589742058D-16  0.1633131090770617D-16
  0.1710905542018161D-16  0.1792545253668563D-16  0.1878250731334322D-16
  0.1968233229469083D-16  0.2062715334290324D-16  0.2161931577686415D-16
  0.2266129083644819D-16  0.2375568248802521D-16  0.2490523458785047D-16
  0.2611283842067408D-16  0.2738154063158363D-16  0.2871455156978082D-16
  0.3011525406369326D-16  0.3158721264752363D-16  0.3313418326004512D-16
  0.3476012343715775D-16  0.3646920302042247D-16  0.3826581540448399D-16
  0.4015458934697740D-16  0.4214040136517915D-16  0.4422838874430518D-16
  0.4642396318297765D-16  0.4873282510195412D-16  0.5116097864275818D-16
  0.5371474738332520D-16  0.5640079079820287D-16  0.5922612149119964D-16
  0.6219812322863148D-16  0.6532456980149634D-16  0.6861364474495941D-16
  0.7207396194346443D-16  0.7571458714958256D-16  0.7954506044433033D-16
  0.8357541966614358D-16  0.8781622483493492D-16  0.9227858359667803D-16
  0.9697417771273110D-16  0.1019152906165923D-15  0.1071148360589526D-15
  0.1125863878597474D-15  0.1183442107833492D-15  0.1244032925500907D-15
  0.1307793769938778D-15  0.1374889983717343D-15  0.1445495168266537D-15
  0.1519791550000688D-15  0.1597970357845338D-15  0.1680232212008141D-15
  0.1766787523763710D-15  0.1857856905942543D-15  0.1953671593724939D-15
  0.2054473875242250D-15  0.2160517531379065D-15  0.2272068284049453D-15
  0.2389404252088854D-15  0.2512816413758227D-15  0.2642609074698822D-15
  0.2779100340003353D-15  0.2922622588881131D-15  0.3073522950190364D-15
  0.3232163776889592D-15  0.3398923117220106D-15  0.3574195180173261D-15
  0.3758390792517476D-15  0.3951937844360758D-15  0.4155281719903680D-15
  0.4368885709694357D-15  0.4593231400330618D-15  0.4828819037164747D-15
  0.5076167855151728D-15  0.5335816372543235D-15  0.5608322641666322D-15
  0.5894264450537324D-15  0.6194239468549153D-15  0.6508865328933181D-15
  0.6838779640137520D-15  0.7184639917681565D-15  0.7547123427444171D-15
  0.7926926930722994D-15  0.8324766320765097D-15  0.8741376139820365D-15
  0.9177508965110256D-15  0.9633934651441878D-15  0.1011143941753426D-14
  0.1061082476246802D-14  0.1113290619802681D-14  0.1167851178207772D-14
  0.1224848043754705D-14  0.1284366004099794D-14  0.1346490526431704D-14
  0.1411307515258556D-14  0.1478903042085376D-14  0.1549363045227804D-14
  0.1622772997993171D-14  0.1699217543457994D-14  0.1778780094084277D-14
  0.1861542394447260D-14  0.1947584045397294D-14  0.2036981988050448D-14
  0.2129809946099461D-14  0.2226137825060846D-14  0.2326031067228975D-14
  0.2429549961296533D-14  0.2536748905825932D-14  0.2647675626021737D-14
  0.2762370343562723D-14  0.2880864899607257D-14  0.3003181831490949D-14
  0.3129333404092964D-14  0.3259320597361325D-14  0.3393132052059232D-14
  0.3530742976427404D-14  0.3672114017152232D-14  0.3817190098788864D-14
  0.3965899236610922D-14  0.4118151328745868D-14  0.4273836934404153D-14
  0.4432826046019640D-14  0.4594966864183812D-14  0.4760084585371597D-14
  0.4927980213615215D-14  0.5098429408474165D-14  0.5271181382863774D-14
  0.5445957865526585D-14  0.5622452144145248D-14  0.5800328206281641D-14
  0.5979219996464067D-14  0.6158730808807302D-14  0.6338432835511210D-14
  0.6517866892412965D-14  0.6696542343432597D-14  0.6873937246217322D-14
  0.7049498741521938D-14  0.7222643708822135D-14  0.7392759710311213D-14
  0.7559206244742087D-14  0.7721316331513870D-14  0.7878398443938754D-14
  0.8029738808734692D-14  0.8174604086458160D-14  0.8312244444804986D-14
  0.8441897033463685D-14  0.8562789865502645D-14  0.8674146106115954D-14
  0.8775188764944192D-14  0.8865145783131869D-14  0.8943255500775850D-14
  0.9008772484451683D-14  0.9060973688083333D-14  0.9099164913467953D-14
  0.9122687529407414D-14  0.9130925400477763D-14  0.9123311968220383D-14
  0.9099337418929571D-14  0.9058555863492302D-14  0.9000592446102544D-14
  0.8925150290426264D-14  0.8832017184270420D-14  0.8721071897378922D-14
  0.8592290022008179D-14  0.8445749222780463D-14  0.8281633781285371D-14
  0.8100238322257407D-14  0.7901970612084185D-14  0.7687353327010083D-14
  0.7457024697720861D-14  0.7211737948974965D-14  0.6952359467452116D-14
  0.6679865647810421D-14  0.6395338385794608D-14  0.6099959207776594D-14
  0.5795002047932250D-14  0.5481824706930229D-14  0.5161859049061103D-14
  0.4836600017698495D-14  0.4507593571391076D-14  0.4176423664295532D-14
  0.3844698414672541D-14  0.3514035623423536D-14  0.3186047820844663D-14
  0.2862327033663586D-14  0.2544429475801786D-14  0.2233860374997001D-14
  0.1932059153270874D-14  0.1640385182067648D-14  0.1360104332520656D-14
  0.1092376537462677D-14  0.8382445741445288D-15  0.5986242647364479D-15
  0.3742962750569340D-15  0.1658996700677317D-15 -0.2607264299135576D-16
 -0.2012764866721811D-15 -0.3595169431078794D-15 -0.5007468289439364D-15
 -0.6250631514416112D-15 -0.7327016315920488D-15 -0.8240294278678357D-15
 -0.8995362362497057D-15 -0.9598239754944753D-15 -0.1005595288884155D-14
 -0.1037641105209542D-14 -0.1056827503842990D-14 -0.1064082124631152D-14
 -0.1060380356112592D-14 -0.1046731527712842D-14 -0.1024165324179711D-14
 -0.9937186332256824D-15 -0.9564230287682668D-15 -0.9132930804718326D-15
 -0.8653156639146220D-15 -0.8134404235640355D-15 -0.7585715126613332D-15
 -0.7015607006423750D-15 -0.6432019011324139D-15 -0.5842271336071873D-15
 -0.5253038915371262D-15 -0.4670338513287254D-15 -0.4099528216076011D-15
 -0.3545318030324345D-15 -0.3011790061640697D-15 -0.2502426597466467D-15
 -0.2020144344008039D-15 -0.1567333070191267D-15 -0.1145896985027075D-15
 -0.7572973094764752D-16 -0.4025946878644059D-16 -0.8249030355405934D-17
  0.2026351952863665D-16  0.4526856055020894D-16  0.6678163174038021D-16
  0.8484048799495810D-16  0.9950249639475566D-16  0.1108423541691588D-15
  0.1189500982025681D-15  0.1239293684191270D-15  0.1258958840488980D-15
  0.1249760932623804D-15  0.1213059611774429D-15  0.1150298693326827D-15
  0.1062996093397317D-15  0.9527346378313629D-16  0.8211537706676702D-16
  0.6699422651524183D-16  0.5008320887392764D-16  0.3155935891822773D-16
  0.1160321574528312D-16 -0.9601350707519034D-17 -0.3186714380971856D-16
 -0.5500346861274741D-16 -0.7881577914389657D-16 -0.1031051389864859D-15
 -0.1276674886834524D-15 -0.1522927137926580D-15 -0.1767635108549602D-15
 -0.2008540572142247D-15 -0.2243285066036483D-15 -0.2469393574648011D-15
 -0.2684257772717099D-15 -0.2885120138599972D-15 -0.3069060910744619D-15
 -0.3232990543199945D-15 -0.3373651780885089D-15 -0.3487634987581591D-15
 -0.3571417190435258D-15
  0.0000000000000000D+00 -0.7347008975198188D-22 -0.7891720085349924D-22
 -0.8476788015281922D-22 -0.9105183642830476D-22 -0.9779968200240194D-22
 -0.1050682798565170D-21 -0.1128798253073456D-21 -0.1213024862447863D-21
 -0.1303636756361406D-21 -0.1401194459888258D-21 -0.1506220172558497D-21
 -0.1619280228275740D-21 -0.1740997188699468D-21 -0.1872036853096547D-21
 -0.2013118240488187D-21 -0.2165017801362700D-21 -0.2328572970427305D-21
 -0.2504687548871892D-21 -0.2694336993593697D-21 -0.2898574126782149D-21
 -0.3118535414187915D-21 -0.3355447720384858D-21 -0.3610635626237581D-21
 -0.3885529359290064D-21 -0.4181673379567239D-21 -0.4500735679936672D-21
 -0.4844517861431654D-21 -0.5214966048642938D-21 -0.5614182716808799D-21
 -0.6044439508084003D-21 -0.6508191121156290D-21 -0.7008090365717463D-21
 -0.7547004481184461D-21 -0.8128032827669846D-21 -0.8754526066557130D-21
 -0.9430106958202164D-21 -0.1015869291533296D-20 -0.1094452046273675D-20
 -0.1179217176688284D-20 -0.1270660341332759D-20 -0.1369317762518143D-20
 -0.1475769613269228D-20 -0.1590643692223363D-20 -0.1714619411280361D-20
 -0.1848432122967905D-20 -0.1992877816827744D-20 -0.2148818216671536D-20
 -0.2317186313319348D-20 -0.2498992370437146D-20 -0.2695330444352634D-20
 -0.2907385462273539D-20 -0.3136440907183410D-20 -0.3383887161872257D-20
 -0.3651230569102027D-20 -0.3940103269839731D-20 -0.4252273886847135D-20
 -0.4589659126731207D-20 -0.4954336379871620D-20 -0.5348557404493445D-20
 -0.5774763188588143D-20 -0.6235600091453933D-20 -0.6733937375379020D-20
 -0.7272886247485022D-20 -0.7855820542043719D-20 -0.8486399184744377D-20
 -0.9168590592491031D-20 -0.9906699175426391D-20 -0.1070539412209324D-19
 -0.1156974066404255D-19 -0.1250523403287695D-19 -0.1351783634077762D-19
 -0.1461401663511396D-19 -0.1580079439889513D-19 -0.1708578679171384D-19
 -0.1847725995059611D-19 -0.1998418469694259D-19 -0.2161629702468826D-19
 -0.2338416377607796D-19 -0.2529925394523355D-19 -0.2737401608615818D-19
 -0.2962196234119057D-19 -0.3205775964838799D-19 -0.3469732873211859D-19
 -0.3755795153051103D-19 -0.4065838776659716D-19 -0.4401900142726653D-19
 -0.4766189797579651D-19 -0.5161107319004146D-19 -0.5589257458966773D-19
 -0.6053467649242266D-19 -0.6556806982169197D-19 -0.7102606787587121D-19
 -0.7694482936472721D-19 -0.8336360011936136D-19 -0.9032497499096974D-19
 -0.9787518156978815D-19 -0.1060643874797855D-18 -0.1149470331372876D-18
 -0.1245821920032119D-18 -0.1350339605093860D-18 -0.1463718799999734D-18
 -0.1586713931997699D-18 -0.1720143379024540D-18 -0.1864894807642404D-18
 -0.2021930942921162D-18 -0.2192295803313325D-18 -0.2377121435843859D-18
 -0.2577635189335840D-18 -0.2795167565916810D-18 -0.3031160693701247D-18
 -0.3287177466320978D-18 -0.3564911397878720D-18 -0.3866197244925837D-18
 -0.4193022450211753D-18 -0.4547539466213416D-18 -0.4932079019820207D-18
 -0.5349164383014052D-18 -0.5801526717932901D-18 -0.6292121568321334D-18
 -0.6824146573037248D-18 -0.7401060480972775D-18 -0.8026603550433414D-18
 -0.8704819419669445D-18 -0.9440078538825783D-18 -0.1023710325702894D-17
 -0.1110099466160608D-17 -0.1203726126947179D-17 -0.1305184967345449D-17
 -0.1415117724868304D-17 -0.1534216702602887D-17 -0.1663228484089388D-17
 -0.1802957886623514D-17 -0.1954272163849628D-17 -0.2118105468392336D-17
 -0.2295463585042315D-17 -0.2487428944649139D-17 -0.2695165928359934D-17
 -0.2919926471156352D-17 -0.3163055972758972D-17 -0.3425999522861731D-17
 -0.3710308446300857D-17 -0.4017647172121122D-17 -0.4349800428543584D-17
 -0.4708680763526838D-17 -0.5096336387908584D-17 -0.5514959334974248D-17
 -0.5966893926679764D-17 -0.6454645532609081D-17 -0.6980889603024126D-17
 -0.7548480952012842D-17 -0.8160463260707055D-17 -0.8820078763768976D-17
 -0.9530778074778469D-17 -0.1029623009773306D-16 -0.1112033196254513D-16
 -0.1200721891212783D-16 -0.1296127405735032D-16 -0.1398713790376512D-16
 -0.1508971754051991D-16 -0.1627419536722589D-16 -0.1754603721873572D-16
 -0.1891099973077078D-16 -0.2037513677112294D-16 -0.2194480474175758D-16
 -0.2362666653659468D-16 -0.2542769391810050D-16 -0.2735516805317240D-16
 -0.2941667792525923D-16 -0.3162011631538879D-16 -0.3397367301996791D-16
 -0.3648582494812869D-16 -0.3916532271631608D-16 -0.4202117333310407D-16
 -0.4506261854332464D-16 -0.4829910837798223D-16 -0.5174026943568737D-16
 -0.5539586740313588D-16 -0.5927576330722561D-16 -0.6338986298058058D-16
 -0.6774805921647338D-16 -0.7236016608943644D-16 -0.7723584492533254D-16
 -0.8238452142056390D-16 -0.8781529343570612D-16 -0.9353682902555277D-16
 -0.9955725431679141D-16 -0.1058840309077905D-15 -0.1125238225437562D-15
 -0.1194823509163530D-15 -0.1267642405512189D-15 -0.1343728528810534D-15
 -0.1423101097573813D-15 -0.1505763068317915D-15 -0.1591699174383210D-15
 -0.1680873878332537D-15 -0.1773229248972098D-15 -0.1868682776768466D-15
 -0.1967125144391765D-15 -0.2068417972292292D-15 -0.2172391562599404D-15
 -0.2278842668192375D-15 -0.2387532317504165D-15 -0.2498183729441517D-15
 -0.2610480356693093D-15 -0.2724064099594892D-15 -0.2838533736562934D-15
 -0.2953443620806890D-15 -0.3068302696511037D-15 -0.3182573890797302D-15
 -0.3295673940436152D-15 -0.3406973714298368D-15 -0.3515799093743696D-15
 -0.3621432473372711D-15 -0.3723114943553661D-15 -0.3820049213727307D-15
 -0.3911403331427687D-15 -0.3996315246077011D-15 -0.4073898258744227D-15
 -0.4143247389087445D-15 -0.4203446678564742D-15 -0.4253577434691171D-15
 -0.4292727404696931D-15 -0.4320000848523336D-15 -0.4334529460859725D-15
 -0.4335484070120655D-15 -0.4322087019189781D-15 -0.4293625108778057D-15
 -0.4249462959775213D-15 -0.4189056626486061D-15 -0.4111967268655855D-15
 -0.4017874667266832D-15 -0.3906590347831573D-15 -0.3778070055954754D-15
 -0.3632425313940277D-15 -0.3469933774865924D-15 -0.3291048082520689D-15
 -0.3096402942596685D-15 -0.2886820113237792D-15 -0.2663311032152480D-15
 -0.2427076813652026D-15 -0.2179505372791893D-15 -0.1922165465820830D-15
 -0.1656797476826954D-15 -0.1385300830116359D-15 -0.1109717966567803D-15
 -0.8322148898030035D-16 -0.5550583639623683D-16 -0.2805899281965949D-16
 -0.1119698214251418D-17  0.2507187105166007D-16  0.5027746596558095D-16
  0.7426428958104148D-16  0.9680862110924536D-16  0.1176994705717122D-15
  0.1367421895577707D-15  0.1537619600230489D-15  0.1686070818242849D-15
  0.1811519809037395D-15  0.1912998636992190D-15  0.1989849491289097D-15
  0.2041742169654324D-15  0.2068686202019848D-15  0.2071037187293656D-15
  0.2049497023743332D-15  0.2005107831979608D-15  0.1939239503007513D-15
  0.1853570954298943D-15  0.1750065343789923D-15  0.1630939670507912D-15
  0.1498629372659908D-15  0.1355748708236894D-15  0.1205047857177595D-15
  0.1049367806358187D-15  0.8915941595933371D-16  0.7346110481533537D-16
  0.5812563002113896D-16  0.4342789611074321D-16  0.2963001447699705D-16
  0.1697780474557236D-16  0.5697777780610191D-17 -0.4005353687766776D-17
 -0.1195061077228619D-16 -0.1798212380499589D-16 -0.2196995851747842D-16
 -0.2381041959134672D-16 -0.2342587062833307D-16 -0.2076411880784227D-16
 -0.1579741839620585D-16 -0.8521150028005428D-17  0.1047767317753373D-17
  0.1287267693213793D-16  0.2689914664233722D-16  0.4305704644732353D-16
  0.6126270011115778D-16  0.8142107382235657D-16  0.1034279685787223D-15
  0.1271721854504279D-15  0.1525376341052634D-15  0.1794053547263370D-15
  0.2076554228488226D-15  0.2371687049992778D-15  0.2678284322116119D-15
  0.2995215583798430D-15  0.3321398719537044D-15  0.3655808329822229D-15
  0.3997481125672580D-15  0.4345518179319734D-15  0.4699083915902916D-15
  0.5057401763377936D-15  0.5419746365565508D-15  0.5785432199097005D-15
  0.6153798313706238D-15  0.6524188744501188D-15  0.6895927942337921D-15
  0.7268290351549478D-15  0.7640463052410612D-15  0.8011500189593852D-15
  0.8380267731062915D-15  0.8745376940819737D-15  0.9105104786295285D-15
  0.9457299331390110D-15  0.9799267894702601D-15  0.1012764552515581D-14
  0.1043824043310500D-14  0.1072585379987295D-14  0.1098406463039442D-14
  0.1120498575828924D-14
  0.0000000000000000D+00  0.1663633146703566D-23  0.1797379941262998D-23
  0.1941838458569308D-23  0.2097858105788360D-23  0.2266324608905139D-23
  0.2449007196763103D-23  0.2646388770465270D-23  0.2860636405980100D-23
  0.3092403880935818D-23  0.3343367683235042D-23  0.3615087388629500D-23
  0.3909209195633720D-23  0.4227597799921202D-23  0.4572244260793663D-23
  0.4945306698241250D-23  0.5349132343866974D-23  0.5786262626881099D-23
  0.6259453228733410D-23  0.6771692420718824D-23  0.7326219641940651D-23
  0.7926547123119762D-23  0.8576482922936154D-23  0.9280155878275492D-23
  0.1004204284477798D-22  0.1086699823315758D-22  0.1176028609281394D-22
  0.1272761497637535D-22  0.1377517580702178D-22  0.1490968301525017D-22
  0.1613841922895728D-22  0.1746928382328496D-22  0.1891084566599646D-22
  0.2047240042269732D-22  0.2216403281791464D-22  0.2399668428285529D-22
  0.2598222645815003D-22  0.2813354106070634D-22  0.3046460666816705D-22
  0.3299059302263283D-22  0.3572796350763613D-22  0.3869458650918798D-22
  0.4190985643343181D-22  0.4539482522044851D-22  0.4917234526651154D-22
  0.5326722474605748D-22  0.5770639641035055D-22  0.6251910103282766D-22
  0.6773708677202020D-22  0.7339482583241905D-22  0.7952974992236842D-22
  0.8618250613680880D-22  0.9339723503225913D-22  0.1012218728126916D-21
  0.1097084797088728D-21  0.1189135968113256D-21  0.1288986338093968D-21
  0.1397302902971692D-21  0.1514810135323867D-21  0.1642294957785049D-21
  0.1780612146238910D-21  0.1930690199576054D-21  0.2093537715897454D-21
  0.2270250318377998D-21  0.2462018177606970D-21  0.2670134181112565D-21
  0.2896002804976844D-21  0.3141149746978474D-21  0.3407232385587441D-21
  0.3696051134403565D-21  0.4009561767306795D-21  0.4349888795699489D-21
  0.4719339985799641D-21  0.5120422111021222D-21  0.5555858042085115D-21
  0.6028605285678339D-21  0.6541876091254180D-21  0.7099159254981388D-21
  0.7704243759943658D-21  0.8361244402503841D-21  0.9074629566319224D-21
  0.9849251317871697D-21  0.1069037801059687D-20  0.1160372959881002D-20
  0.1259551587767148D-20  0.1367247788145742D-20  0.1484193268944653D-20
  0.1611182190683711D-20  0.1749076410731586D-20  0.1898811154424533D-20
  0.2061401145894897D-20  0.2237947233728882D-20  0.2429643548966236D-20
  0.2637785235471265D-20  0.2863776795345339D-20  0.3109141094814637D-20
  0.3375529078912248D-20  0.3664730246276132D-20  0.3978683938499296D-20
  0.4319491501687725D-20  0.4689429381194993D-20  0.5090963213896150D-20
  0.5526762985822611D-20  0.5999719326480618D-20  0.6512961014696531D-20
  0.7069873774339832D-20  0.7674120441733821D-20  0.8329662589932397D-20
  0.9040783698266290D-20  0.9812113958586289D-20  0.1064865681238581D-19
  0.1155581731538681D-19  0.1253943242813660D-19  0.1360580333257557D-19
  0.1476172987528102D-19  0.1601454723803286D-19  0.1737216493532092D-19
  0.1884310823625264D-19  0.2043656210481526D-19  0.2216241774737831D-19
  0.2403132184943524D-19  0.2605472857459518D-19  0.2824495438742477D-19
  0.3061523574756740D-19  0.3317978970521637D-19  0.3595387740708416D-19
  0.3895387049698703D-19  0.4219732036553434D-19  0.4570303016859595D-19
  0.4949112949356830D-19  0.5358315150528331D-19  0.5800211234894229D-19
  0.6277259252486870D-19  0.6792081987829212D-19  0.7347475376580297D-19
  0.7946416986753999D-19  0.8592074500947564D-19  0.9287814124214577D-19
  0.1003720882896056D-18  0.1084404633339372D-18  0.1171233669348970D-18
  0.1264631936998580D-18  0.1365046961145256D-18  0.1472950397185249D-18
  0.1588838475602633D-18  0.1713232315909471D-18  0.1846678083567524D-18
  0.1989746960194197D-18  0.2143034893775985D-18  0.2307162091728607D-18
  0.2482772215443259D-18  0.2670531230435144D-18  0.2871125861357780D-18
  0.3085261595963895D-18  0.3313660176583336D-18  0.3557056511860639D-18
  0.3816194935364493D-18  0.4091824731273745D-18  0.4384694840692847D-18
  0.4695547655299606D-18  0.5025111798037835D-18  0.5374093783510303D-18
  0.5743168443694592D-18  0.6132967997704586D-18  0.6544069637687745D-18
  0.6976981496736685D-18  0.7432126859090018D-18  0.7909826468113488D-18
  0.8410278783836011D-18  0.8933538039450678D-18  0.9479489945498351D-18
  0.1004782489179532D-17  0.1063800850095525D-17  0.1124924939404059D-17
  0.1188046403896484D-17  0.1253023856630102D-17  0.1319678745573515D-17
  0.1387790902018273D-17  0.1457093764425224D-17  0.1527269277003007D-17
  0.1597942466684009D-17  0.1668675707350256D-17  0.1738962686248940D-17
  0.1808222094606904D-17  0.1875791072585389D-17  0.1940918447988145D-17
  0.2002757818618246D-17  0.2060360539934712D-17  0.2112668692738681D-17
  0.2158508120055479D-17  0.2196581638187018D-17  0.2225462544077936D-17
  0.2243588559626933D-17  0.2249256373305255D-17  0.2240616960297481D-17
  0.2215671884188497D-17  0.2172270805761903D-17  0.2108110447464977D-17
  0.2020735285180870D-17  0.1907540261701103D-17  0.1765775838200626D-17
  0.1592555720482589D-17  0.1384867615086403D-17  0.1139587385742284D-17
  0.8534969922046209D-18  0.5233066001891247D-18  0.1456812518466788D-18
 -0.2827275203104074D-18 -0.7652447681996523D-18 -0.1305129548933953D-17
 -0.1905526385400144D-17 -0.2569410510089553D-17 -0.3299526699722175D-17
 -0.4098321588221035D-17 -0.4967869442735121D-17 -0.5909791502677181D-17
 -0.6925169115766579D-17 -0.8014451058101022D-17 -0.9177355597086359D-17
 -0.1041276804587606D-16 -0.1171863476448220D-16 -0.1309185478399254D-16
 -0.1452817046379866D-16 -0.1602205883419494D-16 -0.1756662552424470D-16
 -0.1915350342283106D-16 -0.2077275846399455D-16 -0.2241280515996959D-16
 -0.2406033472001053D-16 -0.2570025878268055D-16 -0.2731567194565104D-16
 -0.2888783639148074D-16 -0.3039619197103379D-16 -0.3181839510843952D-16
 -0.3313038982273470D-16 -0.3430651401139553D-16 -0.3531964389974412D-16
 -0.3614137921801206D-16 -0.3674227121573533D-16 -0.3709209505354986D-16
 -0.3716016741971298D-16 -0.3691570939991441D-16 -0.3632825368499828D-16
 -0.3536809413768601D-16 -0.3400677456779990D-16 -0.3221761230444988D-16
 -0.2997625082985478D-16 -0.2726123438844453D-16 -0.2405459615112178D-16
 -0.2034245025081463D-16 -0.1611557687087555D-16 -0.1136998862461995D-16
 -0.6107465772321523D-17 -0.3360474323579041D-18  0.5929534109690474D-17
  0.1266748859597430D-16  0.1984868447308637D-16  0.2743645811847705D-16
  0.3538652554545430D-16  0.4364700520001796D-16  0.5215855898801333D-16
  0.6085465699158106D-16  0.6966196936649015D-16  0.7850088649928571D-16
  0.8728616555210723D-16  0.9592769797255553D-16  0.1043313884934409D-15
  0.1124001318096532D-15  0.1200348688267109D-15  0.1271357005075205D-15
  0.1336030342631783D-15  0.1393387358370867D-15  0.1442472589107245D-15
  0.1482367253002271D-15  0.1512199305810078D-15  0.1531152531503530D-15
  0.1538474489003585D-15  0.1533483185523443D-15  0.1515572399818298D-15
  0.1484215632026233D-15  0.1438968707490387D-15  0.1379471106923148D-15
  0.1305446131965938D-15  0.1216700041726209D-15  0.1113120311127441D-15
  0.9946731656226920D-16  0.8614005395741177D-16  0.7134165887581285D-16
  0.5509038630776652D-16  0.3741092162585701D-16  0.1833394980698938D-16
 -0.2104295537150454D-17 -0.2386250431836542D-16 -0.4689478612605985D-16
 -0.7115119399320326D-16 -0.9657827904409015D-16 -0.1231196775175522D-15
 -0.1507167287012432D-15 -0.1793091182363104D-15 -0.2088355359077256D-15
 -0.2392343318575212D-15 -0.2704441492579542D-15 -0.3024045069839929D-15
 -0.3350563023904049D-15 -0.3683422029212924D-15 -0.4022068961919469D-15
 -0.4365971709240935D-15 -0.4714618052502324D-15 -0.5067512424554544D-15
 -0.5424170361709174D-15 -0.5784110450236162D-15 -0.6146843502931577D-15
 -0.6511858588742685D-15 -0.6878605387660279D-15 -0.7246472173966746D-15
 -0.7614758562675903D-15 -0.7982642008562762D-15 -0.8349136938670242D-15
 -0.8713045336324812D-15 -0.9072897581868350D-15 -0.9426882386857361D-15
 -0.9772764747520835D-15 -0.1010779092046279D-14 -0.1042857968435272D-14
 -0.1073099890852196D-14 -0.1101002827360979D-14 -0.1125960352825549D-14
 -0.1147245581712197D-14
  0.0000000000000000D+00  0.5516655646749645D-27  0.6086938731960188D-27
  0.6716123725350552D-27  0.7410270169420112D-27  0.8175910185653350D-27
  0.9022951351347165D-27  0.9958122350984273D-27  0.1099384373005034D-26
  0.1213861662711394D-26  0.1340494023977000D-26  0.1480560534206427D-26
  0.1635490907009382D-26  0.1806877491122773D-26  0.1996478278594490D-26
  0.2206243187754252D-26  0.2438332894282556D-26  0.2695142120985397D-26
  0.2979325648624858D-26  0.3293826682213324D-26  0.3641908765181985D-26
  0.4027191096180197D-26  0.4453687808610531D-26  0.4925851688745110D-26
  0.5448622772055017D-26  0.6027482410643194D-26  0.6668513430486111D-26
  0.7378467068994420D-26  0.8164837474309851D-26  0.9035944632018125D-26
  0.1000102668679926D-25  0.1107034274015584D-25  0.1225528733066406D-25
  0.1356851794433737D-25  0.1502409706035760D-25  0.1663765041360293D-25
  0.1842654335260090D-25  0.2041007739207033D-25  0.2260970930595636D-25
  0.2504929538292965D-25  0.2775536377524130D-25  0.3075741821753188D-25
  0.3408827677911073D-25  0.3778444974628852D-25  0.4188656121613289D-25
  0.4643981952572167D-25  0.5149454224855154D-25  0.5710674217008836D-25
  0.6333878141618161D-25  0.7026010176111828D-25  0.7794804009738574D-25
  0.8648873911912232D-25  0.9597816446953304D-25  0.1065232409447750D-24
  0.1182431218502510D-24  0.1312706072894142D-24  0.1457537290518409D-24
  0.1618575218808705D-24  0.1797660032689909D-24  0.1996843865819648D-24
  0.2218415552848187D-24  0.2464928293728714D-24  0.2739230588418878D-24
  0.3044500832118348D-24  0.3384286008024296D-24  0.3762544967066603D-24
  0.4183696842883841D-24  0.4652675216183816D-24  0.5174988716446104D-24
  0.5756788831629893D-24  0.6404945789208392D-24  0.7127133475665026D-24
  0.7931924477889012D-24  0.8828896460205398D-24  0.9828751236731207D-24
  0.1094344806226032D-23  0.1218635284802499D-23  0.1357240521382591D-23
  0.1511830551778316D-23  0.1684272426228150D-23  0.1876653656283970D-23
  0.2091308468931893D-23  0.2330847205016667D-23  0.2598189239490334D-23
  0.2896599846287966D-23  0.3229731481321247D-23  0.3601670013813301D-23
  0.4016986499687791D-23  0.4480795161770165D-23  0.4998818321046550D-23
  0.5577459112147814D-23  0.6223882915689843D-23  0.6946108551336552D-23
  0.7753110399838240D-23  0.8654932761359498D-23  0.9662817912861454D-23
  0.1078934950103603D-22  0.1204861310142225D-22  0.1345637599121838D-22
  0.1503028842555896D-22  0.1679010897755361D-22  0.1875795680442812D-22
  0.2095859403925691D-22  0.2341974188401152D-22  0.2617243439940528D-22
  0.2925141445520979D-22  0.3269557682676012D-22  0.3654846400535197D-22
  0.4085882093876475D-22  0.4568121564068677D-22  0.5107673341251098D-22
  0.5711375331685470D-22  0.6386881653925078D-22  0.7142759738374486D-22
  0.7988598888181887D-22  0.8935131636552245D-22  0.9994369387969230D-22
  0.1117975400009448D-21  0.1250632715106067D-21  0.1399091954544427D-21
  0.1565236224356175D-21  0.1751172265522366D-21  0.1959256802330141D-21
  0.2192125953722871D-21  0.2452728056496355D-21  0.2744360287735472D-21
  0.3070709516493023D-21  0.3435897861789337D-21  0.3844533485985573D-21
  0.4301767209930396D-21  0.4813355599505738D-21  0.5385731242852438D-21
  0.6026081014235679D-21  0.6742433204850131D-21  0.7543754493550255D-21
  0.8440057832261175D-21  0.9442522432453707D-21  0.1056362716140050D-20
  0.1181729879084461D-20  0.1321907668715049D-20  0.1478629569195056D-20
  0.1653828911679228D-20  0.1849661396540338D-20  0.2068530070404617D-20
  0.2313113012519279D-20  0.2586394009358822D-20  0.2891696522788862D-20
  0.3232721285666880D-20  0.3613587889587544D-20  0.4038880762693921D-20
  0.4513699971183932D-20  0.5043717316450449D-20  0.5635238240793909D-20
  0.6295270098417521D-20  0.7031597395017155D-20  0.7852864648744422D-20
  0.8768667577663759D-20  0.9789653374006807D-20  0.1092763088348675D-19
  0.1219569156853929D-19  0.1360834219743279D-19  0.1518165026647328D-19
  0.1693340322969882D-19  0.1888328267906518D-19  0.2105305468765375D-19
  0.2346677759819974D-19  0.2615102860847105D-19  0.2913515057273616D-19
  0.3245152050364979D-19  0.3613584131999882D-19  0.4022745844137509D-19
  0.4476970287918085D-19  0.4981026251241939D-19  0.5540158326414078D-19
  0.6160130190763737D-19  0.6847271222755196D-19  0.7608526623675278D-19
  0.8451511210152356D-19  0.9384567035135244D-19  0.1041682498410867D-18
  0.1155827047876464D-18  0.1281981340160067D-18  0.1421336233140680D-18
  0.1575190315079061D-18  0.1744958205214569D-18  0.1932179292718537D-18
  0.2138526907667550D-18  0.2365817912067464D-18  0.2616022692474387D-18
  0.2891275528358733D-18  0.3193885301979352D-18  0.3526346506117773D-18
  0.3891350495513354D-18  0.4291796916191527D-18  0.4730805234054228D-18
  0.5211726270074430D-18  0.5738153634199594D-18  0.6313934933624215D-18
  0.6943182613475408D-18  0.7630284269213713D-18  0.8379912250289360D-18
  0.9197032353919122D-18  0.1008691138646067D-17  0.1105512334797129D-17
  0.1210755397346488D-17  0.1325040334248921D-17  0.1449018624741267D-17
  0.1583372999078458D-17  0.1728816926398196D-17  0.1886093774381240D-17
  0.2055975603162787D-17  0.2239261555172834D-17  0.2436775802312603D-17
  0.2649365012223327D-17  0.2877895296411046D-17  0.3123248604762431D-17
  0.3386318533541650D-17  0.3668005517350861D-17  0.3969211379781394D-17
  0.4290833222587395D-17  0.4633756639176836D-17  0.4998848245024907D-17
  0.5386947525252220D-17  0.5798858008058247D-17  0.6235337781925148D-17
  0.6697089384484955D-17  0.7184749101632438D-17  0.7698875726831455D-17
  0.8239938842557580D-17  0.8808306698393666D-17  0.9404233773391579D-17
  0.1002784812386757D-16  0.1067913863172252D-16  0.1135794228257641D-16
  0.1206393161732337D-16  0.1279660251497172D-16  0.1355526247856062D-16
  0.1433901960918470D-16  0.1514677246524742D-16  0.1597720101437099D-16
  0.1682875889315503D-16  0.1769966719422357D-16  0.1858790999961094D-16
  0.1949123187320037D-16  0.2040713751123333D-16  0.2133289372740527D-16
  0.2226553391638991D-16  0.2320186509571254D-16  0.2413847757019963D-16
  0.2507175719606355D-16  0.2599790014463819D-16  0.2691292998204060D-16
  0.2781271679579952D-16  0.2869299802004311D-16  0.2954940054624217D-16
  0.3037746366702956D-16  0.3117266239268694D-16  0.3193043071540238D-16
  0.3264618446000100D-16  0.3331534345627946D-16  0.3393335286001419D-16
  0.3449570351308267D-16  0.3499795124822750D-16  0.3543573497283890D-16
  0.3580479323342568D-16  0.3610097877101962D-16  0.3632027037925427D-16
  0.3645878121183944D-16  0.3651276259512954D-16  0.3647860240891275D-16
  0.3635281720969317D-16  0.3613203747567901D-16  0.3581298562888699D-16
  0.3539244681174169D-16  0.3486723273378949D-16  0.3423413923453825D-16
  0.3348989850747132D-16  0.3263112718017612D-16  0.3165427163213328D-16
  0.3055555204473189D-16  0.2933090671180763D-16  0.2797593809105241D-16
  0.2648586194841107D-16  0.2485546074351072D-16  0.2307904213130999D-16
  0.2115040312282386D-16  0.1906280006695734D-16  0.1680892419859328D-16
  0.1438088205876075D-16  0.1177017964575652D-16  0.8967708717601155D-17
  0.5963733253716450D-17  0.2747873716373506D-17 -0.6909135489297337D-18
 -0.4364364648316839D-17 -0.8284947189223883D-17 -0.1246591299251315D-16
 -0.1692136722797854D-16 -0.2166635641351032D-16 -0.2671697718697316D-16
 -0.3209050715933222D-16 -0.3780555836712938D-16 -0.4388225306688464D-16
 -0.5034242082513392D-16 -0.5720981515729565D-16 -0.6451034739585700D-16
 -0.7227233494475133D-16 -0.8052676050297161D-16 -0.8930753782006102D-16
 -0.9865177772685528D-16 -0.1086000448651065D-15 -0.1191965901480898D-15
 -0.1304895358021348D-15 -0.1425309781877204D-15 -0.1553769578101715D-15
 -0.1690872251247111D-15 -0.1837247038480218D-15 -0.1993545189557813D-15
 -0.2160424122395550D-15 -0.2338523113448243D-15 -0.2528427446093013D-15
 -0.2730616990136918D-15 -0.2945393935430097D-15 -0.3172782814555546D-15
 -0.3412393703283962D-15 -0.3663237185781731D-15 -0.3923474155744048D-15
 -0.4190084467591472D-15
  0.0000000000000000D+00  0.2959182790514104D-27  0.3270198541696412D-27
  0.3613840206663673D-27  0.3993512420740763D-27  0.4412895240966307D-27
  0.4877911595938791D-27  0.5391963294415313D-27  0.5962558114296782D-27
  0.6594106571173747D-27  0.7293766751711021D-27  0.8068835806463108D-27
  0.8927331959850899D-27  0.9878323619704539D-27  0.1093179904861321D-26
  0.1209884055031621D-26  0.1339176051138381D-26  0.1482421376437634D-26
  0.1641135503660767D-26  0.1817000549501701D-26  0.2011883545584661D-26
  0.2227857080280610D-26  0.2467222152022448D-26  0.2732533589843896D-26
  0.3026628371092195D-26  0.3352657125600544D-26  0.3714119205217066D-26
  0.4114901728225169D-26  0.4559323050993284D-26  0.5052181177086827D-26
  0.5598807671498557D-26  0.6205127713717116D-26  0.6877726997669280D-26
  0.7623926268984229D-26  0.8451864382447163D-26  0.9370590865813969D-26
  0.1039016909162963D-25  0.1152179128785626D-25  0.1277790676256295D-25
  0.1417236487948936D-25  0.1572057450201886D-25  0.1743968182526645D-25
  0.1934876874216724D-25  0.2146907414251310D-25  0.2382424082704400D-25
  0.2644059103555438D-25  0.2934743394255979D-25  0.3257740887089878D-25
  0.3616686841777831D-25  0.4015630618487667D-25  0.4459083436053340D-25
  0.4952071702489446D-25  0.5500196574609644D-25  0.6109700481607612D-25
  0.6787541434836412D-25  0.7541476043843434D-25  0.8380152268234499D-25
  0.9313213057554200D-25  0.1035141216864635D-24  0.1150674360365700D-24
  0.1279258628392653D-24  0.1422386576768709D-24  0.1581723503520196D-24
  0.1759127660650581D-24  0.1956672852731883D-24  0.2176673706145920D-24
  0.2421713926703216D-24  0.2694677901314647D-24  0.2998786041873386D-24
  0.3337634317062455D-24  0.3715238471040882D-24  0.4136083487554256D-24
  0.4605178924718593D-24  0.5128120820385049D-24  0.5711160951548580D-24
  0.6361284324772862D-24  0.7086295879242076D-24  0.7894917501134049D-24
  0.8796896579007933D-24  0.9803127476451912D-24  0.1092578746217357D-23
  0.1217848882108181D-23  0.1357644907498021D-23  0.1513668147081405D-23
  0.1687820815081855D-23  0.1882229870556509D-23  0.2099273713131997D-23
  0.2341612057123480D-23  0.2612219362005600D-23  0.2914422241913501D-23
  0.3251941326795454D-23  0.3628938103619278D-23  0.4050067328321907D-23
  0.4520535668730690D-23  0.5046167316304459D-23  0.5633477391160724D-23
  0.6289754061495018D-23  0.7023150406291408D-23  0.7842787170426704D-23
  0.8758867695279108D-23  0.9782806457307461D-23  0.1092737281348087D-22
  0.1220685173780275D-22  0.1363722353957889D-22  0.1523636478384353D-22
  0.1702427289003156D-22  0.1902331716939212D-22  0.2125851937788998D-22
  0.2375786721286242D-22  0.2655266457226781D-22  0.2967792282913382D-22
  0.3317279785534355D-22  0.3708107806321767D-22  0.4145172932593848D-22
  0.4633950329476131D-22  0.5180561635875823D-22  0.5791850729874346D-22
  0.6475468257892793D-22  0.7239965920630563D-22  0.8094901617814374D-22
  0.9050956674238651D-22  0.1012006650253072D-21  0.1131556620472917D-21
  0.1265235277641358D-21  0.1414706575515704D-21  0.1581828835099492D-21
  0.1768677131201700D-21  0.1977568201482472D-21  0.2211088152929021D-21
  0.2472123269176727D-21  0.2763894253271943D-21  0.3089994274583988D-21
  0.3454431225845411D-21  0.3861674636974173D-21  0.4316707736660066D-21
  0.4825085200941602D-21  0.5392997180426061D-21  0.6027340254685751D-21
  0.6735796023973405D-21  0.7526918115009389D-21  0.8410228449470649D-21
  0.9396323701210603D-21  0.1049699295139763D-20  0.1172534763988887D-20
  0.1309596500643390D-20  0.1462504631686155D-20  0.1633059127731618D-20
  0.1823259015388256D-20  0.2035323523548070D-20  0.2271715340453475D-20
  0.2535166171229150D-20  0.2828704799331102D-20  0.3155687869590156D-20
  0.3519833625125067D-20  0.3925258845256824D-20  0.4376519246528521D-20
  0.4878653623847163D-20  0.5437232023398383D-20  0.6058408253083558D-20
  0.6748977049477725D-20  0.7516436232339878D-20  0.8369054188089990D-20
  0.9315943031895993D-20  0.1036713780350144D-19  0.1153368205399782D-19
  0.1282772017862969D-19  0.1426259684353650D-19  0.1585296384108180D-19
  0.1761489468797481D-19  0.1956600725148618D-19  0.2172559465029375D-19
  0.2411476462629776D-19  0.2675658752039862D-19  0.2967625290683633D-19
  0.3290123484518956D-19  0.3646146559428262D-19  0.4038951749564725D-19
  0.4472079257325581D-19  0.4949371920826299D-19  0.5474995502959769D-19
  0.6053459491046089D-19  0.6689638267405927D-19  0.7388792478612944D-19
  0.8156590394391900D-19  0.8999129005826021D-19  0.9922954566435564D-19
  0.1093508222852699D-18  0.1204301437076227D-18  0.1325475715097886D-18
  0.1457883475078553D-18  0.1602430070532149D-18  0.1760074563284889D-18
  0.1931830059471260D-18  0.2118763522694850D-18  0.2321994969090158D-18
  0.2542695939227865D-18  0.2782087131694642D-18  0.3041435072860007D-18
  0.3322047686953460D-18  0.3625268620283541D-18  0.3952470163440589D-18
  0.4305044605879681D-18  0.4684393848667388D-18  0.5091917093731808D-18
  0.5528996422070046D-18  0.5996980069486706D-18  0.6497163207068624D-18
  0.7030766035307400D-18  0.7598909006185035D-18  0.8202584997301311D-18
  0.8842628276942508D-18  0.9519680119599243D-18  0.1023415095847279D-17
  0.1098617899574407D-17  0.1177558523324778D-17  0.1260182493637275D-17
  0.1346393560275171D-17  0.1436048157496695D-17  0.1528949551318993D-17
  0.1624841702941007D-17  0.1723402887956312D-17  0.1824239121316843D-17
  0.1926877449159357D-17  0.2030759180517768D-17  0.2135233144534506D-17
  0.2239549071949100D-17  0.2342851213250581D-17  0.2444172319772867D-17
  0.2542428127994569D-17  0.2636412501147326D-17  0.2724793395668530D-17
  0.2806109832739758D-17  0.2878770066766836D-17  0.2941051152763594D-17
  0.2991100122724520D-17  0.3026936986679641D-17  0.3046459776628318D-17
  0.3047451850305355D-17  0.3027591666060680D-17  0.2984465229328242D-17
  0.2915581394525325D-17  0.2818390183112216D-17  0.2690304248411739D-17
  0.2528723580268048D-17  0.2331063497597900D-17  0.2094785924582296D-17
  0.1817433887324534D-17  0.1496669103438886D-17  0.1130312468977205D-17
  0.7163871776572331D-18  0.2531641393152026D-18 -0.2607906990691870D-18
 -0.8265675825400060D-18 -0.1444863226510511D-17 -0.2115930678336854D-17
 -0.2839529320585654D-17 -0.3614875590608639D-17 -0.4440595003774044D-17
 -0.5314676081343365D-17 -0.6234426803364506D-17 -0.7196434231120724D-17
 -0.8196527965525002D-17 -0.9229748115674011D-17 -0.1029031842314793D-16
 -0.1137162510710269D-16 -0.1246620184596981D-16 -0.1356572109292115D-16
 -0.1466099164377455D-16 -0.1574196205950195D-16 -0.1679772921968581D-16
 -0.1781655097827339D-16 -0.1878586163647364D-16 -0.1969228876106991D-16
 -0.2052166977537470D-16 -0.2125906674164377D-16 -0.2188877783974470D-16
 -0.2239434422131612D-16 -0.2275855117038677D-16 -0.2296342281380361D-16
 -0.2299020997642981D-16 -0.2281937114238819D-16 -0.2243054683757263D-16
 -0.2180252806252289D-16 -0.2091321965149468D-16 -0.1973959958831431D-16
 -0.1825767535131747D-16 -0.1644243827239126D-16 -0.1426781666946272D-16
 -0.1170662814607687D-16 -0.8730530953303490D-17 -0.5309973695515576D-17
 -0.1414141960977020D-17  0.2989100289231632D-17  0.7933277482584837D-17
  0.1345338092867240D-16  0.1958596316563807D-16  0.2636925257422609D-16
  0.3384329268289752D-16  0.4205011024038454D-16  0.5103391526909593D-16
  0.6084133513659829D-16  0.7152168288739755D-16  0.8312725805487902D-16
  0.9571367581965289D-16  0.1093402179195901D-15  0.1240701962684583D-15
  0.1399713177322467D-15  0.1571160358585326D-15  0.1755818719037146D-15
  0.1954516826763899D-15  0.2168138452425737D-15  0.2397623173902489D-15
  0.2643965166432519D-15  0.2908209384260982D-15  0.3191444047809270D-15
  0.3494787977199626D-15  0.3819370847064511D-15  0.4166303861879997D-15
  0.4536637641906405D-15  0.4931303234890193D-15  0.5351031080396981D-15
  0.5796241399526980D-15  0.6266897742987031D-15  0.6762313306220929D-15
  0.7280896536471059D-15  0.7819819943861345D-15  0.8374587327720184D-15
  0.8938480816130323D-15
