    1
  315
 -0.6482526734047385D+00  0.4055839442526176D+00 -0.3256151442810412D+00
  0.1719998577644449D+01 -0.7421932820236663D+00 -0.7179713934022699D+00
 -0.3903568680454458D+00  0.1305113552491406D+00  0.4204793930901407D+00
 -0.6670774707633324D-01  0.4161966518872707D+00 -0.2605585020937893D+00
  0.2424369919397201D+00 -0.1587009132088370D+00  0.3212903013586477D+00
 -0.5863277793144182D-01 -0.8790774024031590D-01  0.3762008695505384D+00
 -0.5583649274000066D-01 -0.2569498607819977D+00  0.1210267067623294D+00
 -0.1384894640176859D+00 -0.1640884908367902D+00  0.4759422610888398D-01
  0.4759422610888228D-01 -0.4701961119489229D-01  0.1634437551434646D-01
 -0.1834393053525892D+00  0.1361256402107557D+00 -0.7837412687962052D-01
  0.4773559272872245D-01  0.4773559272872426D-01  0.6851809862890476D-01
  0.5499600876927983D-01 -0.1811581973053654D-01 -0.5472723054371402D-01
  0.1182439286589771D+00  0.9603875625937845D-02  0.2125324306148121D-02
 -0.8562898692132094D-01 -0.5665895798235998D-01  0.5768862345427546D-01
  0.4154474180866982D-01 -0.5515030442990933D-02  0.3612127191176807D-01
  0.1177893448767386D-01 -0.3319633616082895D-01 -0.3319633616082954D-01
  0.7843108623773392D-02 -0.3088139068166991D-01 -0.2647959024466837D-01
  0.5043811801233997D-01 -0.1765746018951396D-01  0.5192726100966921D-01
 -0.6910927610864467D-02 -0.2092777490483436D-01  0.4535966140336099D-01
 -0.4182466299158093D-01 -0.8236885359270181D-02 -0.1952172549713232D-01
 -0.3350347437072483D-01  0.1597343967124886D-01 -0.3704443464111872D-01
 -0.2244833962278814D-01  0.4661085584413188D-02  0.1330645465383991D-01
  0.1330645465383848D-01 -0.6676576774674528D-02  0.4739819232620172D-02
  0.1582643641289395D-02  0.1582643641289176D-02 -0.5273728322398100D-02
 -0.2503270585436517D-01  0.2050658656888233D-01  0.1471880148950620D-01
  0.1471880148950789D-01  0.2128751502360825D-01  0.1801187342448325D-01
 -0.1420046942844965D-02 -0.8607917677897101D-02  0.9339244633928155D-02
  0.1529530264202899D-02  0.5666852861588167D-02  0.2044083395416508D-02
 -0.6812122630182942D-02 -0.6946557428429321D-02 -0.7697990130070543D-02
 -0.4674028061462697D-02  0.6893518160036812D-02  0.5551254405447457D-02
 -0.1840121079776582D-02  0.1210553265284022D-01  0.1983156214176625D-02
 -0.1120149008361099D-01 -0.1120149008361159D-01  0.3674227011693774D-02
 -0.3892888523050054D-02 -0.1049379577744811D-01 -0.9011508650820161D-02
  0.4301415719833069D-02 -0.6064942082370469D-02  0.6182720460944685D-02
  0.8945046161033554D-02  0.3784790530843874D-02  0.3784790530844072D-02
 -0.1193838576530849D-02 -0.1809373844710323D-02  0.7853387509860411D-02
 -0.1097424748074979D-02  0.4766421225587398D-02 -0.2864963289178429D-02
 -0.2524784627188619D-02 -0.3402273637964136D-02 -0.5842878666221911D-02
  0.5577045901869377D-02 -0.3929427287223746D-02  0.4901885231818167D-02
 -0.2342397182320192D-02 -0.4260555958509696D-02  0.4160558083964273D-03
 -0.4698635737850386D-02  0.5558320890209733D-03  0.5558320890207428D-03
 -0.9261119309565111D-03 -0.3264376926546340D-02 -0.4396422081353143D-02
  0.3601145074566627D-02 -0.2089123646958966D-02  0.9374954130134054D-03
  0.1866558518880145D-02  0.7512627934748350D-03  0.7512627934746195D-03
 -0.4976492996044544D-03 -0.1507777949783195D-02  0.3270093145982080D-02
  0.5349487403293581D-03  0.1980721441876438D-02 -0.1189700591400779D-02
 -0.2420765224510899D-02 -0.2676281343487658D-02  0.6003170841094346D-03
 -0.1620779273198606D-02  0.8257557479205660D-03  0.8257557479208189D-03
  0.2385186371708419D-02  0.9596281177473928D-03  0.9596281177471863D-03
  0.1107438035426146D-02 -0.8732160196427261D-03 -0.8732160196427564D-03
  0.3405982240584287D-03  0.6301511823524384D-03  0.2270964435111770D-03
 -0.1332869288094017D-02 -0.8954617660159943D-03  0.1463410194987197D-02
  0.7600609772737174D-03  0.1043524744801296D-02  0.1043524744801536D-02
  0.1505209470317435D-02 -0.4691585586137577D-04  0.1272110150345329D-02
  0.1272110150345528D-02  0.6984520538036739D-03 -0.2000864222509690D-03
 -0.6055685152051062D-03  0.1311425955449811D-02 -0.1098035035123716D-02
 -0.6027689965671382D-03 -0.6027689965672248D-03  0.7907343486060776D-03
 -0.2370955715342126D-03 -0.4176507086067692D-03 -0.1120219772092113D-02
 -0.9600998122954997D-03 -0.6368675218243151D-03 -0.1744918659041110D-03
  0.8658217122879179D-03  0.1317876702141275D-03 -0.7419483117178109D-03
 -0.7419483117178910D-03 -0.2914446514275463D-03 -0.5132288768538345D-03
 -0.6864848434729430D-03  0.5583139059840757D-03 -0.3222136482529283D-03
 -0.3191387620231963D-03  0.2885904971216538D-03  0.5656703689319076D-03
  0.4772304299898584D-03  0.2270499705227368D-03 -0.7478683216314473D-04
 -0.3739341608152638D-04 -0.2258781300060145D-03  0.4877816359765378D-03
  0.2438908179882446D-03  0.1457806610371757D-03  0.2619861584874049D-04
  0.2619861584871155D-04 -0.1743126357093900D-03 -0.3495954641485503D-03
 -0.1747977320743117D-03 -0.1887268442155363D-03  0.8528614202837681D-04
 -0.2277804464976897D-03 -0.1138902232488550D-03  0.2315722111788334D-03
 -0.3090260691789525D-04 -0.3090260691790015D-04  0.3065743047426245D-03
 -0.4363259711285149D-04  0.2834224532943008D-03 -0.1313021601462976D-04
 -0.2365064993994043D-03 -0.2365064993994289D-03  0.4573651637115563D-04
  0.1681708041515275D-03  0.3017003997696357D-04  0.3017003997693856D-04
 -0.8820372253762561D-04 -0.2338296704346021D-03 -0.1994940251657418D-03
  0.1883789781800184D-03  0.9418948909001403D-04 -0.2135520633572413D-03
  0.9642925435872761D-04 -0.1279651039078553D-03  0.1850411369188771D-03
 -0.3442287818354597D-04  0.8534929393781285D-04 -0.7273275547449403D-04
 -0.3636637773722650D-04 -0.7227200265253056D-05 -0.1397168348097893D-03
  0.9158237013118985D-04  0.2317889909413227D-04 -0.5438951031474621D-04
 -0.9558100157350979D-04  0.1002779704066111D-03 -0.1141651404310496D-03
  0.3999059582870854D-04  0.3999059582872519D-04  0.3804470437426108D-04
  0.3804470437424061D-04  0.8774169759590781D-04 -0.3693270867960357D-04
 -0.7283300641523562D-05 -0.6530297941435006D-04  0.1244884529066347D-04
  0.6224422645339804D-05  0.6843556922981977D-04 -0.4682037714811396D-04
 -0.6056141148032502D-04 -0.5258330676814906D-04  0.1182677644189893D-04
  0.3068312014574943D-04  0.3068312014576704D-04  0.4254938590984692D-04
  0.2127469295491787D-04  0.3534889399132654D-04  0.3534889399133760D-04
 -0.5360092195847374D-05  0.3340346850615963D-04  0.5119564972681241D-05
  0.5547931805296516D-05  0.1831389523339492D-04  0.3221639990636010D-05
 -0.1060379847622859D-04 -0.1910991756045367D-04 -0.1864689370462203D-04
 -0.9105725987072056D-05  0.8130725867010663D-05 -0.9802350050306726D-05
  0.1269502629430704D-04 -0.2269932620063084D-05 -0.2269932620064162D-05
  0.4868367697137823D-05  0.4868367697136076D-05  0.5597088421126672D-05
 -0.7266907561585452D-06  0.4080559081374229D-05 -0.7418183492740509D-06
  0.1140029257193921D-05 -0.5359318867077928D-05 -0.5359318867079375D-05
  0.2418230225336216D-05  0.2418230225336384D-05 -0.3025355006550020D-05
 -0.2621148249609145D-05 -0.1310574124805046D-05 -0.8859657057490144D-06
  0.9384927284767489D-06  0.1230117276687314D-06 -0.1388061783297923D-06
  0.5355044021271395D-06 -0.1277878313085766D-05 -0.1277878313086255D-05
  0.1178623472574551D-05 -0.3116095952179093D-05  0.5604383157424141D-06
  0.1898844576366833D-05 -0.4709517866463211D-05  0.2241692511527427D-06
  0.2132390208590025D-05  0.2132390208590615D-05 -0.2149147127674856D-05
 -0.3929689230741627D-05 -0.6369275785171131D-05  0.2581613552433414D-05
  0.1290806776216816D-05  0.7310753198336137D-05  0.6623046171318652D-05
 -0.3432025981795428D-05  0.6078503304108219D-05  0.4283404257719123D-05
    7
    1    1  327
  0.0000000000000000D+00 -0.2679770724438074D+07 -0.2600423376304515D+07
 -0.2523424298842054D+07 -0.2448703995150784D+07 -0.2376195025085979D+07
 -0.2305831944404208D+07 -0.2237551245641143D+07 -0.2171291300863223D+07
 -0.2106992305981232D+07 -0.2044596226815618D+07 -0.1984046746697232D+07
 -0.1925289215643282D+07 -0.1868270601030996D+07 -0.1812939439731848D+07
 -0.1759245791662605D+07 -0.1707141194710882D+07 -0.1656578620994682D+07
 -0.1607512434416472D+07 -0.1559898349473397D+07 -0.1513693391286525D+07
 -0.1468855856813027D+07 -0.1425345277206253D+07 -0.1383122381289800D+07
 -0.1342149060112519D+07 -0.1302388332552541D+07 -0.1263804311939241D+07
 -0.1226362173663018D+07 -0.1190028123743676D+07 -0.1154769368329000D+07
 -0.1120554084096037D+07 -0.1087351389528343D+07 -0.1055131317043280D+07
 -0.1023864785944195D+07 -0.9935235761730993D+06 -0.9640803028401094D+06
 -0.9355083915067142D+06 -0.9077820542005114D+06 -0.8808762661398014D+06
 -0.8547667431470157D+06 -0.8294299197305857D+06 -0.8048429278154899D+06
 -0.7809835761032680D+06 -0.7578303300428716D+06 -0.7353622923942861D+06
 -0.7135591843673692D+06 -0.6924013273188894D+06 -0.6718696249912456D+06
 -0.6519455462768278D+06 -0.6326111084924759D+06 -0.6138488611489345D+06
 -0.5956418702006491D+06 -0.5779737027616996D+06 -0.5608284122740708D+06
 -0.5441905241148687D+06 -0.5280450216295040D+06 -0.5123773325782224D+06
 -0.4971733159837640D+06 -0.4824192493682707D+06 -0.4681018163679256D+06
 -0.4542080947141488D+06 -0.4407255445704952D+06 -0.4276419972147372D+06
 -0.4149456440559099D+06 -0.4026250259764091D+06 -0.3906690229895237D+06
 -0.3790668442030672D+06 -0.3678080180800500D+06 -0.3568823829876056D+06
 -0.3462800780256322D+06 -0.3359915341268856D+06 -0.3260074654204806D+06
 -0.3163188608510080D+06 -0.3069169760457111D+06 -0.2977933254223692D+06
 -0.2889396745307777D+06 -0.2803480326209048D+06 -0.2720106454310213D+06
 -0.2639199881892944D+06 -0.2560687588225295D+06 -0.2484498713659298D+06
 -0.2410564495679290D+06 -0.2338818206843228D+06 -0.2269195094560999D+06
 -0.2201632322655394D+06 -0.2136068914652957D+06 -0.2072445698753601D+06
 -0.2010705254429279D+06 -0.1950791860603520D+06 -0.1892651445365105D+06
 -0.1836231537170453D+06 -0.1781481217490703D+06 -0.1728351074860779D+06
 -0.1676793160288912D+06 -0.1626760943986453D+06 -0.1578209273378857D+06
 -0.1531094332359990D+06 -0.1485373601752968D+06 -0.1441005820941846D+06
 -0.1397950950639527D+06 -0.1356170136758299D+06 -0.1315625675350360D+06
 -0.1276280978586728D+06 -0.1238100541743789D+06 -0.1201049911167698D+06
 -0.1165095653187717D+06 -0.1130205323950398D+06 -0.1096347440147413D+06
 -0.1063491450610561D+06 -0.1031607708748306D+06 -0.1000667445798986D+06
 -0.9706427448764592D+05 -0.9415065157848083D+05 -0.9132324705793009D+05
 -0.8857950998515141D+05 -0.8591696497172146D+05 -0.8333320994861407D+05
 -0.8082591399935116D+05 -0.7839281525736487D+05 -0.7603171886566658D+05
 -0.7374049499697555D+05 -0.7151707693251350D+05 -0.6935945919772146D+05
 -0.6726569575321121D+05 -0.6523389823930540D+05 -0.6326223427257465D+05
 -0.6134892579282279D+05 -0.5949224745901522D+05 -0.5769052509269206D+05
 -0.5594213416744613D+05 -0.5424549834308831D+05 -0.5259908804316260D+05
 -0.5100141907450934D+05 -0.4945105128761420D+05 -0.4794658727651533D+05
 -0.4648667111707509D+05 -0.4506998714245862D+05 -0.4369525875469139D+05
 -0.4236124727120201D+05 -0.4106675080528574D+05 -0.3981060317945452D+05
 -0.3859167287066876D+05 -0.3740886198647394D+05 -0.3626110527109234D+05
 -0.3514736914054768D+05 -0.3406665074592625D+05 -0.3301797706390369D+05
 -0.3200040401369187D+05 -0.3101301559958440D+05 -0.3005492307830432D+05
 -0.2912526415038025D+05 -0.2822320217480219D+05 -0.2734792540622952D+05
 -0.2649864625404926D+05 -0.2567460056260337D+05 -0.2487504691192846D+05
 -0.2409926593837362D+05 -0.2334655967448491D+05 -0.2261625090756899D+05
 -0.2190768255637126D+05 -0.2122021706532766D+05 -0.2055323581587326D+05
 -0.1990613855431521D+05 -0.1927834283580225D+05 -0.1866928348394798D+05
 -0.1807841206569049D+05 -0.1750519638099711D+05 -0.1694911996704916D+05
 -0.1640968161656795D+05 -0.1588639490997014D+05 -0.1537878776106788D+05
 -0.1488640197605571D+05 -0.1440879282555310D+05 -0.1394552862949809D+05
 -0.1349619035471335D+05 -0.1306037122499074D+05 -0.1263767634356399D+05
 -0.1222772232786133D+05 -0.1183013695644870D+05 -0.1144455882809145D+05
 -0.1107063703287477D+05 -0.1070803083533160D+05 -0.1035640936952932D+05
 -0.1001545134606261D+05 -0.9684844770887546D+04 -0.9364286675909829D+04
 -0.9053482861207061D+04 -0.8752147648717719D+04 -0.8460003647166999D+04
 -0.8176781527919257D+04 -0.7902219811345713D+04 -0.7636064663173005D+04
 -0.7378069700130067D+04 -0.7127995804038200D+04 -0.6885610943291020D+04
 -0.6650690000451790D+04 -0.6423014604459544D+04 -0.6202372965695386D+04
 -0.5988559711931724D+04 -0.5781375722995625D+04 -0.5580627961856336D+04
 -0.5386129299838189D+04 -0.5197698333814697D+04 -0.5015159193609982D+04
 -0.4838341338470442D+04 -0.4667079342405697D+04 -0.4501212669436809D+04
 -0.4340585441286033D+04 -0.4185046201690462D+04 -0.4034447683317162D+04
 -0.3888646583462490D+04 -0.3747503358476693D+04 -0.3610882042817849D+04
 -0.3478650100757753D+04 -0.3350678315502250D+04 -0.3226840717831922D+04
 -0.3107014552951911D+04 -0.2991080280738689D+04 -0.2878921601492658D+04
 -0.2770425497092337D+04 -0.2665482276384739D+04 -0.2563985613817754D+04
 -0.2465832571598055D+04 -0.2370923597762921D+04 -0.2279162495128151D+04
 -0.2190456358760423D+04 -0.2104715482125001D+04 -0.2021853234177441D+04
 -0.1941785911298399D+04 -0.1864432569096287D+04 -0.1789714839765031D+04
 -0.1717556740959425D+04 -0.1647884482124416D+04 -0.1580626273969831D+04
 -0.1515712146386481D+04 -0.1453073779605774D+04 -0.1392644352847460D+04
 -0.1334358414100105D+04 -0.1278151774045175D+04 -0.1223961426468887D+04
 -0.1171725496800378D+04 -0.1121383219659193D+04 -0.1072874945474799D+04
 -0.1026142175336216D+04 -0.9811276222179501D+03 -0.9377752955821063D+03
 -0.8960306050482448D+03 -0.8558404773289495D+03 -0.8171534789451919D+03
 -0.7799199353959981D+03 -0.7440920355724211D+03 -0.7096239085125276D+03
 -0.6764716585102974D+03 -0.6445933447587868D+03 -0.6139488935615702D+03
 -0.5844999388065257D+03 -0.5562095894755309D+03 -0.5290421427663774D+03
 -0.5029627703039592D+03 -0.4779372174893055D+03 -0.4539315671111030D+03
 -0.4309121069802664D+03 -0.4088453308738921D+03 -0.3876980744549060D+03
 -0.3674377606261494D+03 -0.3480327071599643D+03 -0.3294524399739622D+03
 -0.3116679595972865D+03 -0.2946519229102256D+03 -0.2783787214957300D+03
 -0.2628244560607434D+03 -0.2479668202559547D+03 -0.2337849149262715D+03
 -0.2202590167313465D+03 -0.2073703240576839D+03 -0.1951007000103691D+03
 -0.1834324282905518D+03 -0.1723479936329666D+03 -0.1618298947575504D+03
 -0.1518604946007404D+03 -0.1424219099838153D+03 -0.1334959407966628D+03
 -0.1250640371523742D+03 -0.1171073017281953D+03 -0.1096065235889701D+03
 -0.1025422391402963D+03 -0.9589481544027949D+02 -0.8964455087829472D+02
 -0.8377178817794751D+02 -0.7825703477251572D+02 -0.7308108580822709D+02
 -0.6822514532720680D+02 -0.6367094154154189D+02 -0.5940083255154072D+02
 -0.5539789768046354D+02 -0.5164601708354151D+02 -0.4812993136161389D+02
 -0.4483527672979282D+02 -0.4174860353677445D+02 -0.3885737037929973D+02
 -0.3614991521169433D+02 -0.3361540429732483D+02 -0.3124376120712499D+02
 -0.2902558003201237D+02 -0.2695202862868853D+02 -0.2501475026214685D+02
 -0.2320577224833552D+02 -0.2151743118566524D+02 -0.1994232160141651D+02
 -0.1847327180202412D+02 -0.1710334605800090D+02 -0.1582586753278182D+02
 -0.1463445334633098D+02 -0.1352305190223032D+02 -0.1248597372582817D+02
 -0.1151790971012087D+02 -0.1061393396002254D+02 -0.9769491497049076D+01
 -0.8980373180367517D+01 -0.8242681689923177D+01 -0.7552791734912660D+01
 -0.6907310854895896D+01 -0.6303036652659552D+01 -0.5736934972846232D+01
 -0.5206056776931386D+01 -0.4707662695536306D+01 -0.4238781186811984D+01
 -0.3797155589927021D+01
    1 1000  327
  0.0000000000000000D+00  0.3133028099470802D-04  0.3228577563771362D-04
  0.3327041045883788D-04  0.3428507416279452D-04  0.3533068255314235D-04
  0.3640817936546287D-04  0.3751853711627714D-04  0.3866275798280836D-04
  0.3984187469936225D-04  0.4105695150817416D-04  0.4230908509700827D-04
  0.4359940560843943D-04  0.4492907764478159D-04  0.4629930132580311D-04
  0.4771131337731007D-04  0.4916638824009086D-04  0.5066583922107695D-04
  0.5221101967879976D-04  0.5380332424734114D-04  0.5544419009452055D-04
  0.5713509821920747D-04  0.5887757477948455D-04  0.6067319248660551D-04
  0.6252357200341977D-04  0.6443038344298740D-04  0.6639534782287212D-04
  0.6842023866737708D-04  0.7050688358039768D-04  0.7265716590928220D-04
  0.7487302642915345D-04  0.7715646511641944D-04  0.7950954292936141D-04
  0.8193438368714958D-04  0.8443317597986192D-04  0.8700817513958398D-04
  0.8966170528839025D-04  0.9239616142307665D-04  0.9521401158308243D-04
  0.9811779906919972D-04  0.1011101447609198D-03  0.1041937494595152D-03
  0.1073713963314377D-03  0.1106459534280484D-03  0.1140203762673182D-03
  0.1174977104980853D-03  0.1210810946704735D-03  0.1247737630294184D-03
  0.1285790484670578D-03  0.1325003855259167D-03  0.1365413134909097D-03
  0.1407054795741467D-03  0.1449966422337190D-03  0.1494186745466097D-03
  0.1539755676990182D-03  0.1586714346174365D-03  0.1635105136460183D-03
  0.1684971723941385D-03  0.1736359116692991D-03  0.1789313695524836D-03
  0.1843883255589994D-03  0.1900117049738481D-03  0.1958065832942779D-03
  0.2017781908053781D-03  0.2079319173021120D-03  0.2142733169564405D-03
  0.2208081133229597D-03  0.2275422045163983D-03  0.2344816685271140D-03
  0.2416327687070388D-03  0.2490019594262974D-03  0.2565958919019792D-03
  0.2644214201821773D-03  0.2724856073670038D-03  0.2807957319407098D-03
  0.2893592943814111D-03  0.2981840238998102D-03  0.3072778854409550D-03
  0.3166490868496705D-03  0.3263060862904099D-03  0.3362575998884131D-03
  0.3465126095793708D-03  0.3570803712318248D-03  0.3679704229942760D-03
  0.3791925938969005D-03  0.3907570127427334D-03  0.4026741172322889D-03
  0.4149546633848509D-03  0.4276097352609315D-03  0.4406507549466044D-03
  0.4540894928773732D-03  0.4679380784600242D-03  0.4822090110187158D-03
  0.4969151710664277D-03  0.5120698319474749D-03  0.5276866718094109D-03
  0.5437797859425761D-03  0.5603636995161421D-03  0.5774533806755641D-03
  0.5950642540576680D-03  0.6132122147138166D-03  0.6319136424496312D-03
  0.6511854166183120D-03  0.6710449313512801D-03  0.6915101112499619D-03
  0.7125994275807610D-03  0.7343319149332049D-03  0.7567271883974514D-03
  0.7798054612869124D-03  0.8035875633593645D-03  0.8280949596321551D-03
  0.8533497697537532D-03  0.8793747879585186D-03  0.9061935036599610D-03
  0.9338301226252609D-03  0.9623095888462578D-03  0.9916576070424362D-03
  0.1021900665862208D-02  0.1053066061785364D-02  0.1085181923769054D-02
  0.1118277238639131D-02  0.1152381877236793D-02  0.1187526621397146D-02
  0.1223743191714005D-02  0.1261064276192189D-02  0.1299523559727510D-02
  0.1339155754519309D-02  0.1379996631413003D-02  0.1422083052163717D-02
  0.1465453002722310D-02  0.1510145627517927D-02  0.1556201264776521D-02
  0.1603661482947825D-02  0.1652569118210922D-02  0.1702968313142710D-02
  0.1754904556550295D-02  0.1808424724546472D-02  0.1863577122834954D-02
  0.1920411530331594D-02  0.1978979244079854D-02  0.2039333125551396D-02
  0.2101527648363694D-02  0.2165618947440253D-02  0.2231664869681655D-02
  0.2299725026164325D-02  0.2369860845963394D-02  0.2442135631579067D-02
  0.2516614616079611D-02  0.2593365021979104D-02  0.2672456121908539D-02
  0.2753959301138552D-02  0.2837948122009396D-02  0.2924498390334019D-02
  0.3013688223801202D-02  0.3105598122501513D-02  0.3200311041571417D-02
  0.3297912466070838D-02  0.3398490488138734D-02  0.3502135886504464D-02
  0.3608942208412527D-02  0.3719005854070253D-02  0.3832426163648915D-02
  0.3949305506936551D-02  0.4069749375754163D-02  0.4193866479145375D-02
  0.4321768841511998D-02  0.4453571903717170D-02  0.4589394627280708D-02
  0.4729359601746896D-02  0.4873593155330759D-02  0.5022225468942184D-02
  0.5175390693686368D-02  0.5333227071926472D-02  0.5495877062081410D-02
  0.5663487467183688D-02  0.5836209567396079D-02  0.6014199256540962D-02
  0.6197617182810426D-02  0.6386628893763117D-02  0.6581404985736910D-02
  0.6782121257836242D-02  0.6988958870584476D-02  0.7202104509455256D-02
  0.7421750553350978D-02  0.7648095248250570D-02  0.7881342886133388D-02
  0.8121703989372174D-02  0.8369395500737061D-02  0.8624640979211279D-02
  0.8887670801761843D-02  0.9158722371270668D-02  0.9438040330813734D-02
  0.9725876784459409D-02  0.1002249152482245D-01  0.1032815226752896D-01
  0.1064313489286199D-01  0.1096772369476054D-01  0.1130221163740817D-01
  0.1164690061965909D-01  0.1200210174752444D-01  0.1236813561496201D-01
  0.1274533259323813D-01  0.1313403312911212D-01  0.1353458805211056D-01
  0.1394735889117710D-01  0.1437271820097593D-01  0.1481104989815335D-01
  0.1526274960784281D-01  0.1572822502075007D-01  0.1620789626111952D-01
  0.1670219626592496D-01  0.1721157117562992D-01  0.1773648073685601D-01
  0.1827739871733937D-01  0.1883481333354076D-01  0.1940922769128937D-01
  0.2000116023987603D-01  0.2061114523999035D-01  0.2123973324592523D-01
  0.2188749160249312D-01  0.2255500495709465D-01  0.2324287578740283D-01
  0.2395172494514170D-01  0.2468219221644845D-01  0.2543493689932754D-01
  0.2621063839870807D-01  0.2700999683966277D-01  0.2783373369931161D-01
  0.2868259245800975D-01  0.2955733927039265D-01  0.3045876365687799D-01
  0.3138767921627007D-01  0.3234492436008671D-01  0.3333136306928400D-01
  0.3434788567406195D-01  0.3539540965744791D-01  0.3647488048339022D-01
  0.3758727245010522D-01  0.3873358956945257D-01  0.3991486647312112D-01
  0.4113216934646249D-01  0.4238659689079458D-01  0.4367928131505758D-01
  0.4501138935771136D-01  0.4638412333980173D-01  0.4779872225013474D-01
  0.4925646286355542D-01  0.5075866089332514D-01  0.5230667217864424D-01
  0.5390189390839412D-01  0.5554576588219672D-01  0.5723977180993495D-01
  0.5898544065090574D-01  0.6078434799381298D-01  0.6263811747884611D-01
  0.6454842226313091D-01  0.6651698653086972D-01  0.6854558704954022D-01
  0.7063605477355160D-01  0.7279027649680955D-01  0.7501019655568200D-01
  0.7729781858389606D-01  0.7965520732096125D-01  0.8208449047574026D-01
  0.8458786064685600D-01  0.8716757730166592D-01  0.8982596881558952D-01
  0.9256543457363023D-01  0.9538844713599094D-01  0.9829755446973115D-01
  0.1012953822484862D+00  0.1043846362223242D+00  0.1075681046598726D+00
  0.1108486608649276D+00  0.1142292657698144D+00  0.1177129706078330D+00
  0.1213029196672129D+00  0.1250023531290546D+00  0.1288146099918180D+00
  0.1327431310850045D+00  0.1367914621747483D+00  0.1409632571641175D+00
  0.1452622813910174D+00  0.1496924150266766D+00  0.1542576565777687D+00
  0.1589621264953488D+00  0.1638100708938484D+00  0.1688058653834936D+00
  0.1739540190195978D+00  0.1792591783723023D+00  0.1847261317204330D+00
  0.1903598133732566D+00  0.1961653081240413D+00  0.2021478558394420D+00
  0.2083128561888442D+00  0.2146658735179487D+00  0.2212126418709812D+00
  0.2279590701660705D+00  0.2349112475284639D+00  0.2420754487863881D+00
  0.2494581401345229D+00  0.2570659849701972D+00  0.2649058499075703D+00
  0.2729848109752367D+00  0.2813101600028355D+00  0.2898894112024402D+00
  0.2987303079506639D+00  0.3078408297775975D+00  0.3172291995688995D+00
  0.3269038909875240D+00  0.3368736361217985D+00  0.3471474333667475D+00
  0.3577345555457743D+00  0.3686445582800350D+00  0.3798872886130601D+00
  0.3914728938983988D+00  0.4034118309583223D+00  0.4157148755218368D+00
  0.4283931319505360D+00  0.4414580432610711D+00  0.4549214014532704D+00
  0.4687953581532513D+00  0.4830924355811173D+00  0.4978255378531352D+00
  0.5130079626286137D+00  0.5286534131119683D+00  0.5447760104208269D+00
  0.5613903063313346D+00
    1 1000  327
  0.0000000000000000D+00  0.3073166717408523D-09  0.3263467561857867D-09
  0.3465565828567530D-09  0.3680170886709070D-09  0.3908061837290605D-09
  0.4150077537891834D-09  0.4407057708226866D-09  0.4679975182837671D-09
  0.4969775746736435D-09  0.5277535230498396D-09  0.5604351718728536D-09
  0.5951394560698915D-09  0.6319937569291404D-09  0.6711304763835672D-09
  0.7126898438805313D-09  0.7568219580438848D-09  0.8036888340255525D-09
  0.8534557558294972D-09  0.9063070274321818D-09  0.9624304159618682D-09
  0.1022028984002983D-08  0.1085317806279381D-08  0.1152526155350792D-08
  0.1223896857381794D-08  0.1299685612223589D-08  0.1380169422443578D-08
  0.1465636486349762D-08  0.1556395610477260D-08  0.1652774818383638D-08
  0.1755123540562505D-08  0.1863809622278139D-08  0.1979226188657202D-08
  0.2101789650944429D-08  0.2231943073912200D-08  0.2370156569153185D-08
  0.2516928194352116D-08  0.2672788692995102D-08  0.2838300973897539D-08
  0.3014063296211682D-08  0.3200709519270452D-08  0.3398913514719392D-08
  0.3609390578910358D-08  0.3832902897063891D-08  0.4070255233449419D-08
  0.4322305761849613D-08  0.4589965909234526D-08  0.4874198459478513D-08
  0.5176034423326546D-08  0.5496560243741025D-08  0.5836935843104814D-08
  0.6198388011857005D-08  0.6582223615270302D-08  0.6989827342762031D-08
  0.7422672085695903D-08  0.7882321722758170D-08  0.8370435125781204D-08
  0.8888775303659641D-08  0.9439212004373798D-08  0.1002373703841628D-07
  0.1064445751009519D-07  0.1130361572450673D-07  0.1200359230584019D-07
  0.1274691467432436D-07  0.1353626808894472D-07  0.1437450220963292D-07
  0.1526464461974131D-07  0.1620990776572051D-07  0.1721370840132341D-07
  0.1827966792272233D-07  0.1941163714710841D-07  0.2061370313431256D-07
  0.2189020779741673D-07  0.2324576120407168D-07  0.2468525573289694D-07
  0.2621389196943170D-07  0.2783718789803953D-07  0.2956100729814807D-07
  0.3139157378816763D-07  0.3333549858742794D-07  0.3539980233607972D-07
  0.3759193665154806D-07  0.3991981923184257D-07  0.4239185673945882D-07
  0.4501697498104778D-07  0.4780465344679688D-07  0.5076495959579883D-07
  0.5390858130522202D-07  0.5724687395089499D-07  0.6079189005781854D-07
  0.6455643038849563D-07  0.6855409193011147D-07  0.7279930883574971D-07
  0.7730740980161889D-07  0.8209467484297484D-07  0.8717839291547573D-07
  0.9257691911211232D-07  0.9830975035743747D-07  0.1043975870030465D-06
  0.1108624138807582D-06  0.1177275750636791D-06  0.1250178617744179D-06
  0.1327596005721707D-06  0.1409807465158855D-06  0.1497109867289234D-06
  0.1589818485991898D-06  0.1688268084295037D-06  0.1792814186460755D-06
  0.1903834304179033D-06  0.2021729348115702D-06  0.2146925062521746D-06
  0.2279873523571261D-06  0.2421054815721967D-06  0.2570978772693657D-06
  0.2730186781756123D-06  0.2899253753385549D-06  0.3078790213726023D-06
  0.3269444474538012D-06  0.3471905016490603D-06  0.3686902935113858D-06
  0.3915214606914570D-06  0.4157664503379941D-06  0.4415128110782628D-06
  0.4688535172464313D-06  0.4978872987810715D-06  0.5287189981894216D-06
  0.5614599525637619D-06  0.5962283938311796D-06  0.6331498704049332D-06
  0.6723577136183903D-06  0.7139935037098569D-06  0.7582075924540124D-06
  0.8051596413422983D-06  0.8550191995458216D-06  0.9079663123396631D-06
  0.9641921792013420D-06  0.1023899834711334D-05  0.1087304892594378D-05
  0.1154636310722609D-05  0.1226137230164355D-05  0.1302065848414611D-05
  0.1382696352347927D-05  0.1468319904195956D-05  0.1559245699208533D-05
  0.1655802079219950D-05  0.1758337718534882D-05  0.1867222884025300D-05
  0.1982850768468408D-05  0.2105638916728131D-05  0.2236030728989410D-05
  0.2374497061161695D-05  0.2521537928955536D-05  0.2677684311352619D-05
  0.2843500067456430D-05  0.3019583974305254D-05  0.3206571886918451D-05
  0.3405139036408429D-05  0.3616002467757794D-05  0.3839923629664648D-05
  0.4077711122932916D-05  0.4330223620561505D-05  0.4598372969531338D-05
  0.4883127480662336D-05  0.5185515432943181D-05  0.5506628776699067D-05
  0.5847627082874333D-05  0.6209741728241673D-05  0.6594280343678357D-05
  0.7002631535824448D-05  0.7436269899857251D-05  0.7896761343913170D-05
  0.8385768747017327D-05  0.8905057962240043D-05  0.9456504191938441D-05
  0.1004209876194752D-04  0.1066395630904814D-04  0.1132432242087928D-04
  0.1202558174224540D-04  0.1277026658836816D-04  0.1356106608620626D-04
  0.1440083588811217D-04  0.1529260848465784D-04  0.1623960415081384D-04
  0.1724524257813973D-04  0.1831315522315030D-04  0.1944719842094788D-04
  0.2065146730917678D-04  0.2193031061790298D-04  0.2328834637281701D-04
  0.2473047857083275D-04  0.2626191488810627D-04  0.2788818548839293D-04
  0.2961516298946442D-04  0.3144908367283567D-04  0.3339656999998664D-04
  0.3546465453141548D-04  0.3766080531618763D-04  0.3999295286661630D-04
  0.4246951878827885D-04  0.4509944619875311D-04  0.4789223201591342D-04
  0.5085796125672442D-04  0.5400734345264333D-04  0.5735175132299300D-04
  0.6090326184497816D-04  0.6467469986118220D-04  0.6867968439541207D-04
  0.7293267782850381D-04  0.7744903812620022D-04  0.8224507429718910D-04
  0.8733810528532565D-04  0.9274652251244779D-04  0.9848985628991861D-04
  0.1045888463435800D-03  0.1110655167096385D-03  0.1179432552633337D-03
  0.1252468981752909D-03  0.1330028195971131D-03  0.1412390269023361D-03
  0.1499852618220137D-03  0.1592731078452260D-03  0.1691361042714933D-03
  0.1796098673223130D-03  0.1907322187569888D-03  0.2025433224479871D-03
  0.2150858294190419D-03  0.2284050318609107D-03  0.2425490266847015D-03
  0.2575688892073644D-03  0.2735188575864074D-03  0.2904565286810244D-03
  0.3084430660387556D-03  0.3275434207641517D-03  0.3478265660613215D-03
  0.3693657463065032D-03  0.3922387415348108D-03  0.4165281483174559D-03
  0.4423216780218844D-03  0.4697124735463876D-03  0.4987994456700502D-03
  0.5296876302269020D-03  0.5624885674008665D-03  0.5973207045087069D-03
  0.6343098237239673D-03  0.6735894962888353D-03  0.7153015648516303D-03
  0.7595966556754009D-03  0.8066347225634781D-03  0.8565856244675808D-03
  0.9096297388643804D-03  0.9659586131171177D-03  0.1025775656169418D-02
  0.1089296873076575D-02  0.1156751645018948D-02  0.1228383557620057D-02
  0.1304451280556872D-02  0.1385229501641324D-02  0.1471009918744107D-02
  0.1562102293143153D-02  0.1658835568101767D-02  0.1761559056713726D-02
  0.1870643703306291D-02  0.1986483422955538D-02  0.2109496523951951D-02
  0.2240127218350952D-02  0.2378847226065255D-02  0.2526157478289584D-02
  0.2682589926413300D-02  0.2848709462945483D-02  0.3025115961396894D-02
  0.3212446442479613D-02  0.3411377374451226D-02  0.3622627115904752D-02
  0.3846958509830824D-02  0.4085181638315169D-02  0.4338156747825886D-02
  0.4606797355641844D-02  0.4892073548652931D-02  0.5195015486435376D-02
  0.5516717121257409D-02  0.5858340148444464D-02  0.6221118201372181D-02
  0.6606361306234600D-02  0.7015460612673650D-02  0.7449893417353299D-02
  0.7911228498619286D-02  0.8401131781506543D-02  0.8921372353555505D-02
  0.9473828853153784D-02  0.1006049625348039D-01  0.1068349306654398D-01
  0.1134506899333206D-01  0.1204761304769589D-01  0.1279366218330803D-01
  0.1358591045484392D-01  0.1442721874647092D-01  0.1532062510277404D-01
  0.1626935569942517D-01  0.1727683649321144D-01  0.1834670559349232D-01
  0.1948282639976040D-01  0.2068930155274545D-01  0.2197048774944142D-01
  0.2333101147555681D-01  0.2477578571219489D-01  0.2631002767709824D-01
  0.2793927766452093D-01  0.2966941905175857D-01  0.3150669954458703D-01
  0.3345775373832417D-01  0.3552962707598695D-01  0.3772980129005912D-01
  0.4006622141974214D-01  0.4254732450124916D-01  0.4518207003475026D-01
  0.4797997233798183D-01  0.5095113490335751D-01  0.5410628688264345D-01
  0.5745682183094984D-01  0.6101483884994761D-01  0.6479318627887865D-01
  0.6880550809113647D-01  0.7306629316395766D-01  0.7759092759913967D-01
  0.8239575028372569D-01  0.8749811189128458D-01  0.9291643753685061D-01
  0.9867029331177417D-01
    1 1000  327
  0.0000000000000000D+00 -0.4498245232524254D-13 -0.5305445712650845D-13
 -0.5398715225449796D-13 -0.5524467944543329D-13 -0.6101446001448033D-13
 -0.6724138812438734D-13 -0.7586603675267831D-13 -0.7853572280963932D-13
 -0.9534067290570795D-13 -0.9548129169674051D-13 -0.1054161119734076D-12
 -0.1117645373125562D-12 -0.1304932371180877D-12 -0.1390140132571419D-12
 -0.1504071772300691D-12 -0.1650520688284975D-12 -0.1743327678794974D-12
 -0.1957222397202373D-12 -0.2148572525214291D-12 -0.2337069014998178D-12
 -0.2597147508495916D-12 -0.2784442874043130D-12 -0.3019226839740577D-12
 -0.3358771116367709D-12 -0.3669083451601696D-12 -0.4019087189739601D-12
 -0.4367922098607987D-12 -0.4768601286332886D-12 -0.5189457252653828D-12
 -0.5661681332466659D-12 -0.6225918036772469D-12 -0.6780739130607627D-12
 -0.7428175355050475D-12 -0.8183333545286103D-12 -0.8968089475496092D-12
 -0.9760704073008697D-12 -0.1066002746189536D-11 -0.1164164785504374D-11
 -0.1280327970995887D-11 -0.1395122587462832D-11 -0.1530892478443397D-11
 -0.1676293686703934D-11 -0.1829926139548864D-11 -0.2001622128133404D-11
 -0.2195372925818598D-11 -0.2397700660454237D-11 -0.2626936263324439D-11
 -0.2880727600715073D-11 -0.3142785488987318D-11 -0.3437278726920926D-11
 -0.3763873057437482D-11 -0.4122420995674019D-11 -0.4503029148197109D-11
 -0.4928594958944046D-11 -0.5400365946647388D-11 -0.5903617216035969D-11
 -0.6460326212175242D-11 -0.7065708225533362D-11 -0.7737064945129807D-11
 -0.8460371262930778D-11 -0.9261155580385622D-11 -0.1013449535393440D-10
 -0.1109057021846214D-10 -0.1213740130582476D-10 -0.1328174431415650D-10
 -0.1453677985093047D-10 -0.1590683806342340D-10 -0.1740680464158794D-10
 -0.1905026879200385D-10 -0.2083644196568542D-10 -0.2281039201288784D-10
 -0.2495975216658570D-10 -0.2730747781555797D-10 -0.2988981581276645D-10
 -0.3271132320357276D-10 -0.3579410561444031D-10 -0.3916976588888541D-10
 -0.4286320006324559D-10 -0.4690012174550228D-10 -0.5132390049967089D-10
 -0.5616228255135706D-10 -0.6146217829935452D-10 -0.6725946635721921D-10
 -0.7360392663475432D-10 -0.8054391895559879D-10 -0.8814187996709808D-10
 -0.9645474817179890D-10 -0.1055465211710421D-09 -0.1155034972502766D-09
 -0.1263937153100094D-09 -0.1383140496526435D-09 -0.1513624534415778D-09
 -0.1656377350777663D-09 -0.1812579269576806D-09 -0.1983571538692759D-09
 -0.2170553052925275D-09 -0.2375286664342326D-09 -0.2599324286558131D-09
 -0.2844439844404841D-09 -0.3112720430618552D-09 -0.3406309542495509D-09
 -0.3727534064352739D-09 -0.4079070322732476D-09 -0.4463743581523481D-09
 -0.4884772255918990D-09 -0.5345399820889517D-09 -0.5849550987596064D-09
 -0.6401236971462986D-09 -0.7004969103907265D-09 -0.7665595213379800D-09
 -0.8388523355123464D-09 -0.9179654163312476D-09 -0.1004542281251941D-08
 -0.1099284910235935D-08 -0.1202956480923603D-08 -0.1316409099772242D-08
 -0.1440557536402686D-08 -0.1576416821970561D-08 -0.1725091373182992D-08
 -0.1887791313377848D-08 -0.2065826472864107D-08 -0.2260650947862594D-08
 -0.2473860458430448D-08 -0.2707169364051292D-08 -0.2962492236309920D-08
 -0.3241883183651656D-08 -0.3547624215781743D-08 -0.3882207098677262D-08
 -0.4248343008897812D-08 -0.4649013989730110D-08 -0.5087462637355711D-08
 -0.5567268709546687D-08 -0.6092322930776059D-08 -0.6666895303600720D-08
 -0.7295655304364459D-08 -0.7983719118953084D-08 -0.8736666654497404D-08
 -0.9560637797258880D-08 -0.1046231230787772D-07 -0.1144902226192346D-07
 -0.1252879249128834D-07 -0.1371039480934619D-07 -0.1500343574152964D-07
 -0.1641842525119974D-07 -0.1796686534835336D-07 -0.1966134171098008D-07
 -0.2151562442715084D-07 -0.2354478749298666D-07 -0.2576532098091774D-07
 -0.2819527245024351D-07 -0.3085440602118083D-07 -0.3376431553937984D-07
 -0.3694866782822054D-07 -0.4043333479350265D-07 -0.4424664520370575D-07
 -0.4841959549418270D-07 -0.5298610024710139D-07 -0.5798327949412834D-07
 -0.6345174433763591D-07 -0.6943594501775718D-07 -0.7598452611364363D-07
 -0.8315070968686040D-07 -0.9099274419377167D-07 -0.9957437069271398D-07
 -0.1089653386215221D-06 -0.1192419810106321D-06 -0.1304878219164738D-06
 -0.1427942736651414D-06 -0.1562613554479363D-06 -0.1709985361580126D-06
 -0.1871255936092824D-06 -0.2047736161025001D-06 -0.2240860401772018D-06
 -0.2452198374533200D-06 -0.2683467925989128D-06 -0.2936548703973686D-06
 -0.3213497825236620D-06 -0.3516566337831331D-06 -0.3848217526419242D-06
 -0.4211147158467480D-06 -0.4608305062776892D-06 -0.5042919391384703D-06
 -0.5518522624086248D-06 -0.6038980544590145D-06 -0.6608523418848312D-06
 -0.7231780546392489D-06 -0.7913817682158651D-06 -0.8660178491193564D-06
 -0.9476929426352733D-06 -0.1037070904718736D-05 -0.1134878198670137D-05
 -0.1241909806055053D-05 -0.1359035680408809D-05 -0.1487207829235706D-05
 -0.1627468030588042D-05 -0.1780956323291074D-05 -0.1948920268675152D-05
 -0.2132725076196178D-05 -0.2333864718740933D-05 -0.2553974061870119D-05
 -0.2794842155450418D-05 -0.3058426785330589D-05 -0.3346870370945431D-05
 -0.3662517386188352D-05 -0.4007933417688540D-05 -0.4385926015292476D-05
 -0.4799567510309605D-05 -0.5252219985843772D-05 -0.5747562613331882D-05
 -0.6289621547494920D-05 -0.6882802657213321D-05 -0.7531927324299893D-05
 -0.8242271653383638D-05 -0.9019609334931504D-05 -0.9870258584543316D-05
 -0.1080113349869476D-04 -0.1181980024676860D-04 -0.1293453857361491D-04
 -0.1415440909509097D-04 -0.1548932694513116D-04 -0.1695014235830224D-04
 -0.1854872887743953D-04 -0.2029807984586207D-04 -0.2221241402291075D-04
 -0.2430729115444732D-04 -0.2659973844659155D-04 -0.2910838895938967D-04
 -0.3185363305017243D-04 -0.3485778412572048D-04 -0.3814525998456629D-04
 -0.4174278129741036D-04 -0.4567958879190554D-04 -0.4998768091910169D-04
 -0.5470207394141815D-04 -0.5986108654080755D-04 -0.6550665127658047D-04
 -0.7168465541729346D-04 -0.7844531390287248D-04 -0.8584357750937578D-04
 -0.9393957947028011D-04 -0.1027991242581304D-03 -0.1124942224330067D-03
 -0.1231036759521992D-03 -0.1347137186702715D-03 -0.1474187172530280D-03
 -0.1613219381891117D-03 -0.1765363871421281D-03 -0.1931857274666495D-03
 -0.2114052853399630D-03 -0.2313431497025901D-03 -0.2531613759248652D-03
 -0.2770373029946928D-03 -0.3031649949383618D-03 -0.3317568181691536D-03
 -0.3630451676136283D-03 -0.3972843556156962D-03 -0.4347526789969473D-03
 -0.4757546810582407D-03 -0.5206236269103885D-03 -0.5697242122647704D-03
 -0.6234555276864838D-03 -0.6822543024054463D-03 -0.7465984540685432D-03
 -0.8170109732577500D-03 -0.8940641743707549D-03 -0.9783843474051922D-03
 -0.1070656848453180D-02 -0.1171631670294782D-02 -0.1282129538348773D-02
 -0.1403048581549610D-02 -0.1535371632358486D-02 -0.1680174215241175D-02
 -0.1838633288558030D-02 -0.2012036810901989D-02 -0.2201794209653489D-02
 -0.2409447836837783D-02 -0.2636685505388805D-02 -0.2885354207730317D-02
 -0.3157475128167881D-02 -0.3455260071116737D-02 -0.3781129438692547D-02
 -0.4137731903788755D-02 -0.4527965938545023D-02 -0.4955003373188370D-02
 -0.5422315176735280D-02 -0.5933699669094549D-02 -0.6493313393895063D-02
 -0.7105704902952946D-02 -0.7775851726996340D-02 -0.8509200833137517D-02
 -0.9311712897930369D-02 -0.1018991075587410D-01 -0.1115093241714513D-01
 -0.1220258908548932D-01 -0.1335342864784614D-01 -0.1461280515174921D-01
 -0.1599095483521625D-01 -0.1749907932710068D-01 -0.1914943669416111D-01
 -0.2095544107487842D-01 -0.2293177170984881D-01 -0.2509449225495121D-01
 -0.2746118134707178D-01 -0.3005107548362386D-01 -0.3288522537719459D-01
 -0.3598666705616584D-01 -0.3938060910202629D-01 -0.4309463754523702D-01
 -0.4715894008505334D-01 -0.5160655145576079D-01 -0.5647362193367451D-01
 -0.6179971116732257D-01 -0.6762810971908180D-01 -0.7400619093175501D-01
 -0.8098579598007015D-01 -0.8862365523681243D-01 -0.9698184937845433D-01
 -0.1061283139781657D+00 -0.1161373916875466D+00 -0.1270904364952179D+00
 -0.1390764749737091D+00 -0.1521929298892656D+00 -0.1665464120560822D+00
 -0.1822535868711919D+00 -0.1994421225731958D+00 -0.2182517279323233D+00
 -0.2388352878061823D+00
    1 1000  327
  0.0000000000000000D+00  0.4168752032769827D-13  0.4473149337212825D-13
  0.5031042253664420D-13  0.5382377611503424D-13  0.5891204035734174D-13
  0.6493586377869210D-13  0.7092419432677835D-13  0.7860176638380163D-13
  0.8689718162050827D-13  0.9437699923316449D-13  0.1036239241325515D-12
  0.1133708141610164D-12  0.1237671681434173D-12  0.1372711369394701D-12
  0.1483545652308237D-12  0.1639335348636763D-12  0.1786925398275067D-12
  0.1968419825628189D-12  0.2161721862344970D-12  0.2362667143938697D-12
  0.2578118427828545D-12  0.2819305646397223D-12  0.3099398035706883D-12
  0.3412863501796515D-12  0.3702524938235176D-12  0.4058970077223200D-12
  0.4450121524156630D-12  0.4874445666961532D-12  0.5341159940437963D-12
  0.5849355146304887D-12  0.6392893415398133D-12  0.6998071321111449D-12
  0.7657239003693547D-12  0.8387615458739591D-12  0.9168641398136278D-12
  0.1002752674266259D-11  0.1098984654148327D-11  0.1202400605856744D-11
  0.1316439462905325D-11  0.1440742691601110D-11  0.1576746036958448D-11
  0.1727040253567609D-11  0.1888745963688072D-11  0.2065780920254681D-11
  0.2262403172600465D-11  0.2475177620068361D-11  0.2709356165156039D-11
  0.2964951613561014D-11  0.3245281491020656D-11  0.3550397329679244D-11
  0.3886781704508559D-11  0.4253700340703409D-11  0.4652779102468016D-11
  0.5092163766592230D-11  0.5573723685778527D-11  0.6099113933046808D-11
  0.6674913528942552D-11  0.7304090912865991D-11  0.7994271743536406D-11
  0.8748330551584950D-11  0.9571490363967390D-11  0.1047589441309759D-10
  0.1146427566451182D-10  0.1254424279999655D-10  0.1372807704070956D-10
  0.1502302838979997D-10  0.1643974927526779D-10  0.1798974229090539D-10
  0.1968839633611881D-10  0.2154393408229864D-10  0.2357666203358678D-10
  0.2580032241994715D-10  0.2823421869053252D-10  0.3089576031218079D-10
  0.3380979714003373D-10  0.3700019569124307D-10  0.4048922063190240D-10
  0.4430709596945558D-10  0.4848621377235210D-10  0.5305941582411811D-10
  0.5806546050520079D-10  0.6354049315222319D-10  0.6953235519561185D-10
  0.7609219265381886D-10  0.8326736640041812D-10  0.9112086148553312D-10
  0.9971462997178119D-10  0.1091197898017680D-09  0.1194096402277613D-09
  0.1306708981913241D-09  0.1429976461087329D-09  0.1564828610073120D-09
  0.1712400079067630D-09  0.1873893349125728D-09  0.2050651394714132D-09
  0.2244030968101513D-09  0.2455681448825033D-09  0.2687270159909207D-09
  0.2940718431737499D-09  0.3218061189901737D-09  0.3521570749785953D-09
  0.3853696991927105D-09  0.4217149346119314D-09  0.4614864468381084D-09
  0.5050103844518468D-09  0.5526382828716706D-09  0.6047577639134060D-09
  0.6617933805094620D-09  0.7242084316088096D-09  0.7925090565205194D-09
  0.8672522359595135D-09  0.9490428162737871D-09  0.1038548630094507D-08
  0.1136495334629982D-08  0.1243678437759875D-08  0.1360972842652337D-08
  0.1489327472691299D-08  0.1629788086660364D-08  0.1783494970073178D-08
  0.1951698895454384D-08  0.2135765437503859D-08  0.2337192296182550D-08
  0.2557615400026776D-08  0.2798827719843745D-08  0.3062788261727776D-08
  0.3351643572754938D-08  0.3667739228544471D-08  0.4013649229277437D-08
  0.4392180998946051D-08  0.4806412362179963D-08  0.5259711075956494D-08
  0.5755760548685052D-08  0.6298593075284870D-08  0.6892619910158547D-08
  0.7542671836335905D-08  0.8254028444834691D-08  0.9032474602163188D-08
  0.9884338344630566D-08  0.1081653989019064D-07  0.1183666061092338D-07
  0.1295298798366478D-07  0.1417459936028726D-07  0.1551142085247305D-07
  0.1697432195890388D-07  0.1857518711999511D-07  0.2032703396460806D-07
  0.2224409894673631D-07  0.2434196588746478D-07  0.2663768251150936D-07
  0.2914991186325502D-07  0.3189907262156709D-07  0.3490750804953652D-07
  0.3819967406902919D-07  0.4180232863126389D-07  0.4574475179733960D-07
  0.5005898806973882D-07  0.5478010643438604D-07  0.5994647964657476D-07
  0.6560009792766417D-07  0.7178691523198584D-07  0.7855721748975343D-07
  0.8596603605183790D-07  0.9407358686167672D-07  0.1029457700545236D-06
  0.1126546976582451D-06  0.1232792862232459D-06  0.1349058921288536D-06
  0.1476290153144405D-06  0.1615520693312015D-06  0.1767882214332211D-06
  0.1934613139929305D-06  0.2117068621147204D-06  0.2316731683236632D-06
  0.2535225192558003D-06  0.2774325064602968D-06  0.3035974705303493D-06
  0.3322300808641646D-06  0.3635630643043939D-06  0.3978510964990604D-06
  0.4353728695475509D-06  0.4764333628553592D-06  0.5213663160422529D-06
  0.5705369452414266D-06  0.6243449106487142D-06  0.6832275632168811D-06
  0.7476635045780269D-06  0.8181764695530310D-06  0.8953395903818249D-06
  0.9797800498607046D-06  0.1072184181148185D-05  0.1173303046741172D-05
  0.1283958545248673D-05  0.1405050084626489D-05  0.1537561898990081D-05
  0.1682571048222512D-05  0.1841256169608738D-05  0.2014907058543944D-05
  0.2204935153245506D-05  0.2412885006510022D-05  0.2640446838300400D-05
  0.2889470276163068D-05  0.3161979388018067D-05  0.3460189133077094D-05
  0.3786523364992795D-05  0.4143634537621746D-05  0.4534425256578538D-05
  0.4962071876224833D-05  0.5430050318122067D-05  0.5942164320283061D-05
  0.6502576355954403D-05  0.7115841465277369D-05  0.7786944279518110D-05
  0.8521339536266409D-05  0.9324996415572421D-05  0.1020444705678528D-04
  0.1116683965262461D-04  0.1221999654941897D-04  0.1337247782913787D-04
  0.1463365088223369D-04  0.1601376654932375D-04  0.1752404243918366D-04
  0.1917675410474977D-04  0.2098533482066440D-04  0.2296448476778732D-04
  0.2513029051674813D-04  0.2750035578256211D-04  0.3009394450285410D-04
  0.3293213742070696D-04  0.3603800342602004D-04  0.3943678706165676D-04
  0.4315611370965095D-04  0.4722621413393218D-04  0.5168017019401777D-04
  0.5655418373604998D-04  0.6188787084160157D-04  0.6772458382907210D-04
  0.7411176362117763D-04  0.8110132534549389D-04  0.8875008030338731D-04
  0.9712019773167640D-04  0.1062797101165235D-03  0.1163030661617949D-03
  0.1272717359110277D-03  0.1392748729360673D-03  0.1524100389813492D-03
  0.1667839969447451D-03  0.1825135786515180D-03  0.1997266344633393D-03
  0.2185630724511628D-03  0.2391759955680926D-03  0.2617329460757810D-03
  0.2864172673296188D-03  0.3134295939988373D-03  0.3429894828271781D-03
  0.3753371971971599D-03  0.4107356599932089D-03  0.4494725906462820D-03
  0.4918628437215957D-03  0.5382509680651527D-03  0.5890140073010560D-03
  0.6445645644520248D-03  0.7053541555845695D-03  0.7718768797402327D-03
  0.8446734349838137D-03  0.9243355132066475D-03  0.1011510609412647D-02
  0.1106907284569040D-02  0.1211300924805570D-02  0.1325540043767780D-02
  0.1450553179354843D-02  0.1587356440892977D-02  0.1737061768093899D-02
  0.1900885968923320D-02  0.2080160609840884D-02  0.2276342838799821D-02
  0.2491027228975134D-02  0.2725958739487303D-02  0.2983046898465404D-02
  0.3264381323731054D-02  0.3572248707255181D-02  0.3909151401436356D-02
  0.4277827758273221D-02  0.4681274386745079D-02  0.5122770509311418D-02
  0.5605904615498989D-02  0.6134603629217817D-02  0.6713164826880101D-02
  0.7346290765750252D-02  0.8039127506426420D-02  0.8797306440127307D-02
  0.9626990060754520D-02  0.1053492205376952D-01  0.1152848210900740D-01
  0.1261574590294647D-01  0.1380555073797259D-01  0.1510756737215368D-01
  0.1653237862335936D-01  0.1809156538662175D-01  0.1979780076388680D-01
  0.2166495307124684D-01  0.2370819856089825D-01  0.2594414477402927D-01
  0.2839096552725574D-01  0.3106854862977360D-01  0.3399865753188090D-01
  0.3720510821874694D-01  0.4071396278722678D-01  0.4455374127911943D-01
  0.4875565349265097D-01  0.5335385265635350D-01  0.5838571302720756D-01
  0.6389213366936686D-01  0.6991787088258944D-01  0.7651190198236051D-01
  0.8372782338851316D-01  0.9162428625802940D-01  0.1002654732028428D+00
  0.1097216199674235D+00  0.1200695863063501D+00  0.1313934807019656D+00
  0.1437853439998457D+00  0.1573458975186796D+00  0.1721853617152056D+00
  0.1884243520583472D+00  0.2061948593942101D+00  0.2256413227703832D+00
  0.2469218034394807D+00
    1 1000  327
  0.0000000000000000D+00 -0.9755333865850646D-15  0.2574899709433418D-17
 -0.9086161566899334D-15 -0.3970650864030523D-15  0.2945134028235197D-15
  0.3568783150329115D-16  0.3536043477186362D-15 -0.6694956549205031D-15
 -0.7245913451065954D-15 -0.1075114465922067D-14 -0.8193629283905749D-15
 -0.1102440416816406D-14  0.1097112691383177D-15  0.1117010662327914D-15
 -0.1360808654811452D-14  0.1297787965428518D-15 -0.1215871439171607D-14
 -0.3106498435936680D-15 -0.1366344523740307D-14 -0.4225929146877365D-15
 -0.1731750776212430D-14 -0.1809399863086376D-15 -0.7456602393335942D-15
 -0.1857241123222301D-15  0.1619427045280764D-15 -0.5592596108093496D-15
 -0.5746281182384466D-15 -0.6567593690617283D-15  0.3673704420500471D-15
  0.2553985244218847D-16 -0.5376200881521000D-15  0.7991138436968729D-16
 -0.1653070973100294D-14 -0.1471019258717616D-14 -0.3615180021052309D-15
 -0.2180109090279066D-15 -0.7476159294537972D-15  0.1346949047262316D-15
 -0.7450685842013126D-15 -0.2237018756002506D-15 -0.6756389887685842D-15
  0.3256254503048777D-15 -0.5206568957043573D-16  0.7023003438237409D-15
 -0.4149721635390488D-15 -0.3330202881014828D-16  0.6679879786772968D-15
 -0.5173473118646187D-15 -0.6201635913568236D-15  0.5781616341993672D-15
  0.1040153377395211D-15 -0.9240706155022020D-15  0.4267564880932788D-15
 -0.5797443905413132D-15  0.9742980309058277D-15  0.1148233378511799D-14
 -0.4109320430817550D-16  0.7735432147528804D-15  0.1125632591713821D-14
  0.2224424776030519D-15 -0.2634428009294938D-15  0.1075648585240612D-14
  0.1181574724080582D-14  0.4090424008650557D-15  0.1496443893070570D-14
  0.4868212483155594D-15  0.3272496764774313D-14  0.2484267095279283D-14
  0.2734973627765471D-14  0.2534771813128216D-14  0.3498345688034556D-14
  0.4495688634654734D-14  0.5168792639084706D-14  0.5370272957906300D-14
  0.5921084465317029D-14  0.7045340044440896D-14  0.8852669428915534D-14
  0.9504754713704965D-14  0.1046989402143346D-13  0.1144006050427315D-13
  0.1371098624703662D-13  0.1528884914075595D-13  0.1700386241784985D-13
  0.2026527875692610D-13  0.2242350709687946D-13  0.2425062135272138D-13
  0.2901707306751244D-13  0.3204708672707447D-13  0.3563132963767750D-13
  0.4042885099002746D-13  0.4626989047297946D-13  0.5030279212128859D-13
  0.5850023265776762D-13  0.6687995782934578D-13  0.7414048199715678D-13
  0.8370180710693255D-13  0.9389602023139743D-13  0.1061514133961768D-12
  0.1204188454319167D-12  0.1359935567194214D-12  0.1523147060877278D-12
  0.1733290771763009D-12  0.1955988204376341D-12  0.2198604709802825D-12
  0.2478292576973754D-12  0.2800269574551420D-12  0.3150977004005671D-12
  0.3553845242811728D-12  0.4018178493599008D-12  0.4527814994855437D-12
  0.5102016900243405D-12  0.5761688289451387D-12  0.6502592822428875D-12
  0.7327491776803893D-12  0.8273130893508489D-12  0.9313609737209188D-12
  0.1051116775744577D-11  0.1185510063812308D-11  0.1337852714933583D-11
  0.1508051261328594D-11  0.1700375534314723D-11  0.1917824506951230D-11
  0.2163255093266907D-11  0.2438441496327050D-11  0.2750018300278002D-11
  0.3101761301541919D-11  0.3498531476086966D-11  0.3943638371772265D-11
  0.4447265600935538D-11  0.5016152876100102D-11  0.5655602283699976D-11
  0.6379343721497533D-11  0.7192221896913611D-11  0.8112205761883274D-11
  0.9147900818856948D-11  0.1031550554278689D-10  0.1163252277491801D-10
  0.1311762074547112D-10  0.1479342605148375D-10  0.1668199776994425D-10
  0.1881262913689598D-10  0.2121396840483072D-10  0.2392240717421653D-10
  0.2697664539979405D-10  0.3042200143343422D-10  0.3430594143074256D-10
  0.3868687137018643D-10  0.4362596598224550D-10  0.4919774033981326D-10
  0.5547884721420303D-10  0.6256348190050449D-10  0.7055153827801096D-10
  0.7955930739871334D-10  0.8971803077253188D-10  0.1011743266542301D-09
  0.1140921693318105D-09  0.1286602791636338D-09  0.1450887403666929D-09
  0.1636138004817628D-09  0.1845051870199759D-09  0.2080636724233115D-09
  0.2346297834312595D-09  0.2645881885051714D-09  0.2983734633301334D-09
  0.3364708168319473D-09  0.3794330915543255D-09  0.4278808288682169D-09
  0.4825149070982045D-09  0.5441245147037742D-09  0.6136010269274628D-09
  0.6919490742033665D-09  0.7803003376722103D-09  0.8799327323811888D-09
  0.9922868800331472D-09  0.1118986435192635D-08  0.1261864117888050D-08
  0.1422985321719860D-08  0.1604678939651601D-08  0.1809572069985443D-08
  0.2040627070118884D-08  0.2301184708447929D-08  0.2595010553328111D-08
  0.2926354621528289D-08  0.3300005786969354D-08  0.3721366216826058D-08
  0.4196528325012587D-08  0.4732361701190127D-08  0.5336612281618539D-08
  0.6018016835080887D-08  0.6786426627439978D-08  0.7652950179539100D-08
  0.8630115756460768D-08  0.9732050321471030D-08  0.1097468556812957D-07
  0.1237598663647140D-07  0.1395621272105151D-07  0.1573820890018891D-07
  0.1774773966718696D-07  0.2001385682791201D-07  0.2256932292692950D-07
  0.2545108241186879D-07  0.2870079997740242D-07  0.3236545672277055D-07
  0.3649803453475690D-07  0.4115827997081442D-07  0.4641356740367458D-07
  0.5233987574631569D-07  0.5902288426102645D-07  0.6655921119491469D-07
  0.7505781236457137D-07  0.8464155649483493D-07  0.9544899908628467D-07
  0.1076363881861026D-06  0.1213799219842028D-06  0.1368782963802416D-06
  0.1543555785971066D-06  0.1740644439547494D-06  0.1962898325892671D-06
  0.2213530661485859D-06  0.2496164949827503D-06  0.2814887341833718D-06
  0.3174305749558945D-06  0.3579616435271009D-06  0.4036679146810228D-06
  0.4552101833354614D-06  0.5133336173923904D-06  0.5788785326995271D-06
  0.6527925389078087D-06  0.7361442419402969D-06  0.8301386934874213D-06
  0.9361348101649528D-06  0.1055665023243781D-05  0.1190457430277448D-05
  0.1342460783551144D-05  0.1513872658628754D-05  0.1707171229729143D-05
  0.1925151095636915D-05  0.2170963683184036D-05  0.2448162808933600D-05
  0.2760756057649988D-05  0.3113262721824649D-05  0.3510779139010620D-05
  0.3959052371631981D-05  0.4464563295184907D-05  0.5034620294232929D-05
  0.5677464923703263D-05  0.6402391059274316D-05  0.7219879264517230D-05
  0.8141748310915776D-05  0.9181326048435842D-05  0.1035364209151431D-04
  0.1167564510730774D-04  0.1316644785185122D-04  0.1484760348916484D-04
  0.1674341719603507D-04  0.1888129755128270D-04  0.2129215279288221D-04
  0.2401083767292208D-04  0.2707665736594922D-04  0.3053393572114860D-04
  0.3443265607053860D-04  0.3882918385941933D-04  0.4378708154551106D-04
  0.4937802754789457D-04  0.5568285253229922D-04  0.6279270801447960D-04
  0.7081038417527762D-04  0.7985179594255484D-04  0.9004765882158286D-04
  0.1015453787051108D-03  0.1145111829811233D-03  0.1291325237537721D-03
  0.1456207879171643D-03  0.1642143532642912D-03  0.1851820348159890D-03
  0.2088269711931037D-03  0.2354910072189168D-03  0.2655596361149225D-03
  0.2994675727376902D-03  0.3377050384367968D-03  0.3808248483901712D-03
  0.4294504038870251D-03  0.4842847051035653D-03  0.5461205146729517D-03
  0.6158518189891614D-03  0.6944867529454884D-03  0.7831621749669817D-03
  0.8831601030510910D-03  0.9959262494438294D-03  0.1123090921911793D-02
  0.1266492593788923D-02  0.1428204483561950D-02  0.1610564528264816D-02
  0.1816209184020761D-02  0.2048111542401383D-02  0.2309624313665925D-02
  0.2604528298308489D-02  0.2937087047686510D-02  0.3312108503981514D-02
  0.3735014510648212D-02  0.4211919198294070D-02  0.4749717379245171D-02
  0.5356184228757403D-02  0.6040087694006931D-02  0.6811315256002319D-02
  0.7681016877069968D-02  0.8661766200564882D-02  0.9767742333339189D-02
  0.1101493483907303D-01  0.1242137490614429D-01  0.1400739603212898D-01
  0.1579592799375627D-01  0.1781282835236598D-01  0.2008725628758745D-01
  0.2265209416390219D-01  0.2554442292486522D-01  0.2880605818795409D-01
  0.3248415479059671D-01  0.3663188852755704D-01  0.4130922493583874D-01
  0.4658378624176040D-01  0.5253182900401900D-01  0.5923934658693795D-01
  0.6680331240282709D-01  0.7533308189752597D-01  0.8495197354823300D-01
  0.9579905173077405D-01
    1 1000  327
  0.0000000000000000D+00 -0.5572850522495160D-15  0.3163120100925056D-15
  0.5777114416149271D-15  0.1227476907057895D-14 -0.2051864873778227D-14
  0.1822060946902952D-15 -0.1328908142287883D-15  0.6189433134196746D-15
 -0.5607038866899752D-15 -0.3419014115805072D-15 -0.5147586507645581D-17
 -0.1970352716753683D-14  0.6272931491017174D-15 -0.2896964925415799D-14
  0.1013051322077004D-15  0.9216715701825266D-15 -0.1510524672196412D-14
 -0.2792544531456309D-16  0.4622107642969779D-15 -0.2117782584286590D-15
 -0.1565271662286907D-14 -0.1520416178991796D-14 -0.1669974454308135D-14
 -0.6699037203490815D-15 -0.7215045031256347D-15 -0.1937511029581170D-15
  0.1027335340144597D-14 -0.9494184350888512D-15  0.8220473855149057D-15
  0.1528707479755319D-14 -0.1287746458099864D-14  0.1151615444341446D-14
 -0.1320202567145184D-14  0.1450289569522553D-15  0.2220381589898311D-14
 -0.1469882448320265D-14  0.3392518593132628D-16 -0.1801940897056403D-17
  0.3360071679395612D-15 -0.3750082597467291D-15 -0.1944127236740838D-15
 -0.4492493619503445D-15  0.2754706201356904D-15 -0.4360397324211592D-15
  0.2859593385490646D-15 -0.4340323779583027D-17  0.3161044766538411D-15
 -0.1452874267256433D-14 -0.2341684094748832D-14 -0.9775391979723818D-15
 -0.2089354779509801D-14 -0.1104045801921570D-14 -0.2256983773377914D-14
 -0.1874775563747109D-14 -0.1101442227235810D-14 -0.2654400303296689D-14
 -0.2260731287475265D-14 -0.2313612585572691D-14 -0.2211786718832427D-14
 -0.1910805388074079D-14 -0.2512818005769839D-14 -0.4219295369767349D-14
 -0.3599934440216993D-14 -0.3695708865022272D-14 -0.4885470263558280D-14
 -0.5859828991115420D-14 -0.6275451627468379D-14 -0.6675209613399828D-14
 -0.8142876090093753D-14 -0.8154664262779477D-14 -0.9605812806701029D-14
 -0.1114318273262483D-13 -0.1143773799980169D-13 -0.1305053129262749D-13
 -0.1586155237454251D-13 -0.1750516051656912D-13 -0.1966864908099300D-13
 -0.2217891095929316D-13 -0.2462449522927696D-13 -0.2794107348476615D-13
 -0.3344179540500997D-13 -0.3520834271880903D-13 -0.4018218853429988D-13
 -0.4453319465847880D-13 -0.5065387009287685D-13 -0.5982071419505719D-13
 -0.6503108620273104D-13 -0.7278733581442744D-13 -0.8171810746085433D-13
 -0.9343853726451479D-13 -0.1057450300709288D-12 -0.1189705816827834D-12
 -0.1332783435520637D-12 -0.1507639440908932D-12 -0.1707214705714309D-12
 -0.1908101557533034D-12 -0.2168280590928226D-12 -0.2438457449076558D-12
 -0.2758218630065131D-12 -0.3106441138244189D-12 -0.3489723040636382D-12
 -0.3954110419035401D-12 -0.4449790556613137D-12 -0.5010625110190495D-12
 -0.5666989247410059D-12 -0.6388965247628393D-12 -0.7193925669262635D-12
 -0.8127115339858639D-12 -0.9150338720883414D-12 -0.1031928732376703D-11
 -0.1163565298697958D-11 -0.1311635759727542D-11 -0.1478735004872589D-11
 -0.1668512372693364D-11 -0.1880970522337047D-11 -0.2122229153460760D-11
 -0.2392889658320986D-11 -0.2697853296515226D-11 -0.3040946474414603D-11
 -0.3429888642594961D-11 -0.3866796730081748D-11 -0.4362507943331359D-11
 -0.4918543418153800D-11 -0.5547249087215113D-11 -0.6254624866735499D-11
 -0.7053613556639513D-11 -0.7953414482476906D-11 -0.8969159809004005D-11
 -0.1011529003205886D-10 -0.1140521075911707D-10 -0.1286224553690933D-10
 -0.1450593836083401D-10 -0.1635635734723247D-10 -0.1844592848480720D-10
 -0.2080072540005261D-10 -0.2345672564463698D-10 -0.2645151077952525D-10
 -0.2982949309746652D-10 -0.3363922038019860D-10 -0.3793253714606138D-10
 -0.4277628554537277D-10 -0.4823883697052525D-10 -0.5439761637714925D-10
 -0.6134314950030579D-10 -0.6917427551743222D-10 -0.7800845044865179D-10
 -0.8796897571551785D-10 -0.9920093505244176D-10 -0.1118673809796174D-09
 -0.1261504939936035D-09 -0.1422570896326604D-09 -0.1604230351107377D-09
 -0.1809058774140309D-09 -0.2040050661111156D-09 -0.2300537366109597D-09
 -0.2594273946071078D-09 -0.2925519867332747D-09 -0.3299069598635317D-09
 -0.3720305720140484D-09 -0.4195342027030392D-09 -0.4731018479553845D-09
 -0.5335092908092782D-09 -0.6016317344489460D-09 -0.6784489230186544D-09
 -0.7650776517305659D-09 -0.8627656515862082D-09 -0.9729287425840205D-09
 -0.1097156703010491D-08 -0.1237247086047249D-08 -0.1395224800720102D-08
 -0.1573373086660105D-08 -0.1774269430140173D-08 -0.2000815984791763D-08
 -0.2256291002272351D-08 -0.2544384021297424D-08 -0.2869264469567740D-08
 -0.3235625186927503D-08 -0.3648765324627402D-08 -0.4114658047557085D-08
 -0.4640036441377234D-08 -0.5232499174822306D-08 -0.5900609364155111D-08
 -0.6654028586603173D-08 -0.7503646452385564D-08 -0.8461747840012656D-08
 -0.9542184706032438D-08 -0.1076057714973024D-07 -0.1213453981487966D-07
 -0.1368393718144280D-07 -0.1543116736429419D-07 -0.1740149359695142D-07
 -0.1962340012799965D-07 -0.2212901131892395D-07 -0.2495454977058939D-07
 -0.2814086660199531D-07 -0.3173402853113321D-07 -0.3578598303199985D-07
 -0.4035530984802696D-07 -0.4550807105540103D-07 -0.5131876062898967D-07
 -0.5787138798109133D-07 -0.6526068676072683D-07 -0.7359348583795499D-07
 -0.8299025812207959D-07 -0.9358685445785202D-07 -0.1055364759799734D-06
 -0.1190118824890677D-06 -0.1342078945534762D-06 -0.1513442069388428D-06
 -0.1706685654128513D-06 -0.1924603517080242D-06 -0.2170346186975730D-06
 -0.2447466472782927D-06 -0.2759970806825576D-06 -0.3112377206713222D-06
 -0.3509780556762603D-06 -0.3957926282756117D-06 -0.4463293427608269D-06
 -0.5033188279671152D-06 -0.5675850062632158D-06 -0.6400570003827597D-06
 -0.7217825687960562D-06 -0.8139432523231086D-06 -0.9178714572949536D-06
 -0.1035069716808492D-05 -0.1167232415976569D-05 -0.1316270287314090D-05
 -0.1484338033374265D-05 -0.1673865480896494D-05 -0.1887592707424921D-05
 -0.2128609658724053D-05 -0.2400400818411949D-05 -0.2706895585037345D-05
 -0.3052525084371403D-05 -0.3442286226066347D-05 -0.3881813953042967D-05
 -0.4377462702555443D-05 -0.4936398277209456D-05 -0.5566701445567673D-05
 -0.6277484765083474D-05 -0.7079024331693312D-05 -0.7982908339935597D-05
 -0.9002204623130248D-05 -0.1015164957761949D-04 -0.1144786121407425D-04
 -0.1290957941110600D-04 -0.1455793684565572D-04 -0.1641676451667111D-04
 -0.1851293628039294D-04 -0.2087675737635409D-04 -0.2354240256385318D-04
 -0.2654841020027086D-04 -0.2993823940640843D-04 -0.3376089837400832D-04
 -0.3807165289654582D-04 -0.4293282537160801D-04 -0.4841469582084380D-04
 -0.5459651795888488D-04 -0.6156766499725872D-04 -0.6942892175016688D-04
 -0.7829394172446622D-04 -0.8829089025449165D-04 -0.9956429744460280D-04
 -0.1122771476993978D-03 -0.1266132360601212D-03 -0.1427798254061672D-03
 -0.1610106429420362D-03 -0.1815692592904007D-03 -0.2047528990436264D-03
 -0.2308967378652040D-03 -0.2603787482660068D-03 -0.2936251641120398D-03
 -0.3311166428671417D-03 -0.3733952146612486D-03 -0.4210721186488888D-03
 -0.4748366399506627D-03 -0.5354660749402468D-03 -0.6038369689452888D-03
 -0.6809377888329650D-03 -0.7678832136937770D-03 -0.8659302502264338D-03
 -0.9764964058143106D-03 -0.1101180182028559D-02 -0.1241784184838818D-02
 -0.1400341185649965D-02 -0.1579143509934387D-02 -0.1780776178350168D-02
 -0.2008154279474569D-02 -0.2264565114470596D-02 -0.2553715722986660D-02
 -0.2879786477393497D-02 -0.3247491520191256D-02 -0.3662146918357590D-02
 -0.4129747519970654D-02 -0.4657053624258385D-02 -0.5251688718096892D-02
 -0.5922249691977180D-02 -0.6678431128879678D-02 -0.7531165462950688D-02
 -0.8492781034316936D-02 -0.9577180325101258D-02 -0.1080004095347354D-01
 -0.1217904233159293D-01 -0.1373412126432965D-01 -0.1548776018406683D-01
 -0.1746531218871376D-01 -0.1969536758214025D-01 -0.2221016721626607D-01
 -0.2504606861066237D-01 -0.2824407158855518D-01 -0.3185041102857299D-01
 -0.3591722530189700D-01 -0.4050331005869646D-01 -0.4567496826165671D-01
 -0.5150696875588817D-01 -0.5808362723367635D-01 -0.6550002522202369D-01
 -0.7386338471641213D-01 -0.8329461833444142D-01 -0.9393007740056436D-01
 -0.1059235232347274D+00 -0.1194483501446632D+00 -0.1347000922605656D+00
 -0.1518992504545335D+00 -0.1712944802147252D+00 -0.1931661865626866D+00
 -0.2178305779870852D+00
