    1
  315
 -0.6482494038900152D+00  0.4055769966650890D+00 -0.3256095665461529D+00
  0.1719969114346348D+01 -0.7421805683725071D+00 -0.7179590946681496D+00
 -0.3903501812952758D+00  0.1305091196106865D+00  0.4204721903459777D+00
 -0.6670660438338943D-01  0.4161895225057806D+00 -0.2605540387686918D+00
  0.2424328390331634D+00 -0.1586981946877986D+00  0.3212847977076322D+00
 -0.5863177356141508D-01 -0.8790623439491418D-01  0.3761944252903454D+00
 -0.5583553626988905D-01 -0.2569454592723444D+00  0.1210246335943693D+00
 -0.1384870917155137D+00 -0.1640856800274174D+00  0.4759341082747048D-01
  0.4759341082746768D-01 -0.4701880575654159D-01  0.1634409553783436D-01
 -0.1834361630668858D+00  0.1361233084005020D+00 -0.7837278434347335D-01
  0.4773477502572130D-01  0.4773477502572426D-01  0.6851692492493082D-01
  0.5499506669652323D-01 -0.1811550940946858D-01 -0.5472629307508683D-01
  0.1182419031595591D+00  0.9603711113099515D-02  0.2125287899684860D-02
 -0.8562752011059115D-01 -0.5665798742355139D-01  0.5768763525746447D-01
  0.4154403015394605D-01 -0.5514935971408769D-02  0.3612065316020846D-01
  0.1177873271642857D-01 -0.3319576751294643D-01 -0.3319576751294737D-01
  0.7842974272585420D-02 -0.3088086168843091D-01 -0.2647913665356064D-01
  0.5043725401551635D-01 -0.1765715772007010D-01  0.5192637150406642D-01
 -0.6910809227789331D-02 -0.2092741641542802D-01  0.4535888439968025D-01
 -0.4182394654185215D-01 -0.8236744262751942D-02 -0.1952139109312460D-01
 -0.3350290046161520D-01  0.1597316604880465D-01 -0.3704380007593084D-01
 -0.2244795508635263D-01  0.4661005740769435D-02  0.1330622671641930D-01
  0.1330622671641696D-01 -0.6676462405991446D-02  0.4739738040281677D-02
  0.1582616530858822D-02  0.1582616530858466D-02 -0.5273637984282219D-02
 -0.2503227704815331D-01  0.2050623529436324D-01  0.1471854935881114D-01
  0.1471854935881389D-01  0.2128715037191083D-01  0.1801156488399848D-01
 -0.1420022617670273D-02 -0.8607770225656085D-02  0.9339084654174734D-02
  0.1529504063596543D-02  0.5666755789312547D-02  0.2044048380597288D-02
 -0.6812005939620688D-02 -0.6946438435021227D-02 -0.7697858264741801D-02
 -0.4673947996116148D-02  0.6893400075182826D-02  0.5551159313355287D-02
 -0.1840089558799670D-02  0.1210532528701942D-01  0.1983122243030854D-02
 -0.1120129820389300D-01 -0.1120129820389399D-01  0.3674164072777613D-02
 -0.3892821838498171D-02 -0.1049361602041950D-01 -0.9011354285130873D-02
  0.4301342037275811D-02 -0.6064838190891213D-02  0.6182614551940787D-02
  0.8944892933835966D-02  0.3784725697992807D-02  0.3784725697993123D-02
 -0.1193818126268398D-02 -0.1809342850428470D-02  0.7853252982599482D-02
 -0.1097405949366062D-02  0.4766339577560534D-02 -0.2864914212819283D-02
 -0.2524741378035576D-02 -0.3402215357565777D-02 -0.5842778578653415D-02
  0.5576950367972957D-02 -0.3929359976768476D-02  0.4901801263315175D-02
 -0.2342357057434529D-02 -0.4260482975873366D-02  0.4160486814274723D-03
 -0.4698555250978322D-02  0.5558225677069838D-03  0.5558225677066073D-03
 -0.9260960668084963D-03 -0.3264321008296529D-02 -0.4396346771352295D-02
  0.3601083387532626D-02 -0.2089087860608008D-02  0.9374793538684596D-03
  0.1866526545033956D-02  0.7512499244644923D-03  0.7512499244641392D-03
 -0.4976407749522223D-03 -0.1507752121790003D-02  0.3270037129814155D-02
  0.5349395767436655D-03  0.1980687512437585D-02 -0.1189680212021529D-02
 -0.2420723757193256D-02 -0.2676235499220120D-02  0.6003068007747641D-03
 -0.1620751509511225D-02  0.8257416028577581D-03  0.8257416028581711D-03
  0.2385145513850773D-02  0.9596116794726735D-03  0.9596116794723364D-03
  0.1107419065191269D-02 -0.8732010615931513D-03 -0.8732010615932004D-03
  0.3405923896658795D-03  0.6301403879643300D-03  0.2270925533857350D-03
 -0.1332846456258279D-02 -0.8954464269003641D-03  0.1463385127006710D-02
  0.7600479575519611D-03  0.1043506869390711D-02  0.1043506869391104D-02
  0.1505183686321981D-02 -0.4691505220036359D-04  0.1272088359303645D-02
  0.1272088359303973D-02  0.6984400894326782D-03 -0.2000829948029331D-03
 -0.6055581419141092D-03  0.1311403490934870D-02 -0.1098016225960677D-02
 -0.6027586712314590D-03 -0.6027586712316008D-03  0.7907208034542303D-03
 -0.2370915101253134D-03 -0.4176435543175161D-03 -0.1120200582908107D-02
 -0.9600833659405724D-03 -0.6368566123864286D-03 -0.1744888768867197D-03
  0.8658068809016632D-03  0.1317854127126002D-03 -0.7419356022629245D-03
 -0.7419356022630560D-03 -0.2914396590276791D-03 -0.5132200853259882D-03
 -0.6864730840983778D-03  0.5583043421569535D-03 -0.3222081287851326D-03
 -0.3191332952277072D-03  0.2885855536130328D-03  0.5656606790897437D-03
  0.4772222551095880D-03  0.2270460811933881D-03 -0.7478555107679843D-04
 -0.3739277553832387D-04 -0.2258742607501276D-03  0.4877732803558399D-03
  0.2438866401778800D-03  0.1457781638379628D-03  0.2619816707068977D-04
  0.2619816707064240D-04 -0.1743096497620645D-03 -0.3495894756346490D-03
 -0.1747947378173842D-03 -0.1887236113551495D-03  0.8528468109054096D-04
 -0.2277765446554001D-03 -0.1138882723277167D-03  0.2315682443842190D-03
 -0.3090207756124100D-04 -0.3090207756124896D-04  0.3065690531742462D-03
 -0.4363184969348628D-04  0.2834175983134046D-03 -0.1312999109612528D-04
 -0.2365024480812098D-03 -0.2365024480812504D-03  0.4573573291198311D-04
  0.1681679234127764D-03  0.3016952316905867D-04  0.3016952316901774D-04
 -0.8820221162209952D-04 -0.2338256649700767D-03 -0.1994906078652979D-03
  0.1883757512785211D-03  0.9418787563926857D-04 -0.2135484052448579D-03
  0.9642760254117185D-04 -0.1279629118862831D-03  0.1850379671940734D-03
 -0.3442228852521466D-04  0.8534783191817293D-04 -0.7273150957413241D-04
 -0.3636575478703267D-04 -0.7227076464466663D-05 -0.1397144414829539D-03
  0.9158080133996570D-04  0.2317850204333886D-04 -0.5438857863121055D-04
 -0.9557936428638051D-04  0.1002762526611634D-03 -0.1141631848006192D-03
  0.3998991079624791D-04  0.3998991079627516D-04  0.3804405267462282D-04
  0.3804405267458930D-04  0.8774019459478035D-04 -0.3693207602825337D-04
 -0.7283175879747603D-05 -0.6530186078484607D-04  0.1244863204394688D-04
  0.6224316021986666D-05  0.6843439693956725D-04 -0.4681957512260151D-04
 -0.6056037407310895D-04 -0.5258240602458719D-04  0.1182657385112588D-04
  0.3068259454884626D-04  0.3068259454887505D-04  0.4254865704573341D-04
  0.2127432852285760D-04  0.3534828847047129D-04  0.3534828847048930D-04
 -0.5360000378332573D-05  0.3340289631013472D-04  0.5119477275360665D-05
  0.5547836770117466D-05  0.1831358151932420D-04  0.3221584804463606D-05
 -0.1060361683487154D-04 -0.1910959021065018D-04 -0.1864657428634238D-04
 -0.9105570007455439D-05  0.8130586588988093D-05 -0.9802182137632725D-05
  0.1269480883055368D-04 -0.2269893736484041D-05 -0.2269893736485812D-05
  0.4868284302785633D-05  0.4868284302782778D-05  0.5596992543905239D-05
 -0.7266783080638075D-06  0.4080489182056014D-05 -0.7418056420443615D-06
  0.1140009728676213D-05 -0.5359227062810117D-05 -0.5359227062812477D-05
  0.2418188801442749D-05  0.2418188801443016D-05 -0.3025303182706655D-05
 -0.2621103349762297D-05 -0.1310551674881921D-05 -0.8859505292993256D-06
  0.9384766522477865D-06  0.1230096204976849D-06 -0.1388038006023790D-06
  0.5354952290231409D-06 -0.1277856423236287D-05 -0.1277856423237088D-05
  0.1178603282944879D-05 -0.3116042573958200D-05  0.5604287155249432D-06
  0.1898812049465362D-05 -0.4709437193182524D-05  0.2241654111693821D-06
  0.2132353681089521D-05  0.2132353681090486D-05 -0.2149110313130469D-05
 -0.3929621915798858D-05 -0.6369166680504956D-05  0.2581569329809889D-05
  0.1290784664905126D-05  0.7310627966314178D-05  0.6622932719605761D-05
 -0.3431967191744176D-05  0.6078399180327547D-05  0.4283330883696146D-05
    7
    1    1  327
  0.0000000000000000D+00 -0.2679770724428856D+07 -0.2600423376295296D+07
 -0.2523424298832840D+07 -0.2448703995141566D+07 -0.2376195025076766D+07
 -0.2305831944394990D+07 -0.2237551245631926D+07 -0.2171291300854009D+07
 -0.2106992305972014D+07 -0.2044596226806402D+07 -0.1984046746688020D+07
 -0.1925289215634068D+07 -0.1868270601021785D+07 -0.1812939439722639D+07
 -0.1759245791653395D+07 -0.1707141194701672D+07 -0.1656578620985475D+07
 -0.1607512434407261D+07 -0.1559898349464190D+07 -0.1513693391277319D+07
 -0.1468855856803820D+07 -0.1425345277197050D+07 -0.1383122381280597D+07
 -0.1342149060103317D+07 -0.1302388332543336D+07 -0.1263804311930038D+07
 -0.1226362173653816D+07 -0.1190028123734475D+07 -0.1154769368319799D+07
 -0.1120554084086836D+07 -0.1087351389519145D+07 -0.1055131317034082D+07
 -0.1023864785934994D+07 -0.9935235761639021D+06 -0.9640803028309136D+06
 -0.9355083914975170D+06 -0.9077820541913164D+06 -0.8808762661306066D+06
 -0.8547667431378218D+06 -0.8294299197213927D+06 -0.8048429278062965D+06
 -0.7809835760940765D+06 -0.7578303300336798D+06 -0.7353622923850955D+06
 -0.7135591843581791D+06 -0.6924013273097002D+06 -0.6718696249820566D+06
 -0.6519455462676396D+06 -0.6326111084832894D+06 -0.6138488611397481D+06
 -0.5956418701914635D+06 -0.5779737027525146D+06 -0.5608284122648860D+06
 -0.5441905241056854D+06 -0.5280450216203209D+06 -0.5123773325690407D+06
 -0.4971733159745825D+06 -0.4824192493590903D+06 -0.4681018163587459D+06
 -0.4542080947049700D+06 -0.4407255445613167D+06 -0.4276419972055599D+06
 -0.4149456440467332D+06 -0.4026250259672329D+06 -0.3906690229803483D+06
 -0.3790668441938927D+06 -0.3678080180708768D+06 -0.3568823829784331D+06
 -0.3462800780164604D+06 -0.3359915341177138D+06 -0.3260074654113098D+06
 -0.3163188608418380D+06 -0.3069169760365422D+06 -0.2977933254132014D+06
 -0.2889396745216101D+06 -0.2803480326117380D+06 -0.2720106454218550D+06
 -0.2639199881801290D+06 -0.2560687588133650D+06 -0.2484498713567660D+06
 -0.2410564495587659D+06 -0.2338818206751606D+06 -0.2269195094469383D+06
 -0.2201632322563790D+06 -0.2136068914561355D+06 -0.2072445698662003D+06
 -0.2010705254337692D+06 -0.1950791860511939D+06 -0.1892651445273530D+06
 -0.1836231537078883D+06 -0.1781481217399143D+06 -0.1728351074769223D+06
 -0.1676793160197361D+06 -0.1626760943894907D+06 -0.1578209273287316D+06
 -0.1531094332268455D+06 -0.1485373601661437D+06 -0.1441005820850320D+06
 -0.1397950950548004D+06 -0.1356170136666782D+06 -0.1315625675258841D+06
 -0.1276280978495213D+06 -0.1238100541652277D+06 -0.1201049911076188D+06
 -0.1165095653096208D+06 -0.1130205323858890D+06 -0.1096347440055903D+06
 -0.1063491450519049D+06 -0.1031607708656791D+06 -0.1000667445707471D+06
 -0.9706427447849396D+05 -0.9415065156932845D+05 -0.9132324704877712D+05
 -0.8857950997599782D+05 -0.8591696496256717D+05 -0.8333320993945897D+05
 -0.8082591399019498D+05 -0.7839281524820767D+05 -0.7603171885650799D+05
 -0.7374049498781569D+05 -0.7151707692335216D+05 -0.6935945918855834D+05
 -0.6726569574404624D+05 -0.6523389823013836D+05 -0.6326223426340541D+05
 -0.6134892578365109D+05 -0.5949224744984088D+05 -0.5769052508351483D+05
 -0.5594213415826582D+05 -0.5424549833390467D+05 -0.5259908803397537D+05
 -0.5100141906531831D+05 -0.4945105127841899D+05 -0.4794658726731576D+05
 -0.4648667110787081D+05 -0.4506998713324925D+05 -0.4369525874547669D+05
 -0.4236124726198167D+05 -0.4106675079605928D+05 -0.3981060317022166D+05
 -0.3859167286142908D+05 -0.3740886197722703D+05 -0.3626110526183780D+05
 -0.3514736913128505D+05 -0.3406665073665517D+05 -0.3301797705462367D+05
 -0.3200040400440244D+05 -0.3101301559028508D+05 -0.3005492306899459D+05
 -0.2912526414105958D+05 -0.2822320216547010D+05 -0.2734792539688551D+05
 -0.2649864624469276D+05 -0.2567460055323382D+05 -0.2487504690254533D+05
 -0.2409926592897635D+05 -0.2334655966507293D+05 -0.2261625089814175D+05
 -0.2190768254692816D+05 -0.2122021705586820D+05 -0.2055323580639682D+05
 -0.1990613854482130D+05 -0.1927834282629025D+05 -0.1866928347441744D+05
 -0.1807841205614086D+05 -0.1750519637142792D+05 -0.1694911995745990D+05
 -0.1640968160695826D+05 -0.1588639490033961D+05 -0.1537878775141612D+05
 -0.1488640196638244D+05 -0.1440879281585805D+05 -0.1394552861978109D+05
 -0.1349619034497424D+05 -0.1306037121522945D+05 -0.1263767633378057D+05
 -0.1222772231805586D+05 -0.1183013694662139D+05 -0.1144455881824255D+05
 -0.1107063702300469D+05 -0.1070803082544084D+05 -0.1035640935961856D+05
 -0.1001545133613257D+05 -0.9684844760939117D+04 -0.9364286665944057D+04
 -0.9053482851225132D+04 -0.8752147638720977D+04 -0.8460003637156906D+04
 -0.8176781517897472D+04 -0.7902219801314011D+04 -0.7636064653133352D+04
 -0.7378069690084552D+04 -0.7127995793989074D+04 -0.6885610933240655D+04
 -0.6650689990402684D+04 -0.6423014594414293D+04 -0.6202372955656685D+04
 -0.5988559701902322D+04 -0.5781375712978313D+04 -0.5580627951853900D+04
 -0.5386129289853388D+04 -0.5197698323850240D+04 -0.5015159183668473D+04
 -0.4838341328554360D+04 -0.4667079332517353D+04 -0.4501212659578316D+04
 -0.4340585431459328D+04 -0.4185046191894760D+04 -0.4034447673566815D+04
 -0.3888646573758125D+04 -0.3747503348818797D+04 -0.3610882033206817D+04
 -0.3478650091193947D+04 -0.3350678305986043D+04 -0.3226840708363768D+04
 -0.3107014543532401D+04 -0.2991080271368591D+04 -0.2878921592172973D+04
 -0.2770425487824305D+04 -0.2665482267169858D+04 -0.2563985604657749D+04
 -0.2465832562494878D+04 -0.2370923588718679D+04 -0.2279162486145070D+04
 -0.2190456349840769D+04 -0.2104715473271032D+04 -0.2021853225391324D+04
 -0.1941785902582151D+04 -0.1864432560451701D+04 -0.1789714831193632D+04
 -0.1717556732462412D+04 -0.1647884473702616D+04 -0.1580626265623673D+04
 -0.1515712138115967D+04 -0.1453073771410465D+04 -0.1392644344726457D+04
 -0.1334358406052061D+04 -0.1278151766068301D+04 -0.1223961418560957D+04
 -0.1171725488958762D+04 -0.1121383211880865D+04 -0.1072874937756394D+04
 -0.1026142167674041D+04 -0.9811276146080349D+03 -0.9377752880202448D+03
 -0.8960305975300403D+03 -0.8558404698498566D+03 -0.8171534715005723D+03
 -0.7799199279811653D+03 -0.7440920281826867D+03 -0.7096239011432532D+03
 -0.6764716511569329D+03 -0.6445933374167810D+03 -0.6139488862341824D+03
 -0.5844999314895192D+03 -0.5562095821649293D+03 -0.5290421354583837D+03
 -0.5029627629980129D+03 -0.4779372101818116D+03 -0.4539315597985878D+03
 -0.4309120996593334D+03 -0.4088453235411951D+03 -0.3876980671071290D+03
 -0.3674377532599986D+03 -0.3480326997721667D+03 -0.3294524325612615D+03
 -0.3116679521564358D+03 -0.2946519154379707D+03 -0.2783787139887800D+03
 -0.2628244485157234D+03 -0.2479668126693487D+03 -0.2337849072943449D+03
 -0.2202590090500555D+03 -0.2073703163225705D+03 -0.1951006922164408D+03
 -0.1834324204321478D+03 -0.1723479857036084D+03 -0.1618298867497838D+03
 -0.1518604865059589D+03 -0.1424219017920792D+03 -0.1334959324965068D+03
 -0.1250640287306094D+03 -0.1171072931697155D+03 -0.1096065148765621D+03
 -0.1025422302544660D+03 -0.9589480635910310D+02 -0.8964454157730995D+02
 -0.8377177863009851D+02 -0.7825702494817298D+02 -0.7308107567530371D+02
 -0.6822513485139947D+02 -0.6367093068672911D+02 -0.5940082128001605D+02
 -0.5539788595342190D+02 -0.5164600486377401D+02 -0.4812991861403584D+02
 -0.4483526342312037D+02 -0.4174858964564226D+02 -0.3885735588673199D+02
 -0.3614990011188330D+02 -0.3361538859861576D+02 -0.3124374493504693D+02
 -0.2902556323213555D+02 -0.2695201136904763D+02 -0.2501473263496999D+02
 -0.2320575437087541D+02 -0.2151741320004649D+02 -0.1994230367357715D+02
 -0.1847325411999555D+02 -0.1710332882989304D+02 -0.1582585098487503D+02
 -0.1463443772161471D+02 -0.1352303745958812D+02 -0.1248596073989678D+02
 -0.1151789847169507D+02 -0.1061392477676684D+02 -0.9769484694228392D+01
 -0.8980369101306776D+01 -0.8242680695948991D+01 -0.7552794204565163D+01
 -0.6907317182335797D+01 -0.6303047245065792D+01 -0.5736950247257768D+01
 -0.5206077155013238D+01 -0.4707688600774735D+01 -0.4238813033021680D+01
 -0.3797193786662968D+01
    1 1000  327
  0.0000000000000000D+00  0.3132974430997693D-04  0.3228522259321354D-04
  0.3326984054635137D-04  0.3428448686203570D-04  0.3533007734741610D-04
  0.3640755569977666D-04  0.3751789442961990D-04  0.3866209569720048D-04
  0.3984119221496798D-04  0.4105624820723801D-04  0.4230836034264486D-04
  0.4359865875666648D-04  0.4492830801114076D-04  0.4629850822978440D-04
  0.4771049609340515D-04  0.4916554602723446D-04  0.5066497131938320D-04
  0.5221012531231716D-04  0.5380240260770943D-04  0.5544324034555293D-04
  0.5713411950460929D-04  0.5887656621422796D-04  0.6067215315976997D-04
  0.6252250098862242D-04  0.6442927976038444D-04  0.6639421047890879D-04
  0.6841906663957110D-04  0.7050567580838290D-04  0.7265592130411740D-04
  0.7487174386509429D-04  0.7715514343850465D-04  0.7950818094577429D-04
  0.8193298016741144D-04  0.8443172965014066D-04  0.8700668470309582D-04
  0.8966016940120069D-04  0.9239457869102369D-04  0.9521238057686524D-04
  0.9811611832564267D-04  0.1011084127642187D-03  0.1041919646329097D-03
  0.1073695570765421D-03  0.1106440580843924D-03  0.1140184231202994D-03
  0.1174956977850383D-03  0.1210790205705971D-03  0.1247716256722691D-03
  0.1285768459325382D-03  0.1324981158138677D-03  0.1365389745629538D-03
  0.1407030693159735D-03  0.1449941584647232D-03  0.1494161150237231D-03
  0.1539729301248818D-03  0.1586687166002544D-03  0.1635077127356473D-03
  0.1684942860642196D-03  0.1736329373132819D-03  0.1789283044878729D-03
  0.1843851670170068D-03  0.1900084501031668D-03  0.1958032291589136D-03
  0.2017747343752402D-03  0.2079283554607880D-03  0.2142696464867706D-03
  0.2208043309123115D-03  0.2275383067578240D-03  0.2344776518941850D-03
  0.2416286295734538D-03  0.2489976940635870D-03  0.2565914964537831D-03
  0.2644168906897563D-03  0.2724809397251637D-03  0.2807909219582913D-03
  0.2893543377043846D-03  0.2981789160570610D-03  0.3072726218190428D-03
  0.3166436626995940D-03  0.3263004967222027D-03  0.3362518398456884D-03
  0.3465066738726565D-03  0.3570742545039511D-03  0.3679641197216196D-03
  0.3791860983840705D-03  0.3907503191396771D-03  0.4026672194934993D-03
  0.4149475552767065D-03  0.4276024103714972D-03  0.4406432066700934D-03
  0.4540817143990604D-03  0.4679300627537671D-03  0.4822007508573155D-03
  0.4969066589878209D-03  0.5120610602713174D-03  0.5276776326218029D-03
  0.5437704710852592D-03  0.5603541005814931D-03  0.5774434889903164D-03
  0.5950540607043010D-03  0.6132017104881477D-03  0.6319028178695098D-03
  0.6511742619207489D-03  0.6710334364613902D-03  0.6914982657912196D-03
  0.7125872208674581D-03  0.7343193359462483D-03  0.7567142257857566D-03
  0.7797921033466510D-03  0.8035737980366764D-03  0.8280807745023133D-03
  0.8533351520121613D-03  0.8793597244126226D-03  0.9061779807076364D-03
  0.9338141262630805D-03  0.9622931046370023D-03  0.9916406201041813D-03
  0.1021883160867102D-02  0.1053048022934724D-02  0.1085163334779746D-02
  0.1118258082728467D-02  0.1152362137124005D-02  0.1187506279256108D-02
  0.1223722229201397D-02  0.1261042674362883D-02  0.1299501299099866D-02
  0.1339132814997825D-02  0.1379972992296089D-02  0.1422058692107019D-02
  0.1465427899747585D-02  0.1510119758963199D-02  0.1556174607299673D-02
  0.1603634012484608D-02  0.1652540809969331D-02  0.1702939141570011D-02
  0.1754874495318394D-02  0.1808393746520173D-02  0.1863545200056341D-02
  0.1920378633992049D-02  0.1978945344484086D-02  0.2039298192105147D-02
  0.2101491649534161D-02  0.2165581850734758D-02  0.2231626641622122D-02
  0.2299685632246392D-02  0.2369820250635161D-02  0.2442093798188920D-02
  0.2516571506878161D-02  0.2593320598053092D-02  0.2672410343171598D-02
  0.2753912126258020D-02  0.2837899508416465D-02  0.2924448294144982D-02
  0.3013636599805988D-02  0.3105544924106897D-02  0.3200256220759947D-02
  0.3297855973362477D-02  0.3398432272545841D-02  0.3502075895479730D-02
  0.3608880387811893D-02  0.3718942148101448D-02  0.3832360514807907D-02
  0.3949237855969633D-02  0.4069679661601675D-02  0.4193794638889131D-02
  0.4321694810308210D-02  0.4453495614748987D-02  0.4589316011692203D-02
  0.4729278588576144D-02  0.4873509671464323D-02  0.5022139439033021D-02
  0.5175302040077620D-02  0.5333135714607005D-02  0.5495782918589737D-02
  0.5663390452556956D-02  0.5836109594066718D-02  0.6014096234275761D-02
  0.6197511018626364D-02  0.6386519491838554D-02  0.6581292247330454D-02
  0.6782005081190087D-02  0.6988839150843309D-02  0.7201981138566145D-02
  0.7421623419959094D-02  0.7647964237612884D-02  0.7881207879998828D-02
  0.8121564865889299D-02  0.8369252134341689D-02  0.8624493240499641D-02
  0.8887518557390641D-02  0.9158565483833814D-02  0.9437878658704916D-02
  0.9725710181757772D-02  0.1002231984115874D-01  0.1032797534794266D-01
  0.1064295257767762D-01  0.1096753581941938D-01  0.1130201803234405D-01
  0.1164670111012841D-01  0.1200189615345429D-01  0.1236792375079033D-01
  0.1274511426774432D-01  0.1313380814523968D-01  0.1353435620679628D-01
  0.1394711997516641D-01  0.1437247199862744D-01  0.1481079618725574D-01
  0.1526248815940070D-01  0.1572795559879008D-01  0.1620761862246603D-01
  0.1670191015999382D-01  0.1721127634418870D-01  0.1773617691379795D-01
  0.1827708562844431D-01  0.1883449069622284D-01  0.1940889521434476D-01
  0.2000081762322213D-01  0.2061079217439422D-01  0.2123936941271585D-01
  0.2188711667328852D-01  0.2255461859349354D-01  0.2324247764068508D-01
  0.2395131465595217D-01  0.2468176941447210D-01  0.2543450120295664D-01
  0.2621018941469472D-01  0.2700953416277007D-01  0.2783325691193926D-01
  0.2868210112982346D-01  0.2955683295793309D-01  0.3045824190316561D-01
  0.3138714155038520D-01  0.3234437029674410D-01  0.3333079210840610D-01
  0.3434729730031516D-01  0.3539480333978519D-01  0.3647425567456648D-01
  0.3758662858618535D-01  0.3873292606930405D-01  0.3991418273789053D-01
  0.4113146475902963D-01  0.4238587081522005D-01  0.4367853309600798D-01
  0.4501061831986503D-01  0.4638332878724375D-01  0.4779790346572445D-01
  0.4925561910828456D-01  0.5075779140564490D-01  0.5230577617377929D-01
  0.5390097057763932D-01  0.5554481439217927D-01  0.5723879130186903D-01
  0.5898443023981347D-01  0.6078330676772759D-01  0.6263704449798853D-01
  0.6454731655906062D-01  0.6651584710561131D-01  0.6854441287468180D-01
  0.7063484478931779D-01  0.7278902961110605D-01  0.7500891164310494D-01
  0.7729649448472174D-01  0.7965384284009862D-01  0.8208308438164932D-01
  0.8458641167043650D-01  0.8716608413511726D-01  0.8982443011122279D-01
  0.9256384894265650D-01  0.9538681314726682D-01  0.9829587064846715D-01
  0.1012936470749164D+00  0.1043828481303306D+00  0.1075662620355791D+00
  0.1108467620452356D+00  0.1142273090409055D+00  0.1177109542036210D+00
  0.1213008417677535D+00  0.1250002118588958D+00  0.1288124034183145D+00
  0.1327408572165680D+00  0.1367891189590546D+00  0.1409608424862474D+00
  0.1452597930715553D+00  0.1496898508197399D+00  0.1542550141689800D+00
  0.1589594034997497D+00  0.1638072648537437D+00  0.1688029737662349D+00
  0.1739510392152973D+00  0.1792561076914774D+00  0.1847229673915794D+00
  0.1903565525403449D+00  0.1961619478439408D+00  0.2021443930792637D+00
  0.2083092878232046D+00  0.2146621963261467D+00  0.2212088525340927D+00
  0.2279551652639532D+00  0.2349072235366699D+00  0.2420713020729823D+00
  0.2494538669568054D+00  0.2570615814713249D+00  0.2649013121130758D+00
  0.2729801347894421D+00  0.2813053412051551D+00  0.2898844454435714D+00
  0.2987251907486605D+00  0.3078355565138248D+00  0.3172237654838670D+00
  0.3268982911765895D+00  0.3368678655307384D+00  0.3471414867871985D+00
  0.3577284276105311D+00  0.3686382434582052D+00  0.3798807812050746D+00
  0.3914661880308637D+00  0.4034049205787228D+00  0.4157077543930700D+00
  0.4283857936452829D+00  0.4414504811559961D+00  0.4549136087230435D+00
  0.4687873277643851D+00  0.4830841602856230D+00  0.4978170101819779D+00
  0.5129991748849715D+00  0.5286443573642853D+00  0.5447666784956546D+00
  0.5613806898059559D+00
    1 1000  327
  0.0000000000000000D+00  0.3073108978554002D-09  0.3263417911947527D-09
  0.3465503042787067D-09  0.3680111145635592D-09  0.3908000097092059D-09
  0.4150013252858441D-09  0.4406972012869880D-09  0.4679899568801705D-09
  0.4969672227570858D-09  0.5277453589945756D-09  0.5604245340190770D-09
  0.5951295218334215D-09  0.6319822468562348D-09  0.6711181589744522D-09
  0.7126774227137718D-09  0.7568085102771917D-09  0.8036752548135222D-09
  0.8534445180003477D-09  0.9062933640308400D-09  0.9624146892873285D-09
  0.1022012410645173D-08  0.1085298204805017D-08  0.1152505136510858D-08
  0.1223874833768382D-08  0.1299663100953240D-08  0.1380145897928364D-08
  0.1465608223222688D-08  0.1556370381235268D-08  0.1652746727717922D-08
  0.1755094137516268D-08  0.1863777082897461D-08  0.1979192314804309D-08
  0.2101753778629998D-08  0.2231904167241457D-08  0.2370115014086256D-08
  0.2516885584013872D-08  0.2672741774961307D-08  0.2838253270478247D-08
  0.3014010370654192D-08  0.3200655043752643D-08  0.3398856842556384D-08
  0.3609329248438268D-08  0.3832837305233140D-08  0.4070185436553095D-08
  0.4322233182965730D-08  0.4589887712422325D-08  0.4874115323461300D-08
  0.5175945575901349D-08  0.5496465243135713D-08  0.5836834907717206D-08
  0.6198282121264651D-08  0.6582108878722841D-08  0.6989709703568435D-08
  0.7422545156005434D-08  0.7882185385977537D-08  0.8370290487292224D-08
  0.8888620191077908D-08  0.9439051281053192D-08  0.1002356396450568D-07
  0.1064427322289638D-07  0.1130342289512750D-07  0.1200338711966901D-07
  0.1274669626148160D-07  0.1353603469614359D-07  0.1437425339977860D-07
  0.1526438096473272D-07  0.1620962923475341D-07  0.1721341160689987D-07
  0.1827935390887670D-07  0.1941130489837742D-07  0.2061334870169196D-07
  0.2188983371730361D-07  0.2324536242758269D-07  0.2468483264928371D-07
  0.2621344192967695D-07  0.2783671108877161D-07  0.2956049868085707D-07
  0.3139103650999723D-07  0.3333492841568111D-07  0.3539919421667027D-07
  0.3759129156133474D-07  0.3991913646690384D-07  0.4239112836101845D-07
  0.4501620328872080D-07  0.4780383378004617D-07  0.5076408896505091D-07
  0.5390765883719125D-07  0.5724589183842547D-07  0.6079084798941631D-07
  0.6455532590551012D-07  0.6855291885326751D-07  0.7279805975090294D-07
  0.7730608419827967D-07  0.8209326959918510D-07  0.8717690141588081D-07
  0.9257533279685736D-07  0.9830806541764519D-07  0.1043957999689126D-06
  0.1108605148383125D-06  0.1177255581044911D-06  0.1250157215659664D-06
  0.1327573259373084D-06  0.1409783300173029D-06  0.1497084214277692D-06
  0.1589791239413691D-06  0.1688239156995681D-06  0.1792783461312324D-06
  0.1903801692889053D-06  0.2021694740089740D-06  0.2146888291207162D-06
  0.2279834467292673D-06  0.2421013325229840D-06  0.2570934726192667D-06
  0.2730140024264952D-06  0.2899204096905458D-06  0.3078737474678600D-06
  0.3269388468507030D-06  0.3471845527180400D-06  0.3686839762411690D-06
  0.3915147552950690D-06  0.4157593280819174D-06  0.4415052476913448D-06
  0.4688454883295942D-06  0.4978787715011476D-06  0.5287099437291109D-06
  0.5614503351602612D-06  0.5962181802407102D-06  0.6331390257804746D-06
  0.6723461958686295D-06  0.7139812726001866D-06  0.7581946029337667D-06
  0.8051458493797534D-06  0.8550045541303931D-06  0.9079507594992796D-06
  0.9641756612124392D-06  0.1023882294731291D-05  0.1087286265001480D-05
  0.1154616532744413D-05  0.1226116226834025D-05  0.1302043546554257D-05
  0.1382672667255233D-05  0.1468294751518440D-05  0.1559218988831883D-05
  0.1655773716094934D-05  0.1758307598614745D-05  0.1867190897981618D-05
  0.1982816803898428D-05  0.2105602846298698D-05  0.2235992427366180D-05
  0.2374456385399586D-05  0.2521494736846462D-05  0.2677638443003748D-05
  0.2843451359553856D-05  0.3019532248704717D-05  0.3206516958584354D-05
  0.3405080705591706D-05  0.3615940527630099D-05  0.3839857851910362D-05
  0.4077641272801748D-05  0.4330149442875361D-05  0.4598294200896815D-05
  0.4883043833981259D-05  0.5185426606479960D-05  0.5506534449932627D-05
  0.5847526913127944D-05  0.6209635355763787D-05  0.6594167384473026D-05
  0.7002511582052001D-05  0.7436142518059475D-05  0.7896626074089915D-05
  0.8385625099859630D-05  0.8904905421049086D-05  0.9456342203614336D-05
  0.1004192674107071D-04  0.1066377363802903D-04  0.1132412843612847D-04
  0.1202537574635794D-04  0.1277004783479113D-04  0.1356083378784972D-04
  0.1440058920408622D-04  0.1529234652639287D-04  0.1623932596963408D-04
  0.1724494717033414D-04  0.1831284152189088D-04  0.1944686529267063D-04
  0.2065111355324612D-04  0.2192993495561958D-04  0.2328794744801234D-04
  0.2473005494178829D-04  0.2626146502548214D-04  0.2788770776750220D-04
  0.2961465568707032D-04  0.3144854495496947D-04  0.3339599792226826D-04
  0.3546404702803452D-04  0.3766016019377350D-04  0.3999226779364182D-04
  0.4246879129218605D-04  0.4509867365281467D-04  0.4789141162977835D-04
  0.5085709006833245D-04  0.5400641831530523D-04  0.5735076889733724D-04
  0.6090221858278626D-04  0.6467359199410473D-04  0.6867850792399236D-04
  0.7293142850382973D-04  0.7744771143682568D-04  0.8224366545255110D-04
  0.8733660919771165D-04  0.9274493377969798D-04  0.9848816917385851D-04
  0.1045870547537297D-03  0.1110636141757007D-03  0.1179412349144432D-03
  0.1252447527157918D-03  0.1330005412800914D-03  0.1412366074999402D-03
  0.1499826925987590D-03  0.1592703795220670D-03  0.1691332069978088D-03
  0.1796067906342634D-03  0.1907289515458024D-03  0.2025398529142890D-03
  0.2150821450343925D-03  0.2284011193176981D-03  0.2425448718591015D-03
  0.2575644770946851D-03  0.2735141722523206D-03  0.2904515532060674D-03
  0.3084377824605732D-03  0.3275378099974254D-03  0.3478206078491912D-03
  0.3693594191304091D-03  0.3922320225479069D-03  0.4165210132572009D-03
  0.4423141011222096D-03  0.4697044274477199D-03  0.4987909013164009D-03
  0.5296785567632288D-03  0.5624789320629178D-03  0.5973104725016156D-03
  0.6342989580990973D-03  0.6735779578094283D-03  0.7152893118513021D-03
  0.7595836439072098D-03  0.8066209050409539D-03  0.8565709512939261D-03
  0.9096141570539172D-03  0.9659420664018065D-03  0.1025758084797917D-02
  0.1089278213597084D-02  0.1156731830050047D-02  0.1228362515607863D-02
  0.1304428935516748D-02  0.1385205772883490D-02  0.1470984720581489D-02
  0.1562075534582165D-02  0.1658807152515490D-02  0.1761528881490628D-02
  0.1870611659481117D-02  0.1986449394814095D-02  0.2109460388617296D-02
  0.2240088845332867D-02  0.2378806476795453D-02  0.2526114205619190D-02
  0.2682543974080529D-02  0.2848660665011505D-02  0.3025064141647832D-02
  0.3212391413790262D-02  0.3411318938106154D-02  0.3622565060886074D-02
  0.3846892612051529D-02  0.4085111659812330D-02  0.4338082435901025D-02
  0.4606718441946146D-02  0.4891989748222209D-02  0.5194926496657694D-02
  0.5516622620782801D-02  0.5858239796022209D-02  0.6221011634620681D-02
  0.6606248140331185D-02  0.7015340438964747D-02  0.7449765801880663D-02
  0.7911092980551005D-02  0.8400987871474374D-02  0.8921219531886009D-02
  0.9473666567993819D-02  0.1006032391880230D-01  0.1068331006003111D-01
  0.1134487465413022D-01  0.1204740667402789D-01  0.1279344302993854D-01
  0.1358567773038943D-01  0.1442697161054105D-01  0.1532036266293742D-01
  0.1626907700798622D-01  0.1727654054378928D-01  0.1834639131738496D-01
  0.1948249266208696D-01  0.2068894714834701D-01  0.2197011139853020D-01
  0.2333061181909370D-01  0.2477536130698214D-01  0.2630957699056824D-01
  0.2793879906920129D-01  0.2966891081939604D-01  0.3150615983990616D-01
  0.3345718061239975D-01  0.3552901845920661D-01  0.3772915498464950D-01
  0.4006553509183225D-01  0.4254659567244390D-01  0.4518129607317910D-01
  0.4797915044879550D-01  0.5095026211863585D-01  0.5410536005067740D-01
  0.5745583760486082D-01  0.6101379367560109D-01  0.6479207638205030D-01
  0.6880432946388282D-01  0.7306504155014321D-01  0.7758959847906738D-01
  0.8239433885781612D-01  0.8749661306274394D-01  0.9291484589326603D-01
  0.9866860310556858D-01
    1 1000  327
  0.0000000000000000D+00 -0.4781222446461891D-13 -0.5009867362975415D-13
 -0.6261651781169668D-13 -0.4853155639974168D-13 -0.5769376653511215D-13
 -0.6651107570407605D-13 -0.7082985106945329D-13 -0.8844159725299638D-13
 -0.8812942690058109D-13 -0.9208340527306164D-13 -0.1179591727745229D-12
 -0.1161633136996605D-12 -0.1260718198951335D-12 -0.1398877242733538D-12
 -0.1492902382237237D-12 -0.1607852772486267D-12 -0.1638268499553464D-12
 -0.1988440835249556D-12 -0.2137068831619949D-12 -0.2341380907091786D-12
 -0.2509688328772488D-12 -0.2797909773557474D-12 -0.3128029651391606D-12
 -0.3348638411407842D-12 -0.3502518920903585D-12 -0.4069026239562466D-12
 -0.4370781866950361D-12 -0.4758946917219304D-12 -0.5277253688756209D-12
 -0.5752228176174349D-12 -0.6179199143609432D-12 -0.6749081879860299D-12
 -0.7534679898064858D-12 -0.8154871944329318D-12 -0.8854253296308091D-12
 -0.9744749788765905D-12 -0.1067811993196696D-11 -0.1162705686057737D-11
 -0.1270906060618513D-11 -0.1397477579615174D-11 -0.1543470007700256D-11
 -0.1671293966318633D-11 -0.1831526878956212D-11 -0.2004548069105946D-11
 -0.2184612122429033D-11 -0.2389140888375540D-11 -0.2618791842992828D-11
 -0.2875046284397397D-11 -0.3154635793666252D-11 -0.3437229248573344D-11
 -0.3766246399886864D-11 -0.4123314323038481D-11 -0.4510615209781075D-11
 -0.4921487535439043D-11 -0.5385781386101783D-11 -0.5902685889722647D-11
 -0.6462303766411341D-11 -0.7076764574763225D-11 -0.7723961440637824D-11
 -0.8455757276064085D-11 -0.9267027811136429D-11 -0.1013676755119195D-10
 -0.1109229088041587D-10 -0.1213015999436776D-10 -0.1327852361675488D-10
 -0.1454750601659940D-10 -0.1590930714932519D-10 -0.1739706391822732D-10
 -0.1904205409132784D-10 -0.2083171065454318D-10 -0.2281206952867125D-10
 -0.2495051150501615D-10 -0.2731720163927355D-10 -0.2989739125575346D-10
 -0.3270682453818560D-10 -0.3578477135168324D-10 -0.3917687566855312D-10
 -0.4285336171048234D-10 -0.4690702003918205D-10 -0.5131046596436105D-10
 -0.5617031950466387D-10 -0.6146569198903244D-10 -0.6724946299323373D-10
 -0.7359679421848472D-10 -0.8055571323084658D-10 -0.8813813508663124D-10
 -0.9645946015048474D-10 -0.1055556454770404D-09 -0.1154883063833517D-09
 -0.1263900882028896D-09 -0.1383155050120847D-09 -0.1513584180099988D-09
 -0.1656320101613539D-09 -0.1812585360035796D-09 -0.1983514235194110D-09
 -0.2170529236433953D-09 -0.2375268401731842D-09 -0.2599309927349041D-09
 -0.2844520491391535D-09 -0.3112651803810475D-09 -0.3406079191102493D-09
 -0.3727459304638818D-09 -0.4078943917230227D-09 -0.4463751594603121D-09
 -0.4884731425617858D-09 -0.5345383778113400D-09 -0.5849449321273564D-09
 -0.6401078217998515D-09 -0.7004809115998486D-09 -0.7665504335860472D-09
 -0.8388322020282510D-09 -0.9179411935139693D-09 -0.1004518382990918D-08
 -0.1099255923648424D-08 -0.1202928174309628D-08 -0.1316384751414128D-08
 -0.1440535401097907D-08 -0.1576402566944942D-08 -0.1725069079966312D-08
 -0.1887750744585637D-08 -0.2065782757029160D-08 -0.2260613042193110D-08
 -0.2473810140785575D-08 -0.2707120987563904D-08 -0.2962432289584062D-08
 -0.3241824820238136D-08 -0.3547570813533345D-08 -0.3882151237050558D-08
 -0.4248269644903203D-08 -0.4648940463336478D-08 -0.5087382920394181D-08
 -0.5567177354603237D-08 -0.6092212530011826D-08 -0.6666782506673066D-08
 -0.7295542112050495D-08 -0.7983574876797699D-08 -0.8736521875374119D-08
 -0.9560468982607675D-08 -0.1046213211451916D-07 -0.1144882580470058D-07
 -0.1252857136103588D-07 -0.1371015098362082D-07 -0.1500317704189829D-07
 -0.1641814329948598D-07 -0.1796656622243724D-07 -0.1966099768683220D-07
 -0.2151525538779075D-07 -0.2354438034411958D-07 -0.2576487003826376D-07
 -0.2819478532003225D-07 -0.3085387852304738D-07 -0.3376374085524156D-07
 -0.3694803940212516D-07 -0.4043264275878264D-07 -0.4424588996952242D-07
 -0.4841876553649939D-07 -0.5298518370940035D-07 -0.5798228622074747D-07
 -0.6345065938594094D-07 -0.6943475860827378D-07 -0.7598322873555267D-07
 -0.8314928490382371D-07 -0.9099119320611035D-07 -0.9957266530777983D-07
 -0.1089634734051189D-06 -0.1192399338611129D-06 -0.1304855888126676D-06
 -0.1427918240662059D-06 -0.1562586828484177D-06 -0.1709956067533142D-06
 -0.1871223836562204D-06 -0.2047701046633770D-06 -0.2240822002889825D-06
 -0.2452156399289502D-06 -0.2683421907551207D-06 -0.2936498434304910D-06
 -0.3213442758768480D-06 -0.3516506049708640D-06 -0.3848151649438559D-06
 -0.4211075046570604D-06 -0.4608226148610910D-06 -0.5042832999200885D-06
 -0.5518428168492534D-06 -0.6038877040331139D-06 -0.6608410207531375D-06
 -0.7231656654828161D-06 -0.7913682091162493D-06 -0.8660030116762037D-06
 -0.9476767056081118D-06 -0.1037053139452185D-05 -0.1134858756270784D-05
 -0.1241888531613345D-05 -0.1359012404507650D-05 -0.1487182353062854D-05
 -0.1627440151802822D-05 -0.1780925820141062D-05 -0.1948886883588567D-05
 -0.2132688542644169D-05 -0.2333824740016485D-05 -0.2553930310832222D-05
 -0.2794794280357830D-05 -0.3058374394450703D-05 -0.3346813038507380D-05
 -0.3662454645499448D-05 -0.4007864763744082D-05 -0.4385850885104018D-05
 -0.4799485294727923D-05 -0.5252130017670827D-05 -0.5747464158212334D-05
 -0.6289513812889945D-05 -0.6882684751459377D-05 -0.7531798304405365D-05
 -0.8242130458590992D-05 -0.9019454826514956D-05 -0.9870089509356446D-05
 -0.1080094847728346D-04 -0.1181959777343154D-04 -0.1293431700372800D-04
 -0.1415416663111118D-04 -0.1548906161425955D-04 -0.1694985200390940D-04
 -0.1854841114058451D-04 -0.2029773214440021D-04 -0.2221203352664588D-04
 -0.2430687477446308D-04 -0.2659928279348939D-04 -0.2910789033585830D-04
 -0.3185308740146320D-04 -0.3485718701862846D-04 -0.3814460656351268D-04
 -0.4174206625211624D-04 -0.4567880630813833D-04 -0.4998682463835994D-04
 -0.5470113690309610D-04 -0.5986006112791738D-04 -0.6550552915780922D-04
 -0.7168342746935955D-04 -0.7844397014730153D-04 -0.8584210702080270D-04
 -0.9393797030032239D-04 -0.1027973633257950D-03 -0.1124922954252457D-03
 -0.1231015672055997D-03 -0.1347114110447421D-03 -0.1474161919938223D-03
 -0.1613191747690680D-03 -0.1765333631026968D-03 -0.1931824182269499D-03
 -0.2114016640020602D-03 -0.2313391868320324D-03 -0.2531570393117378D-03
 -0.2770325573911268D-03 -0.3031598017698785D-03 -0.3317511352279011D-03
 -0.3630389487087990D-03 -0.3972775501995610D-03 -0.4347452317532730D-03
 -0.4757465314553104D-03 -0.5206147087108208D-03 -0.5697144529813601D-03
 -0.6234448479939821D-03 -0.6822426155003222D-03 -0.7465856649577799D-03
 -0.8169969779909960D-03 -0.8940488591956613D-03 -0.9783675878388381D-03
 -0.1070638508273857D-02 -0.1171611600433188D-02 -0.1282107575676482D-02
 -0.1403024547553303D-02 -0.1535345331689138D-02 -0.1680145434127877D-02
 -0.1838601793066118D-02 -0.2012002345036277D-02 -0.2201756493274143D-02
 -0.2409406563385127D-02 -0.2636640339391315D-02 -0.2885304782077229D-02
 -0.3157421041128909D-02 -0.3455200883069097D-02 -0.3781064668555178D-02
 -0.4137661025109401D-02 -0.4527888375218216D-02 -0.4954918494779825D-02
 -0.5422222293350871D-02 -0.5933598025776595D-02 -0.6493202164483611D-02
 -0.7105583183374097D-02 -0.7775718527910436D-02 -0.8509055071900199D-02
 -0.9311553389790268D-02 -0.1018973620434608D-01 -0.1115074140347207D-01
 -0.1220238005710672D-01 -0.1335319990576736D-01 -0.1461255483675414D-01
 -0.1599068091273955D-01 -0.1749877957069431D-01 -0.1914910866739984D-01
 -0.2095508211155306D-01 -0.2293137889229875D-01 -0.2509406239034675D-01
 -0.2746071094146514D-01 -0.3005056071354843D-01 -0.3288466205858868D-01
 -0.3598605061036426D-01 -0.3937993451854536D-01 -0.4309389934104826D-01
 -0.4715813226001798D-01 -0.5160566744385990D-01 -0.5647265454964166D-01
 -0.6179865254824064D-01 -0.6762695126047286D-01 -0.7400492321764425D-01
 -0.8098440870645085D-01 -0.8862213712789647D-01 -0.9698018809502154D-01
 -0.1061264960172701D+00 -0.1161354022727653D+00 -0.1270882594565459D+00
 -0.1390740926161318D+00 -0.1521903228489326D+00 -0.1665435591429158D+00
 -0.1822504648966556D+00 -0.1994387061618167D+00 -0.2182479893154398D+00
 -0.2388311965962400D+00
    1 1000  327
  0.0000000000000000D+00  0.3991357196903716D-13  0.4420029240529342D-13
  0.4872717316597110D-13  0.5530320511716591D-13  0.5803840374036667D-13
  0.6518037133681255D-13  0.7350829208747121D-13  0.8064898971692322D-13
  0.8388398097605146D-13  0.9708208921113257D-13  0.1031502189843418D-12
  0.1108996116484270D-12  0.1241920337598059D-12  0.1361298518620522D-12
  0.1512869411851280D-12  0.1620851430939345D-12  0.1798918673536922D-12
  0.1991313525735166D-12  0.2171436487810070D-12  0.2379836105655315D-12
  0.2596052698781429D-12  0.2835216832911070D-12  0.3092588569000047D-12
  0.3378709748444460D-12  0.3713139868178890D-12  0.4056798280607648D-12
  0.4434288250343355D-12  0.4909866377893935D-12  0.5328706788211497D-12
  0.5830534970231590D-12  0.6383318079696631D-12  0.7010710406034449D-12
  0.7652076351579277D-12  0.8363450099447325D-12  0.9161722217185650D-12
  0.1005972049863389D-11  0.1097756765016370D-11  0.1204849975332212D-11
  0.1318662919254063D-11  0.1438188628396919D-11  0.1576838284017011D-11
  0.1724495519550987D-11  0.1888821040823189D-11  0.2063749716691574D-11
  0.2263322389134566D-11  0.2476456636159390D-11  0.2707381087538690D-11
  0.2964440702471347D-11  0.3243994101435780D-11  0.3548611032846947D-11
  0.3884852261250327D-11  0.4254876167064168D-11  0.4653564547035707D-11
  0.5092750784735090D-11  0.5572316043278604D-11  0.6099099765354213D-11
  0.6675206106101001D-11  0.7304665877363002D-11  0.7994027257278864D-11
  0.8745807818756466D-11  0.9573077465252178D-11  0.1047623291544117D-10
  0.1146310071618337D-10  0.1254413477522757D-10  0.1372523328514335D-10
  0.1502011036538167D-10  0.1644194563763288D-10  0.1799112577792202D-10
  0.1968843382674717D-10  0.2154458697635622D-10  0.2357650412052449D-10
  0.2579871595305733D-10  0.2823472571751441D-10  0.3089694603654410D-10
  0.3380870580377695D-10  0.3700099601658049D-10  0.4048568496605942D-10
  0.4430769114271595D-10  0.4848468898012772D-10  0.5305718016168166D-10
  0.5806008440862499D-10  0.6353859430863338D-10  0.6953019183498337D-10
  0.7609026609053936D-10  0.8326440496841072D-10  0.9111828060542318D-10
  0.9971300905791581D-10  0.1091141997593563D-09  0.1194096220926865D-09
  0.1306694775598142D-09  0.1429941282712408D-09  0.1564797267735454D-09
  0.1712392846151194D-09  0.1873902639493207D-09  0.2050612297150006D-09
  0.2244019158716631D-09  0.2455650038869083D-09  0.2687242760310899D-09
  0.2940684785641138D-09  0.3217995590343347D-09  0.3521510552971569D-09
  0.3853637928500132D-09  0.4217061159747075D-09  0.4614759150033759D-09
  0.5050016999871068D-09  0.5526268361207386D-09  0.6047461739537385D-09
  0.6617824634598498D-09  0.7241951122151809D-09  0.7924956180032419D-09
  0.8672384714882617D-09  0.9490268728623757D-09  0.1038529141792215D-08
  0.1136476017678484D-08  0.1243658992024836D-08  0.1360952432228678D-08
  0.1489301581618912D-08  0.1629760708009759D-08  0.1783463916564156D-08
  0.1951667313840731D-08  0.2135728315701147D-08  0.2337152181382690D-08
  0.2557573675458684D-08  0.2798782452441610D-08  0.3062736510488947D-08
  0.3351582101523318D-08  0.3667677655605347D-08  0.4013580847166632D-08
  0.4392109352378946D-08  0.4806330872290315D-08  0.5259618838110330D-08
  0.5755659813013561D-08  0.6298483252753483D-08  0.6892501759413842D-08
  0.7542539507420845D-08  0.8253886333795969D-08  0.9032321439947086D-08
  0.9884166892128853D-08  0.1081635649473463D-07  0.1183645851561591D-07
  0.1295276647591735D-07  0.1417435492918284D-07  0.1551115577320218D-07
  0.1697403286867054D-07  0.1857487073778911D-07  0.2032668655659377D-07
  0.2224371885474071D-07  0.2434154681591052D-07  0.2663722566765298D-07
  0.2914941181998047D-07  0.3189852535848100D-07  0.3490690923036212D-07
  0.3819901888836340D-07  0.4180161219851226D-07  0.4574396738000758D-07
  0.5005813065936802D-07  0.5477916946222900D-07  0.5994545335239410D-07
  0.6559897514702727D-07  0.7178568412915258D-07  0.7855587215017586D-07
  0.8596456107139251D-07  0.9407197335183925D-07  0.1029440070670471D-06
  0.1126527672325719D-06  0.1232771744316274D-06  0.1349035825158691D-06
  0.1476264855691434D-06  0.1615493021668952D-06  0.1767851936367578D-06
  0.1934579989527468D-06  0.2117032367030270D-06  0.2316692005925173D-06
  0.2535181764975477D-06  0.2774277545678724D-06  0.3035922693851699D-06
  0.3322243907748059D-06  0.3635568374024017D-06  0.3978442817798394D-06
  0.4353654118954705D-06  0.4764252011782922D-06  0.5213573853772352D-06
  0.5705271729135280D-06  0.6243342151340195D-06  0.6832158606630459D-06
  0.7476506969796434D-06  0.8181624558700623D-06  0.8953242533688773D-06
  0.9797632682204057D-06  0.1072165815038994D-05  0.1173282948708170D-05
  0.1283936551560370D-05  0.1405026014853074D-05  0.1537535560309619D-05
  0.1682542225170757D-05  0.1841224629038753D-05  0.2014872544731308D-05
  0.2204897383167019D-05  0.2412843674126514D-05  0.2640401607610904D-05
  0.2889420779983686D-05  0.3161925222868850D-05  0.3460129859922891D-05
  0.3786458502747368D-05  0.4143563558073115D-05  0.4534347581542130D-05
  0.4961986877455532D-05  0.5429957302274368D-05  0.5942062531860629D-05
  0.6502464968269801D-05  0.7115719571124070D-05  0.7786810889631061D-05
  0.8521193567173336D-05  0.9324836679415052D-05  0.1020427225582688D-04
  0.1116664836619805D-04  0.1221978722255759D-04  0.1337224876040782D-04
  0.1463340021031383D-04  0.1601349223651478D-04  0.1752374225534511D-04
  0.1917642560964764D-04  0.2098497534537648D-04  0.2296409138960695D-04
  0.2512986003897009D-04  0.2749988470480903D-04  0.3009342899868967D-04
  0.3293157329827223D-04  0.3603738610127125D-04  0.3943611151590055D-04
  0.4315537445261641D-04  0.4722540515699272D-04  0.5167928492074420D-04
  0.5655321497159592D-04  0.6188681071181273D-04  0.6772342371787040D-04
  0.7411049409804078D-04  0.8109993609251157D-04  0.8874856002849967D-04
  0.9711853407812512D-04  0.1062778895629203D-03  0.1163010739089273D-03
  0.1272695557663151D-03  0.1392724871797981D-03  0.1524074282215782D-03
  0.1667811399617345D-03  0.1825104522231559D-03  0.1997232131785927D-03
  0.2185593285005811D-03  0.2391718985218318D-03  0.2617284626329097D-03
  0.2864123610482142D-03  0.3134242250003030D-03  0.3429836074726078D-03
  0.3753307677315946D-03  0.4107286241576446D-03  0.4494648912531915D-03
  0.4918544181906395D-03  0.5382417479128212D-03  0.5890039175861250D-03
  0.6445535231650093D-03  0.7053420729816081D-03  0.7718636576137851D-03
  0.8446589658640053D-03  0.9243196794881492D-03  0.1011493282399218D-02
  0.1106888323425852D-02  0.1211280175416110D-02  0.1325517337480850D-02
  0.1450528331612997D-02  0.1587329249733397D-02  0.1737032012506288D-02
  0.1900853407053246D-02  0.2080124977025471D-02  0.2276303845414515D-02
  0.2490984558080427D-02  0.2725912044253783D-02  0.2982995799353208D-02
  0.3264325405405647D-02  0.3572187515210756D-02  0.3909084438303434D-02
  0.4277754479773663D-02  0.4681194197270011D-02  0.5122682757079045D-02
  0.5605808587257240D-02  0.6134498544447137D-02  0.6713049831449417D-02
  0.7346164924974454D-02  0.8038989797468955D-02  0.8797155743687073D-02
  0.9626825151967682D-02  0.1053474159225414D-01  0.1152828462796859D-01
  0.1261552979725421D-01  0.1380531425111539D-01  0.1510730858196159D-01
  0.1653209542638037D-01  0.1809125548102497D-01  0.1979746163075340D-01
  0.2166458195409575D-01  0.2370779244328166D-01  0.2594370035501477D-01
  0.2839047919459603D-01  0.3106801643054747D-01  0.3399807514036199D-01
  0.3720447090124516D-01  0.4071326536361241D-01  0.4455297808071902D-01
  0.4875481831617211D-01  0.5335293871346489D-01  0.5838471288936273D-01
  0.6389103920742484D-01  0.6991667320074106D-01  0.7651059134582346D-01
  0.8372638914440680D-01  0.9162271674878823D-01  0.1002637556714633D+00
  0.1097197404537762D+00  0.1200675295337088D+00  0.1313912299528405D+00
  0.1437828809801023D+00  0.1573432022088421D+00  0.1721824122077411D+00
  0.1884211243795986D+00  0.2061913273095385D+00  0.2256374575709324D+00
  0.2469175737088305D+00
    1 1000  327
  0.0000000000000000D+00 -0.1592156944328552D-14  0.3087359077732553D-15
 -0.9908095769050628D-16 -0.1202113638929010D-14 -0.2394674219230527D-14
  0.2352298211013647D-15  0.7429465800354824D-15 -0.2283704208347262D-14
  0.1022471740415582D-14 -0.1525027316624119D-14 -0.2128162737482709D-14
  0.4874223915770202D-15  0.9802473124697344D-15  0.9017618417772456D-15
 -0.4545229959857347D-15  0.2512526685603763D-15 -0.1511052903889835D-14
 -0.1290730560011336D-14 -0.3479566486643288D-15 -0.1236521913988568D-14
  0.1348326035738763D-14 -0.2002245043598416D-14  0.3034843785178456D-15
 -0.2062961794126963D-14  0.6477536263051184D-15 -0.9895269775244041D-15
  0.2164256519984030D-14  0.1275613549651297D-14 -0.1248492958205925D-14
 -0.2680286870235725D-15 -0.1887667847487927D-14 -0.2812273353496336D-15
 -0.2731334724791009D-14 -0.7430805770860139D-15 -0.1547009305247119D-14
 -0.1949806255011261D-14  0.1666341278607393D-14 -0.2199309318734398D-14
  0.2806096429213450D-14 -0.1060892092830813D-16  0.6846374136392730D-15
 -0.5477181246265242D-15  0.1031102518147282D-15 -0.4836216970256757D-15
  0.7732518495685326D-15 -0.3906125055924239D-15 -0.5696095638906960D-15
  0.1028352838324318D-14  0.2022343630544893D-14 -0.2261640932617516D-15
 -0.1763021791404767D-15  0.1282303656334547D-15  0.2144076238228064D-15
  0.3818918977517020D-15  0.9705457727388489D-15  0.2637684851093263D-15
  0.2342782713087681D-15  0.2965379123382374D-14 -0.1158954976385935D-16
  0.5667963355471996D-15  0.2657834941633980D-14  0.5889607349573527D-15
  0.1102251151895171D-14  0.1604469288609998D-14  0.3766022981835156D-14
  0.3096540087910952D-14 -0.3578576450201340D-15  0.1949351327448083D-14
  0.1338431785648085D-14  0.2435961385540049D-14  0.4359927389649009D-14
  0.1279430478458647D-14  0.6786676582872896D-14  0.6866479058772176D-14
  0.5479239133678786D-14  0.5997607059863872D-14  0.8284745889075634D-14
  0.8019266157541963D-14  0.1085115171720117D-13  0.1273565663704670D-13
  0.1452767326946590D-13  0.1427089262214050D-13  0.1709550072792835D-13
  0.1905420629169389D-13  0.2384524887681543D-13  0.2308346727243605D-13
  0.2829955237040269D-13  0.3055718632212056D-13  0.3306237814291934D-13
  0.3818619877622471D-13  0.4410778177353199D-13  0.5201539087428694D-13
  0.5848640378323651D-13  0.6702695930294584D-13  0.7544468940665089D-13
  0.8491669886109159D-13  0.9548982905588189D-13  0.1083207244460322D-12
  0.1220799338766098D-12  0.1368587046268969D-12  0.1555147496505387D-12
  0.1745833382461577D-12  0.1956125950890264D-12  0.2188654880434330D-12
  0.2498993071962426D-12  0.2786950694429450D-12  0.3151814426325978D-12
  0.3565715142706626D-12  0.4006732384248614D-12  0.4537987663250999D-12
  0.5094441540488774D-12  0.5741611533402015D-12  0.6503916970732909D-12
  0.7326001159502049D-12  0.8275273324139350D-12  0.9322478583302942D-12
  0.1051905992952877D-11  0.1185927118153251D-11  0.1337792825071123D-11
  0.1507070117829348D-11  0.1699415603281498D-11  0.1919987589492059D-11
  0.2161829732247181D-11  0.2438125625718877D-11  0.2748236785023154D-11
  0.3102006580957976D-11  0.3496718436568608D-11  0.3943820603274545D-11
  0.4447199847233372D-11  0.5013924098929443D-11  0.5657892415687641D-11
  0.6379987854636517D-11  0.7194143214828896D-11  0.8113088315959985D-11
  0.9147174752879301D-11  0.1031441041394289D-10  0.1163292607367404D-10
  0.1311691220009275D-10  0.1479316112825755D-10  0.1667991464336835D-10
  0.1881012392772332D-10  0.2121314933424753D-10  0.2392256521053451D-10
  0.2697513101024926D-10  0.3042091622775907D-10  0.3430889242856211D-10
  0.3868637275125200D-10  0.4362592175800632D-10  0.4919577200458221D-10
  0.5547900965629693D-10  0.6256008581066572D-10  0.7055095765370455D-10
  0.7955942642033854D-10  0.8971774948716869D-10  0.1011721856449195D-09
  0.1140894100055788D-09  0.1286580003255828D-09  0.1450843708184668D-09
  0.1636113595050542D-09  0.1845023291461756D-09  0.2080607196963661D-09
  0.2346269611589399D-09  0.2645855421332137D-09  0.2983674971301091D-09
  0.3364652852632908D-09  0.3794291343591588D-09  0.4278721597332659D-09
  0.4825052743855783D-09  0.5441156395463755D-09  0.6135907968670333D-09
  0.6919373736085513D-09  0.7802867145856057D-09  0.8799184635191557D-09
  0.9922696775030988D-09  0.1118967864038704D-08  0.1261843293267773D-08
  0.1422962637540865D-08  0.1604652915768313D-08  0.1809540481581931D-08
  0.2040593941108299D-08  0.2301144385933638D-08  0.2594966568802255D-08
  0.2926303749771315D-08  0.3299949148107066D-08  0.3721302643381091D-08
  0.4196456477864812D-08  0.4732279532955405D-08  0.5336520095331890D-08
  0.6017914546221521D-08  0.6786309777824092D-08  0.7652819545801548D-08
  0.8629968803037333D-08  0.9731883618398810D-08  0.1097449770163288D-07
  0.1237577498619461D-07  0.1395597311409712D-07  0.1573793890787227D-07
  0.1774743540191076D-07  0.2001351376297137D-07  0.2256893603250997D-07
  0.2545064743892207D-07  0.2870030794665068D-07  0.3236490213098193D-07
  0.3649740828761376D-07  0.4115757461571474D-07  0.4641277256764657D-07
  0.5233898006671717D-07  0.5902187327100602D-07  0.6655807090974238D-07
  0.7505652664732014D-07  0.8464010674161560D-07  0.9544736495926397D-07
  0.1076345442223967D-06  0.1213778430725143D-06  0.1368759518639742D-06
  0.1543529339521588D-06  0.1740614616909946D-06  0.1962864696405196D-06
  0.2213492747268671D-06  0.2496122177303284D-06  0.2814839121409425D-06
  0.3174251376875266D-06  0.3579555115912702D-06  0.4036609995061698D-06
  0.4552023859276894D-06  0.5133248233548089D-06  0.5788686161190810D-06
  0.6527813564274567D-06  0.7361316318322611D-06  0.8301244739245742D-06
  0.9361187740176879D-06  0.1055646939859029D-05  0.1190437038375115D-05
  0.1342437787737119D-05  0.1513846726338902D-05  0.1707141985714220D-05
  0.1925118118117532D-05  0.2170926494365115D-05  0.2448120872293200D-05
  0.2760708766605907D-05  0.3113209392163861D-05  0.3510718999193886D-05
  0.3958984553705622D-05  0.4464486817898578D-05  0.5034534051995402D-05
  0.5677367669488064D-05  0.6402281387468892D-05  0.7219755589100698D-05
  0.8141608844126627D-05  0.9181168773457094D-05  0.1035346473530214D-04
  0.1167544510573399D-04  0.1316622231288421D-04  0.1484734915200939D-04
  0.1674313038398034D-04  0.1888097411745460D-04  0.2129178806163248D-04
  0.2401042637060072D-04  0.2707619354736554D-04  0.3053341267972063D-04
  0.3443206624449426D-04  0.3882851872202027D-04  0.4378633147923046D-04
  0.4937718171019224D-04  0.5568189869405998D-04  0.6279163238565808D-04
  0.7080917120507767D-04  0.7985042809425060D-04  0.9004611631996496D-04
  0.1015436392486447D-03  0.1145092214234191D-03  0.1291303117347300D-03
  0.1456182934567441D-03  0.1642115402992819D-03  0.1851788626776595D-03
  0.2088233940208230D-03  0.2354869732953023D-03  0.2655550871211380D-03
  0.2994624429064215D-03  0.3376992536047022D-03  0.3808183249216101D-03
  0.4294430474706798D-03  0.4842764093850380D-03  0.5461111597165324D-03
  0.6158412695468599D-03  0.6944748564995341D-03  0.7831487595251579D-03
  0.8831449746610123D-03  0.9959091893878300D-03  0.1123071683545359D-02
  0.1266470898975011D-02  0.1428180018649519D-02  0.1610536939554371D-02
  0.1816178072650451D-02  0.2048076458581102D-02  0.2309584750174067D-02
  0.2604483683159093D-02  0.2937036735859145D-02  0.3312051768096940D-02
  0.3734950530452027D-02  0.4211847048797841D-02  0.4749636017352820D-02
  0.5356092478185789D-02  0.6039984228279342D-02  0.6811198579270957D-02
  0.7680885302490244D-02  0.8661617825907299D-02  0.9767575013489129D-02
  0.1101474615501644D-01  0.1242116212999645D-01  0.1400715608769517D-01
  0.1579565741205834D-01  0.1781252322149050D-01  0.2008691219612843D-01
  0.2265170613718414D-01  0.2554398535302224D-01  0.2880556474482536D-01
  0.3248359834226678D-01  0.3663126102921746D-01  0.4130851731548128D-01
  0.4658298826901883D-01  0.5253092914226492D-01  0.5923833182648998D-01
  0.6680216807286543D-01  0.7533179145398942D-01  0.8495051833463468D-01
  0.9579741070847722D-01
    1 1000  327
  0.0000000000000000D+00 -0.9452308801290541D-15 -0.2299231173348980D-14
  0.3453676701374313D-15 -0.1408709698947972D-14  0.8039168504018602D-15
  0.1679351636482037D-14  0.1995883916758001D-14 -0.2016199669568786D-14
  0.1736084929788576D-14  0.7432026134507841D-15  0.1147998150617021D-14
  0.8098775183457169D-15  0.1245080077900638D-14 -0.1837696505840410D-14
 -0.2136776185750891D-14  0.2432812221946940D-14 -0.4224346911465132D-14
 -0.3617815499812632D-14 -0.3156208856401642D-14  0.2402461008124212D-14
 -0.2864742366646270D-14 -0.1330173622755274D-14  0.2729472609138050D-14
  0.5408906684294093D-14 -0.1545005223812002D-14 -0.1007828964621966D-14
  0.1219519543696866D-14 -0.9448498601900220D-15 -0.3851194195753209D-14
 -0.1837480085320368D-14 -0.6579154706588619D-15  0.9344483327340406D-15
 -0.2414399186224174D-14 -0.1242635553851184D-14 -0.3220642032649353D-14
 -0.2230626196079190D-14 -0.2026265738018559D-14  0.1258363422190739D-14
  0.1483201849706301D-14  0.8549753025919072D-15 -0.6422419286157053D-15
 -0.2232581082923581D-14 -0.1075217287692143D-14 -0.2215887004064691D-14
  0.7394786524514965D-15 -0.1803858267279618D-14 -0.1742512325943685D-14
 -0.2572998190709087D-14 -0.7070613915185373D-15 -0.2725254474614403D-14
 -0.2821117024672347D-14 -0.1448084806418901D-14 -0.3445215919630831D-14
 -0.3660508435792514D-15  0.1394463014831545D-14 -0.3883021275176063D-14
 -0.2062132413653912D-14 -0.2124192909871565D-14 -0.1602667653863919D-14
 -0.6224823067862155D-15 -0.3364424282392797D-14 -0.3259415809039386D-14
 -0.1972903576290328D-14 -0.5837033552146975D-14 -0.1596636724997564D-14
 -0.4700624888337240D-14 -0.1039514327934266D-13 -0.7580495466664422D-14
 -0.7907098515345357D-14 -0.1017805783644128D-13 -0.1359987186976073D-13
 -0.1212088155050188D-13 -0.1424675135446172D-13 -0.1607555807182157D-13
 -0.1670686726811825D-13 -0.1645166924179553D-13 -0.1811189459388492D-13
 -0.2114720909330532D-13 -0.2868131909484614D-13 -0.2980632149713766D-13
 -0.3206540301555923D-13 -0.3568449097510262D-13 -0.4241062411941384D-13
 -0.4761475347599076D-13 -0.5208554048736834D-13 -0.5867935371852201D-13
 -0.6471330550791034D-13 -0.7408184843618562D-13 -0.8159373319580364D-13
 -0.9778110826769988D-13 -0.1048727241220513D-12 -0.1194573490854972D-12
 -0.1365803021059503D-12 -0.1511910776728547D-12 -0.1701385983820172D-12
 -0.1919998350487246D-12 -0.2158496714220365D-12 -0.2458537000945603D-12
 -0.2766387414694547D-12 -0.3086321108181585D-12 -0.3494964212935115D-12
 -0.3957099791507384D-12 -0.4454182537366492D-12 -0.5025675974860458D-12
 -0.5681390344510970D-12 -0.6369381934941209D-12 -0.7160000639987623D-12
 -0.8091585918853250D-12 -0.9108456709766420D-12 -0.1031143475657754D-11
 -0.1162129774154563D-11 -0.1312766530124615D-11 -0.1474565642250559D-11
 -0.1667386170935879D-11 -0.1879239259743928D-11 -0.2121662012514573D-11
 -0.2393006299953006D-11 -0.2698857873983741D-11 -0.3041318845020413D-11
 -0.3428935759505420D-11 -0.3867368046629101D-11 -0.4358514014053071D-11
 -0.4920255772766134D-11 -0.5547983313833384D-11 -0.6253386044507665D-11
 -0.7053365414199126D-11 -0.7954474966292059D-11 -0.8968605158576853D-11
 -0.1011445445349162D-10 -0.1140558353453803D-10 -0.1286243198307879D-10
 -0.1450383335258406D-10 -0.1635818264535839D-10 -0.1844540107283813D-10
 -0.2080121931312931D-10 -0.2345599137091650D-10 -0.2644880540531381D-10
 -0.2983046309068219D-10 -0.3363563426224656D-10 -0.3793226507870325D-10
 -0.4277651314910033D-10 -0.4823889360651164D-10 -0.5439650760923106D-10
 -0.6134220824284233D-10 -0.6917508777966885D-10 -0.7800596027045804D-10
 -0.8796872998100205D-10 -0.9919647778636950D-10 -0.1118646399887171D-09
 -0.1261478019338959D-09 -0.1422541865570379D-09 -0.1604212324557911D-09
 -0.1809032711037371D-09 -0.2039994832218000D-09 -0.2300510647310436D-09
 -0.2594219648095940D-09 -0.2925481231122457D-09 -0.3299037645536682D-09
 -0.3720258265903488D-09 -0.4195263678191281D-09 -0.4730938266560584D-09
 -0.5335016175173026D-09 -0.6016213742747292D-09 -0.6784388302963796D-09
 -0.7650640124088698D-09 -0.8627519139163035D-09 -0.9729130498584144D-09
 -0.1097139671163919D-08 -0.1237227253874515D-08 -0.1395199785612268D-08
 -0.1573344554512910D-08 -0.1774238604412828D-08 -0.2000779666741926D-08
 -0.2256251513063520D-08 -0.2544338944069520D-08 -0.2869214584707145D-08
 -0.3235569042690603D-08 -0.3648701521738756D-08 -0.4114588284084326D-08
 -0.4639956725583623D-08 -0.5232409416820982D-08 -0.5900511051228476D-08
 -0.6653913765357782D-08 -0.7503517444674849D-08 -0.8461603829298528D-08
 -0.9542021634697372D-08 -0.1076039379414267D-07 -0.1213433164229639D-07
 -0.1368370174265611D-07 -0.1543090372600651D-07 -0.1740119632126856D-07
 -0.1962306430342156D-07 -0.2212863231429135D-07 -0.2495412265993419D-07
 -0.2814038427495423D-07 -0.3173348508472799D-07 -0.3578537080375817D-07
 -0.4035461943254181D-07 -0.4550729043154515D-07 -0.5131788127125951D-07
 -0.5787039636049799D-07 -0.6525956849997074D-07 -0.7359222489573429D-07
 -0.8298883650786240D-07 -0.9358525093429060D-07 -0.1055346678461186D-06
 -0.1190098440851840D-06 -0.1342055970153627D-06 -0.1513416128387350D-06
 -0.1706656426518701D-06 -0.1924570548791356D-06 -0.2170309014829302D-06
 -0.2447424539035585D-06 -0.2759923531305777D-06 -0.3112323896547488D-06
 -0.3509720437467869D-06 -0.3957858485921640D-06 -0.4463216962105116D-06
 -0.5033102058754683D-06 -0.5675752838639726D-06 -0.6400460368796794D-06
 -0.7217702045050220D-06 -0.8139293099573592D-06 -0.9178557337915364D-06
 -0.1035051986298561D-05 -0.1167212421684651D-05 -0.1316247739245425D-05
 -0.1484312607255256D-05 -0.1673836807330220D-05 -0.1887560373325392D-05
 -0.2128573195977957D-05 -0.2400359699699369D-05 -0.2706849216861689D-05
 -0.3052472795274723D-05 -0.3442227260200915D-05 -0.3881747458116091D-05
 -0.4377387717047170D-05 -0.4936313717425279D-05 -0.5566606088631185D-05
 -0.6277377232690498D-05 -0.7078903069073761D-05 -0.7982771594498792D-05
 -0.9002050417304139D-05 -0.1015147568150606D-04 -0.1144766511415792D-04
 -0.1290935827147805D-04 -0.1455768747050383D-04 -0.1641648329985550D-04
 -0.1851261915679819D-04 -0.2087639976061547D-04 -0.2354199928642381D-04
 -0.2654795543061316D-04 -0.2993772656924445D-04 -0.3376032005539462D-04
 -0.3807100073527523D-04 -0.4293208993896124D-04 -0.4841386648488995D-04
 -0.5459558272932470D-04 -0.6156661035287669D-04 -0.6942773244405674D-04
 -0.7829260056185279D-04 -0.8828937784560216D-04 -0.9956259192422646D-04
 -0.1122752244100186D-03 -0.1266110671958838D-03 -0.1427773796106744D-03
 -0.1610078848555805D-03 -0.1815661490380847D-03 -0.2047493916595960D-03
 -0.2308927826413118D-03 -0.2603742880199537D-03 -0.2936201343601829D-03
 -0.3311109708922384D-03 -0.3733888184613030D-03 -0.4210649057515565D-03
 -0.4748285060755066D-03 -0.5354569024928006D-03 -0.6038266253153734D-03
 -0.6809261244784999D-03 -0.7678700599783481D-03 -0.8659154169809406D-03
 -0.9764796785883634D-03 -0.1101161318989748D-02 -0.1241762913276006D-02
 -0.1400317198031369D-02 -0.1579116459460915D-02 -0.1780745673941538D-02
 -0.2008119880115635D-02 -0.2264526322835529D-02 -0.2553671978248348D-02
 -0.2879737147115946D-02 -0.3247435891185493D-02 -0.3662084186371532D-02
 -0.4129676778061826D-02 -0.4656973849681077D-02 -0.5251598757516472D-02
 -0.5922148244795400D-02 -0.6678316728431767D-02 -0.7531036455301335D-02
 -0.8492635554347920D-02 -0.9577016269547326D-02 -0.1079985595051441D-01
 -0.1217883370656267D-01 -0.1373388600104823D-01 -0.1548749488123387D-01
 -0.1746501301073407D-01 -0.1969503020367129D-01 -0.2220978675968510D-01
 -0.2504563957554796D-01 -0.2824358777216580D-01 -0.3184986543617083D-01
 -0.3591661004562267D-01 -0.4050261624353024D-01 -0.4567418585681997D-01
 -0.5150608644982404D-01 -0.5808263227051345D-01 -0.6549890321716012D-01
 -0.7386211944855001D-01 -0.8329319151106913D-01 -0.9392846839349460D-01
 -0.1059217087818656D+00 -0.1194463040136987D+00 -0.1346977848697203D+00
 -0.1518966484448835D+00 -0.1712915459679196D+00 -0.1931628776570808D+00
 -0.2178268465844343D+00
