  0.8350000000000000D+01    4
  0.2211313321219523D+01
    1  315    7
  327  327  327  327  327  327  327
  0.1944327813490000D-01  0.0000000000000000D+00  0.0000000000000000D+00
  0.0000000000000000D+00  0.0000000000000000D+00  0.0000000000000000D+00
  0.0000000000000000D+00  0.0000000000000000D+00  0.0000000000000000D+00
  0.0000000000000000D+00  0.0000000000000000D+00  0.0000000000000000D+00
  0.0000000000000000D+00  0.0000000000000000D+00  0.0000000000000000D+00
  0.0000000000000000D+00  0.0000000000000000D+00  0.0000000000000000D+00
  0.0000000000000000D+00  0.0000000000000000D+00  0.0000000000000000D+00
  0.0000000000000000D+00  0.0000000000000000D+00  0.0000000000000000D+00
  0.0000000000000000D+00  0.0000000000000000D+00  0.0000000000000000D+00
  0.0000000000000000D+00  0.0000000000000000D+00  0.0000000000000000D+00
  0.0000000000000000D+00  0.0000000000000000D+00  0.0000000000000000D+00
  0.0000000000000000D+00  0.0000000000000000D+00  0.0000000000000000D+00
  0.0000000000000000D+00  0.0000000000000000D+00  0.0000000000000000D+00
  0.0000000000000000D+00  0.0000000000000000D+00  0.0000000000000000D+00
  0.0000000000000000D+00  0.0000000000000000D+00  0.0000000000000000D+00
  0.0000000000000000D+00  0.0000000000000000D+00  0.0000000000000000D+00
  0.0000000000000000D+00  0.0000000000000000D+00  0.0000000000000000D+00
  0.0000000000000000D+00  0.0000000000000000D+00  0.0000000000000000D+00
  0.0000000000000000D+00  0.0000000000000000D+00  0.0000000000000000D+00
  0.0000000000000000D+00  0.0000000000000000D+00  0.0000000000000000D+00
  0.0000000000000000D+00  0.0000000000000000D+00  0.0000000000000000D+00
  0.0000000000000000D+00  0.0000000000000000D+00  0.0000000000000000D+00
  0.0000000000000000D+00  0.0000000000000000D+00  0.0000000000000000D+00
  0.0000000000000000D+00  0.0000000000000000D+00  0.0000000000000000D+00
  0.0000000000000000D+00  0.0000000000000000D+00  0.0000000000000000D+00
  0.0000000000000000D+00  0.0000000000000000D+00  0.0000000000000000D+00
  0.0000000000000000D+00  0.0000000000000000D+00  0.0000000000000000D+00
  0.0000000000000000D+00  0.0000000000000000D+00  0.0000000000000000D+00
  0.0000000000000000D+00  0.0000000000000000D+00  0.0000000000000000D+00
  0.0000000000000000D+00  0.0000000000000000D+00  0.0000000000000000D+00
  0.0000000000000000D+00  0.0000000000000000D+00  0.0000000000000000D+00
  0.0000000000000000D+00  0.0000000000000000D+00  0.0000000000000000D+00
  0.0000000000000000D+00  0.0000000000000000D+00  0.0000000000000000D+00
  0.0000000000000000D+00  0.0000000000000000D+00  0.0000000000000000D+00
  0.0000000000000000D+00  0.0000000000000000D+00  0.0000000000000000D+00
  0.0000000000000000D+00  0.0000000000000000D+00  0.0000000000000000D+00
  0.0000000000000000D+00  0.0000000000000000D+00  0.0000000000000000D+00
  0.0000000000000000D+00  0.0000000000000000D+00  0.0000000000000000D+00
  0.0000000000000000D+00  0.0000000000000000D+00  0.0000000000000000D+00
  0.0000000000000000D+00  0.0000000000000000D+00  0.0000000000000000D+00
  0.0000000000000000D+00  0.0000000000000000D+00  0.0000000000000000D+00
  0.0000000000000000D+00  0.0000000000000000D+00  0.0000000000000000D+00
  0.0000000000000000D+00  0.0000000000000000D+00  0.0000000000000000D+00
  0.0000000000000000D+00  0.0000000000000000D+00  0.0000000000000000D+00
  0.0000000000000000D+00  0.0000000000000000D+00  0.0000000000000000D+00
  0.0000000000000000D+00  0.0000000000000000D+00  0.0000000000000000D+00
  0.0000000000000000D+00  0.0000000000000000D+00  0.0000000000000000D+00
  0.0000000000000000D+00  0.0000000000000000D+00  0.0000000000000000D+00
  0.0000000000000000D+00  0.0000000000000000D+00  0.0000000000000000D+00
  0.0000000000000000D+00  0.0000000000000000D+00  0.0000000000000000D+00
  0.0000000000000000D+00  0.0000000000000000D+00  0.0000000000000000D+00
  0.0000000000000000D+00  0.0000000000000000D+00  0.0000000000000000D+00
  0.0000000000000000D+00  0.0000000000000000D+00  0.0000000000000000D+00
  0.0000000000000000D+00  0.0000000000000000D+00  0.0000000000000000D+00
  0.0000000000000000D+00  0.0000000000000000D+00  0.0000000000000000D+00
  0.0000000000000000D+00  0.0000000000000000D+00  0.0000000000000000D+00
  0.0000000000000000D+00  0.0000000000000000D+00  0.0000000000000000D+00
  0.0000000000000000D+00  0.0000000000000000D+00  0.0000000000000000D+00
  0.0000000000000000D+00  0.0000000000000000D+00  0.0000000000000000D+00
  0.0000000000000000D+00  0.0000000000000000D+00  0.0000000000000000D+00
  0.0000000000000000D+00  0.0000000000000000D+00  0.0000000000000000D+00
  0.0000000000000000D+00  0.0000000000000000D+00  0.0000000000000000D+00
  0.0000000000000000D+00  0.0000000000000000D+00  0.0000000000000000D+00
  0.0000000000000000D+00  0.0000000000000000D+00  0.0000000000000000D+00
  0.0000000000000000D+00  0.0000000000000000D+00  0.0000000000000000D+00
  0.0000000000000000D+00  0.0000000000000000D+00  0.0000000000000000D+00
  0.0000000000000000D+00  0.0000000000000000D+00  0.0000000000000000D+00
  0.0000000000000000D+00  0.0000000000000000D+00  0.0000000000000000D+00
  0.0000000000000000D+00  0.0000000000000000D+00  0.0000000000000000D+00
  0.0000000000000000D+00  0.0000000000000000D+00  0.0000000000000000D+00
  0.0000000000000000D+00  0.0000000000000000D+00  0.0000000000000000D+00
  0.0000000000000000D+00  0.0000000000000000D+00  0.0000000000000000D+00
  0.0000000000000000D+00  0.0000000000000000D+00  0.0000000000000000D+00
  0.0000000000000000D+00  0.0000000000000000D+00  0.0000000000000000D+00
  0.0000000000000000D+00  0.0000000000000000D+00  0.0000000000000000D+00
  0.0000000000000000D+00  0.0000000000000000D+00  0.0000000000000000D+00
  0.0000000000000000D+00  0.0000000000000000D+00  0.0000000000000000D+00
  0.0000000000000000D+00  0.0000000000000000D+00  0.0000000000000000D+00
  0.0000000000000000D+00  0.0000000000000000D+00  0.0000000000000000D+00
  0.0000000000000000D+00  0.0000000000000000D+00  0.0000000000000000D+00
  0.0000000000000000D+00  0.0000000000000000D+00  0.0000000000000000D+00
  0.0000000000000000D+00  0.0000000000000000D+00  0.0000000000000000D+00
  0.0000000000000000D+00  0.0000000000000000D+00  0.0000000000000000D+00
  0.0000000000000000D+00  0.0000000000000000D+00  0.0000000000000000D+00
  0.0000000000000000D+00  0.0000000000000000D+00  0.0000000000000000D+00
  0.0000000000000000D+00  0.0000000000000000D+00  0.0000000000000000D+00
  0.0000000000000000D+00  0.0000000000000000D+00  0.0000000000000000D+00
  0.0000000000000000D+00  0.0000000000000000D+00  0.0000000000000000D+00
  0.0000000000000000D+00  0.0000000000000000D+00  0.0000000000000000D+00
  0.0000000000000000D+00  0.0000000000000000D+00  0.0000000000000000D+00
  0.0000000000000000D+00  0.0000000000000000D+00  0.0000000000000000D+00
  0.0000000000000000D+00  0.0000000000000000D+00  0.0000000000000000D+00
  0.0000000000000000D+00  0.0000000000000000D+00  0.0000000000000000D+00
  0.0000000000000000D+00  0.0000000000000000D+00  0.0000000000000000D+00
  0.0000000000000000D+00  0.0000000000000000D+00  0.0000000000000000D+00
  0.0000000000000000D+00  0.0000000000000000D+00  0.0000000000000000D+00
  0.0000000000000000D+00  0.0000000000000000D+00  0.0000000000000000D+00
  0.0000000000000000D+00  0.0000000000000000D+00  0.0000000000000000D+00
  0.0000000000000000D+00  0.0000000000000000D+00  0.0000000000000000D+00
  0.0000000000000000D+00  0.0000000000000000D+00  0.0000000000000000D+00
  0.0000000000000000D+00  0.0000000000000000D+00  0.0000000000000000D+00
  0.0000000000000000D+00  0.0000000000000000D+00  0.0000000000000000D+00
  0.0000000000000000D+00  0.0000000000000000D+00  0.0000000000000000D+00
  0.0000000000000000D+00  0.0000000000000000D+00  0.0000000000000000D+00
  0.0000000000000000D+00  0.0000000000000000D+00  0.0000000000000000D+00
  0.0000000000000000D+00  0.1722683773665432D+06  0.1719211428260287D+06
  0.1715733020590104D+06  0.1712248217726929D+06  0.1708756706372625D+06
  0.1705258441742677D+06  0.1701752780946984D+06  0.1698239627493361D+06
  0.1694718426941469D+06  0.1691188847690470D+06  0.1687650472228015D+06
  0.1684102887802498D+06  0.1680545671415949D+06  0.1676978387945840D+06
  0.1673400591527934D+06  0.1669811824902850D+06  0.1666211619108537D+06
  0.1662599493194049D+06  0.1658974953892696D+06  0.1655337495297989D+06
  0.1651686598534175D+06  0.1648021731420973D+06  0.1644342348133294D+06
  0.1640647888855647D+06  0.1636937779431302D+06  0.1633211431006242D+06
  0.1629468239667865D+06  0.1625707586078569D+06  0.1621928835104214D+06
  0.1618131335437545D+06  0.1614314419216772D+06  0.1610477401639292D+06
  0.1606619580570780D+06  0.1602740236149852D+06  0.1598838630388371D+06
  0.1594914006767779D+06  0.1590965589831540D+06  0.1586992584774107D+06
  0.1582994177026657D+06  0.1578969531839923D+06  0.1574917793864568D+06
  0.1570838086729468D+06  0.1566729512618345D+06  0.1562591151845320D+06
  0.1558422062429847D+06  0.1554221279671679D+06  0.1549987815726470D+06
  0.1545720659182706D+06  0.1541418774640731D+06  0.1537081102294666D+06
  0.1532706557518052D+06  0.1528294030454203D+06  0.1523842385612224D+06
  0.1519350461469774D+06  0.1514817070083740D+06  0.1510240996709991D+06
  0.1505620999433591D+06  0.1500955808810809D+06  0.1496244127524429D+06
  0.1491484630053965D+06  0.1486675962362412D+06  0.1481816741601384D+06
  0.1476905555836496D+06  0.1471940963795026D+06  0.1466921494637978D+06
  0.1461845647758833D+06  0.1456711892611373D+06  0.1451518668569113D+06
  0.1446264384819008D+06  0.1440947420292282D+06  0.1435566123635386D+06
  0.1430118813224127D+06  0.1424603777224451D+06  0.1419019273703181D+06
  0.1413363530792519D+06  0.1407634746912104D+06  0.1401831091052637D+06
  0.1395950703125393D+06  0.1389991694382002D+06  0.1383952147909137D+06
  0.1377830119203038D+06  0.1371623636828876D+06  0.1365330703170286D+06
  0.1358949295274625D+06  0.1352477365799610D+06  0.1345912844067426D+06
  0.1339253637232447D+06  0.1332497631568994D+06  0.1325642693885879D+06
  0.1318686673074533D+06  0.1311627401797912D+06  0.1304462698327522D+06
  0.1297190368536047D+06  0.1289808208053461D+06  0.1282314004594468D+06
  0.1274705540465497D+06  0.1266980595259530D+06  0.1259136948747208D+06
  0.1251172383972860D+06  0.1243084690564130D+06  0.1234871668263950D+06
  0.1226531130693796D+06  0.1218060909356963D+06  0.1209458857890760D+06
  0.1200722856576388D+06  0.1191850817115102D+06  0.1182840687679201D+06
  0.1173690458246074D+06  0.1164398166223236D+06  0.1154961902372059D+06
  0.1145379817037226D+06  0.1135650126688665D+06  0.1125771120781936D+06
  0.1115741168942345D+06  0.1105558728477362D+06  0.1095222352220782D+06
  0.1084730696711176D+06  0.1074082530705907D+06  0.1063276744030619D+06
  0.1052312356762703D+06  0.1041188528745532D+06  0.1029904569428425D+06
  0.1018459948025417D+06  0.1006854303983568D+06  0.9950874577493154D+05
  0.9831594218187522D+05  0.9710704120548673D+05  0.9588208592519147D+05
  0.9464114209237593D+05  0.9338429932896257D+05  0.9211167234270950D+05
  0.9082340215581526D+05  0.8951965734301333D+05  0.8820063527489650D+05
  0.8686656336175806D+05  0.8551770029276739D+05  0.8415433726478998D+05
  0.8277679919466117D+05  0.8138544590818707D+05  0.7998067329860297D+05
  0.7856291444667333D+05  0.7713264069405122D+05  0.7569036266095610D+05
  0.7423663119866645D+05  0.7277203826677255D+05  0.7129721772458988D+05
  0.6981284602561645D+05  0.6831964280341868D+05  0.6681837133687506D+05
  0.6530983888228819D+05  0.6379489685951624D+05  0.6227444087897173D+05
  0.6074941059612024D+05  0.5922078937996500D+05  0.5768960378197261D+05
  0.5615692279196568D+05  0.5462385686770474D+05  0.5309155672522405D+05
  0.5156121187746974D+05  0.5003404890944729D+05  0.4851132947891739D+05
  0.4699434803270939D+05  0.4548442922994883D+05  0.4398292506494587D+05
  0.4249121168416058D+05  0.4101068589357099D+05  0.3954276135491108D+05
  0.3808886447163647D+05  0.3665042996810502D+05  0.3522889616833322D+05
  0.3382569998379117D+05  0.3244227162302901D+05  0.3108002903945745D+05
  0.2974037213732812D+05  0.2842467675983318D+05  0.2713428848725019D+05
  0.2587051627715069D+05  0.2463462598282513D+05  0.2342783379020877D+05
  0.2225129961765412D+05  0.2110612052683472D+05  0.1999332419680267D+05
  0.1891386251669371D+05  0.1786860535569112D+05  0.1685833457154903D+05
  0.1588373832114611D+05  0.1494540573811117D+05  0.1404382204344257D+05
  0.1317936415515476D+05  0.1235229686224545D+05  0.1156276962661501D+05
  0.1081081407391960D+05  0.1009634223064983D+05  0.9419145559956027D+04
  0.8778894842867219D+04  0.8175140944567065D+04  0.7607316497313489D+04
  0.7074738522457768D+04  0.6576612003897319D+04  0.6112034414276707D+04
  0.5680001183449172D+04  0.5279412086276071D+04  0.4909078513945502D+04
  0.4567731579837535D+04  0.4254030997775182D+04  0.3966574657525719D+04
  0.3703908809918035D+04  0.3464538762444457D+04  0.3246939995829136D+04
  0.3049569470722024D+04  0.2870877231791581D+04  0.2709317930225920D+04
  0.2563362255246155D+04  0.2431508108686265D+04  0.2312291383824131D+04
  0.2204296212519862D+04  0.2106164550020944D+04  0.2016604974497383D+04
  0.1934400588398085D+04  0.1858415920942694D+04  0.1787602745303407D+04
  0.1721004740063512D+04  0.1657760942096225D+04  0.1597107956780425D+04
  0.1538380911116294D+04  0.1481013155450496D+04  0.1424534739772260D+04
  0.1368569710488956D+04  0.1312832292818963D+04  0.1257122042043757D+04
  0.1201318063451570D+04  0.1145372415521885D+04  0.1089302823424624D+04
  0.1033184839969843D+04  0.9771435985312957D+03  0.9213453070305825D+03
  0.8659886337252053D+03  0.8112961342774403D+03  0.7575058654417924D+03
  0.7048633238086395D+03  0.6536138385491411D+03  0.6039955352403766D+03
  0.5562329738711155D+03  0.5105315483342290D+03  0.4670727174257698D+03
  0.4260101189392323D+03  0.3874665992286565D+03  0.3515321709908326D+03
  0.3182628923691742D+03  0.2876806412020661D+03  0.2597737397251447D+03
  0.2344983676933752D+03  0.2117806861197196D+03  0.1915195731456722D+03
  0.1735899033550882D+03  0.1578461905310262D+03  0.1441265440914583D+03
  0.1322567903024898D+03  0.1220546231468671D+03  0.1133337199789857D+03
  0.1059076622126649D+03  0.9959359381252017D+02  0.9421552891030184D+02
  0.8960724121727772D+02  0.8561468448683456D+02  0.8209791049267979D+02
  0.7893246845849060D+02  0.7601028649018014D+02  0.7324005200838302D+02
  0.7054712149230937D+02  0.6787300421491446D+02  0.6517447300089130D+02
  0.6242236435155251D+02  0.5960013489252886D+02  0.5670224331810922D+02
  0.5373242691001980D+02  0.5070193843385978D+02  0.4762780401709877D+02
  0.4453115535704908D+02  0.4143568095039505D+02  0.3836623147167012D+02
  0.3534760448849828D+02  0.3240352389220629D+02  0.2955582019244476D+02
  0.2682380954204687D+02  0.2422386229578321D+02  0.2176914623404454D+02
  0.1946952536990834D+02  0.1733159248510404D+02  0.1535881211108694D+02
  0.1355175043234719D+02  0.1190836934875986D+02  0.1042436358780125D+02
  0.9093518282030658D+01  0.7908083708541480D+01  0.6859136817281369D+01
  0.5936917325487028D+01  0.5131148935473457D+01  0.4431324145262354D+01
  0.3826952753474850D+01  0.3307772185181524D+01  0.2863919328841229D+01
  0.2486065120815239D+01  0.2165513786157135D+01  0.1894270116367262D+01
  0.1665077784168760D+01  0.1471433033689569D+01  0.1307577387732645D+01
  0.1168473448281558D+01  0.1049767611007651D+01  0.9477431293719556D+00
  0.8592667450921702D+00  0.7817316154675112D+00  0.7129988751650969D+00
  0.6513397372290826D+00  0.5953796272115394D+00  0.5440454784306139D+00
  0.4965169421576376D+00  0.4521820780798665D+00  0.4105975548365254D+00
  0.3714542000051737D+00  0.3345458825637173D+00  0.2997469873385940D+00
  0.2669793626729708D+00  0.2362254977348326D+00  0.2074341677167734D+00
  0.1806808312523688D+00
  0.0000000000000000D+00  0.1505731334356882D-13  0.1537412370533150D-13
  0.1569756353387116D-13  0.1602776077300433D-13  0.1636478293734842D-13
  0.1670966284979242D-13  0.1706193636428873D-13  0.1742271699740287D-13
  0.1779151596423936D-13  0.1816874702738622D-13  0.1855454061515917D-13
  0.1894907087094170D-13  0.1935253450380669D-13  0.1976512304191272D-13
  0.2018703627340273D-13  0.2061848052152673D-13  0.2105966795483630D-13
  0.2151081718508352D-13  0.2197215325298812D-13  0.2244390770569028D-13
  0.2292631871600666D-13  0.2341963118411173D-13  0.2392409684999630D-13
  0.2443997441234508D-13  0.2496752965186832D-13  0.2550703555984731D-13
  0.2605877247132253D-13  0.2662302820254473D-13  0.2720009819237695D-13
  0.2779028564728277D-13  0.2839390168953751D-13  0.2901126550828998D-13
  0.2964270451308974D-13  0.3028855448948168D-13  0.3094915975624898D-13
  0.3162487332387256D-13  0.3231605705374630D-13  0.3302308181767066D-13
  0.3374632765711597D-13  0.3448618394171970D-13  0.3524304952645203D-13
  0.3601733290684933D-13  0.3680945237167856D-13  0.3761983615235919D-13
  0.3844892256842569D-13  0.3929716016827097D-13  0.4016500786436541D-13
  0.4105293506209335D-13  0.4196142178130224D-13  0.4289095876959869D-13
  0.4384204760637106D-13  0.4481520079645604D-13  0.4581094185230216D-13
  0.4682980536341513D-13  0.4787233705179926D-13  0.4893909381203419D-13
  0.5003064373454952D-13  0.5114756611057599D-13  0.5229045141716780D-13
  0.5345990128060146D-13  0.5465652841636292D-13  0.5588095654383737D-13
  0.5713382027371477D-13  0.5841576496601930D-13  0.5972744655655917D-13
  0.6106953134948195D-13  0.6244269577349807D-13  0.6384762609921660D-13
  0.6528501811490283D-13  0.6675557675784296D-13  0.6826001569835854D-13
  0.6979905687337011D-13  0.7137342996627344D-13  0.7298387182972491D-13
  0.7463112584779318D-13  0.7631594123376520D-13  0.7803907225973133D-13
  0.7980127741391163D-13  0.8160331848151041D-13  0.8344595954470636D-13
  0.8532996589722128D-13  0.8725610286871157D-13  0.8922513455405831D-13
  0.9123782244244147D-13  0.9329492394089484D-13  0.9539719078686056D-13
  0.9754536734407220D-13  0.9974018877590896D-13  0.1019823790901967D-12
  0.1042726490492351D-12  0.1066116939386813D-12  0.1090001911887414D-12
  0.1114387978409749D-12  0.1139281478538733D-12  0.1164688492402388D-12
  0.1190614810292858D-12  0.1217065900462776D-12  0.1244046875024489D-12
  0.1271562453879054D-12  0.1299616926601740D-12  0.1328214112210832D-12
  0.1357357316747022D-12  0.1387049288591462D-12  0.1417292171451919D-12
  0.1448087454948277D-12  0.1479435922730906D-12  0.1511337598068587D-12
  0.1543791686846173D-12  0.1576796517916706D-12  0.1610349480758023D-12
  0.1644446960389863D-12  0.1679084269514930D-12  0.1714255577855402D-12
  0.1749953838665896D-12  0.1786170712414713D-12  0.1822896487637022D-12
  0.1860119998977540D-12  0.1897828542455259D-12  0.1936007787999698D-12
  0.1974641689327025D-12  0.2013712391245044D-12  0.2053200134498821D-12
  0.2093083158293956D-12  0.2133337600661668D-12  0.2173937396859989D-12
  0.2214854176037777D-12  0.2256057156423447D-12  0.2297513039338649D-12
  0.2339185902378054D-12  0.2381037092140652D-12  0.2423025116945492D-12
  0.2465105540015219D-12  0.2507230873665006D-12  0.2549350475091684D-12
  0.2591410444418632D-12  0.2633353525716428D-12  0.2675119011786286D-12
  0.2716642653564543D-12  0.2757856575080125D-12  0.2798689194973757D-12
  0.2839065155667423D-12  0.2878905261354506D-12  0.2918126426065097D-12
  0.2956641633146610D-12  0.2994359907586749D-12  0.3031186302692796D-12
  0.3067021902728242D-12  0.3101763843193379D-12  0.3135305350520133D-12
  0.3167535803031641D-12  0.3198340815092997D-12  0.3227602346449371D-12
  0.3255198838810471D-12  0.3281005381793364D-12  0.3304893910377977D-12
  0.3326733436059017D-12  0.3346390313891294D-12  0.3363728547622047D-12
  0.3378610135078904D-12  0.3390895455935015D-12  0.3400443703898811D-12
  0.3407113365273509D-12  0.3410762745695950D-12  0.3411250546693430D-12
  0.3408436493487344D-12  0.3402182015219588D-12  0.3392350978478968D-12
  0.3378810474656712D-12  0.3361431661258806D-12  0.3340090656846248D-12
  0.3314669488757914D-12  0.3285057092193600D-12  0.3251150358593667D-12
  0.3212855230545728D-12  0.3170087839676563D-12  0.3122775683149363D-12
  0.3070858833483005D-12  0.3014291175443544D-12  0.2953041662732229D-12
  0.2887095586112782D-12  0.2816455843491835D-12  0.2741144201296561D-12
  0.2661202535295136D-12  0.2576694037790011D-12  0.2487704376897019D-12
  0.2394342792422728D-12  0.2296743111688960D-12  0.2195064667549763D-12
  0.2089493099829848D-12  0.1980241020512686D-12  0.1867548522254238D-12
  0.1751683509228577D-12  0.1632941828962133D-12  0.1511647183722832D-12
  0.1388150800239356D-12  0.1262830837075222D-12  0.1136091509913050D-12
  0.1008361916355528D-12  0.8800945436576252D-13  0.7517634451021516D-13
  0.6238620735438520D-13  0.4969007639956229D-13  0.3714038610237433D-13
  0.2479064911571858D-13  0.1269509854868782D-13  0.9082963109891346D-15
 -0.1051529079766263D-13 -0.2152174495564143D-13 -0.3205817817460003D-13
 -0.4207323647010173D-13 -0.5151762295510697D-13 -0.6034463473270626D-13
 -0.6851070773492003D-13 -0.7597596293865434D-13 -0.8270474670331118D-13
 -0.8866615733380803D-13 -0.9383454939794156D-13 -0.9819000684042724D-13
 -0.1017187755624510D-12 -0.1044136459017306D-12 -0.1062742753812114D-12
 -0.1073074422212494D-12 -0.1075272204549937D-12 -0.1069550680704697D-12
 -0.1056198204411834D-12 -0.1035575824089756D-12 -0.1008115137498379D-12
 -0.9743150437848123D-13 -0.9347373751479051D-13 -0.8900014111987042D-13
 -0.8407773017719236D-13 -0.7877784480270443D-13 -0.7317529166612136D-13
 -0.6734739873643032D-13 -0.6137299586475166D-13 -0.5533133611964560D-13
 -0.4930097502375769D-13 -0.4335862683543544D-13 -0.3757801870471962D-13
 -0.3202876484265802D-13 -0.2677528371345187D-13 -0.2187578163393480D-13
 -0.1738132599547434D-13 -0.1333503057024683D-13 -0.9771373998707905D-14
 -0.6715670562649802D-14 -0.4183709728079816D-14 -0.2181577710976287D-14
 -0.7056705130865017D-15  0.2570964471313379D-15  0.7288817381270134D-15
  0.7403190601290966D-15  0.3297360980740515D-15 -0.4577936744783124D-15
 -0.1571545897373607D-14 -0.2956361874188473D-14 -0.4553957599306829D-14
 -0.6304292780536377D-14 -0.8146965042095646D-14 -0.1002259325528005D-13
 -0.1187415385748588D-13 -0.1364823507877486D-13 -0.1529617613579637D-13
 -0.1677506159303974D-13 -0.1804854513719597D-13 -0.1908748187977283D-13
 -0.1987035391138712D-13 -0.2038348007416948D-13 -0.2062100764705275D-13
 -0.2058469064163805D-13 -0.2028346641180881D-13 -0.1973284896969171D-13
 -0.1895416343846423D-13 -0.1797365113653081D-13 -0.1682147860361865D-13
 -0.1553068624474080D-13 -0.1413611307186300D-13 -0.1267333325402661D-13
 -0.1117763793186169D-13 -0.9683092188593328D-14 -0.8221692445632699D-14
 -0.6822644165817990D-14 -0.5511773925711429D-14 -0.4311083984524758D-14
 -0.3238451732697333D-14 -0.2307471107346084D-14 -0.1527428418689135D-14
 -0.9034011821592468D-15 -0.4364655721239267D-15 -0.1239960217719319D-15
  0.3996074483824773D-16  0.6425542306738784D-16 -0.3983246076849430D-16
 -0.2590842529224302D-15 -0.5788370227225618D-15 -0.9834691347140730D-15
 -0.1456863886324359D-14 -0.1982840470761489D-14 -0.2545543515710905D-14
 -0.3129784473194689D-14 -0.3721330147448913D-14 -0.4307135623227179D-14
 -0.4875520761593452D-14 -0.5416291230902578D-14 -0.5920806694005922D-14
 -0.6382000222827344D-14 -0.6794354204351139D-14 -0.7153838874755482D-14
 -0.7457820141579729D-14 -0.7704943508152090D-14 -0.7895000734575310D-14
 -0.8028785414062854D-14 -0.8107942998056085D-14 -0.8134820061447004D-14
 -0.8112316835520476D-14 -0.8043746306245767D-14 -0.7932702503555761D-14
 -0.7782939996311465D-14 -0.7598266048455019D-14 -0.7382446365542272D-14
 -0.7139124869151679D-14 -0.6871757421916348D-14 -0.6583559039393277D-14
 -0.6277463395430720D-14 -0.5956094002261081D-14 -0.5621742723831143D-14
 -0.5276360563905127D-14
  0.0000000000000000D+00  0.1788796475083252D-17  0.1866542096272853D-17
  0.1947665254123364D-17  0.2032310781402443D-17  0.2120612933193481D-17
  0.2212936598379177D-17  0.2309326775467841D-17  0.2410193716648095D-17
  0.2515586144426397D-17  0.2625771858958096D-17  0.2740957834539929D-17
  0.2861373948685060D-17  0.2987263168844504D-17  0.3118878053442509D-17
  0.3256484048947553D-17  0.3400359476393098D-17  0.3550796246313272D-17
  0.3708100604124855D-17  0.3872593845483174D-17  0.4044613107028430D-17
  0.4224512184206922D-17  0.4412662396112754D-17  0.4609453497883658D-17
  0.4815294641127694D-17  0.5030615386954796D-17  0.5255866774020553D-17
  0.5491522444677190D-17  0.5738079832647331D-17  0.5996061415639574D-17
  0.6266016036576001D-17  0.6548520297302044D-17  0.6844180028848564D-17
  0.7153631842543946D-17  0.7477544766507514D-17  0.7816621972301022D-17
  0.8171602596776177D-17  0.8543263664427939D-17  0.8932422115852101D-17
  0.9339936948206861D-17  0.9766711473896118D-17  0.1021369570402575D-16
  0.1068188886353454D-16  0.1117234204526857D-16  0.1168616101065446D-16
  0.1222450914502987D-16  0.1278861057611523D-16  0.1337975346455296D-16
  0.1399929347590630D-16  0.1464865744399618D-16  0.1532934723596317D-16
  0.1604294382997269D-16  0.1679111161703891D-16  0.1757560293902082D-16
  0.1839826287544981D-16  0.1926103429247973D-16  0.2016596316790520D-16
  0.2111520420688123D-16  0.2211102676368574D-16  0.2315582108560807D-16
  0.2425210489581292D-16  0.2540253033282623D-16  0.2660989126511487D-16
  0.2787713100008450D-16  0.2920735040770444D-16  0.3060381647987828D-16
  0.3206997134762032D-16  0.3360944177906322D-16  0.3522604918231812D-16
  0.3692382013822790D-16  0.3870699748909892D-16  0.4058005201056598D-16
  0.4254769469482974D-16  0.4461488967462096D-16  0.4678686781835964D-16
  0.4906914102812434D-16  0.5146751727318178D-16  0.5398811639298567D-16
  0.5663738670469890D-16  0.5942212245143855D-16  0.6234948212857505D-16
  0.6542700772653128D-16  0.6866264492961001D-16  0.7206476431142707D-16
  0.7564218356853371D-16  0.7940419083474622D-16  0.8336056911958615D-16
  0.8752162191501088D-16  0.9189820001530904D-16  0.9650172959560405D-16
  0.1013442415948406D-15  0.1064384024494088D-15  0.1117975462236545D-15
  0.1174357081834130D-15  0.1233676598583689D-15  0.1296089456384326D-15
  0.1361759209484227D-15  0.1430857920441260D-15  0.1503566574711830D-15
  0.1580075512262566D-15  0.1660584876574585D-15  0.1745305081380284D-15
  0.1834457295437434D-15  0.1928273945603570D-15  0.2026999238425592D-15
  0.2130889700403637D-15  0.2240214737024362D-15  0.2355257210586112D-15
  0.2476314036755869D-15  0.2603696799704672D-15  0.2737732385564151D-15
  0.2878763633829047D-15  0.3027150006200990D-15  0.3183268272223205D-15
  0.3347513210895310D-15  0.3520298327280194D-15  0.3702056582918607D-15
  0.3893241138652872D-15  0.4094326108224688D-15  0.4305807320754590D-15
  0.4528203089928853D-15  0.4762054987413366D-15  0.5007928617680981D-15
  0.5266414391078091D-15  0.5538128291565435D-15  0.5823712635147213D-15
  0.6123836814548492D-15  0.6439198025213205D-15  0.6770521967172541D-15
  0.7118563516773795D-15  0.7484107361662949D-15  0.7867968591779205D-15
  0.8270993238443804D-15  0.8694058752911844D-15  0.9138074414999541D-15
  0.9603981661604636D-15  0.1009275432410231D-14  0.1060539876272415D-14
  0.1114295388511623D-14  0.1170649103532411D-14  0.1229711373847148D-14
  0.1291595728538756D-14  0.1356418814040234D-14  0.1424300315446908D-14
  0.1495362856470241D-14  0.1569731876033846D-14  0.1647535479404499D-14
  0.1728904261643985D-14  0.1813971101062880D-14  0.1902870920256248D-14
  0.1995740412204862D-14  0.2092717728835981D-14  0.2193942129356446D-14
  0.2299553585600347D-14  0.2409692341575527D-14  0.2524498424350950D-14
  0.2644111103402582D-14  0.2768668295532294D-14  0.2898305912495985D-14
  0.3033157148526276D-14  0.3173351705016799D-14  0.3319014949752333D-14
  0.3470267008226839D-14  0.3627221784794106D-14  0.3789985911648175D-14
  0.3958657623937736D-14  0.4133325559686152D-14  0.4314067483620606D-14
  0.4500948934517192D-14  0.4694021796247128D-14  0.4893322793369347D-14
  0.5098871912860481D-14  0.5310670754410303D-14  0.5528700812642305D-14
  0.5752921695650522D-14  0.5983269285375727D-14  0.6219653846581063D-14
  0.6461958092528174D-14  0.6710035216899686D-14  0.6963706903061400D-14
  0.7222761323401172D-14  0.7486951143217621D-14  0.7755991545448475D-14
  0.8029558294416542D-14  0.8307285858712735D-14  0.8588765615314279D-14
  0.8873544159027209D-14  0.9161121743320739D-14  0.9450950880553871D-14
  0.9742435131447225D-14  0.1003492811538521D-13  0.1032773277469945D-13
  0.1062010092743517D-13  0.1091123314418640D-13  0.1120027898534337D-13
  0.1148633763547467D-13  0.1176845897149981D-13  0.1204564510074421D-13
  0.1231685240384656D-13  0.1258099411575715D-13  0.1283694347568107D-13
  0.1308353747374090D-13  0.1331958121833458D-13  0.1354385294362449D-13
  0.1375510967130959D-13  0.1395209353479763D-13  0.1413353876712320D-13
  0.1429817934644781D-13  0.1444475728474250D-13  0.1457203153628077D-13
  0.1467878749284443D-13  0.1476384702208675D-13  0.1482607899415955D-13
  0.1486441022972742D-13  0.1487783678957878D-13  0.1486543551261137D-13
  0.1482637569493832D-13  0.1475993078865691D-13  0.1466548998475300D-13
  0.1454256953117913D-13  0.1439082362488541D-13  0.1421005470610501D-13
  0.1400022297509685D-13  0.1376145494640788D-13  0.1349405085404247D-13
  0.1319849072313669D-13  0.1287543893013370D-13  0.1252574708422612D-13
  0.1215045507801708D-13  0.1175079017487129D-13  0.1132816402406132D-13
  0.1088416752222002D-13  0.1042056347032575D-13  0.9939277008911183D-14
  0.9442383849744368D-14  0.8932096359170127D-14  0.8410747585861475D-14
  0.7880773363146840D-14  0.7344692652587616D-14  0.6805086330369066D-14
  0.6264574650673543D-14  0.5725793649951931D-14  0.5191370782403399D-14
  0.4663900099604904D-14  0.4145917305771222D-14  0.3639875034289818D-14
  0.3148118700708806D-14  0.2672863291987638D-14  0.2216171451220161D-14
  0.1779933210784317D-14  0.1365847714407817D-14  0.9754072492683870D-15
  0.6098838821533857D-15  0.2703189580128768D-15 -0.4248432583452265D-16
 -0.3279651115211657D-15 -0.5858057447915181D-15 -0.8159292909895729D-15
 -0.1018493761560284D-14 -0.1193883190908375D-14 -0.1342695781325257D-14
 -0.1465729402147394D-14 -0.1563964783617624D-14 -0.1638546782214204D-14
 -0.1690764112976185D-14 -0.1722027947779462D-14 -0.1733849771801878D-14
 -0.1727818878645037D-14 -0.1705579871790062D-14 -0.1668810528027426D-14
 -0.1619200366617344D-14 -0.1558430253967977D-14 -0.1488153354579199D-14
 -0.1409977712314136D-14 -0.1325450709987708D-14 -0.1236045609506635D-14
 -0.1143150320253089D-14 -0.1048058482157298D-14 -0.9519628848154587D-15
 -0.8559511783828397D-15 -0.7610037692320626D-15 -0.6679937367101868D-15
 -0.5776885594920343D-15 -0.4907534030931947D-15 -0.4077556953880819D-15
 -0.3291707049871449D-15 -0.2553878377967208D-15 -0.1867173790559173D-15
 -0.1233974300904645D-15 -0.6560081899634983D-16 -0.1344180025687828D-16
  0.3301760241566828D-16  0.7376171523340097D-16  0.1088158611663357D-15
  0.1382415634865585D-15  0.1621323029849362D-15  0.1806097992813821D-15
  0.1938207671908290D-15  0.2019340867802118D-15  0.2051383203213111D-15
  0.2036395117602344D-15  0.1976592116837549D-15  0.1874326839434115D-15
  0.1732072657699003D-15  0.1552408700839255D-15  0.1338006344008270D-15
  0.1091617331249140D-15  0.8160637790743488D-16  0.5142303329543460D-16
  0.1890587304506233D-16 -0.1564550246218280D-16 -0.5192607286161836D-16
 -0.8962511801694347D-16 -0.1284256431513033D-15 -0.1680034997193328D-15
 -0.2080261914882565D-15 -0.2481513557695278D-15 -0.2880249153347442D-15
 -0.3272789106889694D-15 -0.3655290484036923D-15 -0.4023720420309692D-15
 -0.4373828812760652D-15 -0.4701122428719568D-15 -0.5000843646468961D-15
 -0.5267958155102347D-15 -0.5497158327595484D-15 -0.5682888185985787D-15
 -0.5819407007649956D-15
  0.0000000000000000D+00 -0.1197057371632360D-21 -0.1285807846503697D-21
 -0.1381133710315591D-21 -0.1483519012111703D-21 -0.1593462522510175D-21
 -0.1711890717726043D-21 -0.1839165228811822D-21 -0.1976396724431081D-21
 -0.2124031847529635D-21 -0.2282983869085317D-21 -0.2454103615753406D-21
 -0.2638313822861690D-21 -0.2836628838426721D-21 -0.3050133458072030D-21
 -0.3279999189085401D-21 -0.3527491112629250D-21 -0.3793973672280253D-21
 -0.4080919443427965D-21 -0.4389917751081900D-21 -0.4722683972575921D-21
 -0.5081069766838958D-21 -0.5467074080836518D-21 -0.5882855072021599D-21
 -0.6330743029426530D-21 -0.6813254362628400D-21 -0.7333106754957005D-21
 -0.7893235579358520D-21 -0.8496811682994622D-21 -0.9147260657284466D-21
 -0.9848283719629788D-21 -0.1060388034396002D-20 -0.1141837278919156D-20
 -0.1229643268754705D-20 -0.1324310986869993D-20 -0.1426386361095320D-20
 -0.1536459652722426D-20 -0.1655169131161386D-20 -0.1783205059191559D-20
 -0.1921314015470103D-20 -0.2070303583274779D-20 -0.2231047436972415D-20
 -0.2404490860437513D-20 -0.2591656734616316D-20 -0.2793652034660577D-20
 -0.3011674880564681D-20 -0.3247022189053436D-20 -0.3501097978612466D-20
 -0.3775422384056622D-20 -0.4071641441925238D-20 -0.4391537713309558D-20
 -0.4737041816493116D-20 -0.5110244948060342D-20 -0.5513412477942834D-20
 -0.5948998711274212D-20 -0.6419662917961572D-20 -0.6928286739608250D-20
 -0.7477993092897646D-20 -0.8072166698832223D-20 -0.8714476378385397D-20
 -0.9408899267238453D-20 -0.1015974711541904D-19 -0.1097169485191921D-19
 -0.1184981160983859D-19 -0.1279959442437386D-19 -0.1382700483416524D-19
 -0.1493850863622920D-19 -0.1614111906607863D-19 -0.1744244369779074D-19
 -0.1885073538387248D-19 -0.2037494758194852D-19 -0.2202479444472191D-19
 -0.2381081608151194D-19 -0.2574444943415079D-19 -0.2783810524731633D-19
 -0.3010525165372641D-19 -0.3256050493823995D-19 -0.3521972809206360D-19
 -0.3810013781921330D-19 -0.4122042071241531D-19 -0.4460085937505160D-19
 -0.4826346932989644D-19 -0.5223214762458154D-19 -0.5653283411835159D-19
 -0.6119368651510932D-19 -0.6624527029440606D-19 -0.7172076478536639D-19
 -0.7765618672897702D-19 -0.8409063278222198D-19 -0.9106654253372326D-19
 -0.9862998372535477D-19 -0.1068309615083324D-18 -0.1157237537061082D-18
 -0.1253672742106063D-18 -0.1358254668036137D-18 -0.1471677318720550D-18
 -0.1594693886751902D-18 -0.1728121760240991D-18 -0.1872847944498960D-18
 -0.2029834931676529D-18 -0.2200127053887127D-18 -0.2384857357956423D-18
 -0.2585255042722874D-18 -0.2802653502767898D-18 -0.3038499025588806D-18
 -0.3294360192546775D-18 -0.3571938037433401D-18 -0.3873077020206941D-18
 -0.4199776877357442D-18 -0.4554205414472218D-18 -0.4938712310891738D-18
 -0.5355844010869560D-18 -0.5808359780380429D-18 -0.6299249013650931D-18
 -0.6831749878613208D-18 -0.7409369395795760D-18 -0.8035905050650484D-18
 -0.8715468044960885D-18 -0.9452508298756280D-18 -0.1025184132004917D-17
 -0.1111867706568367D-17 -0.1205865092259427D-17 -0.1307785694477932D-17
 -0.1418288348724093D-17 -0.1538085138396265D-17 -0.1667945482262193D-17
 -0.1808700507407201D-17 -0.1961247723958258D-17 -0.2126556018328593D-17
 -0.2305670982110296D-17 -0.2499720594047705D-17 -0.2709921272735395D-17
 -0.2937584317782505D-17 -0.3184122757148970D-17 -0.3451058618165196D-17
 -0.3740030639368445D-17 -0.4052802439698000D-17 -0.4391271160753598D-17
 -0.4757476596703409D-17 -0.5153610824988537D-17 -0.5582028349168120D-17
 -0.6045256763036388D-17 -0.6546007942468013D-17 -0.7087189768257084D-17
 -0.7671918379447680D-17 -0.8303530952246175D-17 -0.8985598994489714D-17
 -0.9721942139747161D-17 -0.1051664241837320D-16 -0.1137405897514130D-16
 -0.1229884319436025D-16 -0.1329595418354934D-16 -0.1437067455571006D-16
 -0.1552862643790535D-16 -0.1677578762013750D-16 -0.1811850774331834D-16
 -0.1956352440835521D-16 -0.2111797906994656D-16 -0.2278943255851515D-16
 -0.2458588005172381D-16 -0.2651576529316862D-16 -0.2858799383006732D-16
 -0.3081194501404199D-16 -0.3319748247941793D-16 -0.3575496278185412D-16
 -0.3849524184663806D-16 -0.4142967884071355D-16 -0.4457013704560510D-16
 -0.4792898127004865D-16 -0.5151907130159315D-16 -0.5535375085602271D-16
 -0.5944683144256381D-16 -0.6381257052198234D-16 -0.6846564329442101D-16
 -0.7342110741487845D-16 -0.7869435989739226D-16 -0.8430108543519894D-16
 -0.9025719533447808D-16 -0.9657875623495255D-16 -0.1032819077729906D-15
 -0.1103827683334357D-15 -0.1178973280368779D-15 -0.1258413281212735D-15
 -0.1342301259027375D-15 -0.1430785445420530D-15 -0.1524007069032451D-15
 -0.1622098528707831D-15 -0.1725181395950373D-15 -0.1833364242639911D-15
 -0.1946740291553383D-15 -0.2065384889093950D-15 -0.2189352801819950D-15
 -0.2318675340897534D-15 -0.2453357321496402D-15 -0.2593373867420544D-15
 -0.2738667074925558D-15 -0.2889142553724691D-15 -0.3044665867624645D-15
 -0.3205058902049885D-15 -0.3370096190891000D-15 -0.3539501240622019D-15
 -0.3712942895433699D-15 -0.3890031793176322D-15 -0.4070316968133718D-15
 -0.4253282662985384D-15 -0.4438345418663922D-15 -0.4624851517072750D-15
 -0.4812074857663444D-15 -0.4999215354530403D-15 -0.5185397945777146D-15
 -0.5369672311228167D-15 -0.5551013397863665D-15 -0.5728322854312860D-15
 -0.5900431476119263D-15 -0.6066102761835398D-15 -0.6224037676081834D-15
 -0.6372880709081090D-15 -0.6511227312596784D-15 -0.6637632779388067D-15
 -0.6750622617045915D-15 -0.6848704447304745D-15 -0.6930381438612602D-15
 -0.6994167252985095D-15 -0.7038602458158493D-15 -0.7062272323090915D-15
 -0.7063825879334818D-15 -0.7041996093210767D-15 -0.6995620954643702D-15
 -0.6923665248655176D-15 -0.6825242735607252D-15 -0.6699638427211543D-15
 -0.6546330607968421D-15 -0.6365012217068888D-15 -0.6155611174909023D-15
 -0.5918309212306979D-15 -0.5653558740383039D-15 -0.5362097285984776D-15
 -0.5044959012646410D-15 -0.4703482851488388D-15 -0.4339316781298481D-15
 -0.3954417823356405D-15 -0.3551047355369242D-15 -0.3131761401067701D-15
 -0.2699395618302251D-15 -0.2257044789368699D-15 -0.1808036712947847D-15
 -0.1355900507179847D-15 -0.9043294571423063D-16 -0.4571386757573147D-16
 -0.1821799242030375D-17  0.4085193651035572D-16  0.8191915773833237D-16
  0.1210005662360962D-15  0.1577316523572883D-15  0.1917686496241487D-15
  0.2227944178101050D-15  0.2505241273044256D-15  0.2747106155455735D-15
  0.2951492882950335D-15  0.3116824444905977D-15  0.3242029128252444D-15
  0.3326569003604521D-15  0.3370459678026866D-15  0.3374280619018501D-15
  0.3339175529163514D-15  0.3266842443940485D-15  0.3159513442670410D-15
  0.3019924107775904D-15  0.2851273139541511D-15  0.2657172824893425D-15
  0.2441591355458551D-15  0.2208788274031485D-15  0.1963244579471826D-15
  0.1709589219193738D-15  0.1452523830249163D-15  0.1196747644290240D-15
  0.9468844438455866D-16  0.7074133489462960D-16  0.4826050313889535D-16
  0.2764647108558152D-16  0.9268299845544183D-17 -0.6540466300155275D-17
 -0.1948495377024193D-16 -0.2931120058688638D-16 -0.3580750245887280D-16
 -0.3880490733108817D-16 -0.3817692202538242D-16 -0.3383850961753702D-16
 -0.2574446580182147D-16 -0.1388726698486997D-16  0.1705517145791161D-17
  0.2097415743159376D-16  0.4382996243568628D-16  0.7015866361132551D-16
  0.9982392097340630D-16  0.1326708891657000D-15  0.1685297896017210D-15
  0.2072194384194736D-15  0.2485506819954097D-15  0.2923296913493712D-15
  0.3383610657877114D-15  0.3864506934540911D-15  0.4364083151378978D-15
  0.4880497375040120D-15  0.5411986444261364D-15  0.5956879608068305D-15
  0.6513607315068509D-15  0.7080704880155302D-15  0.7656810840988483D-15
  0.8240659869318690D-15  0.8831070082211588D-15  0.9426924493671504D-15
  0.1002714614949671D-14  0.1063066620986617D-14  0.1123638391417751D-14
  0.1184311700927960D-14  0.1244954087701349D-14  0.1305411427740270D-14
  0.1365498933573837D-14  0.1424990313942359D-14  0.1483604804546043D-14
  0.1540991752282080D-14  0.1596712391161165D-14  0.1650218411053821D-14
  0.1700826771463347D-14  0.1747690340411228D-14  0.1789762837282801D-14
  0.1825759075095231D-14
  0.0000000000000000D+00  0.2704129634330147D-23  0.2921568724045674D-23
  0.3156425418419970D-23  0.3410081091339177D-23  0.3683976214941667D-23
  0.3980988511545342D-23  0.4301902826271221D-23  0.4650244131993167D-23
  0.5027075236610298D-23  0.5435122816217667D-23  0.5876923391451614D-23
  0.6355154228726019D-23  0.6872848117484498D-23  0.7433243358621989D-23
  0.8039849988352943D-23  0.8696485671342074D-23  0.9407283955663039D-23
  0.1017672690223518D-22  0.1100967491723315D-22  0.1191139697229646D-22
  0.1288760578269880D-22  0.1394449528284693D-22  0.1508878121530991D-22
  0.1632774544624886D-22  0.1766928401576725D-22  0.1912195933249274D-22
  0.2069505689254683D-22  0.2239864688380643D-22  0.2424365110932305D-22
  0.2624191569176063D-22  0.2840629005742870D-22  0.3075071274620295D-22
  0.3329030464006554D-22  0.3604147025457656D-22  0.3902200779421525D-22
  0.4225122873352421D-22  0.4575008775239509D-22  0.4954132392603135D-22
  0.5364961414848325D-22  0.5810173985378862D-22  0.6292676819122280D-22
  0.6815624891156676D-22  0.7382442833032775D-22  0.7996848185221757D-22
  0.8662876666967169D-22  0.9384909638764451D-22  0.1016770394782423D-21
  0.1101642436329284D-21  0.1193667882581435D-21  0.1293455675533330D-21
  0.1401667068198264D-21  0.1519020148760787D-21  0.1646294757008893D-21
  0.1784337826929018D-21  0.1934069192236008D-21  0.2096487894739266D-21
  0.2272679038834562D-21  0.2463821239078359D-21  0.2671194711770438D-21
  0.2896190065764098D-21  0.3140317852366525D-21  0.3405218939211632D-21
  0.3692675778412899D-21  0.4004624645164073D-21  0.4343168929284727D-21
  0.4710593569039103D-21  0.5109380723927909D-21  0.5542226791102660D-21
  0.6012060878621545D-21  0.6522064857999940D-21  0.7075695128451702D-21
  0.7676706235919421D-21  0.8329176501505065D-21  0.9037535826286767D-21
  0.9806595852805182D-21  0.1064158267777698D-20  0.1154817232590798D-20
  0.1253252921109806D-20  0.1360134782891699D-20  0.1476189794305507D-20
  0.1602207354858368D-20  0.1739044591636547D-20  0.1887632104590884D-20
  0.2048980187843305D-20  0.2224185564796942D-20  0.2414438677604693D-20
  0.2621031574495332D-20  0.2845366441580015D-20  0.3088964829070661D-20
  0.3353477625340121D-20  0.3640695835948018D-20  0.3952562228647657D-20
  0.4291183909481740D-20  0.4658845899368442D-20  0.5058025785072532D-20
  0.5491409523147491D-20  0.5961908480315176D-20  0.6472677798813433D-20
  0.7027136180474411D-20  0.7628987188681643D-20  0.8282242172869388D-20
  0.8991244925848382D-20  0.9760698189930316D-20  0.1059569213354248D-19
  0.1150173492572106D-19  0.1248478554148833D-19  0.1355128893658661D-19
  0.1470821373527547D-19  0.1596309257980305D-19  0.1732406529462628D-19
  0.1879992502234433D-19  0.2040016749148102D-19  0.2213504357852642D-19
  0.2401561532783317D-19  0.2605381559283639D-19  0.2826251146036263D-19
  0.3065557161624118D-19  0.3324793780468673D-19  0.3605570052563038D-19
  0.3909617910292184D-19  0.4238800624164263D-19  0.4595121717414660D-19
  0.4980734347131156D-19  0.5397951156718340D-19  0.5849254601105026D-19
  0.6337307742017523D-19  0.6864965505811175D-19  0.7435286390676580D-19
  0.8051544603410326D-19  0.8717242598251149D-19  0.9436123981406559D-19
  0.1021218673469594D-18  0.1104969670007181D-18  0.1195320125349009D-18
  0.1292754308151680D-18  0.1397787395700181D-18  0.1510966839092336D-18
  0.1632873701591316D-18  0.1764123953278784D-18  0.1905369702441714D-18
  0.2057300341121693D-18  0.2220643578922048D-18  0.2396166335480886D-18
  0.2584675457951543D-18  0.2787018225361253D-18  0.3004082596818592D-18
  0.3236797155187265D-18  0.3486130692014751D-18  0.3753091373179652D-18
  0.4038725417883033D-18  0.4344115216243924D-18  0.4670376802858003D-18
  0.5018656595240326D-18  0.5390127297101536D-18  0.5785982856919006D-18
  0.6207432362284941D-18  0.6655692740081954D-18  0.7131980121709701D-18
  0.7637499721436117D-18  0.8173434064569538D-18  0.8740929390663393D-18
  0.9341080045519977D-18  0.9974910664534605D-18  0.1064335593912965D-17
  0.1134723774792706D-17  0.1208723942519531D-17  0.1286387693133264D-17
  0.1367746668411476D-17  0.1452808980560329D-17  0.1541555253850671D-17
  0.1633934258799792D-17  0.1729858115118902D-17  0.1829197040738042D-17
  0.1931773625865803D-17  0.2037356613330134D-17  0.2145654169476651D-17
  0.2256306633777190D-17  0.2368878740136963D-17  0.2482851308802955D-17
  0.2597612414894312D-17  0.2712448048027772D-17  0.2826532287429670D-17
  0.2938917028444330D-17  0.3048521309597581D-17  0.3154120304478715D-17
  0.3254334059780764D-17  0.3347616079988851D-17  0.3432241880510788D-17
  0.3506297654559561D-17  0.3567669224846133D-17  0.3614031479105169D-17
  0.3642838518588382D-17  0.3651314780794360D-17  0.3636447431665678D-17
  0.3594980358000345D-17  0.3523410127533113D-17  0.3417984321578694D-17
  0.3274702682719783D-17  0.3089321557068381D-17  0.2857362146298637D-17
  0.2574123117964415D-17  0.2234698152443211D-17  0.1833999029890507D-17
  0.1366784879372070D-17  0.8276982232116662D-18  0.2113084507099324D-18
 -0.4878366552634035D-18 -0.1275150739915549D-17 -0.2155939488434062D-17
 -0.3135321529800851D-17 -0.4218139215012016D-17 -0.5408858956664129D-17
 -0.6711460947253966D-17 -0.8129318231820124D-17 -0.9665065298361802D-17
 -0.1132045656782327D-16 -0.1309621541474512D-16 -0.1499187462956746D-16
 -0.1700560954279189D-16 -0.1913406536760535D-16 -0.2137218067799861D-16
 -0.2371300931970080D-16 -0.2614754344615994D-16 -0.2866454077497208D-16
 -0.3125035956411184D-16 -0.3388880520336996D-16 -0.3656099269473567D-16
 -0.3924522964504730D-16 -0.4191692470294127D-16 -0.4454852662671480D-16
 -0.4710949935595908D-16 -0.4956633856259359D-16 -0.5188263516041072D-16
 -0.5401919114005298D-16 -0.5593419285191067D-16 -0.5758344646628738D-16
 -0.5892067978254077D-16 -0.5989791382221986D-16 -0.6046590671314163D-16
 -0.6057467124267645D-16 -0.6017406612456571D-16 -0.5921445948574509D-16
 -0.5764746134700116D-16 -0.5542671996265203D-16 -0.5250877483013134D-16
 -0.4885395702386275D-16 -0.4442732530703436D-16 -0.3919962430227255D-16
 -0.3314824894377137D-16 -0.2625819758550149D-16 -0.1852299460393951D-16
 -0.9945562207024900D-17 -0.5390205269281004D-18  0.9672605011305307D-17
  0.2065378957323798D-16  0.3235704756113862D-16  0.4472262205051672D-16
  0.5767834118898113D-16  0.7113965558580475D-16  0.8500986831804239D-16
  0.9918056644292337D-16  0.1135322597012843D-15  0.1279352281662100D-15
  0.1422505757833609D-15  0.1563314809650320D-15  0.1700246287976435D-15
  0.1831718023556711D-15  0.1956116036216517D-15  0.2071812682106362D-15
  0.2177185330791309D-15  0.2270635131467975D-15  0.2350605415858260D-15
  0.2415599295782060D-15  0.2464196045488320D-15  0.2495065910525461D-15
  0.2506983052757323D-15  0.2498836420623528D-15  0.2469638419736781D-15
  0.2418531345902000D-15  0.2344791625248653D-15  0.2247831979429171D-15
  0.2127201693608614D-15  0.1982585208180221D-15  0.1813799279981753D-15
  0.1620788964826481D-15  0.1403622661340536D-15  0.1162486428644624D-15
  0.8976777506887547D-16  0.6095988722943845D-16  0.2987497810579500D-16
 -0.3427913957988260D-17 -0.3888148023954301D-16 -0.7641094993587363D-16
 -0.1159349434487411D-15 -0.1573663759895814D-15 -0.2006134139408800D-15
 -0.2455804815907951D-15 -0.2921693092149609D-15 -0.3402800047716756D-15
 -0.3898121230386768D-15 -0.4406656964054968D-15 -0.4927421842063204D-15
 -0.5459452918821891D-15 -0.6001816090164099D-15 -0.6553610167726678D-15
 -0.7113968197313339D-15 -0.7682055638560620D-15 -0.8257065081111716D-15
 -0.8838207204203696D-15 -0.9424697653826391D-15 -0.1001573940644399D-14
 -0.1061050000492332D-14 -0.1120808280662485D-14 -0.1180749110803452D-14
 -0.1240758373614816D-14 -0.1300702045983095D-14 -0.1360419539754884D-14
 -0.1419715649543886D-14 -0.1478350912877292D-14 -0.1536030193125217D-14
 -0.1592389310163617D-14 -0.1646979556297165D-14 -0.1699249977454633D-14
 -0.1748527260097333D-14 -0.1793993361524192D-14 -0.1834660131376802D-14
 -0.1869343129795838D-14
  0.0000000000000000D+00  0.8989416850544442D-27  0.9918696399223928D-27
  0.1094395699702817D-26  0.1207507271378883D-26  0.1332268769135772D-26
  0.1470294643338461D-26  0.1622681334757716D-26  0.1791452785425225D-26
  0.1977994258992906D-26  0.2184342510377578D-26  0.2412581806947809D-26
  0.2665041877749060D-26  0.2944317468288844D-26  0.3253273241043732D-26
  0.3595086603992592D-26  0.3973278396289249D-26  0.4391750838957829D-26
  0.4854829919851441D-26  0.5367311616824802D-26  0.5934513902156238D-26
  0.6562334291629084D-26  0.7257313850922414D-26  0.8026708434712043D-26
  0.8878567874874395D-26  0.9821824083909438D-26  0.1086638908176965D-25
  0.1202326407128989D-25  0.1330466083554681D-25  0.1472413686777833D-25
  0.1629674581045540D-25  0.1803920496523142D-25  0.1997008183968465D-25
  0.2211000192677078D-25  0.2448188016980471D-25  0.2711117885289125D-25
  0.3002619497803702D-25  0.3325838054956425D-25  0.3684269958849569D-25
  0.4081802614944117D-25  0.4522758811591229D-25  0.5011946211330702D-25
  0.5554712550930830D-25  0.6157007217712742D-25  0.6825449948697310D-25
  0.7567407487548705D-25  0.8391079133294671D-25  0.9305592225662587D-25
  0.1032110873599825D-24  0.1144894427173754D-24  0.1270170095807065D-24
  0.1409341583477740D-24  0.1563972660148025D-24  0.1735805676327596D-24
  0.1926782247369321D-24  0.2139066364636338D-24  0.2375070221421758D-24
  0.2637483075943445D-24  0.2929303512320319D-24  0.3253875503665379D-24
  0.3614928729861365D-24  0.4016623656848012D-24  0.4463601945046976D-24
  0.4961042822668148D-24  0.5514726135965172D-24  0.6131102874021795D-24
  0.6817374061467762D-24  0.7581579019875894D-24  0.8432694118875936D-24
  0.9380743272787324D-24  0.1043692158956285D-23  0.1161373374799818D-23
  0.1292514886868244D-23  0.1438677385647935D-23  0.1601604743017432D-23
  0.1783245732135842D-23  0.1985778342305905D-23  0.2211637000291720D-23
  0.2463543047009621D-23  0.2744538860442503D-23  0.3058026062582890D-23
  0.3407808300791189D-23  0.3798139152828188D-23  0.4233775770734556D-23
  0.4720038952519300D-23  0.5262880413213821D-23  0.5868958119296705D-23
  0.6545720653949014D-23  0.7301501696369906D-23  0.8145625827906473D-23
  0.9088527022653184D-23  0.1014188134224947D-22  0.1131875553586791D-22
  0.1263377344906768D-22  0.1410330237179550D-22  0.1574566170912161D-22
  0.1758135664139568D-22  0.1963333975685175D-22  0.2192730399310289D-22
  0.2449201061872075D-22  0.2735965642692680D-22  0.3056628480560137D-22
  0.3415224589720397D-22  0.3816271167526985D-22  0.4264825244816403D-22
  0.4766548206366049D-22  0.5327777993863812D-22  0.5955609898648266D-22
  0.6657986957160549D-22  0.7443801079786020D-22  0.8323006174888906D-22
  0.9306744675829124D-22  0.1040748904122546D-21  0.1163919997949133D-21
  0.1301750334969525D-21  0.1455988791428153D-21  0.1628592636752047D-21
  0.1821752233940493D-21  0.2037918638096419D-21  0.2279834427683981D-21
  0.2550568140796019D-21  0.2853552730510612D-21  0.3192628499729476D-21
  0.3572091027182618D-21  0.3996744653056398D-21  0.4471962155504737D-21
  0.5003751318734353D-21  0.5598829170063994D-21  0.6264704748052096D-21
  0.7009771357232565D-21  0.7843409368025242D-21  0.8776100733891725D-21
  0.9819556522754448D-21  0.1098685889712890D-20  0.1229261912845212D-20
  0.1375315339691972D-20  0.1538667831004725D-20  0.1721352827250934D-20
  0.1925639705802587D-20  0.2154060617268128D-20  0.2409440285969590D-20
  0.2694929087999784D-20  0.3014039751272789D-20  0.3370688055688737D-20
  0.3769237948156973D-20  0.4214551526955601D-20  0.4712044392943185D-20
  0.5267746911677485D-20  0.5888371980730342D-20  0.6581389950609959D-20
  0.7355111405886284D-20  0.8218778575539938D-20  0.9182666208364662D-20
  0.1025819282057809D-19  0.1145804329873122D-19  0.1279630392161311D-19
  0.1428861095013763D-19  0.1595231402411634D-19  0.1780665569926533D-19
  0.1987296855654814D-19  0.2217489141873272D-19  0.2473860631542267D-19
  0.2759309794726466D-19  0.3077043751183481D-19  0.3430609286699180D-19
  0.3823926712117696D-19  0.4261326785293905D-19  0.4747590927229570D-19
  0.5287994974260117D-19  0.5888356718116328D-19  0.6555087494749322D-19
  0.7295248090682528D-19  0.8116609242016409D-19  0.9027717005679518D-19
  0.1003796328467074D-18  0.1115766178839885D-18  0.1239812970526144D-18
  0.1377177535673159D-18  0.1529219208979618D-18  0.1697425864689720D-18
  0.1883424622881675D-18  0.2088993243537883D-18  0.2316072223054603D-18
  0.2566777603152790D-18  0.2843414496490172D-18  0.3148491326547536D-18
  0.3484734771460872D-18  0.3855105392291907D-18  0.4262813915663878D-18
  0.4711338128629269D-18  0.5204440329983522D-18  0.5746185266892726D-18
  0.6340958468578802D-18  0.6993484869823966D-18  0.7708847596161154D-18
  0.8492506759758900D-18  0.9350318090181764D-18  0.1028855119741068D-17
  0.1131390723579848D-17  0.1243353570710522D-17  0.1365505010854443D-17
  0.1498654209809324D-17  0.1643659381445909D-17  0.1801428795343354D-17
  0.1972921516639158D-17  0.2159147831102753D-17  0.2361169304981916D-17
  0.2580098425908294D-17  0.2817097768190797D-17  0.3073378623293440D-17
  0.3350199034319541D-17  0.3648861172058762D-17  0.3970707989710953D-17
  0.4317119093971990D-17  0.4689505771806561D-17  0.5089305115122169D-17
  0.5517973189720547D-17  0.5976977200432189D-17  0.6467786611256574D-17
  0.6991863187649835D-17  0.7550649937817539D-17  0.8145558940969331D-17
  0.8777958062938353D-17  0.9449156573332033D-17  0.1016038969341673D-16
  0.1091280212019514D-16  0.1170743058955434D-16  0.1254518555988582D-16
  0.1342683211711843D-16  0.1435297022260016D-16  0.1532401444660306D-16
  0.1634017335231009D-16  0.1740142871783412D-16  0.1850751480694966D-16
  0.1965789792255080D-16  0.2085175650007781D-16  0.2208796202084636D-16
  0.2336506104678832D-16  0.2468125869780572D-16  0.2603440390973602D-16
  0.2742197682357030D-16  0.2884107866348719D-16  0.3028842446062609D-16
  0.3176033896918906D-16  0.3325275609914699D-16  0.3476122215314736D-16
  0.3628090310197186D-16  0.3780659606133482D-16  0.3933274504203382D-16
  0.4085346093603519D-16  0.4236254557551666D-16  0.4385351956544659D-16
  0.4531965345138781D-16  0.4675400165475166D-16  0.4814943850248246D-16
  0.4949869561381523D-16  0.5079439989388057D-16  0.5202911144170468D-16
  0.5319536078392628D-16  0.5428568500253863D-16  0.5529266247492092D-16
  0.5620894604756960D-16  0.5702729448964485D-16  0.5774060195642337D-16
  0.5834192497659645D-16  0.5882450616541095D-16  0.5918179354222594D-16
  0.5940745406219150D-16  0.5949537982344879D-16  0.5943968542337322D-16
  0.5923469511850713D-16  0.5887491877677088D-16  0.5835501606059885D-16
  0.5766974880427244D-16  0.5681392209986252D-16  0.5578231514453702D-16
  0.5456960338923648D-16  0.5317027393588739D-16  0.5157853643436513D-16
  0.4978823191455857D-16  0.4779274204382701D-16  0.4558490122199452D-16
  0.4315691371706586D-16  0.4050027771230951D-16  0.3760571769074261D-16
  0.3446312604153214D-16  0.3106151415229554D-16  0.2738897257199295D-16
  0.2343263911326312D-16  0.1917867303477293D-16  0.1461223272966502D-16
  0.9717453674053943D-17  0.4477422790975454D-17 -0.1125855105900082D-17
 -0.7111503472058807D-17 -0.1349983765054585D-16 -0.2031245075186684D-16
 -0.2757232629420942D-16 -0.3530398158020227D-16 -0.4353364492085039D-16
 -0.5228946883871567D-16 -0.6160178009441487D-16 -0.7150336611676949D-16
 -0.8202979613146154D-16 -0.9321977414152489D-16 -0.1051155199797361D-15
 -0.1177631737996936D-15 -0.1312132184373014D-15 -0.1455209124116502D-15
 -0.1607467233698978D-15 -0.1769567463714488D-15 -0.1942230826216155D-15
 -0.2126241409327238D-15 -0.2322448052057156D-15 -0.2531763854990651D-15
 -0.2755162363514000D-15 -0.2993668822052372D-15 -0.3248344335116664D-15
 -0.3520260049037727D-15 -0.3810457540303929D-15 -0.4119890397151521D-15
 -0.4449340433037317D-15 -0.4799299933682109D-15 -0.5169808751929923D-15
 -0.5560231404651645D-15 -0.5968955575685944D-15 -0.6392984441399861D-15
 -0.6827396772485536D-15
  0.0000000000000000D+00  0.4818402445177361D-27  0.5324828492767029D-27
  0.5884379484256849D-27  0.6502599229219140D-27  0.7185480014855936D-27
  0.7942666418050558D-27  0.8779697432421989D-27  0.9708798359429673D-27
  0.1073715068797143D-26  0.1187641009104549D-26  0.1313845866452554D-26
  0.1453635256790994D-26  0.1608485806119117D-26  0.1780023920721556D-26
  0.1970054151654847D-26  0.2180581348165200D-26  0.2413828952880155D-26
  0.2672264639971291D-26  0.2958627434193172D-26  0.3275957461862250D-26
  0.3627629562554830D-26  0.4017390501796361D-26  0.4449400364025976D-26
  0.4928278663136699D-26  0.5459155641615285D-26  0.6047729375259979D-26
  0.6700329350335403D-26  0.7423987249717586D-26  0.8226515778857846D-26
  0.9116596455897037D-26  0.1010387739783490D-25  0.1119908225567009D-25
  0.1241413158562138D-25  0.1376227809402913D-25  0.1525825736174939D-25
  0.1691845584187834D-25  0.1876109813496360D-25  0.2080645578106616D-25
  0.2307708007110838D-25  0.2559806167422054D-25  0.2839732020699754D-25
  0.3150592723887231D-25  0.3495846663988006D-25  0.3879343663816299D-25
  0.4305369847050591D-25  0.4778697708657304D-25  0.5304642001368494D-25
  0.5889122121216715D-25  0.6538731756075155D-25  0.7260816651753901D-25
  0.8063561451621050D-25  0.8956086679247331D-25  0.9948557060663344D-25
  0.1105230252509733D-24  0.1227995338234601D-24  0.1364559135325895D-24
  0.1516491832947127D-24  0.1685544496205071D-24  0.1873670142899500D-24
  0.2083047301172451D-24  0.2316106342444298D-24  0.2575558919150070D-24
  0.2864430876117098D-24  0.3186099048457047D-24  0.3544332408143087D-24
  0.3943338076635371D-24  0.4387812782708280D-24  0.4883000413807815D-24
  0.5434756386706756D-24  0.6049619649912948D-24  0.6734893227322086D-24
  0.7498734321220231D-24  0.8350255114308978D-24  0.9299635546481094D-24
  0.1035824949433706D-23  0.1153880595181664D-23  0.1285550700096942D-23
  0.1432422457519476D-23  0.1596269825591490D-23  0.1779075661058597D-23
  0.1983056487852877D-23  0.2210690214498092D-23  0.2464747151717997D-23
  0.2748324723379448D-23  0.3064886310577384D-23  0.3418304720842640D-23
  0.3812910832764108D-23  0.4253548031476339D-23  0.4745633123264499D-23
  0.5295224498861593D-23  0.5909098405840860D-23  0.6594834291928806D-23
  0.7360910294295184D-23  0.8216810076264571D-23  0.9173142353934610D-23
  0.1024177461254500D-22  0.1143598268796036D-22  0.1277061808435768D-22
  0.1426229511741451D-22  0.1592960021548937D-22  0.1779332598225626D-22
  0.1987673292608360D-22  0.2220584209753709D-22  0.2480976225050930D-22
  0.2772105555879258D-22  0.3097614638300829D-22  0.3461577809775508D-22
  0.3868552356121761D-22  0.4323635544543391D-22  0.4832528335172612D-22
  0.5401606541986732D-22  0.6038000300958111D-22  0.6749682799787290D-22
  0.7545569330530642D-22  0.8435627844940163D-22  0.9431002323556721D-22
  0.1054415041482330D-21  0.1178899696110730D-21  0.1318110520606206D-21
  0.1473786767387354D-21  0.1647871892741958D-21  0.1842537265116274D-21
  0.2060208576780600D-21  0.2303595258762532D-21  0.2575723230840421D-21
  0.2879971353464458D-21  0.3220111987002792D-21  0.3600356105995024D-21
  0.4025403462453650D-21  0.4500498343025088D-21  0.5031491520362779D-21
  0.5624909059751646D-21  0.6288028708250843D-21  0.7028964665798708D-21
  0.7856761616275708D-21  0.8781498981882489D-21  0.9814406456803708D-21
  0.1096799197644121D-20  0.1225618338695445D-20  0.1369448519687536D-20
  0.1530015191858559D-20  0.1709237964283984D-20  0.1909251763463603D-20
  0.2132430189386029D-20  0.2381411278948640D-20  0.2659125905180607D-20
  0.2968829059321598D-20  0.3314134282434195D-20  0.3699051533843344D-20
  0.4128028805247011D-20  0.4605997811751677D-20  0.5138424114244810D-20
  0.5731362051281488D-20  0.6391514882847833D-20  0.7126300572738090D-20
  0.7943923660556254D-20  0.8853453698175346D-20  0.9864910748434693D-20
  0.1098935846541912D-19  0.1223900529524610D-19  0.1362731435318058D-19
  0.1516912254628132D-19  0.1688076951970255D-19  0.1878023700813103D-19
  0.2088729917037445D-19  0.2322368447339400D-19  0.2581324967046982D-19
  0.2868216638486553D-19  0.3185912076326438D-19  0.3537552660008928D-19
  0.3926575225204514D-19  0.4356736155903015D-19  0.4832136885986374D-19
  0.5357250803572024D-19  0.5936951532708690D-19  0.6576542544756892D-19
  0.7281788025575124D-19  0.8058944894015292D-19  0.8914795831743053D-19
  0.9856683143553036D-19  0.1089254322065090D-18  0.1203094132631731D-18
  0.1328110636345269D-18  0.1465296521623522D-18  0.1615717618304276D-18
  0.1780516093446614D-18  0.1960913433830813D-18  0.2158213139262244D-18
  0.2373803039791017D-18  0.2609157138048263D-18  0.2865836865080381D-18
  0.3145491624360793D-18  0.3449858484123583D-18  0.3780760862868588D-18
  0.4140106036938174D-18  0.4529881282599966D-18  0.4952148448265922D-18
  0.5409036735559726D-18  0.5902733451185264D-18  0.6435472475281156D-18
  0.7009520176565812D-18  0.7627158490553010D-18  0.8290664864996601D-18
  0.9002288767141216D-18  0.9764224441038944D-18  0.1057857960096622D-17
  0.1144733974975831D-17  0.1237232781968234D-17  0.1335515884937476D-17
  0.1439718943450961D-17  0.1549946172343344D-17  0.1666264177302551D-17
  0.1788695213580828D-17  0.1917209861751702D-17  0.2051719122606946D-17
  0.2192065942854529D-17  0.2338016194298924D-17  0.2489249141675689D-17
  0.2645347448276232D-17  0.2805786783914955D-17  0.2969925116615244D-17
  0.3136991787552339D-17  0.3306076488191042D-17  0.3476118279062084D-17
  0.3645894811062907D-17  0.3814011932333770D-17  0.3978893886387148D-17
  0.4138774329942846D-17  0.4291688421467873D-17  0.4435466253297798D-17
  0.4567727920911826D-17  0.4685880541851928D-17  0.4787117553238833D-17
  0.4868420630069522D-17  0.4926564575617583D-17  0.4958125539336714D-17
  0.4959492915645134D-17  0.4926885267732164D-17  0.4856370602931008D-17
  0.4743891299110469D-17  0.4585293943898000D-17  0.4376364299474254D-17
  0.4112867544570559D-17  0.3790593871967236D-17  0.3405409434602098D-17
  0.2953312537433164D-17  0.2430494867376112D-17  0.1833407442795062D-17
  0.1158830850927442D-17  0.4039492308099340D-18 -0.4335726442650548D-18
 -0.1355509922118010D-17 -0.2362996677508771D-17 -0.3456444238163720D-17
 -0.4635459740520200D-17 -0.5898765851028203D-17 -0.7244122609621654D-17
 -0.8668252374244100D-17 -0.1016676887693250D-16 -0.1173411144140617D-16
 -0.1336348544773909D-16 -0.1504681014249467D-16 -0.1677467484606350D-16
 -0.1853630447774853D-16 -0.2031953507600524D-16 -0.2211079963501309D-16
 -0.2389512412506850D-16 -0.2565613304866343D-16 -0.2737606335335232D-16
 -0.2903578502568840D-16 -0.3061482627269746D-16 -0.3209140089348313D-16
 -0.3344243527900788D-16 -0.3464359246445480D-16 -0.3566929079869136D-16
 -0.3649271507956592D-16 -0.3708581841388371D-16 -0.3741931356979762D-16
 -0.3746265316214061D-16 -0.3718399860794293D-16 -0.3655017836594124D-16
 -0.3552663648513811D-16 -0.3407737288934482D-16 -0.3216487707665640D-16
 -0.2975005698063933D-16 -0.2679216459770221D-16 -0.2324871961732622D-16
 -0.1907543169591568D-16 -0.1422612120291295D-16 -0.8652637267868597D-17
 -0.2304770815612904D-17  0.4869840941117550D-17  0.1292582329148918D-16
  0.2192019193567601D-16  0.3191250672801218D-16  0.4296505844801986D-16
  0.5514309580741569D-16  0.6851509933560197D-16  0.8315310738016516D-16
  0.9913309754239841D-16  0.1165354239431717D-15  0.1354453074192300D-15
  0.1559533719150133D-15  0.1781562163251117D-15  0.2021570070529323D-15
  0.2280660724646471D-15  0.2560014760931178D-15  0.2860895398236898D-15
  0.3184652804286454D-15  0.3532727106403204D-15  0.3906649377866441D-15
  0.4308039667654136D-15  0.4738600779771750D-15  0.5200106032537103D-15
  0.5694378620084257D-15  0.6223259439136319D-15  0.6788559305975254D-15
  0.7391990332917799D-15  0.8035069807839948D-15  0.8718988146841822D-15
  0.9444430283488051D-15  0.1021133702294331D-14  0.1101858942763520D-14
  0.1186359427577548D-14  0.1274174437625059D-14  0.1364571334525665D-14
  0.1456455453052147D-14
