  0.8350000000000000D+01    4
  0.2211313321219523D+01
    1  315    7
  327  327  327  327  327  327  327
  0.1944331687364799D-01  0.0000000000000000D+00  0.0000000000000000D+00
  0.0000000000000000D+00  0.0000000000000000D+00  0.0000000000000000D+00
  0.0000000000000000D+00  0.0000000000000000D+00  0.0000000000000000D+00
  0.0000000000000000D+00  0.0000000000000000D+00  0.0000000000000000D+00
  0.0000000000000000D+00  0.0000000000000000D+00  0.0000000000000000D+00
  0.0000000000000000D+00  0.0000000000000000D+00  0.0000000000000000D+00
  0.0000000000000000D+00  0.0000000000000000D+00  0.0000000000000000D+00
  0.0000000000000000D+00  0.0000000000000000D+00  0.0000000000000000D+00
  0.0000000000000000D+00  0.0000000000000000D+00  0.0000000000000000D+00
  0.0000000000000000D+00  0.0000000000000000D+00  0.0000000000000000D+00
  0.0000000000000000D+00  0.0000000000000000D+00  0.0000000000000000D+00
  0.0000000000000000D+00  0.0000000000000000D+00  0.0000000000000000D+00
  0.0000000000000000D+00  0.0000000000000000D+00  0.0000000000000000D+00
  0.0000000000000000D+00  0.0000000000000000D+00  0.0000000000000000D+00
  0.0000000000000000D+00  0.0000000000000000D+00  0.0000000000000000D+00
  0.0000000000000000D+00  0.0000000000000000D+00  0.0000000000000000D+00
  0.0000000000000000D+00  0.0000000000000000D+00  0.0000000000000000D+00
  0.0000000000000000D+00  0.0000000000000000D+00  0.0000000000000000D+00
  0.0000000000000000D+00  0.0000000000000000D+00  0.0000000000000000D+00
  0.0000000000000000D+00  0.0000000000000000D+00  0.0000000000000000D+00
  0.0000000000000000D+00  0.0000000000000000D+00  0.0000000000000000D+00
  0.0000000000000000D+00  0.0000000000000000D+00  0.0000000000000000D+00
  0.0000000000000000D+00  0.0000000000000000D+00  0.0000000000000000D+00
  0.0000000000000000D+00  0.0000000000000000D+00  0.0000000000000000D+00
  0.0000000000000000D+00  0.0000000000000000D+00  0.0000000000000000D+00
  0.0000000000000000D+00  0.0000000000000000D+00  0.0000000000000000D+00
  0.0000000000000000D+00  0.0000000000000000D+00  0.0000000000000000D+00
  0.0000000000000000D+00  0.0000000000000000D+00  0.0000000000000000D+00
  0.0000000000000000D+00  0.0000000000000000D+00  0.0000000000000000D+00
  0.0000000000000000D+00  0.0000000000000000D+00  0.0000000000000000D+00
  0.0000000000000000D+00  0.0000000000000000D+00  0.0000000000000000D+00
  0.0000000000000000D+00  0.0000000000000000D+00  0.0000000000000000D+00
  0.0000000000000000D+00  0.0000000000000000D+00  0.0000000000000000D+00
  0.0000000000000000D+00  0.0000000000000000D+00  0.0000000000000000D+00
  0.0000000000000000D+00  0.0000000000000000D+00  0.0000000000000000D+00
  0.0000000000000000D+00  0.0000000000000000D+00  0.0000000000000000D+00
  0.0000000000000000D+00  0.0000000000000000D+00  0.0000000000000000D+00
  0.0000000000000000D+00  0.0000000000000000D+00  0.0000000000000000D+00
  0.0000000000000000D+00  0.0000000000000000D+00  0.0000000000000000D+00
  0.0000000000000000D+00  0.0000000000000000D+00  0.0000000000000000D+00
  0.0000000000000000D+00  0.0000000000000000D+00  0.0000000000000000D+00
  0.0000000000000000D+00  0.0000000000000000D+00  0.0000000000000000D+00
  0.0000000000000000D+00  0.0000000000000000D+00  0.0000000000000000D+00
  0.0000000000000000D+00  0.0000000000000000D+00  0.0000000000000000D+00
  0.0000000000000000D+00  0.0000000000000000D+00  0.0000000000000000D+00
  0.0000000000000000D+00  0.0000000000000000D+00  0.0000000000000000D+00
  0.0000000000000000D+00  0.0000000000000000D+00  0.0000000000000000D+00
  0.0000000000000000D+00  0.0000000000000000D+00  0.0000000000000000D+00
  0.0000000000000000D+00  0.0000000000000000D+00  0.0000000000000000D+00
  0.0000000000000000D+00  0.0000000000000000D+00  0.0000000000000000D+00
  0.0000000000000000D+00  0.0000000000000000D+00  0.0000000000000000D+00
  0.0000000000000000D+00  0.0000000000000000D+00  0.0000000000000000D+00
  0.0000000000000000D+00  0.0000000000000000D+00  0.0000000000000000D+00
  0.0000000000000000D+00  0.0000000000000000D+00  0.0000000000000000D+00
  0.0000000000000000D+00  0.0000000000000000D+00  0.0000000000000000D+00
  0.0000000000000000D+00  0.0000000000000000D+00  0.0000000000000000D+00
  0.0000000000000000D+00  0.0000000000000000D+00  0.0000000000000000D+00
  0.0000000000000000D+00  0.0000000000000000D+00  0.0000000000000000D+00
  0.0000000000000000D+00  0.0000000000000000D+00  0.0000000000000000D+00
  0.0000000000000000D+00  0.0000000000000000D+00  0.0000000000000000D+00
  0.0000000000000000D+00  0.0000000000000000D+00  0.0000000000000000D+00
  0.0000000000000000D+00  0.0000000000000000D+00  0.0000000000000000D+00
  0.0000000000000000D+00  0.0000000000000000D+00  0.0000000000000000D+00
  0.0000000000000000D+00  0.0000000000000000D+00  0.0000000000000000D+00
  0.0000000000000000D+00  0.0000000000000000D+00  0.0000000000000000D+00
  0.0000000000000000D+00  0.0000000000000000D+00  0.0000000000000000D+00
  0.0000000000000000D+00  0.0000000000000000D+00  0.0000000000000000D+00
  0.0000000000000000D+00  0.0000000000000000D+00  0.0000000000000000D+00
  0.0000000000000000D+00  0.0000000000000000D+00  0.0000000000000000D+00
  0.0000000000000000D+00  0.0000000000000000D+00  0.0000000000000000D+00
  0.0000000000000000D+00  0.0000000000000000D+00  0.0000000000000000D+00
  0.0000000000000000D+00  0.0000000000000000D+00  0.0000000000000000D+00
  0.0000000000000000D+00  0.0000000000000000D+00  0.0000000000000000D+00
  0.0000000000000000D+00  0.0000000000000000D+00  0.0000000000000000D+00
  0.0000000000000000D+00  0.0000000000000000D+00  0.0000000000000000D+00
  0.0000000000000000D+00  0.0000000000000000D+00  0.0000000000000000D+00
  0.0000000000000000D+00  0.0000000000000000D+00  0.0000000000000000D+00
  0.0000000000000000D+00  0.0000000000000000D+00  0.0000000000000000D+00
  0.0000000000000000D+00  0.0000000000000000D+00  0.0000000000000000D+00
  0.0000000000000000D+00  0.0000000000000000D+00  0.0000000000000000D+00
  0.0000000000000000D+00  0.0000000000000000D+00  0.0000000000000000D+00
  0.0000000000000000D+00  0.0000000000000000D+00  0.0000000000000000D+00
  0.0000000000000000D+00  0.0000000000000000D+00  0.0000000000000000D+00
  0.0000000000000000D+00  0.0000000000000000D+00  0.0000000000000000D+00
  0.0000000000000000D+00  0.0000000000000000D+00  0.0000000000000000D+00
  0.0000000000000000D+00  0.0000000000000000D+00  0.0000000000000000D+00
  0.0000000000000000D+00  0.0000000000000000D+00  0.0000000000000000D+00
  0.0000000000000000D+00  0.0000000000000000D+00  0.0000000000000000D+00
  0.0000000000000000D+00  0.0000000000000000D+00  0.0000000000000000D+00
  0.0000000000000000D+00  0.0000000000000000D+00  0.0000000000000000D+00
  0.0000000000000000D+00  0.0000000000000000D+00  0.0000000000000000D+00
  0.0000000000000000D+00  0.0000000000000000D+00  0.0000000000000000D+00
  0.0000000000000000D+00  0.0000000000000000D+00  0.0000000000000000D+00
  0.0000000000000000D+00  0.0000000000000000D+00  0.0000000000000000D+00
  0.0000000000000000D+00  0.0000000000000000D+00  0.0000000000000000D+00
  0.0000000000000000D+00  0.0000000000000000D+00  0.0000000000000000D+00
  0.0000000000000000D+00  0.0000000000000000D+00  0.0000000000000000D+00
  0.0000000000000000D+00  0.0000000000000000D+00  0.0000000000000000D+00
  0.0000000000000000D+00  0.0000000000000000D+00  0.0000000000000000D+00
  0.0000000000000000D+00  0.0000000000000000D+00  0.0000000000000000D+00
  0.0000000000000000D+00  0.0000000000000000D+00  0.0000000000000000D+00
  0.0000000000000000D+00  0.0000000000000000D+00  0.0000000000000000D+00
  0.0000000000000000D+00  0.0000000000000000D+00  0.0000000000000000D+00
  0.0000000000000000D+00  0.0000000000000000D+00  0.0000000000000000D+00
  0.0000000000000000D+00  0.0000000000000000D+00  0.0000000000000000D+00
  0.0000000000000000D+00  0.1722683769471449D+06  0.1719211424074463D+06
  0.1715733016412444D+06  0.1712248213557441D+06  0.1708756702211312D+06
  0.1705258437589566D+06  0.1701752776802091D+06  0.1698239623356723D+06
  0.1694718422813113D+06  0.1691188843570422D+06  0.1687650468116305D+06
  0.1684102883699154D+06  0.1680545667321001D+06  0.1676978383859317D+06
  0.1673400587449865D+06  0.1669811820833267D+06  0.1666211615047471D+06
  0.1662599489141532D+06  0.1658974949848759D+06  0.1655337491262665D+06
  0.1651686594507500D+06  0.1648021727402981D+06  0.1644342344124020D+06
  0.1640647884855129D+06  0.1636937775439577D+06  0.1633211427023349D+06
  0.1629468235693842D+06  0.1625707582113459D+06  0.1621928831148059D+06
  0.1618131331490389D+06  0.1614314415278659D+06  0.1610477397710268D+06
  0.1606619576650894D+06  0.1602740232239153D+06  0.1598838626486911D+06
  0.1594914002875608D+06  0.1590965585948714D+06  0.1586992580900680D+06
  0.1582994173162686D+06  0.1578969527985469D+06  0.1574917790019692D+06
  0.1570838082894233D+06  0.1566729508792816D+06  0.1562591148029563D+06
  0.1558422058623933D+06  0.1554221275875679D+06  0.1549987811940459D+06
  0.1545720655406759D+06  0.1541418770874925D+06  0.1537081098539084D+06
  0.1532706553772777D+06  0.1528294026719321D+06  0.1523842381887822D+06
  0.1519350457755944D+06  0.1514817066380577D+06  0.1510240993017591D+06
  0.1505620995752055D+06  0.1500955805140238D+06  0.1496244123864931D+06
  0.1491484626405648D+06  0.1486675958725387D+06  0.1481816737975767D+06
  0.1476905552222405D+06  0.1471940960192583D+06  0.1466921491047308D+06
  0.1461845644180064D+06  0.1456711889044638D+06  0.1451518665014548D+06
  0.1446264381276749D+06  0.1440947416762476D+06  0.1435566120118178D+06
  0.1430118809719668D+06  0.1424603773732895D+06  0.1419019270224685D+06
  0.1413363527327247D+06  0.1407634743460219D+06  0.1401831087614312D+06
  0.1395950699700801D+06  0.1389991690971320D+06  0.1383952144512547D+06
  0.1377830115820727D+06  0.1371623633461033D+06  0.1365330699817106D+06
  0.1358949291936307D+06  0.1352477362476353D+06  0.1345912840759438D+06
  0.1339253633939939D+06  0.1332497628292180D+06  0.1325642690624977D+06
  0.1318686669829764D+06  0.1311627398569504D+06  0.1304462695115704D+06
  0.1297190365341052D+06  0.1289808204875525D+06  0.1282314001433834D+06
  0.1274705537322408D+06  0.1266980592134232D+06  0.1259136945639953D+06
  0.1251172380883900D+06  0.1243084687493720D+06  0.1234871665212350D+06
  0.1226531127661267D+06  0.1218060906343768D+06  0.1209458854897163D+06
  0.1200722853602658D+06  0.1191850814161506D+06  0.1182840684746007D+06
  0.1173690455333553D+06  0.1164398163331658D+06  0.1154961899501694D+06
  0.1145379814188343D+06  0.1135650123861534D+06  0.1125771117976824D+06
  0.1115741166159518D+06  0.1105558725717084D+06  0.1095222349483312D+06
  0.1084730693996773D+06  0.1074082528014821D+06  0.1063276741363100D+06
  0.1052312354118992D+06  0.1041188526125866D+06  0.1029904566833033D+06
  0.1018459945454521D+06  0.1006854301437379D+06  0.9950874552280376D+05
  0.9831594193225775D+05  0.9710704095839759D+05  0.9588208568064753D+05
  0.9464114185039261D+05  0.9338429908955390D+05  0.9211167210588785D+05
  0.9082340192159124D+05  0.8951965711139575D+05  0.8820063504589230D+05
  0.8686656313537183D+05  0.8551770006900179D+05  0.8415433704364502D+05
  0.8277679897613449D+05  0.8138544569227353D+05  0.7998067308529463D+05
  0.7856291423595932D+05  0.7713264048591748D+05  0.7569036245538523D+05
  0.7423663099563764D+05  0.7277203806626133D+05  0.7129721752656806D+05
  0.6981284583005180D+05  0.6831964261027492D+05  0.6681837114611162D+05
  0.6530983869386007D+05  0.6379489667337386D+05  0.6227444069506085D+05
  0.6074941041438167D+05  0.5922078920033461D+05  0.5768960360438121D+05
  0.5615692261633879D+05  0.5462385669396247D+05  0.5309155655328135D+05
  0.5156121170723583D+05  0.5003404874082597D+05  0.4851132931180693D+05
  0.4699434786700246D+05  0.4548442906553257D+05  0.4398292490170187D+05
  0.4249121152196507D+05  0.4101068573229488D+05  0.3954276119442005D+05
  0.3808886431179125D+05  0.3665042980876158D+05  0.3522889600934291D+05
  0.3382569982500124D+05  0.3244227146428279D+05  0.3108002888059488D+05
  0.2974037197818615D+05  0.2842467660024622D+05  0.2713428832705082D+05
  0.2587051611617019D+05  0.2463462582089423D+05  0.2342783362715834D+05
  0.2225129945331602D+05  0.2110612036104269D+05  0.1999332402939324D+05
  0.1891386234750719D+05  0.1786860518457273D+05  0.1685833439834989D+05
  0.1588373814572450D+05  0.1494540556033372D+05  0.1404382186318548D+05
  0.1317936397230513D+05  0.1235229667670261D+05  0.1156276943829182D+05
  0.1081081388274379D+05  0.1009634203656539D+05  0.9419145362924501D+04
  0.8778894642869031D+04  0.8175140741602766D+04  0.7607316291404973D+04
  0.7074738313649355D+04  0.6576611792256820D+04  0.6112034199896309D+04
  0.5680000966446206D+04  0.5279411866793635D+04  0.4909078292152890D+04
  0.4567731355930468D+04  0.4254030771975818D+04  0.3966574430082409D+04
  0.3703908581104840D+04  0.3464538531282027D+04  0.3246939769121419D+04
  0.3049569248034637D+04  0.2870877012777443D+04  0.2709317714621257D+04
  0.2563362042865819D+04  0.2431507899418486D+04  0.2312291177624690D+04
  0.2204296009405745D+04  0.2106164350063534D+04  0.2016604777815255D+04
  0.1934400395149454D+04  0.1858415731317623D+04  0.1787602559515834D+04
  0.1721004558343200D+04  0.1657760764680726D+04  0.1597107783907160D+04
  0.1538380743014844D+04  0.1481012992335228D+04  0.1424534581835369D+04
  0.1368569557894044D+04  0.1312832145695250D+04  0.1257121900481023D+04
  0.1201317927495913D+04  0.1145372285172381D+04  0.1089302698630953D+04
  0.1033184720630948D+04  0.9771434844950960D+03  0.9213451980947964D+03
  0.8659885296392607D+03  0.8112960347454720D+03  0.7575057701266920D+03
  0.7048632323370992D+03  0.6536137505176092D+03  0.6039954502218283D+03
  0.5562328914225122D+03  0.5105314680045260D+03  0.4670726387643119D+03
  0.4260100415043603D+03  0.3874665225963341D+03  0.3515320947631031D+03
  0.3182628161822430D+03  0.2876805647338098D+03  0.2597736627018578D+03
  0.2344982898955711D+03  0.2117806073869476D+03  0.1915194933731789D+03
  0.1735898225101770D+03  0.1578461086459934D+03  0.1441264612627557D+03
  0.1322567066884047D+03  0.1220545389637500D+03  0.1133336354961005D+03
  0.1059075777457792D+03  0.9959350971638662D+02  0.9421544557021663D+02
  0.8960715903993189D+02  0.8561460389069579D+02  0.8209783189815897D+02
  0.7893239227815666D+02  0.7601021311928629D+02  0.7323998181596032D+02
  0.7054705481306597D+02  0.6787294134215392D+02  0.6517441418063022D+02
  0.6242230977797801D+02  0.5960008470489174D+02  0.5670219759910022D+02
  0.5373238568562697D+02  0.5070190167465591D+02  0.4762777164086275D+02
  0.4453112723258320D+02  0.4143565690236642D+02  0.3836621128627844D+02
  0.3534758791975433D+02  0.3240351066859717D+02  0.2955581002376388D+02
  0.2682380212617536D+02  0.2422385732522725D+02  0.2176914340205697D+02
  0.1946952437605081D+02  0.1733159304013819D+02  0.1535881394111595D+02
  0.1355175328216181D+02  0.1190837298437513D+02  0.1042436779819845D+02
  0.9093522880060556D+01  0.7908088531218438D+01  0.6859141725728658D+01
  0.5936922203877550D+01  0.5131153689733627D+01  0.4431328701434523D+01
  0.3826957055833045D+01  0.3307776194190479D+01  0.2863923019041498D+01
  0.2486068478708032D+01  0.2165516808152009D+01  0.1894272806844999D+01
  0.1665080153700096D+01  0.1471435097439772D+01  0.1307579164071071D+01
  0.1168474957605567D+01  0.1049768874781474D+01  0.9477441693731953D+00
  0.8592675828521665D+00  0.7817322718865014D+00  0.7129993702792029D+00
  0.6513400901035501D+00  0.5953798559332725D+00  0.5440456001727557D+00
  0.4965169732897216D+00  0.4521820342983668D+00  0.4105974512933172D+00
  0.3714540514124993D+00  0.3345457032602699D+00  0.2997467912981022D+00
  0.2669791634668967D+00  0.2362253083796657D+00  0.2074340005698420D+00
  0.1806806976165405D+00
  0.0000000000000000D+00  0.3566605512653389D-14  0.3641647955946246D-14
  0.3718260712097254D-14  0.3796474086985740D-14  0.3876304072706651D-14
  0.3957995312624144D-14  0.4041437865092946D-14  0.4126895487280438D-14
  0.4214252401367091D-14  0.4303606614739466D-14  0.4394989021776833D-14
  0.4488440871587659D-14  0.4584008758384846D-14  0.4681738049185095D-14
  0.4781676067536491D-14  0.4883871684949083D-14  0.4988375157501669D-14
  0.5095238267465234D-14  0.5204514319931673D-14  0.5316258161159908D-14
  0.5430526206823936D-14  0.5547376466097938D-14  0.5666868568294140D-14
  0.5789063791021223D-14  0.5914025089397738D-14  0.6041817126500427D-14
  0.6172506304912424D-14  0.6306160799281007D-14  0.6442850589811387D-14
  0.6582647496609826D-14  0.6725625214790245D-14  0.6871859350256019D-14
  0.7021427456065753D-14  0.7174409069288792D-14  0.7330885748251118D-14
  0.7490941110069438D-14  0.7654660868364303D-14  0.7822132871039103D-14
  0.7993447138004561D-14  0.8168695898721783D-14  0.8347973629429856D-14
  0.8531377089915793D-14  0.8719005359675900D-14  0.8910959873309204D-14
  0.9107344454972927D-14  0.9308265351720198D-14  0.9513831265529213D-14
  0.9724153383820547D-14  0.9939345408248331D-14  0.1015952358153659D-13
  0.1038480671211879D-13  0.1061531619632471D-13  0.1085117603784232D-13
  0.1109251286416710D-13  0.1133945593973453D-13  0.1159213717541292D-13
  0.1185069113401651D-13  0.1211525503147813D-13  0.1238596873330157D-13
  0.1266297474589195D-13  0.1294641820234035D-13  0.1323644684221672D-13
  0.1353321098489968D-13  0.1383686349594808D-13  0.1414755974599262D-13
  0.1446545756159837D-13  0.1479071716752215D-13  0.1512350111975794D-13
  0.1546397422873411D-13  0.1581230347199534D-13  0.1616865789566853D-13
  0.1653320850397884D-13  0.1690612813604848D-13  0.1728759132917284D-13
  0.1767777416773408D-13  0.1807685411687345D-13  0.1848500984000409D-13
  0.1890242099920822D-13  0.1932926803752009D-13  0.1976573194205543D-13
  0.2021199398690630D-13  0.2066823545467663D-13  0.2113463733549080D-13
  0.2161138000226431D-13  0.2209864286098004D-13  0.2259660397467250D-13
  0.2310543965977580D-13  0.2362532405344833D-13  0.2415642865044772D-13
  0.2469892180808166D-13  0.2525296821772621D-13  0.2581872834136119D-13
  0.2639635781153470D-13  0.2698600679313995D-13  0.2758781930534958D-13
  0.2820193250203278D-13  0.2882847590895246D-13  0.2946757061602427D-13
  0.3011932842290801D-13  0.3078385093619468D-13  0.3146122861645507D-13
  0.3215153977342925D-13  0.3285484950765051D-13  0.3357120859683546D-13
  0.3430065232540900D-13  0.3504319925559131D-13  0.3579884993854618D-13
  0.3656758556417476D-13  0.3734936654824353D-13  0.3814413105566522D-13
  0.3895179345888881D-13  0.3977224273053435D-13  0.4060534076959588D-13
  0.4145092066076442D-13  0.4230878486667549D-13  0.4317870335316948D-13
  0.4406041164797954D-13  0.4495360883361835D-13  0.4585795547563631D-13
  0.4677307148786949D-13  0.4769853393678507D-13  0.4863387478757258D-13
  0.4957857859522581D-13  0.5053208014450408D-13  0.5149376204337468D-13
  0.5246295227530767D-13  0.5343892171662491D-13  0.5442088162601699D-13
  0.5540798111430656D-13  0.5639930460358910D-13  0.5739386928600564D-13
  0.5839062259359494D-13  0.5938843969196103D-13  0.6038612101184453D-13
  0.6138238983412553D-13  0.6237588994531317D-13  0.6336518338216328D-13
  0.6434874828575500D-13  0.6532497688709965D-13  0.6629217364817628D-13
  0.6724855358417888D-13  0.6819224079469647D-13  0.6912126723354274D-13
  0.7003357174897997D-13  0.7092699942813554D-13  0.7179930128147591D-13
  0.7264813430526080D-13  0.7347106196192605D-13  0.7426555512032998D-13
  0.7502899349969404D-13  0.7575866766287018D-13  0.7645178160621833D-13
  0.7710545599486355D-13  0.7771673209336097D-13  0.7828257644279748D-13
  0.7879988633605607D-13  0.7926549614328162D-13  0.7967618453950956D-13
  0.8002868268582310D-13  0.8031968341429347D-13  0.8054585146520025D-13
  0.8070383482260569D-13  0.8079027719114560D-13  0.8080183165285396D-13
  0.8073517553786183D-13  0.8058702653682869D-13  0.8035416007588322D-13
  0.8003342796660638D-13  0.7962177833408331D-13  0.7911627681523227D-13
  0.7851412900738764D-13  0.7781270413344563D-13  0.7700955987469003D-13
  0.7610246830570091D-13  0.7508944284744517D-13  0.7396876613480859D-13
  0.7273901867342212D-13  0.7139910813774363D-13  0.6994829913805710D-13
  0.6838624325843350D-13  0.6671300914095455D-13  0.6492911236379535D-13
  0.6303554483237167D-13  0.6103380337396511D-13  0.5892591719741161D-13
  0.5671447385100219D-13  0.5440264328418209D-13  0.5199419959249687D-13
  0.4949354000115867D-13  0.4690570062126831D-13  0.4423636849491486D-13
  0.4149188943187328D-13  0.3867927113234805D-13  0.3580618108806267D-13
  0.3288093875894867D-13  0.2991250153569939D-13  0.2691044402050110D-13
  0.2388493019025713D-13  0.2084667804944795D-13  0.1780691643419045D-13
  0.1477733369569586D-13  0.1177001807063582D-13  0.8797389638147880D-14
  0.5872123868337592D-14  0.3007066884877626D-14  0.2151426940866262D-15
 -0.2490747226196267D-14 -0.5097831433726949D-14 -0.7593582421368473D-14
 -0.9965836039300589D-14 -0.1220291539946067D-13 -0.1429375804859419D-13
 -0.1622804502347980D-13 -0.1799633023236077D-13 -0.1959016844398143D-13
 -0.2100224001385683D-13 -0.2222647034124504D-13 -0.2325814193503285D-13
 -0.2409399687827348D-13 -0.2473232742572887D-13 -0.2517305245292638D-13
 -0.2541777750525947D-13 -0.2546983627734742D-13 -0.2533431149115023D-13
 -0.2501803333990745D-13 -0.2452955392597617D-13 -0.2387909644443844D-13
 -0.2307847824928054D-13 -0.2214100738125850D-13 -0.2108135263033702D-13
 -0.1991538774275762D-13 -0.1866001095325699D-13 -0.1733294161473796D-13
 -0.1595249629716587D-13 -0.1453734731966047D-13 -0.1310626724869995D-13
 -0.1167786342447066D-13 -0.1027030704988836D-13 -0.8901061776121502D-14
 -0.7586617028638432D-14 -0.6342231524008582D-14 -0.5181692516510403D-14
 -0.4117096273472142D-14 -0.3158655099875534D-14 -0.2314535909396701D-14
 -0.1590734867114380D-14 -0.9909920084825170D-15 -0.5167489738000555D-15
 -0.1671520959143013D-15  0.6089794486618884D-16  0.1726498109376017D-15
  0.1753596575124553D-15  0.7810610349932806D-16 -0.1084343662795102D-15
 -0.3722467488998140D-15 -0.7002656858085692D-15 -0.1078685530137742D-14
 -0.1493284625082383D-14 -0.1929755546725490D-14 -0.2374032771562067D-14
 -0.2812609208455006D-14 -0.3232833285481659D-14 -0.3623178789178790D-14
 -0.3973480397497408D-14 -0.4275128806103135D-14 -0.4521220501056995D-14
 -0.4706658559335904D-14 -0.4828202337425374D-14 -0.4884465501946952D-14
 -0.4875863515055170D-14 -0.4804513346714800D-14 -0.4674089770484011D-14
 -0.4489644029616970D-14 -0.4257391859806800D-14 -0.3984478758786334D-14
 -0.3678730953291890D-14 -0.3348400704311344D-14 -0.3001914409365797D-14
 -0.2647631426479173D-14 -0.2293620700331057D-14 -0.1947461175806038D-14
 -0.1616070708610374D-14 -0.1305566803660127D-14 -0.1021161106407327D-14
 -0.7670882115693446D-15 -0.5465680993179831D-15 -0.3618004091775199D-15
 -0.2139878500833458D-15 -0.1033853394696676D-15 -0.2937096887844828D-16
  0.9465399794940537D-17  0.1522021238075712D-16 -0.9434771266147122D-17
 -0.6136847247614963D-16 -0.1371077081522308D-15 -0.2329522074277391D-15
 -0.3450844327622846D-15 -0.4696716614406787D-15 -0.6029582550101036D-15
 -0.7413465238010547D-15 -0.8814650701361853D-15 -0.1020223961776858D-14
 -0.1154856538309696D-14 -0.1282948079688796D-14 -0.1402451957772786D-14
 -0.1511694235180141D-14 -0.1609367958344826D-14 -0.1694518598366781D-14
 -0.1766522217169566D-14 -0.1825057973034706D-14 -0.1870076536962625D-14
 -0.1901765883415342D-14 -0.1920515766131262D-14 -0.1926882013921622D-14
 -0.1921551600460773D-14 -0.1905309269172714D-14 -0.1879006335143439D-14
 -0.1843532141275689D-14 -0.1799788513446159D-14 -0.1748667434756886D-14
 -0.1691032042503131D-14 -0.1627700929549111D-14 -0.1559435640241476D-14
 -0.1486931078179867D-14 -0.1410808679251137D-14 -0.1331611321552492D-14
 -0.1249801142641805D-14
  0.0000000000000000D+00  0.4237165259461760D-18  0.4421323263996280D-18
  0.4613481728298406D-18  0.4813983721730077D-18  0.5023147258047420D-18
  0.5241836660033086D-18  0.5470158516314089D-18  0.5709084603171892D-18
  0.5958730330455725D-18  0.6219730043916981D-18  0.6492574009337329D-18
  0.6777806743876985D-18  0.7076003771320771D-18  0.7387763333836409D-18
  0.7713714201878330D-18  0.8054515642267184D-18  0.8410859111667264D-18
  0.8783470022199264D-18  0.9173109435924649D-18  0.9580575937909102D-18
  0.1000670757342024D-17  0.1045238389650372D-17  0.1091852813120230D-17
  0.1140610944654713D-17  0.1191614535615574D-17  0.1244970424813918D-17
  0.1300790805264942D-17  0.1359193505515772D-17  0.1420302286356252D-17
  0.1484247153782061D-17  0.1551164689126934D-17  0.1621198397328042D-17
  0.1694499074342570D-17  0.1771225194788800D-17  0.1851543320943233D-17
  0.1935628534287075D-17  0.2023664890859816D-17  0.2115845901746066D-17
  0.2212375040093106D-17  0.2313466276131961D-17  0.2419344641753846D-17
  0.2530246826276766D-17  0.2646421805124070D-17  0.2768131503228295D-17
  0.2895651495069190D-17  0.3029271743355417D-17  0.3169297378464452D-17
  0.3316049520865336D-17  0.3469866148864200D-17  0.3631103014133075D-17
  0.3800134607608110D-17  0.3977355178475430D-17  0.4163179809099787D-17
  0.4358045548894712D-17  0.4562412610282331D-17  0.4776765630046323D-17
  0.5001614999544078D-17  0.5237498267412265D-17  0.5484981618575107D-17
  0.5744661433546992D-17  0.6017165932208987D-17  0.6303156906434941D-17
  0.6603331546144617D-17  0.6918424363570621D-17  0.7249209220741766D-17
  0.7596501465408190D-17  0.7961160180862201D-17  0.8344090555345197D-17
  0.8746246376971620D-17  0.9168632660349306D-17  0.9612308411328121D-17
  0.1007838953656608D-16  0.1056805190486632D-16  0.1108253456750177D-16
  0.1162314314501636D-16  0.1219125338826061D-16  0.1278831492169326D-16
  0.1341585517725269D-16  0.1407548352737244D-16  0.1476889562598402D-16
  0.1549787796661329D-16  0.1626431266693377D-16  0.1707018248938882D-16
  0.1791757610773199D-16  0.1880869362955774D-16  0.1974585238510259D-16
  0.2073149299278273D-16  0.2176818571209633D-16  0.2285863709465621D-16
  0.2400569694421795D-16  0.2521236559663719D-16  0.2648180153071035D-16
  0.2781732932082800D-16  0.2922244794228976D-16  0.3070083943998485D-16
  0.3225637797093022D-16  0.3389313923086699D-16  0.3561541027473466D-16
  0.3742769974036815D-16  0.3933474848417633D-16  0.4134154063685448D-16
  0.4345331508634976D-16  0.4567557739430872D-16  0.4801411215109793D-16
  0.5047499577316505D-16  0.5306460974499344D-16  0.5578965430618314D-16
  0.5865716258223277D-16  0.6167451515539372D-16  0.6484945506949508D-16
  0.6819010325985928D-16  0.7170497439634711D-16  0.7540299312413121D-16
  0.7929351068298852D-16  0.8338632188170863D-16  0.8769168239956459D-16
  0.9222032638171445D-16  0.9698348428980530D-16  0.1019929009629527D-15
  0.1072608538375911D-15  0.1128001712674442D-15  0.1186242508769636D-15
  0.1247470778730535D-15  0.1311832432306275D-15  0.1379479616575884D-15
  0.1450570892340531D-15  0.1525271406091010D-15  0.1603753056259425D-15
  0.1686194652331489D-15  0.1772782065254479D-15  0.1863708367425425D-15
  0.1959173960384107D-15  0.2059386688166240D-15  0.2164561934093276D-15
  0.2274922698586821D-15  0.2390699655397935D-15  0.2512131183434284D-15
  0.2639463371152200D-15  0.2772949990256203D-15  0.2912852435215895D-15
  0.3059439624870939D-15  0.3212987862148875D-15  0.3373780647670084D-15
  0.3542108442759971D-15  0.3718268377132740D-15  0.3902563896255067D-15
  0.4095304343145066D-15  0.4296804469113717D-15  0.4507383867716324D-15
  0.4727366325953357D-15  0.4957079086547994D-15  0.5196852014934815D-15
  0.5447016664427509D-15  0.5707905232895800D-15  0.5979849404181967D-15
  0.6263179067429250D-15  0.6558220907487614D-15  0.6865296859612977D-15
  0.7184722421793047D-15  0.7516804818226175D-15  0.7861841007757072D-15
  0.8220115531447610D-15  0.8591898193940346D-15  0.8977441573870908D-15
  0.9376978359312428D-15  0.9790718505105539D-15  0.1021884620995080D-14
  0.1066151671233224D-14  0.1111885290571064D-14  0.1159094177498950D-14
  0.1207783065802198D-14  0.1257952333791100D-14  0.1309597597406069D-14
  0.1362709288238079D-14  0.1417272217772728D-14  0.1473265129459222D-14
  0.1530660240523232D-14  0.1589422775784845D-14  0.1649510496109278D-14
  0.1710873224507578D-14  0.1773452373315492D-14  0.1837180476309267D-14
  0.1901980730064238D-14  0.1967766549322017D-14  0.2034441141600733D-14
  0.2101897106754469D-14  0.2170016067656557D-14  0.2238668338639372D-14
  0.2307712638761921D-14  0.2376995857386980D-14  0.2446352879920264D-14
  0.2515606481884253D-14  0.2584567299755815D-14  0.2653033887176616D-14
  0.2720792865234558D-14  0.2787619175499206D-14  0.2853276444360163D-14
  0.2917517466951798D-14  0.2980084818537588D-14  0.3040711600662341D-14
  0.3099122328651185D-14  0.3155033966134428D-14  0.3208157111201855D-14
  0.3258197337538475D-14  0.3304856692464202D-14  0.3347835352195854D-14
  0.3386833432871231D-14  0.3421552953924062D-14  0.3451699948273170D-14
  0.3476986711485731D-14  0.3497134179596859D-14  0.3511874422582664D-14
  0.3520953237644743D-14  0.3524132823405864D-14  0.3521194512934251D-14
  0.3511941540190790D-14  0.3496201811128588D-14  0.3473830647341934D-14
  0.3444713466979298D-14  0.3408768364731354D-14  0.3365948550223193D-14
  0.3316244602221660D-14  0.3259686494851066D-14  0.3196345351614127D-14
  0.3126334883538535D-14  0.3049812469285369D-14  0.2966979837606664D-14
  0.2878083316136832D-14  0.2783413615126410D-14  0.2683305120324875D-14
  0.2578134675711235D-14  0.2468319844046934D-14  0.2354316641152339D-14
  0.2236616748231089D-14  0.2115744215316437D-14  0.1992251677811315D-14
  0.1866716116956422D-14  0.1739734203708994D-14  0.1611917273778624D-14
  0.1483885989290143D-14  0.1356264749589686D-14  0.1229675919961784D-14
  0.1104733952386190D-14  0.9820394768540351D-15  0.8621734451177499D-15
  0.7456914110071912D-15  0.6331180325408441D-15  0.5249418809186340D-15
  0.4216106400005253D-15  0.3235267769219610D-15  0.2310437599083352D-15
  0.1444628929322670D-15  0.6403082840287807D-16 -0.1006219160123372D-16
 -0.7768332805717787D-16 -0.1387573494942288D-15 -0.1932660434064634D-15
 -0.2412468484874621D-15 -0.2827907408164488D-15 -0.3180394255695341D-15
 -0.3471819020439638D-15 -0.3704504826468172D-15 -0.3881163550961058D-15
 -0.4004847815261224D-15 -0.4078900289998866D-15 -0.4106901243399615D-15
 -0.4092615234000332D-15 -0.4039937818692128D-15 -0.3952843118487021D-15
 -0.3835333056248691D-15 -0.3691389047527095D-15 -0.3524926880530482D-15
 -0.3339755458049279D-15 -0.3139539988694607D-15 -0.2927770106430074D-15
 -0.2707733268179090D-15 -0.2482493634214964D-15 -0.2254876481867180D-15
 -0.2027458047632193D-15 -0.1802560544172794D-15 -0.1582251964494483D-15
 -0.1368350172287830D-15 -0.1162430689948877D-15 -0.9658375372490420D-16
 -0.7796964452312088D-16 -0.6049297710278079D-16 -0.4422724676589388D-16
 -0.2922885148560393D-16 -0.1553872879573935D-16 -0.3183942670149830D-17
  0.7820814119371928D-17  0.1747182708713009D-16  0.2577509211560678D-16
  0.3274517940944319D-16  0.3840422859928632D-16  0.4278106798698904D-16
  0.4591044631465052D-16  0.4783236252040053D-16  0.4859147765777967D-16
  0.4823659372805160D-16  0.4682018591830070D-16  0.4439797786047560D-16
  0.4102855323892135D-16  0.3677300107100495D-16  0.3169459570240584D-16
  0.2585851549568528D-16  0.1933160605696829D-16  0.1218219445052448D-16
  0.4479960412038050D-17 -0.3704130597524358D-17 -0.1229782898193789D-16
 -0.2122753475842442D-16 -0.3041816141545718D-16 -0.3979292770487074D-16
 -0.4927307487292402D-16 -0.5877750694700636D-16 -0.6822235301919657D-16
 -0.7752045381682074D-16 -0.8658078101524399D-16 -0.9530780741637771D-16
 -0.1036008601277093D-15 -0.1113535072958632D-15 -0.1184530545402936D-15
 -0.1247802535786798D-15 -0.1302093820677050D-15 -0.1346088348470533D-15
 -0.1378426304019630D-15
  0.0000000000000000D+00 -0.2835372876209623D-22 -0.3045588954410811D-22
 -0.3271379626146073D-22 -0.3513891419432989D-22 -0.3774305732107203D-22
 -0.4054817034014039D-22 -0.4356281891331609D-22 -0.4681331055840734D-22
 -0.5031022454567728D-22 -0.5407519279086150D-22 -0.5812836814116901D-22
 -0.6249160668613361D-22 -0.6718893447210810D-22 -0.7224604618125753D-22
 -0.7769069036536209D-22 -0.8355283198560643D-22 -0.8986478952099196D-22
 -0.9666144268208745D-22 -0.1039804365341346D-21 -0.1118624018427510D-21
 -0.1203511973664832D-21 -0.1294941705575818D-21 -0.1393424399595537D-21
 -0.1499512012587313D-21 -0.1613800586297052D-21 -0.1736933836572417D-21
 -0.1869607041657174D-21 -0.2012571254686970D-21 -0.2166637868030100D-21
 -0.2332683559374779D-21 -0.2511655652045446D-21 -0.2704577924862847D-21
 -0.2912556909906683D-21 -0.3136788719860388D-21 -0.3378566450228065D-21
 -0.3639288205636937D-21 -0.3920465803703513D-21 -0.4223734214579091D-21
 -0.4550861799330321D-21 -0.4903761415789719D-21 -0.5284502466467194D-21
 -0.5695323969587403D-21 -0.6138648741354435D-21 -0.6617098785193778D-21
 -0.7133511992033247D-21 -0.7690960264718542D-21 -0.8292769189475565D-21
 -0.8942539387998690D-21 -0.9644169695335207D-21 -0.1040188232132840D-20
 -0.1122025016706205D-20 -0.1210422648261060D-20 -0.1305917706853996D-20
 -0.1409091524113451D-20 -0.1520573980036330D-20 -0.1641047626026834D-20
 -0.1771252162390088D-20 -0.1911989300929082D-20 -0.2064128045937789D-20
 -0.2228610429752543D-20 -0.2406457742137525D-20 -0.2598777296157783D-20
 -0.2806769776857249D-20 -0.3031737223032504D-20 -0.3275091696701552D-20
 -0.3538364699537372D-20 -0.3823217400598300D-20 -0.4131451745172697D-20
 -0.4465022520498227D-20 -0.4826050460552763D-20 -0.5216836479083624D-20
 -0.5639877127587044D-20 -0.6097881383115930D-20 -0.6593788879628086D-20
 -0.7130789706143733D-20 -0.7712345905313452D-20 -0.8342214817166070D-20
 -0.9024474424874793D-20 -0.9763550872414969D-20 -0.1056424833806205D-19
 -0.1143178146287060D-19 -0.1237181054966358D-19 -0.1339047976573798D-19
 -0.1449445860154365D-19 -0.1569098685811966D-19 -0.1698792345817824D-19
 -0.1839379939951746D-19 -0.1991787519503780D-19 -0.2157020317115468D-19
 -0.2336169502596203D-19 -0.2530419508025023D-19 -0.2741055968854677D-19
 -0.2969474331387690D-19 -0.3217189180908684D-19 -0.3485844348947740D-19
 -0.3777223862633690D-19 -0.4093263803888457D-19 -0.4436065151331649D-19
 -0.4807907683225198D-19 -0.5211265025607522D-19 -0.5648820935962253D-19
 -0.6123486919356376D-19 -0.6638421280979612D-19 -0.7197049726441042D-19
 -0.7803087629041197D-19 -0.8460564091554391D-19 -0.9173847938837792D-19
 -0.9947675786841004D-19 -0.1078718234332960D-18 -0.1169793310586580D-18
 -0.1268595963330371D-18 -0.1375779757826147D-18 -0.1492052767971027D-18
 -0.1618181992696260D-18 -0.1754998111892695D-18 -0.1903400605548921D-18
 -0.2064363261125308D-18 -0.2238940095556250D-18 -0.2428271719668533D-18
 -0.2633592174218074D-18 -0.2856236268171063D-18 -0.3097647451277940D-18
 -0.3359386254397327D-18 -0.3643139332405504D-18 -0.3950729145859556D-18
 -0.4284124318846427D-18 -0.4645450711623918D-18 -0.5037003247715266D-18
 -0.5461258536025762D-18 -0.5920888329272716D-18 -0.6418773860520604D-18
 -0.6958021099844328D-18 -0.7541976973058606D-18 -0.8174246583991216D-18
 -0.8858711480882499D-18 -0.9599549006092669D-18 -0.1040125276631474D-17
 -0.1126865425784242D-17 -0.1220694567803278D-17 -0.1322170394983356D-17
 -0.1431891598100321D-17 -0.1550500517331654D-17 -0.1678685918948985D-17
 -0.1817185897663577D-17 -0.1966790903461865D-17 -0.2128346890556277D-17
 -0.2302758584679619D-17 -0.2490992863351107D-17 -0.2694082241919461D-17
 -0.2913128456122918D-17 -0.3149306129577510D-17 -0.3403866511990955D-17
 -0.3678141270979536D-17 -0.3973546317115619D-17 -0.4291585638233899D-17
 -0.4633855115052091D-17 -0.5002046285796606D-17 -0.5397950022747119D-17
 -0.5823460078407157D-17 -0.6280576453358380D-17 -0.6771408531750912D-17
 -0.7298177923816472D-17 -0.7863220947761388D-17 -0.8468990675910763D-17
 -0.9118058462043717D-17 -0.9813114858507150D-17 -0.1055696982295430D-16
 -0.1135255210546939D-16 -0.1220290769747314D-16 -0.1311119721423112D-16
 -0.1408069207310283D-16 -0.1511476931999147D-16 -0.1621690494691910D-16
 -0.1739066553442711D-16 -0.1863969804377541D-16 -0.1996771757591117D-16
 -0.2137849290715061D-16 -0.2287582960575342D-16 -0.2446355052939503D-16
 -0.2614547350131025D-16 -0.2792538596299695D-16 -0.2980701640425810D-16
 -0.3179400237749830D-16 -0.3388985491307257D-16 -0.3609791916665175D-16
 -0.3842133114856783D-16 -0.4086297040951547D-16 -0.4342540858739142D-16
 -0.4611085375703678D-16 -0.4892109056877371D-16 -0.5185741621343696D-16
 -0.5492057231158427D-16 -0.5811067289314696D-16 -0.6142712871130103D-16
 -0.6486856822102108D-16 -0.6843275564871999D-16 -0.7211650668452330D-16
 -0.7591560244283272D-16 -0.7982470245946105D-16 -0.8383725762411004D-16
 -0.8794542408439348D-16 -0.9213997930083317D-16 -0.9641024157976707D-16
 -0.1007439945611754D-15 -0.1051274182888361D-15 -0.1095450286384523D-15
 -0.1139796270223181D-15 -0.1184122624231178D-15 -0.1228222079301717D-15
 -0.1271869540537569D-15 -0.1314822211713700D-15 -0.1356819935061979D-15
 -0.1397585770469876D-15 -0.1436826837793052D-15 -0.1474235445052409D-15
 -0.1509490523717238D-15 -0.1542259390006857D-15 -0.1572199848106449D-15
 -0.1598962647345331D-15 -0.1622194300702441D-15 -0.1641540266482353D-15
 -0.1656648488667274D-15 -0.1667173284342253D-15 -0.1672779558782208D-15
 -0.1673147320374792D-15 -0.1667976458648621D-15 -0.1656991739422438D-15
 -0.1639947961647676D-15 -0.1616635211066609D-15 -0.1586884136551066D-15
 -0.1550571166140410D-15 -0.1507623571594240D-15 -0.1458024282960402D-15
 -0.1401816348486363D-15 -0.1339106930433994D-15 -0.1270070724260195D-15
 -0.1194952687466803D-15 -0.1114069965469495D-15 -0.1027812905349424D-15
 -0.9366450545857053D-16 -0.8411020510585856D-16 -0.7417893229731991D-16
 -0.6393785330554021D-16 -0.5346027205311537D-16 -0.4282501170580892D-16
 -0.3211566388651104D-16 -0.2141970866672763D-16 -0.1082751170788580D-16
 -0.4312083655941083D-18  0.9676511847386906D-17  0.1940370342951224D-16
  0.2866052517147997D-16  0.3736063878892606D-16  0.4542261934701434D-16
  0.5277134874221803D-16  0.5933936211438514D-16  0.6506811658323858D-16
  0.6990915217370469D-16  0.7382511620786141D-16  0.7679062466952818D-16
  0.7879293692840684D-16  0.7983242360254962D-16  0.7992281108748673D-16
  0.7909119042211971D-16  0.7737778273404987D-16  0.7483545865849682D-16
  0.7152901493271387D-16  0.6753421781089468D-16  0.6293662984507147D-16
  0.5783024360622589D-16  0.5231595264360771D-16  0.4649989592298844D-16
  0.4049171670140863D-16  0.3440277991872890D-16  0.2834439347203573D-16
  0.2242607807920654D-16  0.1675392787033396D-16  0.1142909954070273D-16
  0.6546462141618672D-17  0.2193432748149082D-17 -0.1550984247943504D-17
 -0.4616944170441456D-17 -0.6944292843032070D-17 -0.8482885424041015D-17
 -0.9192703544731088D-17 -0.9043785821688214D-17 -0.8015990371383118D-17
 -0.6098610230428338D-17 -0.3289863648581651D-17  0.4037187776457691D-18
  0.4967989015265947D-17  0.1038193889055279D-16  0.1661850190919045D-16
  0.2364538361922624D-16  0.3142590627970910D-16  0.3991985496820924D-16
  0.4908431322255648D-16  0.5887447678701658D-16  0.6924443393510633D-16
  0.8014790060794880D-16  0.9153889797280845D-16  0.1033723596938373D-15
  0.1156046561629552D-15  0.1281940235353528D-15  0.1411008867644927D-15
  0.1542880677831736D-15  0.1677208723480798D-15  0.1813670511034796D-15
  0.1951966316680118D-15  0.2091816180744876D-15  0.2232955514160007D-15
  0.2375129208695125D-15  0.2518084076752997D-15  0.2661559368345067D-15
  0.2805275029167843D-15  0.2948917281926344D-15  0.3092121037354847D-15
  0.3234448573143748D-15  0.3375363856829623D-15  0.3514201825935812D-15
  0.3650131873115381D-15  0.3782114679262340D-15  0.3908851449799668D-15
  0.4028724256504732D-15  0.4139726490108900D-15  0.4239379820402574D-15
  0.4324640021449690D-15
  0.0000000000000000D+00  0.6394305759620777D-24  0.6908542528292576D-24
  0.7463976417455118D-24  0.8063875084188100D-24  0.8711646039515482D-24
  0.9414097341682551D-24  0.1017308473699861D-23  0.1099694776370277D-23
  0.1188819980900072D-23  0.1285329125582740D-23  0.1389822263261507D-23
  0.1502932719123090D-23  0.1625377948772765D-23  0.1757924023277448D-23
  0.1901401301032407D-23  0.2056712923700829D-23  0.2224836766211022D-23
  0.2406833157795939D-23  0.2603851940613220D-23  0.2817139619583507D-23
  0.3048047685802783D-23  0.3298041483417057D-23  0.3568709813171072D-23
  0.3861775417730576D-23  0.4179106350731261D-23  0.4522728326421495D-23
  0.4894838139858315D-23  0.5297818243047823D-23  0.5734252579694979D-23
  0.6206943787849838D-23  0.6718931888424677D-23  0.7273514588847728D-23
  0.7874269342108299D-23  0.8525077313652633D-23  0.9230149421989645D-23
  0.9994054633298495D-23  0.1082175070604311D-22  0.1171861759868248D-22
  0.1269049377210741D-22  0.1374371563858045D-22  0.1488516043083615D-22
  0.1612229278875727D-22  0.1746321538684112D-22  0.1891672395367878D-22
  0.2049236706507165D-22  0.2220051112540717D-22  0.2405241098772275D-22
  0.2606028670173399D-22  0.2823740692124828D-22  0.3059817954808747D-22
  0.3315825023920401D-22  0.3593460945740548D-22  0.3894570880433271D-22
  0.4221158743744312D-22  0.4575400944111188D-22  0.4959661309600273D-22
  0.5376507307103328D-22  0.5828727664903460D-22  0.6319351519111878D-22
  0.6851669214635636D-22  0.7429254902323228D-22  0.8055991085812834D-22
  0.8736095284443873D-22  0.9474148992459436D-22  0.1027512912970244D-21
  0.1114444219517179D-21  0.1208796135224634D-21  0.1311206669319399D-21
  0.1422368895085935D-21  0.1543035694727131D-21  0.1674024909243752D-21
  0.1816224927191427D-21  0.1970600748897925D-21  0.2138200565651416D-21
  0.2320162896516299D-21  0.2517724328810661D-21  0.2732227911902486D-21
  0.2965132257866764D-21  0.3218021406706228D-21  0.3492615518292205D-21
  0.3790782457944709D-21  0.4114550347658526D-21  0.4466121160412342D-21
  0.4847885440787612D-21  0.5262438241288331D-21  0.5712596370311286D-21
  0.6201417054681330D-21  0.6732218127055406D-21  0.7308599856325885D-21
  0.7934468547429151D-21  0.8614062045702679D-21  0.9351977290139313D-21
  0.1015320006956591D-20  0.1102313714593028D-20  0.1196765091950635D-20
  0.1299309682192237D-20  0.1410636363445986D-20  0.1531491694104501D-20
  0.1662684593772780D-20  0.1805091383317705D-20  0.1959661208776103D-20
  0.2127421875207001D-20  0.2309486117918443D-20  0.2507058339851073D-20
  0.2721441845246941D-20  0.2954046601059316D-20  0.3206397558851009D-20
  0.3480143571164586D-20  0.3777066937505944D-20  0.4099093616136002D-20
  0.4448304138782276D-20  0.4826945266129067D-20  0.5237442422478967D-20
  0.5682412948254581D-20  0.6164680208973915D-20  0.6687288598924894D-20
  0.7253519476916963D-20  0.7866908070122216D-20  0.8531261380048340D-20
  0.9250677122014335D-20  0.1002956372601604D-19  0.1087266142245159D-19
  0.1178506443069109D-19  0.1277224426176619D-19  0.1384007413835994D-19
  0.1499485452560787D-19  0.1624333975477223D-19  0.1759276570840256D-19
  0.1905087851989505D-19  0.2062596422214684D-19  0.2232687925897371D-19
  0.2416308174879949D-19  0.2614466336249499D-19  0.2828238164576337D-19
  0.3058769258074195D-19  0.3307278314109144D-19  0.3575060354930774D-19
  0.3863489889384941D-19  0.4174023970639957D-19  0.4508205103565228D-19
  0.4867663948286914D-19  0.5254121758551297D-19  0.5669392484795226D-19
  0.6115384462193696D-19  0.6594101593368095D-19  0.7107643923836335D-19
  0.7658207495611002D-19  0.8248083350550163D-19  0.8879655540090811D-19
  0.9555397981804046D-19  0.1027786998577344D-18  0.1104971025509251D-18
  0.1187362914479989D-18  0.1275239894233283D-18  0.1368884191011800D-18
  0.1468581580729551D-18  0.1574619658287860D-18  0.1687285790702435D-18
  0.1806864718069799D-18  0.1933635763708625D-18  0.2067869612093393D-18
  0.2209824610489306D-18  0.2359742547541079D-18  0.2517843859514897D-18
  0.2684322212503220D-18  0.2859338406746857D-18  0.3043013547390550D-18
  0.3235421424562903D-18  0.3436580044767129D-18  0.3646442255311665D-18
  0.3864885404037240D-18  0.4091699978068872D-18  0.4326577167910901D-18
  0.4569095307105115D-18  0.4818705143097295D-18  0.5074713902138772D-18
  0.5336268120234459D-18  0.5602335223605662D-18  0.5871683856147721D-18
  0.6142862968224576D-18  0.6414179701164320D-18  0.6683676125313522D-18
  0.6949104916790382D-18  0.7207904089457113D-18  0.7457170934405533D-18
  0.7693635359694572D-18  0.7913632868429756D-18  0.8113077463729760D-18
  0.8287434824813693D-18  0.8431696159419015D-18  0.8540353203981598D-18
  0.8607374914315034D-18  0.8626186465619325D-18  0.8589651261066587D-18
  0.8490056732309796D-18  0.8319104802176097D-18  0.8067907968446033D-18
  0.7726992056619191D-18  0.7286306777272821D-18  0.6735245308062313D-18
  0.6062674199275348D-18  0.5256974972452535D-18  0.4306098840849108D-18
  0.3197636024947835D-18  0.1918901161922264D-18  0.4570363105397620D-19
 -0.1200866972299034D-18 -0.3067625065545947D-18 -0.5155797907627751D-18
 -0.7477501630118986D-18 -0.1004419721340883D-17 -0.1286645442378241D-17
 -0.1595369060020031D-17 -0.1931388423398331D-17 -0.2295326372944997D-17
 -0.2687597225072938D-17 -0.3108371015045550D-17 -0.3557535713891895D-17
 -0.4034657708458884D-17 -0.4538940913358557D-17 -0.5069184968926017D-17
 -0.5623743069361065D-17 -0.6200480058744907D-17 -0.6796731528096247D-17
 -0.7409264742285454D-17 -0.8034242319408144D-17 -0.8667189674801815D-17
 -0.9302967324662276D-17 -0.9935749217306111D-17 -0.1055900832039471D-16
 -0.1116551073651779D-16 -0.1174731964384679D-16 -0.1229581035936439D-16
 -0.1280169779557620D-16 -0.1325507752369050D-16 -0.1364548156311328D-16
 -0.1396194988500557D-16 -0.1419311844314923D-16 -0.1432732432553632D-16
 -0.1435272835276179D-16 -0.1425745513334952D-16 -0.1402975022190340D-16
 -0.1365815361560713D-16 -0.1313168837255358D-16 -0.1244006264884614D-16
 -0.1157388294068769D-16 -0.1052487579646518D-16 -0.9286114749317515D-17
 -0.7852248733202433D-17 -0.6219727807881581D-17 -0.4387021654492739D-17
 -0.2354826036614654D-17 -0.1262522716467019D-18  0.2293005262823046D-17
  0.4894528449215211D-17  0.7667066197192238D-17  0.1059646092716432D-16
  0.1366561459969032D-16  0.1685449761269671D-16  0.2014020331941364D-16
  0.2349705027190535D-16  0.2689673353601577D-16  0.3030852549261550D-16
  0.3369952540135047D-16  0.3703495563305377D-16  0.4027850091321671D-16
  0.4339268524517956D-16  0.4633927952536471D-16  0.4907973137049492D-16
  0.5157560748827487D-16  0.5378903815299239D-16  0.5568315306979087D-16
  0.5722249815915409D-16  0.5837342355312427D-16  0.5910443431952355D-16
  0.5938649703707996D-16  0.5919329722727775D-16  0.5850144468561052D-16
  0.5729062581536327D-16  0.5554370402357075D-16  0.5324677097392553D-16
  0.5038915290699250D-16  0.4696337726134332D-16  0.4296510541736610D-16
  0.3839303752832663D-16  0.3324879512301868D-16  0.2753678651387862D-16
  0.2126405910324044D-16  0.1444014154916079D-16  0.7076877546513905D-17
 -0.8117481780556163D-18 -0.9209792044108065D-17 -0.1809954305355281D-16
 -0.2746172488224269D-16 -0.3727570989053897D-16 -0.4751974563058060D-16
 -0.5817119328612672D-16 -0.6920677590727298D-16 -0.8060283223966543D-16
 -0.9233556994902850D-16 -0.1043813097645135D-15 -0.1167167103282651D-15
 -0.1293189622130878D-15 -0.1421659390383277D-15 -0.1552362939660181D-15
 -0.1685094909172322D-15 -0.1819657614443060D-15 -0.1955859795657140D-15
 -0.2093514476212780D-15 -0.2232435854297170D-15 -0.2372435125395010D-15
 -0.2513315090211000D-15 -0.2654863344292866D-15 -0.2796843780367403D-15
 -0.2938986069463517D-15 -0.3080972730764008D-15 -0.3222423358247306D-15
 -0.3362875547922273D-15 -0.3501762064509846D-15 -0.3638383798601247D-15
 -0.3771878099689709D-15 -0.3901182100268604D-15 -0.4024990746835254D-15
 -0.4141709159928274D-15 -0.4249399649423236D-15 -0.4345721603569910D-15
 -0.4427869475990914D-15
  0.0000000000000000D+00  0.2129495489518393D-27  0.2349631901479189D-27
  0.2592505215511042D-27  0.2860454496549422D-27  0.3156001231914036D-27
  0.3482969896376113D-27  0.3843957835240866D-27  0.4243759571205574D-27
  0.4685656641567945D-27  0.5174473911652146D-27  0.5715148798523423D-27
  0.6313200189360768D-27  0.6974774771602339D-27  0.7706658637973981D-27
  0.8516378743500272D-27  0.9412275597564037D-27  0.1040359316471365D-26
  0.1150057927057659D-26  0.1271459510002320D-26  0.1405823839040081D-26
  0.1554547975962867D-26  0.1719181433099776D-26  0.1901443049153964D-26
  0.2103239748105221D-26  0.2326687410040228D-26  0.2574134092740056D-26
  0.2848185870573565D-26  0.3151735592334577D-26  0.3487994892188803D-26
  0.3860529827208602D-26  0.4273300558831933D-26  0.4730705543951717D-26
  0.5237630755826218D-26  0.5799504515860629D-26  0.6422358585318861D-26
  0.7112896242142821D-26  0.7878568153190093D-26  0.8727656947443530D-26
  0.9669371502314116D-26  0.1071395207440610D-25  0.1187278753956119D-25
  0.1315854615635389D-25  0.1458532143438344D-25  0.1616879487583964D-25
  0.1792641756831177D-25  0.1987761284135312D-25  0.2204400246191893D-25
  0.2444965913784673D-25  0.2712138842783906D-25  0.3008904352516029D-25
  0.3338587679526341D-25  0.3704893241013082D-25  0.4111948494021942D-25
  0.4564352934526083D-25  0.5067232845527769D-25  0.5626302476144298D-25
  0.6247932415229204D-25  0.6939226014480190D-25  0.7708104818391292D-25
  0.8563404073132663D-25  0.9514979514988051D-25  0.1057382678299834D-24
  0.1175221496182795D-24  0.1306383594167106D-24  0.1452397148459282D-24
  0.1614968011367679D-24  0.1796000619566287D-24  0.1997621387269918D-24
  0.2222204881807888D-24  0.2472403114851320D-24  0.2751178322622646D-24
  0.3061839653310479D-24  0.3408084230209295D-24  0.3794043115445467D-24
  0.4224332762268363D-24  0.4704112614581677D-24  0.5239149591579606D-24
  0.5835890284042737D-24  0.6501541788177402D-24  0.7244162214117812D-24
  0.8072762030766114D-24  0.8997417548111592D-24  0.1002939799431170D-23
  0.1118130781961692D-23  0.1246724605488121D-23  0.1390298477139863D-23
  0.1550616893388267D-23  0.1729654021265083D-23  0.1929618762790808D-23
  0.2152982824227584D-23  0.2402512150165403D-23  0.2681302125389448D-23
  0.2992816995489746D-23  0.3340934010856180D-23  0.3729992858705402D-23
  0.4164851014851704D-23  0.4650945721870325D-23  0.5194363384022170D-23
  0.5801917262822391D-23  0.6481234461563409D-23  0.7240853303694520D-23
  0.8090332340106298D-23  0.9040372365595653D-23  0.1010295298682519D-22
  0.1129148546481186D-22  0.1262098375650276D-22  0.1410825590464310D-22
  0.1577211817548768D-22  0.1763363462281432D-22  0.1971638506732109D-22
  0.2204676482631078D-22  0.2465431991345585D-22  0.2757212185663931D-22
  0.3083718675807861D-22  0.3449094375034713D-22  0.3857975859017827D-22
  0.4315551878540202D-22  0.4827628737583092D-22  0.5400703329404862D-22
  0.6042044712509790D-22  0.6759785207416493D-22  0.7563022104845558D-22
  0.8461931197452936D-22  0.9467893481719497D-22  0.1059363652538545D-21
  0.1185339216028622D-21  0.1326307234216664D-21  0.1484046521967865D-21
  0.1660545367612978D-21  0.1858025885160947D-21  0.2078971142199500D-21
  0.2326155370732714D-21  0.2602677600760539D-21  0.2911999092182918D-21
  0.3257984979894490D-21  0.3644950590026326D-21  0.4077712932511932D-21
  0.4561647926846882D-21  0.5102753974438062D-21  0.5707722552677435D-21
  0.6384016573230494D-21  0.7139957320413323D-21  0.7984820865380753D-21
  0.8928944938603841D-21  0.9983847337239989D-21  0.1116235704594808D-20
  0.1247875935994654D-20  0.1394895641811276D-20  0.1559064468212320D-20
  0.1742351103547321D-20  0.1946944932408355D-20  0.2175279931846625D-20
  0.2430061024637846D-20  0.2714293122477432D-20  0.3031313111080765D-20
  0.3384825049367483D-20  0.3778938876209403D-20  0.4218212940592643D-20
  0.4707700694439044D-20  0.5253001911676688D-20  0.5860318822349717D-20
  0.6536517576482626D-20  0.7289195478897070D-20  0.8126754463014366D-20
  0.9058481298608596D-20  0.1009463505519171D-19  0.1124654236885343D-19
  0.1252670108549318D-19  0.1394889287697356D-19  0.1552830544819045D-19
  0.1728166497171201D-19  0.1922737940170399D-19  0.2138569332944014D-19
  0.2377885504779402D-19  0.2643129649058614D-19  0.2936982670326851D-19
  0.3262383948277759D-19  0.3622553579494147D-19  0.4021016153592037D-19
  0.4461626114797979D-19  0.4948594752748437D-19  0.5486518857227764D-19
  0.6080411060435511D-19  0.6735731876963781D-19  0.7458423435724768D-19
  0.8254944879356074D-19  0.9132309384882671D-19  0.1009812273438537D-18
  0.1116062333585857D-18  0.1232872356209490D-18  0.1361205223908314D-18
  0.1502099807483788D-18  0.1656675377461618D-18  0.1826136053897344D-18
  0.2011775258697093D-18  0.2214980128802365D-18  0.2437235842240756D-18
  0.2680129802243825D-18  0.2945355617399954D-18  0.3234716808181031D-18
  0.3550130162202049D-18  0.3893628652316836D-18  0.4267363823203846D-18
  0.4673607543576609D-18  0.5114753012702696D-18  0.5593314901721858D-18
  0.6111928502523083D-18  0.6673347749936308D-18  0.7280441976995902D-18
  0.7936191258358081D-18  0.8643680193954083D-18  0.9406089983919429D-18
  0.1022668864718744D-17  0.1110881924002652D-17  0.1205588593764266D-17
  0.1307133785183165D-17  0.1415865047076458D-17  0.1532130462337644D-17
  0.1656276289053759D-17  0.1788644340820610D-17  0.1929569103404735D-17
  0.2079374587850125D-17  0.2238370923387383D-17  0.2406850697065627D-17
  0.2585085050877860D-17  0.2773319551277796D-17  0.2971769850372670D-17
  0.3180617162706989D-17  0.3400003586405795D-17  0.3630027302500744D-17
  0.3870737691494459D-17  0.4122130411592724D-17  0.4384142488513181D-17
  0.4656647472306473D-17  0.4939450722126967D-17  0.5232284885264976D-17
  0.5534805641863612D-17  0.5846587791404902D-17  0.6167121761030365D-17
  0.6495810618752318D-17  0.6831967676253738D-17  0.7174814765817666D-17
  0.7523481273481701D-17  0.7877004005223235D-17  0.8234327954291579D-17
  0.8594308025189743D-17  0.8955711752853047D-17  0.9317223034070694D-17
  0.9677446862269836D-17  0.1003491502704126D-16  0.1038809270746188D-16
  0.1073538585537079D-16  0.1107514923408748D-16  0.1140569495313197D-16
  0.1172530132426669D-16  0.1203222186113725D-16  0.1232469425847037D-16
  0.1260094921138088D-16  0.1285921897252166D-16  0.1309774558034138D-16
  0.1331478871614932D-16  0.1350863315354186D-16  0.1367759573626930D-16
  0.1382003176941975D-16  0.1393434063491235D-16  0.1401897036568438D-16
  0.1407242084927073D-16  0.1409324529635060D-16  0.1408004961271058D-16
  0.1403148935598051D-16  0.1394626403760562D-16  0.1382310863712681D-16
  0.1366078232011291D-16  0.1345805448164131D-16  0.1321368836474017D-16
  0.1292642261862279D-16  0.1259495125798719D-16  0.1221790255667285D-16
  0.1179381745258016D-16  0.1132112805376984D-16  0.1079813681714522D-16
  0.1022299692162090D-16  0.9593694278908749D-17  0.8908031519734739D-17
  0.8163614165024658D-17  0.7357839044609507D-17  0.6487884865091839D-17
  0.5550704658949089D-17  0.4543019674437628D-17  0.3461314096614859D-17
  0.2301829830584853D-17  0.1060560436291233D-17 -0.2667568121467127D-18
 -0.1684651851888618D-17 -0.3197936891651368D-17 -0.4811726744467404D-17
 -0.6531465498540051D-17 -0.8362960468002078D-17 -0.1031242416032936D-16
 -0.1238652476533177D-16 -0.1459244536552492D-16 -0.1693795176830674D-16
 -0.1943146855584215D-16 -0.2208216267814377D-16 -0.2490003369376569D-16
 -0.2789600956042045D-16 -0.3108204665636698D-16 -0.3447123231961429D-16
 -0.3807788748988439D-16 -0.4191766575707567D-16 -0.4600764303918833D-16
 -0.5036638895488700D-16 -0.5501400645925916D-16 -0.5997212021805056D-16
 -0.6526378616642005D-16 -0.7091328431992268D-16 -0.7694574357884990D-16
 -0.8338653016901428D-16 -0.9026030938423026D-16 -0.9758966189242481D-16
 -0.1053930992041560D-15 -0.1136822746593949D-15 -0.1224581250072588D-15
 -0.1317055909678870D-15 -0.1413864763445223D-15 -0.1514297923824479D-15
 -0.1617189704886559D-15
  0.0000000000000000D+00  0.1140905592516681D-27  0.1260817961632167D-27
  0.1393309373939906D-27  0.1539692508194901D-27  0.1701386235597098D-27
  0.1880674253130126D-27  0.2078868070169903D-27  0.2298862467673492D-27
  0.2542357870293286D-27  0.2812114150557348D-27  0.3110944791622943D-27
  0.3441941265263254D-27  0.3808599975523213D-27  0.4214771979205901D-27
  0.4664730150147979D-27  0.5163221636785805D-27  0.5715511180608710D-27
  0.6327441823687353D-27  0.7005499122303634D-27  0.7756881592306097D-27
  0.8589580296293778D-27  0.9512466957295253D-27  0.1053539197066116D-26
  0.1166929358645250D-26  0.1292631937759689D-26  0.1431996145473143D-26
  0.1586520700675021D-26  0.1757870591109305D-26  0.1947895738104747D-26
  0.2158651783873315D-26  0.2392423245715468D-26  0.2651749310124284D-26
  0.2939452571555648D-26  0.3258671056264981D-26  0.3612893911441240D-26
  0.4006001184390160D-26  0.4442308166318997D-26  0.4926614830968135D-26
  0.5464260960626087D-26  0.6061187621744543D-26  0.6724005730319010D-26
  0.7460072534406849D-26  0.8277576938725551D-26  0.9185634705449124D-26
  0.1019439468748680D-25  0.1131515738724260D-25  0.1256050728685616D-25
  0.1394446056716565D-25  0.1548263002429771D-25  0.1719240920732209D-25
  0.1909317804054907D-25  0.2120653246286820D-25  0.2355654091745615D-25
  0.2617003086207362D-25  0.2907690884733167D-25  0.3231051813255783D-25
  0.3590803828164177D-25  0.3991093171052302D-25  0.4436544275058386D-25
  0.4932315545569469D-25  0.5484161712351773D-25  0.6098503533340055D-25
  0.6782505723440593D-25  0.7544164085962513D-25  0.8392402941020983D-25
  0.9337184075942002D-25  0.1038962858900751D-24  0.1156215316167393D-24
  0.1286862247776033D-24  0.1432451971336413D-24  0.1594713725102679D-24
  0.1775579002885147D-24  0.1977205422312534D-24  0.2202003428515451D-24
  0.2452666171355105D-24  0.2732202934664996D-24  0.3043976541116127D-24
  0.3391745206823356D-24  0.3779709376314868D-24  0.4212564131693631D-24
  0.4695557840517617D-24  0.5234557785991846D-24  0.5836123611481823D-24
  0.6507589510216366D-24  0.7257156201566691D-24  0.8093993858827453D-24
  0.9028357291494222D-24  0.1007171483931821D-23  0.1123689260779861D-23
  0.1253823586733088D-23  0.1399178965329403D-23  0.1561550084450992D-23
  0.1742944426561838D-23  0.1945607565817574D-23  0.2172051469924350D-23
  0.2425086161883030D-23  0.2707855138314773D-23  0.3023874987408801D-23
  0.3377079701200066D-23  0.3771870234468751D-23  0.4213169926714307D-23
  0.4706486475124045D-23  0.5257981226035835D-23  0.5874546640980059D-23
  0.6563892891960871D-23  0.7334644650289516D-23  0.8196449255212686D-23
  0.9160097584106938D-23  0.1023765909659296D-22  0.1144263269216263D-22
  0.1279011520656454D-22  0.1429698957819727D-22  0.1598213494423087D-22
  0.1786666117943914D-22  0.1997417067132575D-22  0.2233105043583758D-22
  0.2496679802182362D-22  0.2791438503271789D-22  0.3121066251430804D-22
  0.3489681292180939D-22  0.3901885389205162D-22  0.4362819961199450D-22
  0.4878228619801288D-22  0.5454526818677529D-22  0.6098879399389080D-22
  0.6819286902699534D-22  0.7624681605225479D-22  0.8525034341447442D-22
  0.9531473280866505D-22  0.1065641595030555D-21  0.1191371592286253D-21
  0.1331882573871490D-21  0.1488897777978598D-21  0.1664338499118180D-21
  0.1860346352829827D-21  0.2079307961061366D-21  0.2323882308246615D-21
  0.2597031041863214D-21  0.2902052016931164D-21  0.3242616411622182D-21
  0.3622809770988238D-21  0.4047177367875475D-21  0.4520774304449454D-21
  0.5049220814487009D-21  0.5638763265740339D-21  0.6296341403278562D-21
  0.7029662418762142D-21  0.7847282477072505D-21  0.8758696380528395D-21
  0.9774436101945583D-21  0.1090617897085308D-20  0.1216686635200932D-20
  0.1357083371162692D-20  0.1513395302397475D-20  0.1687378852873229D-20
  0.1880976690693860D-20  0.2096336299977573D-20  0.2335830224874910D-20
  0.2602078108687442D-20  0.2897970655683209D-20  0.3226695647203594D-20
  0.3591766146823500D-20  0.3997051031436768D-20  0.4446807985931135D-20
  0.4945719098294071D-20  0.5498929189212199D-20  0.6112087005108022D-20
  0.6791389395663945D-20  0.7543628585728359D-20  0.8376242636538759D-20
  0.9297369171828935D-20  0.1031590241994780D-19  0.1144155359287368D-19
  0.1268491458616793D-19  0.1405752493960789D-19  0.1557194194554861D-19
  0.1724181372998791D-19  0.1908195505880400D-19  0.2110842553759205D-19
  0.2333860977679959D-19  0.2579129898327371D-19  0.2848677331368707D-19
  0.3144688418342469D-19  0.3469513556521796D-19  0.3825676313401477D-19
  0.4215880991725747D-19  0.4643019689203701D-19  0.5110178673179780D-19
  0.5620643864492910D-19  0.6177905196552586D-19  0.6785659585302800D-19
  0.7447812213298517D-19  0.8168475796699524D-19  0.8951967467767987D-19
  0.9802802867687879D-19  0.1072568700553241D-18  0.1172550139941438D-18
  0.1280728697579127D-18  0.1397622216321085D-18  0.1523759557826251D-18
  0.1659677266507764D-18  0.1805915561651408D-18  0.1963013587645741D-18
  0.2131503849998357D-18  0.2311905763317045D-18  0.2504718236907902D-18
  0.2710411224301681D-18  0.2929416165104703D-18  0.3162115251337534D-18
  0.3408829456141278D-18  0.3669805270681395D-18  0.3945200105504198D-18
  0.4235066325807239D-18  0.4539333906231863D-18  0.4857791710141214D-18
  0.5190067421002778D-18  0.5535606179592008D-18  0.5893648010313120D-18
  0.6263204153001794D-18  0.6643032453082330D-18  0.7031612002794965D-18
  0.7427117269217955D-18  0.7827391990752562D-18  0.8229923172300221D-18
  0.8631815560141136D-18  0.9029767030015219D-18  0.9420045375493425D-18
  0.9798467037663760D-18  0.1016037837055356D-17  0.1050064008852355D-17
  0.1081361559088396D-17  0.1109316390378948D-17  0.1133263801846111D-17
  0.1152488943612422D-17  0.1166227975169650D-17  0.1173670011792461D-17
  0.1173959942688730D-17  0.1166202202391448D-17  0.1149465572730618D-17
  0.1122789086308488D-17  0.1085189093488176D-17  0.1035667543285176D-17
  0.9732215140800966D-18  0.8968540127048745D-18  0.8055860402808649D-18
  0.6984699004614715D-18  0.5746037009082365D-18  0.4331469725804884D-18
  0.2733373046354170D-18  0.9450786649330379D-19 -0.1038943358966201D-18
 -0.3222896441956846D-18 -0.5609465646540354D-18 -0.8199624238869302D-18
 -0.1099244078830026D-17 -0.1398488902492848D-17 -0.1717166272055344D-17
 -0.2054499791135874D-17 -0.2409450485557441D-17 -0.2780701221291678D-17
 -0.3166642601708801D-17 -0.3565360604301551D-17 -0.3974626206009615D-17
 -0.4391887215199070D-17 -0.4814262470764238D-17 -0.5238538484444127D-17
 -0.5661168494989437D-17 -0.6078273780690032D-17 -0.6485646951065052D-17
 -0.6878756820850417D-17 -0.7252754370466405D-17 -0.7602479225183001D-17
 -0.7922466046235325D-17 -0.8206950223918540D-17 -0.8449872295884464D-17
 -0.8644880581182993D-17 -0.8785331617730339D-17 -0.8864288111419592D-17
 -0.8874514240754542D-17 -0.8808468302220086D-17 -0.8658292818158160D-17
 -0.8415802350005329D-17 -0.8072469354925314D-17 -0.7619408483551923D-17
 -0.7047359732614160D-17 -0.6346670832495818D-17 -0.5507279162654753D-17
 -0.4518693346666157D-17 -0.3369974486284124D-17 -0.2049716757053790D-17
 -0.5460268176095945D-18  0.1153498803661845D-17  0.3061799467343470D-17
  0.5192380709672736D-17  0.7559350647699391D-17  0.1017746420688810D-16
  0.1306217687848918D-16  0.1622970957999448D-16  0.1969712585892316D-16
  0.2348242222616559D-16  0.2760463171230339D-16  0.3208393995972552D-16
  0.3694181225492834D-16  0.4220112895551619D-16  0.4788632582140225D-16
  0.5402353479174870D-16  0.6064071972490038D-16  0.6776780028674706D-16
  0.7543675531002956D-16  0.8368169406291073D-16  0.9253887956228094D-16
  0.1020466818503219D-15  0.1122454305889128D-15  0.1231771250561634D-15
  0.1348849452261189D-15  0.1474124896305867D-15  0.1608026434827168D-15
  0.1750959531714999D-15  0.1903283494677963D-15  0.2065280197795085D-15
  0.2237111775305390D-15  0.2418764095905911D-15  0.2609972006955900D-15
  0.2810121147764075D-15  0.3018120122721959D-15  0.3232233466870592D-15
  0.3449868224335186D-15
