    1
  315
 -0.6482494474860606D+00  0.4055770889681892D+00 -0.3256096406498947D+00
  0.1719969505784864D+01 -0.7421807372813815D+00 -0.7179592580645980D+00
 -0.3903502701329856D+00  0.1305091493125505D+00  0.4204722860389936D+00
 -0.6670661956478670D-01  0.4161896172241136D+00 -0.2605540980667825D+00
  0.2424328942071560D+00 -0.1586982308050718D+00  0.3212848708271019D+00
 -0.5863178690510792D-01 -0.8790625440101330D-01  0.3761945109064112D+00
 -0.5583554897719936D-01 -0.2569455177491758D+00  0.1210246611377174D+00
 -0.1384871232330457D+00 -0.1640857173707981D+00  0.4759342165899853D-01
  0.4759342165899785D-01 -0.4701881645729443D-01  0.1634409925749309D-01
 -0.1834362048141386D+00  0.1361233393800760D+00 -0.7837280217991338D-01
  0.4773478588942216D-01  0.4773478588942292D-01  0.6851694051832946D-01
  0.5499507921255525D-01 -0.1811551353227810D-01 -0.5472630552994674D-01
  0.1182419300695965D+00  0.9603713298753641D-02  0.2125288383369270D-02
 -0.8562753959809884D-01 -0.5665800031803901D-01  0.5768764838628231D-01
  0.4154403960872848D-01 -0.5514937226524434D-02  0.3612066138071388D-01
  0.1177873539708343D-01 -0.3319577506779350D-01 -0.3319577506779380D-01
  0.7842976057530992D-02 -0.3088086871643924D-01 -0.2647914267980393D-01
  0.5043726549426073D-01 -0.1765716173856749D-01  0.5192638332171086D-01
 -0.6910810800583759D-02 -0.2092742117818433D-01  0.4535889472266473D-01
 -0.4182395606033990D-01 -0.8236746137310347D-02 -0.1952139553589279D-01
 -0.3350290808635943D-01  0.1597316968405168D-01 -0.3704380850652964D-01
 -0.2244796019516184D-01  0.4661006801542259D-02  0.1330622974471085D-01
  0.1330622974471022D-01 -0.6676463925452059D-02  0.4739739118972859D-02
  0.1582616891038694D-02  0.1582616891038604D-02 -0.5273639184482370D-02
 -0.2503228274511411D-01  0.2050623996126710D-01  0.1471855270852756D-01
  0.1471855270852830D-01  0.2128715521653875D-01  0.1801156898315239D-01
 -0.1420022940845005D-02 -0.8607772184652458D-02  0.9339086779606367D-02
  0.1529504411687632D-02  0.5666757078979928D-02  0.2044048845792176D-02
 -0.6812007489929929D-02 -0.6946440015924188D-02 -0.7697860016655816D-02
 -0.4673949059834905D-02  0.6893401644015074D-02  0.5551160576713640D-02
 -0.1840089977575245D-02  0.1210532804200487D-01  0.1983122694358630D-02
 -0.1120130075313672D-01 -0.1120130075313697D-01  0.3674164908961431D-02
 -0.3892822724443834D-02 -0.1049361840860545D-01 -0.9011356335976821D-02
  0.4301343016195170D-02 -0.6064839571155103D-02  0.6182615959008809D-02
  0.8944894969556368D-02  0.3784726559338116D-02  0.3784726559338202D-02
 -0.1193818397963549D-02 -0.1809343262206783D-02  0.7853254769879230D-02
 -0.1097406199118887D-02  0.4766340662306809D-02 -0.2864914864830228D-02
 -0.2524741952627447D-02 -0.3402216131857511D-02 -0.5842779908379447D-02
  0.5576951637201103D-02 -0.3929360871030138D-02  0.4901802378889612D-02
 -0.2342357590518761D-02 -0.4260483945494193D-02  0.4160487761139245D-03
 -0.4698556320297285D-02  0.5558226942036349D-03  0.5558226942035361D-03
 -0.9260962775738519D-03 -0.3264321751205381D-02 -0.4396347771893169D-02
  0.3601084207083708D-02 -0.2089088336052228D-02  0.9374795672239469D-03
  0.1866526969826579D-02  0.7512500954372534D-03  0.7512500954371599D-03
 -0.4976408882076626D-03 -0.1507752464931576D-02  0.3270037874024281D-02
  0.5349396984878525D-03  0.1980687963211895D-02 -0.1189680482774608D-02
 -0.2420724308112661D-02 -0.2676236108290078D-02  0.6003069373951400D-03
 -0.1620751878369257D-02  0.8257417907840115D-03  0.8257417907841204D-03
  0.2385146056673140D-02  0.9596118978653508D-03  0.9596118978652616D-03
  0.1107419317222856D-02 -0.8732012603203918D-03 -0.8732012603204047D-03
  0.3405924671793341D-03  0.6301405313746548D-03  0.2270926050685225D-03
 -0.1332846759593442D-02 -0.8954466306903254D-03  0.1463385460050610D-02
  0.7600481305269131D-03  0.1043507106876987D-02  0.1043507106877091D-02
  0.1505184028878830D-02 -0.4691506287744849D-04  0.1272088648811522D-02
  0.1272088648811609D-02  0.6984402483869245D-03 -0.2000830403385710D-03
 -0.6055582797299119D-03  0.1311403789390006D-02 -0.1098016475852402D-02
 -0.6027588084101159D-03 -0.6027588084101528D-03  0.7907209834102099D-03
 -0.2370915640837240D-03 -0.4176436493667762D-03 -0.1120200837848649D-02
 -0.9600835844408964D-03 -0.6368567573251992D-03 -0.1744889165974838D-03
  0.8658070779460460D-03  0.1317854427049356D-03 -0.7419357711161035D-03
 -0.7419357711161377D-03 -0.2914397253548907D-03 -0.5132202021269834D-03
 -0.6864732403290279D-03  0.5583044692184346D-03 -0.3222082021147327D-03
 -0.3191333678575195D-03  0.2885856192906120D-03  0.5656608078254492D-03
  0.4772223637180498D-03  0.2270461328655641D-03 -0.7478556809679950D-04
 -0.3739278404837977D-04 -0.2258743121555721D-03  0.4877733913654995D-03
  0.2438866956827387D-03  0.1457781970148535D-03  0.2619817303296801D-04
  0.2619817303295545D-04 -0.1743096894322639D-03 -0.3495895551958556D-03
 -0.1747947775979438D-03 -0.1887236543057358D-03  0.8528470049999311D-04
 -0.2277765964938288D-03 -0.1138882982469188D-03  0.2315682970855947D-03
 -0.3090208459404844D-04 -0.3090208459405057D-04  0.3065691229446581D-03
 -0.4363185962345652D-04  0.2834176628148971D-03 -0.1312999408435244D-04
 -0.2365025019055700D-03 -0.2365025019055807D-03  0.4573574332078351D-04
  0.1681679616852309D-03  0.3016953003515589D-04  0.3016953003514504D-04
 -0.8820223169554977D-04 -0.2338257181852027D-03 -0.1994906532662588D-03
  0.1883757941499392D-03  0.9418789707497179D-04 -0.2135484538451830D-03
  0.9642762448658834D-04 -0.1279629410086553D-03  0.1850380093058418D-03
 -0.3442229635916479D-04  0.8534785134203899D-04 -0.7273152612669820D-04
 -0.3636576306334019D-04 -0.7227078109260809D-05 -0.1397144732798102D-03
  0.9158082218234979D-04  0.2317850731839643D-04 -0.5438859100921461D-04
 -0.9557938603876416D-04  0.1002762754824870D-03 -0.1141632107823968D-03
  0.3998991989734941D-04  0.3998991989735662D-04  0.3804406133284723D-04
  0.3804406133283834D-04  0.8774021456310917D-04 -0.3693208443344447D-04
 -0.7283177537307562D-05 -0.6530187564655225D-04  0.1244863487707440D-04
  0.6224317438540666D-05  0.6843441251417222D-04 -0.4681958577802937D-04
 -0.6056038785573642D-04 -0.5258241799153700D-04  0.1182657654267393D-04
  0.3068260153174418D-04  0.3068260153175181D-04  0.4254866672915043D-04
  0.2127433336457281D-04  0.3534829651520749D-04  0.3534829651521224D-04
 -0.5360001598186919D-05  0.3340290391211879D-04  0.5119478440472427D-05
  0.5547838032724364D-05  0.1831358568721448D-04  0.3221585537645237D-05
 -0.1060361924809189D-04 -0.1910959455969744D-04 -0.1864657853001450D-04
 -0.9105572079742609D-05  0.8130588439385340D-05 -0.9802184368457325D-05
  0.1269481171969953D-04 -0.2269894253076049D-05 -0.2269894253076517D-05
  0.4868285410730522D-05  0.4868285410729764D-05  0.5596993817694472D-05
 -0.7266784734433668D-06  0.4080490110711794D-05 -0.7418058108699284D-06
  0.1140009988125807D-05 -0.5359228282488490D-05 -0.5359228282489116D-05
  0.2418189351785145D-05  0.2418189351785223D-05 -0.3025303871219621D-05
 -0.2621103946285619D-05 -0.1310551973143015D-05 -0.8859507309282402D-06
  0.9384768658305537D-06  0.1230096484927831D-06 -0.1388038321919430D-06
  0.5354953508936128D-06 -0.1277856714057076D-05 -0.1277856714057288D-05
  0.1178603551176414D-05 -0.3116043283121627D-05  0.5604288430690524D-06
  0.1898812481606282D-05 -0.4709438264977136D-05  0.2241654621864729D-06
  0.2132354166380997D-05  0.2132354166381253D-05 -0.2149110802236572D-05
 -0.3929622810120988D-05 -0.6369168130028762D-05  0.2581569917335234D-05
  0.1290784958667663D-05  0.7310629630099365D-05  0.6622934226884617D-05
 -0.3431967972807052D-05  0.6078400563677486D-05  0.4283331858514847D-05
    7
    1    1  327
  0.0000000000000000D+00 -0.2679770724428012D+07 -0.2600423376294453D+07
 -0.2523424298831990D+07 -0.2448703995140725D+07 -0.2376195025075919D+07
 -0.2305831944394148D+07 -0.2237551245631082D+07 -0.2171291300853164D+07
 -0.2106992305971172D+07 -0.2044596226805558D+07 -0.1984046746687172D+07
 -0.1925289215633222D+07 -0.1868270601020934D+07 -0.1812939439721785D+07
 -0.1759245791652545D+07 -0.1707141194700823D+07 -0.1656578620984618D+07
 -0.1607512434406408D+07 -0.1559898349463335D+07 -0.1513693391276465D+07
 -0.1468855856802965D+07 -0.1425345277196191D+07 -0.1383122381279742D+07
 -0.1342149060102460D+07 -0.1302388332542480D+07 -0.1263804311929178D+07
 -0.1226362173652956D+07 -0.1190028123733614D+07 -0.1154769368318944D+07
 -0.1120554084085976D+07 -0.1087351389518283D+07 -0.1055131317033223D+07
 -0.1023864785934135D+07 -0.9935235761630395D+06 -0.9640803028300495D+06
 -0.9355083914966539D+06 -0.9077820541904522D+06 -0.8808762661297409D+06
 -0.8547667431369555D+06 -0.8294299197205269D+06 -0.8048429278054298D+06
 -0.7809835760932078D+06 -0.7578303300328120D+06 -0.7353622923842261D+06
 -0.7135591843573101D+06 -0.6924013273088300D+06 -0.6718696249811857D+06
 -0.6519455462667677D+06 -0.6326111084824173D+06 -0.6138488611388750D+06
 -0.5956418701905889D+06 -0.5779737027516400D+06 -0.5608284122640118D+06
 -0.5441905241048096D+06 -0.5280450216194456D+06 -0.5123773325681636D+06
 -0.4971733159737055D+06 -0.4824192493582122D+06 -0.4681018163578672D+06
 -0.4542080947040905D+06 -0.4407255445604372D+06 -0.4276419972046794D+06
 -0.4149456440458519D+06 -0.4026250259663509D+06 -0.3906690229794653D+06
 -0.3790668441930086D+06 -0.3678080180699923D+06 -0.3568823829775481D+06
 -0.3462800780155744D+06 -0.3359915341168273D+06 -0.3260074654104224D+06
 -0.3163188608409503D+06 -0.3069169760356538D+06 -0.2977933254123112D+06
 -0.2889396745207199D+06 -0.2803480326108471D+06 -0.2720106454209639D+06
 -0.2639199881792368D+06 -0.2560687588124719D+06 -0.2484498713558725D+06
 -0.2410564495578723D+06 -0.2338818206742661D+06 -0.2269195094460431D+06
 -0.2201632322554822D+06 -0.2136068914552387D+06 -0.2072445698653030D+06
 -0.2010705254328713D+06 -0.1950791860502951D+06 -0.1892651445264542D+06
 -0.1836231537069890D+06 -0.1781481217390137D+06 -0.1728351074760217D+06
 -0.1676793160188352D+06 -0.1626760943885892D+06 -0.1578209273278296D+06
 -0.1531094332259431D+06 -0.1485373601652408D+06 -0.1441005820841287D+06
 -0.1397950950538966D+06 -0.1356170136657742D+06 -0.1315625675249801D+06
 -0.1276280978486167D+06 -0.1238100541643230D+06 -0.1201049911067142D+06
 -0.1165095653087159D+06 -0.1130205323849844D+06 -0.1096347440046858D+06
 -0.1063491450510005D+06 -0.1031607708647754D+06 -0.1000667445698430D+06
 -0.9706427447759043D+05 -0.9415065156842557D+05 -0.9132324704787470D+05
 -0.8857950997509589D+05 -0.8591696496166606D+05 -0.8333320993855875D+05
 -0.8082591398929580D+05 -0.7839281524730941D+05 -0.7603171885561114D+05
 -0.7374049498692015D+05 -0.7151707692245809D+05 -0.6935945918766601D+05
 -0.6726569574315558D+05 -0.6523389822924972D+05 -0.6326223426251893D+05
 -0.6134892578276700D+05 -0.5949224744895924D+05 -0.5769052508263604D+05
 -0.5594213415739005D+05 -0.5424549833303202D+05 -0.5259908803310630D+05
 -0.5100141906445283D+05 -0.4945105127755752D+05 -0.4794658726645848D+05
 -0.4648667110701809D+05 -0.4506998713240142D+05 -0.4369525874463400D+05
 -0.4236124726114437D+05 -0.4106675079522798D+05 -0.3981060316939635D+05
 -0.3859167286061046D+05 -0.3740886197641531D+05 -0.3626110526103350D+05
 -0.3514736913048853D+05 -0.3406665073586681D+05 -0.3301797705384392D+05
 -0.3200040400363177D+05 -0.3101301558952399D+05 -0.3005492306824354D+05
 -0.2912526414031918D+05 -0.2822320216474077D+05 -0.2734792539616775D+05
 -0.2649864624398713D+05 -0.2567460055254089D+05 -0.2487504690186563D+05
 -0.2409926592831045D+05 -0.2334655966442147D+05 -0.2261625089750525D+05
 -0.2190768254630725D+05 -0.2122021705526340D+05 -0.2055323580580878D+05
 -0.1990613854425055D+05 -0.1927834282573743D+05 -0.1866928347388312D+05
 -0.1807841205562562D+05 -0.1750519637093231D+05 -0.1694911995698448D+05
 -0.1640968160650351D+05 -0.1588639489990600D+05 -0.1537878775100421D+05
 -0.1488640196599264D+05 -0.1440879281549073D+05 -0.1394552861943664D+05
 -0.1349619034465296D+05 -0.1306037121493161D+05 -0.1263767633350634D+05
 -0.1222772231780540D+05 -0.1183013694639478D+05 -0.1144455881803981D+05
 -0.1107063702282568D+05 -0.1070803082528543D+05 -0.1035640935948638D+05
 -0.1001545133602331D+05 -0.9684844760852266D+04 -0.9364286665879012D+04
 -0.9053482851181156D+04 -0.8752147638697219D+04 -0.8460003637152382D+04
 -0.8176781517911065D+04 -0.7902219801344477D+04 -0.7636064653179273D+04
 -0.7378069690144419D+04 -0.7127995794061185D+04 -0.6885610933323220D+04
 -0.6650689990493776D+04 -0.6423014594511854D+04 -0.6202372955758546D+04
 -0.5988559702006230D+04 -0.5781375713081909D+04 -0.5580627951954789D+04
 -0.5386129289949110D+04 -0.5197698323938327D+04 -0.5015159183746458D+04
 -0.4838341328619793D+04 -0.4667079332567841D+04 -0.4501212659611529D+04
 -0.4340585431472980D+04 -0.4185046191882174D+04 -0.4034447673549437D+04
 -0.3888646573732739D+04 -0.3747503348782329D+04 -0.3610882033156330D+04
 -0.3478650091126605D+04 -0.3350678305899084D+04 -0.3226840708254479D+04
 -0.3107014543398073D+04 -0.2991080271206509D+04 -0.2878921591980381D+04
 -0.2770425487598379D+04 -0.2665482266907703D+04 -0.2563985604356372D+04
 -0.2465832562151174D+04 -0.2370923588329453D+04 -0.2279162485706986D+04
 -0.2190456349350415D+04 -0.2104715472724845D+04 -0.2021853224785631D+04
 -0.1941785901913146D+04 -0.1864432559715449D+04 -0.1789714830386039D+04
 -0.1717556731579215D+04 -0.1647884472739371D+04 -0.1580626264575706D+04
 -0.1515712136978354D+04 -0.1453073770177997D+04 -0.1392644343393589D+04
 -0.1334358404612870D+04 -0.1278151764516416D+04 -0.1223961416889525D+04
 -0.1171725487160377D+04 -0.1121383209947522D+04 -0.1072874935679416D+04
 -0.1026142165444040D+04 -0.9811276122148574D+03 -0.9377752854529444D+03
 -0.8960305947768567D+03 -0.8558404668982270D+03 -0.8171534683371594D+03
 -0.7799199245919325D+03 -0.7440920245530154D+03 -0.7096238972581014D+03
 -0.6764716470010545D+03 -0.6445933329749687D+03 -0.6139488814924536D+03
 -0.5844999264336985D+03 -0.5562095767818209D+03 -0.5290421297360261D+03
 -0.5029627569257332D+03 -0.4779372037504211D+03 -0.4539315530001556D+03
 -0.4309120924869158D+03 -0.4088453159884618D+03 -0.3876980591679517D+03
 -0.3674377449280815D+03 -0.3480326910407630D+03 -0.3294524234230324D+03
 -0.3116679426034603D+03 -0.2946519054618927D+03 -0.2783787035810691D+03
 -0.2628244376680160D+03 -0.2479668013738255D+03 -0.2337848955441283D+03
 -0.2202589968395913D+03 -0.2073703036479858D+03 -0.1951006790758665D+03
 -0.1834324068259988D+03 -0.1723479716348250D+03 -0.1618298722240257D+03
 -0.1518604715317715D+03 -0.1424218863810182D+03 -0.1334959166632377D+03
 -0.1250640124929873D+03 -0.1171072765488437D+03 -0.1096064978968462D+03
 -0.1025422129436590D+03 -0.9589478874835747D+02 -0.8964452370122946D+02
 -0.8377176052680058D+02 -0.7825700665935582D+02 -0.7308105724631504D+02
 -0.6822511633129751D+02 -0.6367091212831847D+02 -0.5940080274018125D+02
 -0.5539786749354757D+02 -0.5164598654805199D+02 -0.4812990050935080D+02
 -0.4483524559894202D+02 -0.4174857217318858D+02 -0.3885733883782445D+02
 -0.3614988355746279D+02 -0.3361537260692166D+02 -0.3124372956950514D+02
 -0.2902554854905736D+02 -0.2695199741530298D+02 -0.2501471944584703D+02
 -0.2320574196835435D+02 -0.2151740159169192D+02 -0.1994229285216935D+02
 -0.1847324406390950D+02 -0.1710331950410343D+02 -0.1582584234237028D+02
 -0.1463442970495676D+02 -0.1352303000237708D+02 -0.1248595376797146D+02
 -0.1151789190399986D+02 -0.1061391852591242D+02 -0.9769478666850647D+01
 -0.8980363198376184D+01 -0.8242674813199384D+01 -0.7552788233220987D+01
 -0.6907311010252339D+01 -0.6303040758500320D+01 -0.5736943333054304D+01
 -0.5206069704404378D+01 -0.4707680511578553D+01 -0.4238804219098729D+01
 -0.3797184173972477D+01
    1 1000  327
  0.0000000000000000D+00  0.3132975144306981D-04  0.3228522993409337D-04
  0.3326984811302618D-04  0.3428449467379762D-04  0.3533008539057177D-04
  0.3640756398383125D-04  0.3751790297061214D-04  0.3866210449505835D-04
  0.3984120128140056D-04  0.4105625755320821D-04  0.4230836997832517D-04
  0.4359866868015770D-04  0.4492831823873125D-04  0.4629851876707387D-04
  0.4771050694782197D-04  0.4916555721638266D-04  0.5066498285622393D-04
  0.5221013719892484D-04  0.5380241484881878D-04  0.5544325296401360D-04
  0.5713413249964985D-04  0.5887657961226889D-04  0.6067216697309262D-04
  0.6252251521544059D-04  0.6442929442454238D-04  0.6639422559421806D-04
  0.6841908221184945D-04  0.7050569186034967D-04  0.7265593783973813D-04
  0.7487176091128363D-04  0.7715516099614349D-04  0.7950819903384255D-04
  0.8193299880778091D-04  0.8443174886638826D-04  0.8700670450712575D-04
  0.8966018980572152D-04  0.9239459972142062D-04  0.9521240225169450D-04
  0.9811614065852121D-04  0.1011084357732566D-03  0.1041919883511804D-03
  0.1073695815144093D-03  0.1106440832632642D-03  0.1140184490577505D-03
  0.1174957245269537D-03  0.1210790481203399D-03  0.1247716540709850D-03
  0.1285768751839086D-03  0.1324981459730299D-03  0.1365390056365224D-03
  0.1407031013328349D-03  0.1449941914690835D-03  0.1494161490278882D-03
  0.1539729651675810D-03  0.1586687527132713D-03  0.1635077499550988D-03
  0.1684943244093887D-03  0.1736329768358420D-03  0.1789283452100286D-03
  0.1843852089826368D-03  0.1900084933457835D-03  0.1958032737108094D-03
  0.2017747802967412D-03  0.2079284027863461D-03  0.2142696952516859D-03
  0.2208043811650390D-03  0.2275383585378679D-03  0.2344777052574732D-03
  0.2416286845695122D-03  0.2489977507344752D-03  0.2565915548445501D-03
  0.2644169508681628D-03  0.2724810017444093D-03  0.2807909858648474D-03
  0.2893544035570388D-03  0.2981789839179166D-03  0.3072726917511927D-03
  0.3166437347634515D-03  0.3263005709799373D-03  0.3362519163705169D-03
  0.3465067527356251D-03  0.3570743357672998D-03  0.3679642034693819D-03
  0.3791861846839076D-03  0.3907504080686779D-03  0.4026673111347372D-03
  0.4149476497156885D-03  0.4276025076900605D-03  0.4406433069491310D-03
  0.4540818177381328D-03  0.4679301692539768D-03  0.4822008605937124D-03
  0.4969067720817880D-03  0.5120611768159275D-03  0.5276777527121323D-03
  0.5437705948424423D-03  0.5603542280982817D-03  0.5774436204080369D-03
  0.5950541961280132D-03  0.6132018500427472D-03  0.6319029616777851D-03
  0.6511744101127697D-03  0.6710335891758865D-03  0.6914984231689175D-03
  0.7125873830389144D-03  0.7343195030600111D-03  0.7567143979998052D-03
  0.7797922808113877D-03  0.8035739809117550D-03  0.8280809629638004D-03
  0.8533353462107600D-03  0.8793599245368114D-03  0.9061781869509752D-03
  0.9338143387889131D-03  0.9622933236428511D-03  0.9916408457921607D-03
  0.1021883393436283D-02  0.1053048262592136D-02  0.1085163581738588D-02
  0.1118258337223593D-02  0.1152362399377667D-02  0.1187506549514612D-02
  0.1223722507693644D-02  0.1261042961359583D-02  0.1299501594845167D-02
  0.1339133119763123D-02  0.1379973306350887D-02  0.1422059015747256D-02
  0.1465428233262054D-02  0.1510120102643353D-02  0.1556174961462147D-02
  0.1603634377442517D-02  0.1652541186059881D-02  0.1702939529135177D-02
  0.1754874894703285D-02  0.1808394158080874D-02  0.1863545624175050D-02
  0.1920379071039991D-02  0.1978945794860419D-02  0.2039298656215478D-02
  0.2101492127798064D-02  0.2165582343595327D-02  0.2231627149501040D-02
  0.2299686155615785D-02  0.2369820789964351D-02  0.2442094353971257D-02
  0.2516572079609293D-02  0.2593321188256040D-02  0.2672410951368125D-02
  0.2753912753006953D-02  0.2837900154281225D-02  0.2924448959705596D-02
  0.3013637285665990D-02  0.3105545630882000D-02  0.3200256949087275D-02
  0.3297856723904496D-02  0.3398433045982669D-02  0.3502076692496105D-02
  0.3608881209145928D-02  0.3718942994473814D-02  0.3832361386994342D-02
  0.3949238754758297D-02  0.4069680587801168D-02  0.4193795593333996D-02
  0.4321695793862468D-02  0.4453496628301593D-02  0.4589317056150496D-02
  0.4729279664890530D-02  0.4873510780599625D-02  0.5022140581992504D-02
  0.5175303217899883D-02  0.5333136928348002D-02  0.5495784169348051D-02
  0.5663391741461414D-02  0.5836110922277737D-02  0.6014097602997481D-02
  0.6197512429086564D-02  0.6386520945319034D-02  0.6581293745133767D-02
  0.6782006624671441D-02  0.6988840741400583D-02  0.7201982777626117D-02
  0.7421625109009499D-02  0.7647965978174498D-02  0.7881209673646450D-02
  0.8121566714240096D-02  0.8369254039059425D-02  0.8624495203307389D-02
  0.8887520580058527D-02  0.9158567568184856D-02  0.9437880806624360D-02
  0.9725712395183267D-02  0.1002232212208576D-01  0.1032797769843558D-01
  0.1064295499985509D-01  0.1096753831546829D-01  0.1130202060451676D-01
  0.1164670376074377D-01  0.1200189888490897D-01  0.1236792656554581D-01
  0.1274511716834249D-01  0.1313381113429993D-01  0.1353435928701539D-01
  0.1394712314932188D-01  0.1437247526958970D-01  0.1481079955797039D-01
  0.1526249163291676D-01  0.1572795917823920D-01  0.1620762231107962D-01
  0.1670191396109959D-01  0.1721128026121970D-01  0.1773618095028823D-01
  0.1827708978803800D-01  0.1883449498267209D-01  0.1940889963152128D-01
  0.2000082217511127D-01  0.2061079686510201D-01  0.2123937424648034D-01
  0.2188712165447076D-01  0.2255462372658963D-01  0.2324248293032831D-01
  0.2395132010691360D-01  0.2468177503167518D-01  0.2543450699146915D-01
  0.2621019537974448D-01  0.2700954030973586D-01  0.2783326324637283D-01
  0.2868210765744143D-01  0.2955683968462581D-01  0.3045824883500498D-01
  0.3138714869362746D-01  0.3234437765783930D-01  0.3333079969399622D-01
  0.3434730511724642D-01  0.3539481139511238D-01  0.3647426397556010D-01
  0.3758663714034056D-01  0.3873293488433859D-01  0.3991419182176166D-01
  0.4113147411993524D-01  0.4238588046160904D-01  0.4367854303658705D-01
  0.4501062856360760D-01  0.4638333934339346D-01  0.4779791434381097D-01
  0.4925563031812540D-01  0.5075780295735555D-01  0.5230578807778991D-01
  0.5390098284469100D-01  0.5554482703334442D-01  0.5723880432855911D-01
  0.5898444366378383D-01  0.6078332060109465D-01  0.6263705875323872D-01
  0.6454733124905998D-01  0.6651586224361815D-01  0.6854442847435996D-01
  0.7063486086474650D-01  0.7278904617679358D-01  0.7500892871400451D-01
  0.7729651207624098D-01  0.7965386096811457D-01  0.8208310306252299D-01
  0.8458643092103112D-01  0.8716610397280451D-01  0.8982445055390927D-01
  0.9256387000879436D-01  0.9538683485587024D-01  0.9829589301912639D-01
  0.1012936701278236D+00  0.1043828718862959D+00  0.1075662865160380D+00
  0.1108467872722866D+00  0.1142273350373186D+00  0.1177109809928603D+00
  0.1213008693739945D+00  0.1250002403070583D+00  0.1288124327340721D+00
  0.1327408874263822D+00  0.1367891500901904D+00  0.1409608745668048D+00
  0.1452598261304894D+00  0.1496898848868870D+00  0.1542550492750900D+00
  0.1589594396765058D+00  0.1638073021337997D+00  0.1688030121832384D+00
  0.1739510788039219D+00  0.1792561484874551D+00  0.1847230094317310D+00
  0.1903565958626152D+00  0.1961619924874308D+00  0.2021444390842674D+00
  0.2083093352312437D+00  0.2146622451800110D+00  0.2212089028778763D+00
  0.2279552171430947D+00  0.2349072769979942D+00  0.2420713571647413D+00
  0.2494539237287233D+00  0.2570616399746421D+00  0.2649013724005970D+00
  0.2729801969155792D+00  0.2813054052259827D+00  0.2898845114168697D+00
  0.2987252587339773D+00  0.3078356265725214D+00  0.3172238376791754D+00
  0.3268983655736696D+00  0.3368679421967407D+00  0.3471415657913183D+00
  0.3577285090240755D+00  0.3686383273546556D+00  0.3798808676601528D+00
  0.3914662771226019D+00  0.4034050123875313D+00  0.4157078490018132D+00
  0.4283858911393517D+00  0.4414505816233855D+00  0.4549137122544312D+00
  0.4687874344532162D+00  0.4830842702281910D+00  0.4978171234775135D+00
  0.5129992916357309D+00  0.5286444776756443D+00  0.5447668024762040D+00
  0.5613808175675951D+00
    1 1000  327
  0.0000000000000000D+00  0.3073141241076594D-09  0.3263426359759908D-09
  0.3465525380561600D-09  0.3680104283604155D-09  0.3908006138075142D-09
  0.4150014859414125D-09  0.4406972686322972D-09  0.4679886577701921D-09
  0.4969712079738847D-09  0.5277464098101660D-09  0.5604266019956694D-09
  0.5951277588545884D-09  0.6319826766797150D-09  0.6711188619124475D-09
  0.7126795245949200D-09  0.7568100086193295D-09  0.8036740604107491D-09
  0.8534425016015172D-09  0.9062919235909819D-09  0.9624130550148271D-09
  0.1022013227368610D-08  0.1085301096240101D-08  0.1152507774599674D-08
  0.1223876141455024D-08  0.1299664887422081D-08  0.1380146550673317D-08
  0.1465610864542756D-08  0.1556368655354084D-08  0.1652745771287702D-08
  0.1755094883734029D-08  0.1863778160283009D-08  0.1979192790381204D-08
  0.2101755232510408D-08  0.2231903355228578D-08  0.2370115899205628D-08
  0.2516884115442942D-08  0.2672744339023840D-08  0.2838252724624692D-08
  0.3014011693089199D-08  0.3200656041519224D-08  0.3398856678650911D-08
  0.3609329107317724D-08  0.3832840038818683D-08  0.4070185556349119D-08
  0.4322232862093531D-08  0.4589893419850069D-08  0.4874116870233071D-08
  0.5175944897879303D-08  0.5496468575234955D-08  0.5836838339614935D-08
  0.6198280824547661D-08  0.6582110347599819D-08  0.6989708223798331D-08
  0.7422547154065384D-08  0.7882186512783364D-08  0.8370293268373754D-08
  0.8888625402941414D-08  0.9439053287563847D-08  0.1002356749697457D-07
  0.1064427798469471D-07  0.1130342420963362D-07  0.1200338901131217D-07
  0.1274669824574892D-07  0.1353604137823014D-07  0.1437425872326267D-07
  0.1526438337943706D-07  0.1620963479000438D-07  0.1721341581144312D-07
  0.1827935639580243D-07  0.1941131185788117D-07  0.2061335578004246D-07
  0.2188983784335589D-07  0.2324536681711329D-07  0.2468483787694634D-07
  0.2621344736165476D-07  0.2783671702677006D-07  0.2956050858062401D-07
  0.3139104465903535D-07  0.3333493627042193D-07  0.3539920345946492D-07
  0.3759130247520805D-07  0.3991914575310794D-07  0.4239113795365314D-07
  0.4501621098006952D-07  0.4780384364014254D-07  0.5076410313742521D-07
  0.5390767279223637D-07  0.5724590701421920D-07  0.6079086263212788D-07
  0.6455533957342771D-07  0.6855293431642694D-07  0.7279807802891943D-07
  0.7730610026076359D-07  0.8209328585692396D-07  0.8717691948413589D-07
  0.9257535427929577D-07  0.9830808867921624D-07  0.1043958232049593D-06
  0.1108605390348998D-06  0.1177255853611652D-06  0.1250157493946235D-06
  0.1327573585538797D-06  0.1409783638847587D-06  0.1497084569741290D-06
  0.1589791614119074D-06  0.1688239566938566D-06  0.1792783869721271D-06
  0.1903802107431338D-06  0.2021695178998463D-06  0.2146888775113276D-06
  0.2279834977781869D-06  0.2421013898627910D-06  0.2570935319294297D-06
  0.2730140633273474D-06  0.2899204738190248D-06  0.3078738167028714D-06
  0.3269389224407188D-06  0.3471846328939953D-06  0.3686840617163251D-06
  0.3915148433450348D-06  0.4157594238532846D-06  0.4415053481956944D-06
  0.4688455944792666D-06  0.4978788845889066D-06  0.5287100599671191D-06
  0.5614504624012466D-06  0.5962183156709829D-06  0.6331391711455030D-06
  0.6723463494155251D-06  0.7139814341745223D-06  0.7581947755190740D-06
  0.8051460312498605D-06  0.8550047481741493D-06  0.9079509675020706D-06
  0.9641758835801838D-06  0.1023882529089527D-05  0.1087286513960931D-05
  0.1154616793276042D-05  0.1226116507066384D-05  0.1302043840449303D-05
  0.1382672982062120D-05  0.1468295085990210D-05  0.1559219343104742D-05
  0.1655774092787753D-05  0.1758307997367019D-05  0.1867191322633678D-05
  0.1982817255211536D-05  0.2105603327437275D-05  0.2235992933622399D-05
  0.2374456927064116D-05  0.2521495309363994D-05  0.2677639053487163D-05
  0.2843452007470176D-05  0.3019532936097300D-05  0.3206517686890382D-05
  0.3405081482664247D-05  0.3615941348651313D-05  0.3839858725751610D-05
  0.4077642202233541D-05  0.4330150428706576D-05  0.4598295247127979D-05
  0.4883044947441696D-05  0.5185427788471795D-05  0.5506535702439928D-05
  0.5847528243831817D-05  0.6209636769582930D-05  0.6594168884973866D-05
  0.7002513175557668D-05  0.7436144211138462D-05  0.7896627869598275D-05
  0.8385627008341720D-05  0.8904907446346049D-05  0.9456344355793621D-05
  0.1004192902912609D-04  0.1066377606510261D-04  0.1132413101416562D-04
  0.1202537848277656D-04  0.1277005074203470D-04  0.1356083687388641D-04
  0.1440059248215253D-04  0.1529235000609173D-04  0.1623932966485152D-04
  0.1724495109435534D-04  0.1831284568937034D-04  0.1944686971883072D-04
  0.2065111825202763D-04  0.2192993994687033D-04  0.2328795274704302D-04
  0.2473006056992682D-04  0.2626147100232703D-04  0.2788771411493574D-04
  0.2961466242559645D-04  0.3144855211310664D-04  0.3339600552205520D-04
  0.3546405509841046D-04  0.3766016876396553D-04  0.3999227689387191D-04
  0.4246880095755962D-04  0.4509868391509108D-04  0.4789142252953390D-04
  0.5085710164238982D-04  0.5400643060584507D-04  0.5735078194943223D-04
  0.6090223244242353D-04  0.6467360671206206D-04  0.6867852355377405D-04
  0.7293144510201724D-04  0.7744772906252879D-04  0.8224368416957728D-04
  0.8733662907341482D-04  0.9274495488679822D-04  0.9848819158920526D-04
  0.1045870785557408D-03  0.1110636394515047D-03  0.1179412617564730D-03
  0.1252447812199753D-03  0.1330005715487981D-03  0.1412366396442569D-03
  0.1499827267320896D-03  0.1592704157706347D-03  0.1691332454888344D-03
  0.1796068315096498D-03  0.1907289949520602D-03  0.2025398990085496D-03
  0.2150821939835970D-03  0.2284011713006011D-03  0.2425449270585018D-03
  0.2575645357120391D-03  0.2735142344998920D-03  0.2904516193093531D-03
  0.3084378526545806D-03  0.3275378845400236D-03  0.3478206870076212D-03
  0.3693595031907407D-03  0.3922321118144511D-03  0.4165211080515380D-03
  0.4423142017862494D-03  0.4697045343445788D-03  0.4987910148332728D-03
  0.5296786773100947D-03  0.5624790600742671D-03  0.5973106084401960D-03
  0.6342991024558392D-03  0.6735781111052274D-03  0.7152894746395914D-03
  0.7595838167773336D-03  0.8066210886155818D-03  0.8565711462364420D-03
  0.9096143640679199D-03  0.9659422862350808D-03  0.1025758318244570D-02
  0.1089278461500039D-02  0.1156732093304761D-02  0.1228362795164442D-02
  0.1304429232384925D-02  0.1385206088135376D-02  0.1470985055355405D-02
  0.1562075890087231D-02  0.1658807530035423D-02  0.1761529282388244D-02
  0.1870612085204159D-02  0.1986449846900352D-02  0.2109460868698035D-02
  0.2240089355143164D-02  0.2378807018175735D-02  0.2526114780524475D-02
  0.2682544584587043D-02  0.2848661313324535D-02  0.3025064830106906D-02
  0.3212392144881907D-02  0.3411319714470530D-02  0.3622565885327294D-02
  0.3846893487545824D-02  0.4085112589522455D-02  0.4338083423180969D-02
  0.4606719490364932D-02  0.4891990861565046D-02  0.5194927678944389D-02
  0.5516623876282238D-02  0.5858241129268585D-02  0.6221013050428034D-02
  0.6606249643812016D-02  0.7015342035549221D-02  0.7449767497333514D-02
  0.7911094780994889D-02  0.8400989783410799D-02  0.8921221562219249D-02
  0.9473668724055430D-02  0.1006032620837821D-01  0.1068331249138913D-01
  0.1134487723605028D-01  0.1204740941583327D-01  0.1279344594153052D-01
  0.1358568082228192D-01  0.1442697489389907D-01  0.1532036614961764D-01
  0.1626908071057925D-01  0.1727654447566513D-01  0.1834639549274290D-01
  0.1948249709600426D-01  0.2068895185683505D-01  0.2197011639859154D-01
  0.2333061712878405D-01  0.2477536694547560D-01  0.2630958297822553D-01
  0.2793880542764468D-01  0.2966891757158636D-01  0.3150616701022623D-01
  0.3345718822674250D-01  0.3552902654506748D-01  0.3772916357122793D-01
  0.4006554421013522D-01  0.4254660535539790D-01  0.4518130635575070D-01
  0.4797916136811609D-01  0.5095027371413573D-01  0.5410537236422922D-01
  0.5745585068092970D-01  0.6101380756140636D-01  0.6479209112773458D-01
  0.6880434512269434D-01  0.7306505817862721D-01  0.7758961613727099D-01
  0.8239435760950471D-01  0.8749663297563189D-01  0.9291486703926012D-01
  0.9866862556102921D-01
    1 1000  327
  0.0000000000000000D+00 -0.4702359612432099D-13 -0.5884438844304167D-13
 -0.4888288232626026D-13 -0.5614416209226307D-13 -0.6305877055577752D-13
 -0.7712399864643408D-13 -0.8330725123765830D-13 -0.8782082338108680D-13
 -0.8710007498827083D-13 -0.9127865194513815D-13 -0.1173903690186434D-12
 -0.1250876637851343D-12 -0.1226350412648273D-12 -0.1474789625623174D-12
 -0.1482824495061924D-12 -0.1705381580090181D-12 -0.1925859482294751D-12
 -0.2019997028243029D-12 -0.2129296661792584D-12 -0.2220363629310419D-12
 -0.2398871469641437D-12 -0.2797805982257154D-12 -0.3098730316215467D-12
 -0.3279209538016067D-12 -0.3685205312743988D-12 -0.4023111070476489D-12
 -0.4360567879752557D-12 -0.4770965916408256D-12 -0.5126025194363142D-12
 -0.5645901320401782D-12 -0.6289604970725034D-12 -0.6836543139252273D-12
 -0.7485009303851015D-12 -0.8111008924262845D-12 -0.9067212013431508D-12
 -0.9752281027219917D-12 -0.1073908133161532D-11 -0.1175906435080617D-11
 -0.1274726324848318D-11 -0.1400326362219016D-11 -0.1514407318992461D-11
 -0.1680187275105241D-11 -0.1824182006369764D-11 -0.2003753492944664D-11
 -0.2187415051672341D-11 -0.2398331051024434D-11 -0.2620299592605987D-11
 -0.2883729223061111D-11 -0.3155410580787473D-11 -0.3436698115195048D-11
 -0.3765689962800644D-11 -0.4133038579773027D-11 -0.4497875264244681D-11
 -0.4931695388634603D-11 -0.5395466617360910D-11 -0.5899023161828210D-11
 -0.6470663482594620D-11 -0.7066632884474948D-11 -0.7726605747821902D-11
 -0.8467716154000826D-11 -0.9262194097289162D-11 -0.1015878287292895D-10
 -0.1107548076775773D-10 -0.1214340536039923D-10 -0.1326858203296289D-10
 -0.1452548977809650D-10 -0.1590461706513701D-10 -0.1740425132405573D-10
 -0.1903932756776056D-10 -0.2084522351403203D-10 -0.2282212533735698D-10
 -0.2497045249115104D-10 -0.2731537202169971D-10 -0.2989150321271372D-10
 -0.3270213531145991D-10 -0.3579458129800634D-10 -0.3918534717613875D-10
 -0.4285857966598639D-10 -0.4691438315543058D-10 -0.5131343792331542D-10
 -0.5617416470925618D-10 -0.6146267987230697D-10 -0.6725464312022985D-10
 -0.7359708665096362D-10 -0.8054057216439956D-10 -0.8814021575001241D-10
 -0.9644639646104973D-10 -0.1055577109963058D-09 -0.1154988128961639D-09
 -0.1264044203922158D-09 -0.1383031789454344D-09 -0.1513433334152454D-09
 -0.1656237973601525D-09 -0.1812540855330087D-09 -0.1983497294552895D-09
 -0.2170637996679751D-09 -0.2375242201675706D-09 -0.2599299909813129D-09
 -0.2844541875545811D-09 -0.3112768994876736D-09 -0.3406363661766897D-09
 -0.3727494974639585D-09 -0.4078982209722769D-09 -0.4463714221579621D-09
 -0.4884627416883984D-09 -0.5345412480244429D-09 -0.5849518424341929D-09
 -0.6401171726354344D-09 -0.7004762975426677D-09 -0.7665497277484592D-09
 -0.8388410963012105D-09 -0.9179553536502742D-09 -0.1004527529077297D-08
 -0.1099260494348280D-08 -0.1202934991471990D-08 -0.1316392797239893D-08
 -0.1440525251431642D-08 -0.1576388967619931D-08 -0.1725051503847010D-08
 -0.1887751761295283D-08 -0.2065789371270651D-08 -0.2260622338960274D-08
 -0.2473811835509771D-08 -0.2707139732517048D-08 -0.2962428490086253D-08
 -0.3241822376455687D-08 -0.3547576560709918D-08 -0.3882143563227594D-08
 -0.4248264855160489D-08 -0.4648934389503208D-08 -0.5087377643900299D-08
 -0.5567162870618258D-08 -0.6092219873994155D-08 -0.6666795420485970D-08
 -0.7295536568938806D-08 -0.7983587896843846D-08 -0.8736522789134307D-08
 -0.9560470181984412D-08 -0.1046213827458551D-07 -0.1144883630173615D-07
 -0.1252858145436513D-07 -0.1371015623232191D-07 -0.1500319133049780D-07
 -0.1641815997208932D-07 -0.1796655679157354D-07 -0.1966100511077717D-07
 -0.2151526088924854D-07 -0.2354439639365052D-07 -0.2576487062270333D-07
 -0.2819479367438084D-07 -0.3085389103060249D-07 -0.3376374648425397D-07
 -0.3694803519382746D-07 -0.4043265107033830D-07 -0.4424590010645476D-07
 -0.4841877521257820D-07 -0.5298520124600819D-07 -0.5798229315289433D-07
 -0.6345066969985006D-07 -0.6943477172960703D-07 -0.7598325020690189D-07
 -0.8314929673575057D-07 -0.9099120689733570D-07 -0.9957268747270130D-07
 -0.1089634920227022D-06 -0.1192399623170514D-06 -0.1304856169060179D-06
 -0.1427918580335188D-06 -0.1562587089565333D-06 -0.1709956447827588D-06
 -0.1871224307709203D-06 -0.2047701518121516D-06 -0.2240822586019817D-06
 -0.2452156893932764D-06 -0.2683422531566871D-06 -0.2936499073530458D-06
 -0.3213443532968849D-06 -0.3516506834402211D-06 -0.3848152498311621D-06
 -0.4211075956076794D-06 -0.4608227218994254D-06 -0.5042834212398554D-06
 -0.5518429332368076D-06 -0.6038878480356337D-06 -0.6608411763057263D-06
 -0.7231658269659633D-06 -0.7913683859304187D-06 -0.8660032092740380D-06
 -0.9476769217170863D-06 -0.1037053378249273D-05 -0.1134859016926095D-05
 -0.1241888819937789D-05 -0.1359012711725582D-05 -0.1487182691498929D-05
 -0.1627440523055970D-05 -0.1780926220239674D-05 -0.1948887326780010D-05
 -0.2132689027110504D-05 -0.2333825274085494D-05 -0.2553930892500698D-05
 -0.2794794921948923D-05 -0.3058375093632821D-05 -0.3346813803434566D-05
 -0.3662455483212605D-05 -0.4007865677523511D-05 -0.4385851884608989D-05
 -0.4799486381526674D-05 -0.5252131211192755D-05 -0.5747465467282825D-05
 -0.6289515243657511D-05 -0.6882686326274007D-05 -0.7531800021950267D-05
 -0.8242132340597760D-05 -0.9019456885327876D-05 -0.9870091750243466D-05
 -0.1080095093730353D-04 -0.1181960046439613D-04 -0.1293431994971379D-04
 -0.1415416985472365D-04 -0.1548906513718723D-04 -0.1694985586464871D-04
 -0.1854841536661119D-04 -0.2029773676488144D-04 -0.2221203858409627D-04
 -0.2430688030653388D-04 -0.2659928885161273D-04 -0.2910789696072475D-04
 -0.3185309465729946D-04 -0.3485719495266712D-04 -0.3814461524441994D-04
 -0.4174207575048168D-04 -0.4567881670150112D-04 -0.4998683601598330D-04
 -0.5470114935750280D-04 -0.5986007475089053D-04 -0.6550554406943313D-04
 -0.7168344378381444D-04 -0.7844398799916641D-04 -0.8584212655761768D-04
 -0.9393799168074492D-04 -0.1027973867211621D-03 -0.1124923210253529D-03
 -0.1231015952211169D-03 -0.1347114417045352D-03 -0.1474162255432998D-03
 -0.1613192114820725D-03 -0.1765334032790045D-03 -0.1931824621914725D-03
 -0.2114017121138055D-03 -0.2313392394812519D-03 -0.2531570969246693D-03
 -0.2770326204402278D-03 -0.3031598707661510D-03 -0.3317512107307316D-03
 -0.3630390313294521D-03 -0.3972776406133815D-03 -0.4347453306938612D-03
 -0.4757466397289206D-03 -0.5206148271954962D-03 -0.5697145826410896D-03
 -0.6234449898795347D-03 -0.6822427707680564D-03 -0.7465858348694565D-03
 -0.8169971639277088D-03 -0.8940490626673543D-03 -0.9783678104997762D-03
 -0.1070638751935434D-02 -0.1171611867074311D-02 -0.1282107867464280D-02
 -0.1403024866861938D-02 -0.1535345681111481D-02 -0.1680145816503824D-02
 -0.1838602211504059D-02 -0.2012002802935813D-02 -0.2201756994360466D-02
 -0.2409407111729534D-02 -0.2636640939449559D-02 -0.2885305438728422D-02
 -0.3157421759708596D-02 -0.3455201669420732D-02 -0.3781065529067941D-02
 -0.4137661966776359D-02 -0.4527889405696026D-02 -0.4954919622443068D-02
 -0.5422223527364817D-02 -0.5933599376172953D-02 -0.6493203642237891D-02
 -0.7105584800496216D-02 -0.7775720297545231D-02 -0.8509057008430661D-02
 -0.9311555508957597D-02 -0.1018973852337454D-01 -0.1115074394121056D-01
 -0.1220238283418233D-01 -0.1335320294475172D-01 -0.1461255816234792D-01
 -0.1599068455197310D-01 -0.1749878355314928D-01 -0.1914911302544385D-01
 -0.2095508688060929D-01 -0.2293138411112937D-01 -0.2509406810137145D-01
 -0.2746071719110253D-01 -0.3005056755259641D-01 -0.3288466954263418D-01
 -0.3598605880023834D-01 -0.3937994348081497D-01 -0.4309390914855961D-01
 -0.4715814299248623D-01 -0.5160567918851872D-01 -0.5647266740195188D-01
 -0.6179866661266641D-01 -0.6762696665132988D-01 -0.7400494006002946D-01
 -0.8098442713725965D-01 -0.8862215729693518D-01 -0.9698021016622392D-01
 -0.1061265201700315D+00 -0.1161354287033992D+00 -0.1270882883798822D+00
 -0.1390741242672597D+00 -0.1521903574851113D+00 -0.1665435970456706D+00
 -0.1822505063740605D+00 -0.1994387515510002D+00 -0.2182480389853260D+00
 -0.2388312509505464D+00
    1 1000  327
  0.0000000000000000D+00  0.4503113213642838D-13  0.4452360456281353D-13
  0.4982266332366557D-13  0.5725055258099792D-13  0.5881475672790673D-13
  0.6452133624067762D-13  0.6894113370375394D-13  0.7816792306136659D-13
  0.8771321468934243D-13  0.9281789033714607D-13  0.1059485138639732D-12
  0.1126628436704985D-12  0.1256823757188443D-12  0.1346298691523478D-12
  0.1489625113766589D-12  0.1620400083885510D-12  0.1809909180838178D-12
  0.1978294198934807D-12  0.2155512656468187D-12  0.2368653102196664D-12
  0.2593202863449794D-12  0.2823128927852813D-12  0.3068974860500286D-12
  0.3389538110882277D-12  0.3705156513919063D-12  0.4070846899390764D-12
  0.4466142035939406D-12  0.4902292816464102D-12  0.5315563110768211D-12
  0.5839546333078186D-12  0.6389619245105725D-12  0.6976662789760257D-12
  0.7674258582048383D-12  0.8358500641769804D-12  0.9173070658242327D-12
  0.1001099869041845D-11  0.1098189269906437D-11  0.1206815582334777D-11
  0.1314740575854794D-11  0.1444602506185634D-11  0.1578341571167094D-11
  0.1726913149995015D-11  0.1893561037971754D-11  0.2065810048554005D-11
  0.2266491161632493D-11  0.2476351234111489D-11  0.2707151199824854D-11
  0.2964249509118315D-11  0.3242207454946784D-11  0.3549943179614318D-11
  0.3887418887907818D-11  0.4253587661065109D-11  0.4652385637924113D-11
  0.5093072713484683D-11  0.5572602872596863D-11  0.6100557384192531D-11
  0.6673131428139283D-11  0.7305213472705726D-11  0.7995745047629733D-11
  0.8747833238185842D-11  0.9568468153551973D-11  0.1047873646882697D-10
  0.1145899457564833D-10  0.1254197813032373D-10  0.1372582994378066D-10
  0.1502055335824053D-10  0.1644093617925863D-10  0.1799238361116585D-10
  0.1968621837417586D-10  0.2154718086206312D-10  0.2357696892590582D-10
  0.2580016794814576D-10  0.2823590164364249D-10  0.3089583058872251D-10
  0.3380636953072611D-10  0.3699829365966737D-10  0.4048850187414971D-10
  0.4431081727307905D-10  0.4848325000444232D-10  0.5305832219902616D-10
  0.5806554813897124D-10  0.6354067533242480D-10  0.6953278212046640D-10
  0.7609049697065731D-10  0.8326391726860099D-10  0.9111650662758128D-10
  0.9971288374848238D-10  0.1091150051557616D-09  0.1194085625520589D-09
  0.1306702811478396D-09  0.1429923341590707D-09  0.1564808890652145D-09
  0.1712352492631686D-09  0.1873854345735313D-09  0.2050612074466857D-09
  0.2244005273853884D-09  0.2455637835365001D-09  0.2687259356740375D-09
  0.2940659337168202D-09  0.3217987586249122D-09  0.3521537500307704D-09
  0.3853613703539466D-09  0.4217060702627627D-09  0.4614752195741959D-09
  0.5049998896049774D-09  0.5526270631187310D-09  0.6047443022718181D-09
  0.6617831405694866D-09  0.7241952636236451D-09  0.7924958175242419D-09
  0.8672350294523042D-09  0.9490282730543829D-09  0.1038529662718595D-08
  0.1136480872783429D-08  0.1243659280437204D-08  0.1360949997384454D-08
  0.1489301458660556D-08  0.1629760255278411D-08  0.1783462038554271D-08
  0.1951665437094756D-08  0.2135730644910534D-08  0.2337152183269869D-08
  0.2557575524308629D-08  0.2798780378128533D-08  0.3062734971833521D-08
  0.3351588753435310D-08  0.3667677221917622D-08  0.4013579981174531D-08
  0.4392105712155195D-08  0.4806331783932295D-08  0.5259620865556962D-08
  0.5755662889595451D-08  0.6298488222872631D-08  0.6892500529769321D-08
  0.7542543502776568D-08  0.8253890916611887D-08  0.9032323626860502D-08
  0.9884167157541663D-08  0.1081635642856615D-07  0.1183646214997282D-07
  0.1295277077509469D-07  0.1417435757185731D-07  0.1551116036528098D-07
  0.1697403354493284D-07  0.1857487088937573D-07  0.2032669064773703D-07
  0.2224372446777362D-07  0.2434155570764918D-07  0.2663723081105632D-07
  0.2914941921131268D-07  0.3189853435903851D-07  0.3490692001591794D-07
  0.3819902835908734D-07  0.4180161974020243D-07  0.4574397651753811D-07
  0.5005814444947229D-07  0.5477918532952601D-07  0.5994546604693540D-07
  0.6559899132418011D-07  0.7178570017863298D-07  0.7855588920378457D-07
  0.8596458175950693D-07  0.9407199702978671D-07  0.1029440282793433D-06
  0.1126527946498374D-06  0.1232772018480856D-06  0.1349036134043896D-06
  0.1476265171118307D-06  0.1615493389251942D-06  0.1767852337010618D-06
  0.1934580432286406D-06  0.2117032849627444D-06  0.2316692533479542D-06
  0.2535182343290818D-06  0.2774278183251372D-06  0.3035923394204974D-06
  0.3322244656859871D-06  0.3635569208100056D-06  0.3978443725056656D-06
  0.4353655105290955D-06  0.4764253092412882D-06  0.5213575026663153D-06
  0.5705273034643555D-06  0.6243343561078751D-06  0.6832160171736162D-06
  0.7476508686410551D-06  0.8181626408132779D-06  0.8953244565011687D-06
  0.9797634893401480D-06  0.1072166058622694D-05  0.1173283216056627D-05
  0.1283936843465464D-05  0.1405026336413123D-05  0.1537535911176583D-05
  0.1682542609066736D-05  0.1841225048059418D-05  0.2014873002146212D-05
  0.2204897883961640D-05  0.2412844223500867D-05  0.2640402208213808D-05
  0.2889421437472267D-05  0.3161925942466390D-05  0.3460130648228199D-05
  0.3786459363844072D-05  0.4143564500267535D-05  0.4534348614577074D-05
  0.4961988006742923D-05  0.5429958538124090D-05  0.5942063883949688D-05
  0.6502466447042038D-05  0.7115721191076313D-05  0.7786812662654850D-05
  0.8521195505676911D-05  0.9324838802396068D-05  0.1020427457856525D-04
  0.1116665090783158D-04  0.1221979000412868D-04  0.1337225180316129D-04
  0.1463340354053504D-04  0.1601349588116969D-04  0.1752374624341290D-04
  0.1917642997522465D-04  0.2098498012137833D-04  0.2296409661555106D-04
  0.2512986575838542D-04  0.2749989096416088D-04  0.3009343584801776D-04
  0.3293158079340984D-04  0.3603739430175881D-04  0.3943612049086833D-04
  0.4315538427357130D-04  0.4722541590402964D-04  0.5167929668240596D-04
  0.5655322784213262D-04  0.6188682479757018D-04  0.6772343913049717D-04
  0.7411051096493148D-04  0.8109995454926525D-04  0.8874858022651030D-04
  0.9711855618075778D-04  0.1062779137496932D-03  0.1163011003772982D-03
  0.1272695847314049D-03  0.1392725188768546D-03  0.1524074629074956D-03
  0.1667811779188948D-03  0.1825104937593688D-03  0.1997232586321526D-03
  0.2185593782415034D-03  0.2391719529532194D-03  0.2617285221975381D-03
  0.2864124262308326D-03  0.3134242963308729D-03  0.3429836855299922D-03
  0.3753308531510921D-03  0.4107287176329334D-03  0.4494649935441054D-03
  0.4918545301288710D-03  0.5382418704086563D-03  0.5890040516343547D-03
  0.6445536698553933D-03  0.7053422335067297D-03  0.7718638332786825D-03
  0.8446591580955219D-03  0.9243198898494771D-03  0.1011493512599722D-02
  0.1106888575336677D-02  0.1211280451084818D-02  0.1325517639148215D-02
  0.1450528661731293D-02  0.1587329610985025D-02  0.1737032407827884D-02
  0.1900853839658377D-02  0.2080125450429572D-02  0.2276304363466080D-02
  0.2490985124990375D-02  0.2725912664629449D-02  0.2982996478237402D-02
  0.3264326148316247D-02  0.3572188328186130D-02  0.3909085327951186D-02
  0.4277755453325132D-02  0.4681195262638454D-02  0.5122683922923310D-02
  0.5605809863053506D-02  0.6134499940565195D-02  0.6713051359237154D-02
  0.7346166596849256D-02  0.8038991627020072D-02  0.8797157745785201D-02
  0.9626827342886038D-02  0.1053474398980024D-01  0.1152828725162980D-01
  0.1261553266835599D-01  0.1380531739299376D-01  0.1510731202015419D-01
  0.1653209918883254D-01  0.1809125959831822D-01  0.1979746613635295D-01
  0.2166458688462310D-01  0.2370779783881238D-01  0.2594370625940376D-01
  0.2839048565583457D-01  0.3106802350115235D-01  0.3399808287780331D-01
  0.3720447936841299D-01  0.4071327462932794D-01  0.4455298822029417D-01
  0.4875482941202176D-01  0.5335295085577592D-01  0.5838472617682845D-01
  0.6389105374804582D-01  0.6991668911270400D-01  0.7651060875846076D-01
  0.8372640819924861D-01  0.9162273760071259D-01  0.1002637784899555D+00
  0.1097197654243049D+00  0.1200675568592355D+00  0.1313912598554668D+00
  0.1437829137028776D+00  0.1573432380177381D+00  0.1721824513938126D+00
  0.1884211672613508D+00  0.2061913742355151D+00  0.2256375089225482D+00
  0.2469176299034727D+00
    1 1000  327
  0.0000000000000000D+00 -0.3272101084608306D-14 -0.1118117186254685D-15
 -0.1894938836178137D-15  0.9342944581383670D-15 -0.6490093315019200D-15
 -0.2298270142240817D-15 -0.3677477343975191D-14  0.7131925634228398D-15
 -0.7324180834540691D-15 -0.1594463099035546D-14 -0.1947806818187377D-14
 -0.6484894812373079D-15 -0.1398098130618369D-14 -0.8442836055898423D-15
  0.4914671046841360D-17  0.8207905295691220D-16 -0.2939084595792565D-14
 -0.2076128229940238D-15 -0.1434563467439375D-14  0.1620864274122785D-14
 -0.6001086511921941D-14 -0.2775806142244284D-14  0.1475095620383450D-14
 -0.1358165034434847D-14  0.1950231000767389D-14  0.2825641260552277D-15
  0.3074677184984823D-15  0.1117671119375982D-15 -0.7759691282804624D-15
  0.1104166710578985D-14 -0.2515922078497572D-14 -0.1014955219492228D-14
 -0.4687739103250312D-16  0.8043581747242959D-15 -0.2289008445947593D-15
  0.2721565358965844D-14 -0.1317565108758872D-14  0.2204583804813120D-14
  0.1223767371622142D-14 -0.3317491729353443D-14  0.7194409711980263D-15
  0.2267069158332519D-14 -0.2556875868234541D-14 -0.2233901322338508D-14
 -0.1204273162070931D-14  0.1361778497330126D-15 -0.1480820155507393D-14
 -0.5659998397218229D-15 -0.5927152157252381D-15  0.1604492059581119D-14
  0.4829944511245105D-15  0.1980619988739647D-15  0.1911416492452924D-14
  0.1634644564276828D-14  0.1123784679501485D-14  0.1079993181388729D-14
 -0.1882624070167174D-15  0.2796135926605063D-15  0.1579735927923515D-14
  0.2534984020841916D-14 -0.9280575652457167D-15  0.3787177266642685D-15
  0.1027959702158188D-14  0.1015396964143887D-14  0.2363391952549709D-14
  0.5589125512808150D-14  0.1592203448656974D-14  0.7760667327950887D-15
  0.2443421574676006D-14  0.3014220108970244D-14  0.3496548958616813D-14
  0.5137334734202261D-14  0.4039732817662059D-14  0.6264685253505040D-14
  0.5721392094266494D-14  0.4437849811325533D-14  0.1055827409187152D-13
  0.9093242972618157D-14  0.1149131824765535D-13  0.1099908581868760D-13
  0.1314583293644638D-13  0.1362959048806584D-13  0.1967217808523106D-13
  0.2110740999169962D-13  0.2374975822467071D-13  0.2468817772454284D-13
  0.2841818748024992D-13  0.3011475294106232D-13  0.3473869275647759D-13
  0.3649036009188280D-13  0.4624683399109293D-13  0.4885715521589397D-13
  0.5828968167607155D-13  0.6451868918752933D-13  0.7419730719117031D-13
  0.8588978557852399D-13  0.9444007281151449D-13  0.1074066041861311D-12
  0.1217470559883732D-12  0.1366113335731715D-12  0.1542666197006596D-12
  0.1748430752370217D-12  0.1936199009420739D-12  0.2168241182840119D-12
  0.2491936913725202D-12  0.2801100846572370D-12  0.3163168340465065D-12
  0.3576241090550020D-12  0.4008530896350721D-12  0.4536070735624098D-12
  0.5098381418066510D-12  0.5769623330619149D-12  0.6468210777385427D-12
  0.7345422941420096D-12  0.8244626715055288D-12  0.9316242420448450D-12
  0.1050860673808141D-11  0.1186323264269991D-11  0.1335985851364013D-11
  0.1506578691479789D-11  0.1698748619072092D-11  0.1917902249780800D-11
  0.2160617517051530D-11  0.2439458497199439D-11  0.2752628345221874D-11
  0.3099452376031549D-11  0.3498728840664773D-11  0.3944194934099511D-11
  0.4448925149051438D-11  0.5016722276624030D-11  0.5658512760777646D-11
  0.6377536105155123D-11  0.7192508365352792D-11  0.8111767250168969D-11
  0.9146146413798163D-11  0.1031514532186078D-10  0.1163131838327747D-10
  0.1311716779759802D-10  0.1479176219059068D-10  0.1668010821167263D-10
  0.1881323888790911D-10  0.2121232565212420D-10  0.2392165745949133D-10
  0.2697822465656019D-10  0.3042103101373897D-10  0.3430819928310115D-10
  0.3868521756484258D-10  0.4362511128651111D-10  0.4919394809890832D-10
  0.5547809136317828D-10  0.6256221434591690D-10  0.7054882005662687D-10
  0.7955716086916490D-10  0.8971716654983640D-10  0.1011726548181629D-09
  0.1140908567108291D-09  0.1286580063689475D-09  0.1450842839095223D-09
  0.1636109091513495D-09  0.1844990322885752D-09  0.2080583156104863D-09
  0.2346259087116445D-09  0.2645854675461548D-09  0.2983688161799609D-09
  0.3364633397543611D-09  0.3794262070586024D-09  0.4278748476050869D-09
  0.4825063923749292D-09  0.5441149782584216D-09  0.6135913209374321D-09
  0.6919355694419169D-09  0.7802876805253432D-09  0.8799177717640124D-09
  0.9922693502564108D-09  0.1118967077852514D-08  0.1261841932514235D-08
  0.1422962883140441D-08  0.1604650796580260D-08  0.1809541221341488D-08
  0.2040592614829898D-08  0.2301147609181726D-08  0.2594968141652058D-08
  0.2926304230727749D-08  0.3299949594620303D-08  0.3721302257476842D-08
  0.4196457925425532D-08  0.4732281426224093D-08  0.5336521382713583D-08
  0.6017914803808388D-08  0.6786312600539193D-08  0.7652820944682229D-08
  0.8629967974490632D-08  0.9731886532187087D-08  0.1097450031661822D-07
  0.1237577769780251D-07  0.1395597676789066D-07  0.1573794283594667D-07
  0.1774743918574494D-07  0.2001351810406192D-07  0.2256894150602063D-07
  0.2545065246448274D-07  0.2870031471275132D-07  0.3236490927222472D-07
  0.3649741748961526D-07  0.4115758410876441D-07  0.4641278248453710D-07
  0.5233899140096710D-07  0.5902188653433108D-07  0.6655808583810845D-07
  0.7505654402637050D-07  0.8464012646416504D-07  0.9544738520218425D-07
  0.1076345691556233D-06  0.1213778701756870D-06  0.1368759830444451D-06
  0.1543529698455000D-06  0.1740615017187486D-06  0.1962865144273763D-06
  0.2213493257805908D-06  0.2496122750138244D-06  0.2814839766161489D-06
  0.3174252096014002D-06  0.3579555928555614D-06  0.4036610913965943D-06
  0.4552024892854492D-06  0.5133249400392098D-06  0.5788687482544328D-06
  0.6527815044491043D-06  0.7361317998004934D-06  0.8301246622864132D-06
  0.9361189872703509D-06  0.1055647180042313D-05  0.1190437309487048D-05
  0.1342438093532788D-05  0.1513847071184797D-05  0.1707142374560529D-05
  0.1925118555463376D-05  0.2170926989062032D-05  0.2448121429028939D-05
  0.2760709394514782D-05  0.3113210100126580D-05  0.3510719798755671D-05
  0.3958985454429561D-05  0.4464487834261542D-05  0.5034535197688953D-05
  0.5677368961146685D-05  0.6402282843943823D-05  0.7219757232200404D-05
  0.8141610697150194D-05  0.9181170863556238D-05  0.1035346709155232D-04
  0.1167544776262052D-04  0.1316622530912025D-04  0.1484735253117404D-04
  0.1674313419439673D-04  0.1888097841436942D-04  0.2129179290737715D-04
  0.2401043183552339D-04  0.2707619970921588D-04  0.3053341962848590D-04
  0.3443207408080331D-04  0.3882852755843635D-04  0.4378634144475252D-04
  0.4937719294776814D-04  0.5568191136639672D-04  0.6279164667615726D-04
  0.7080918731976223D-04  0.7985044626661363D-04  0.9004613681281514D-04
  0.1015436623587074D-03  0.1145092474837158D-03  0.1291303411224804D-03
  0.1456183265972028D-03  0.1642115776709675D-03  0.1851789048216004D-03
  0.2088234415457762D-03  0.2354870268895142D-03  0.2655551475573089D-03
  0.2994625110594022D-03  0.3376993304591647D-03  0.3808184115904648D-03
  0.4294431452056033D-03  0.4842765195985097D-03  0.5461112840031978D-03
  0.6158414097030644D-03  0.6944750145513465D-03  0.7831489377578404D-03
  0.8831451756512176D-03  0.9959094160414815D-03  0.1123071939139441D-02
  0.1266471187204283D-02  0.1428180343681335D-02  0.1610537306087740D-02
  0.1816178485984688D-02  0.2048076924691829D-02  0.2309585275800060D-02
  0.2604484275899273D-02  0.2937037404283803D-02  0.3312052521869232D-02
  0.3734951380469742D-02  0.4211848007349446D-02  0.4749637098297010D-02
  0.5356093697150460D-02  0.6039985602887000D-02  0.6811200129395187D-02
  0.7680887050541607D-02  0.8661619797158638D-02  0.9767577236439014D-02
  0.1101474866180321D-01  0.1242116495686194D-01  0.1400715927550857D-01
  0.1579566100690721D-01  0.1781252727534701D-01  0.2008691676760090D-01
  0.2265171129236421D-01  0.2554399116644060D-01  0.2880557130052881D-01
  0.3248360573503394D-01  0.3663126936592880D-01  0.4130852671666417D-01
  0.4658299887059020D-01  0.5253094109749574D-01  0.5923834530822215D-01
  0.6680218327601008D-01  0.7533180859834471D-01  0.8495053766806404D-01
  0.9579743251049155D-01
    1 1000  327
  0.0000000000000000D+00  0.5454710103023955D-16 -0.1774150230404824D-14
  0.4235557971607228D-14  0.2307648492151392D-14 -0.2734557480463294D-14
  0.2997278281579218D-14 -0.4631933309747365D-15  0.1621466372849821D-14
  0.5477431888741814D-15 -0.3129415774939127D-14 -0.3072154634847731D-14
 -0.1312619971898784D-15 -0.2657353278375957D-15 -0.1593140680872498D-15
  0.8018730470750816D-15 -0.4211243667966804D-16  0.7834561085597976D-15
  0.6643292418800279D-15 -0.1981456220775559D-14 -0.1694179220371424D-14
 -0.1386577081741703D-14 -0.7759079776533532D-14 -0.3352047741673653D-14
 -0.1055649357610189D-14  0.3284224707841878D-14  0.5534410088556093D-16
  0.3857845945080026D-14 -0.2826166412852515D-14 -0.7224472258993631D-15
 -0.1348155044790010D-14 -0.1847012838676860D-14  0.3296913224030523D-14
 -0.2009616365777079D-14 -0.1152188702056854D-15  0.8230846714070929D-15
  0.2040403636598020D-14 -0.1383225526969033D-14  0.2328791711968672D-14
 -0.1749448584149004D-14 -0.9697708975362093D-15  0.2767509584593041D-14
 -0.2332849547413511D-14  0.3612349164412146D-14 -0.2013816204164937D-15
  0.6792796823683390D-15 -0.3572971133917238D-14 -0.2216287930727365D-14
 -0.7839932199683515D-15 -0.3693243208335994D-14 -0.2745746622673905D-15
 -0.4117426573616749D-14 -0.2433889848737820D-14  0.2832537340818838D-14
  0.2792133747529956D-14  0.1238623071380994D-14 -0.3197189179773368D-14
 -0.3131226037258003D-14 -0.7504998790509177D-15 -0.1823439108475672D-14
 -0.2165284644283961D-14 -0.3637324595682214D-14 -0.8233919483430065D-15
 -0.4158307089072210D-14 -0.4135588200153385D-14 -0.7061373916692387D-14
 -0.7324583398945992D-14 -0.7376785246354222D-14 -0.6240590475638132D-14
 -0.1096386907330252D-13 -0.8285392577278220D-14 -0.7399699487036752D-14
 -0.1184996756622132D-13 -0.1056270363860060D-13 -0.1356180464407137D-13
 -0.1770090200001674D-13 -0.1742335272156008D-13 -0.1889992348922543D-13
 -0.2402840544758079D-13 -0.2781778976720113D-13 -0.2626271519221649D-13
 -0.3366962516306071D-13 -0.3459832544194273D-13 -0.3789509696402067D-13
 -0.4716181462080440D-13 -0.5147584682267818D-13 -0.5567654404378538D-13
 -0.6754781441100976D-13 -0.7375547132924822D-13 -0.8137835458066274D-13
 -0.9504342479285126D-13 -0.1024857514459154D-12 -0.1146340795639356D-12
 -0.1285376729377154D-12 -0.1480321873265507D-12 -0.1680627100870463D-12
 -0.1920229885569259D-12 -0.2201354051968804D-12 -0.2451257718801493D-12
 -0.2769555535340259D-12 -0.3107636812238235D-12 -0.3498693020670178D-12
 -0.3928098051634870D-12 -0.4502358090063996D-12 -0.5002247394419289D-12
 -0.5672025157588617D-12 -0.6384992213953283D-12 -0.7238212877156409D-12
 -0.8098434936046841D-12 -0.9155473938474360D-12 -0.1034190632886376D-11
 -0.1162747456084164D-11 -0.1315157879216681D-11 -0.1478393049036263D-11
 -0.1666261959046472D-11 -0.1882899263650449D-11 -0.2124103083122997D-11
 -0.2390507493078856D-11 -0.2697062236178559D-11 -0.3041460183891438D-11
 -0.3426851053857675D-11 -0.3867861208928819D-11 -0.4359693554259614D-11
 -0.4919512526916126D-11 -0.5549200114017903D-11 -0.6257390266171347D-11
 -0.7049320714394912D-11 -0.7956034592751345D-11 -0.8970954358348284D-11
 -0.1011430920210139D-10 -0.1140625385680880D-10 -0.1286237822147080D-10
 -0.1450263523997841D-10 -0.1635527121912326D-10 -0.1844999553918272D-10
 -0.2080109250832267D-10 -0.2346139709422478D-10 -0.2645114607168808D-10
 -0.2982997515875906D-10 -0.3363635928807005D-10 -0.3793098136886422D-10
 -0.4277482044408068D-10 -0.4823893314323202D-10 -0.5439987358744176D-10
 -0.6133979285408561D-10 -0.6917278220135454D-10 -0.7800599015131191D-10
 -0.8796856409256586D-10 -0.9919883770885737D-10 -0.1118666053129560D-09
 -0.1261470692037706D-09 -0.1422548658068940D-09 -0.1604187546205634D-09
 -0.1809040022352211D-09 -0.2040021046184140D-09 -0.2300522476284439D-09
 -0.2594256682832568D-09 -0.2925477168921431D-09 -0.3298990920421770D-09
 -0.3720248174734202D-09 -0.4195288970268922D-09 -0.4730926443572696D-09
 -0.5335014424435357D-09 -0.6016189260516698D-09 -0.6784364192618965D-09
 -0.7650619685008409D-09 -0.8627525437233439D-09 -0.9729098844064693D-09
 -0.1097137679867545D-08 -0.1237226247651772D-08 -0.1395200492893762D-08
 -0.1573344637820994D-08 -0.1774240116558079D-08 -0.2000785020688450D-08
 -0.2256251922469656D-08 -0.2544344654972712D-08 -0.2869214316632260D-08
 -0.3235570770984586D-08 -0.3648705745078366D-08 -0.4114588266904919D-08
 -0.4639958482069699D-08 -0.5232409227214539D-08 -0.5900511132173692D-08
 -0.6653915623481365D-08 -0.7503518514132511D-08 -0.8461605665793339D-08
 -0.9542024408708528D-08 -0.1076039566080964D-07 -0.1213433507110586D-07
 -0.1368370490580202D-07 -0.1543090740075827D-07 -0.1740120147728002D-07
 -0.1962306786365617D-07 -0.2212863679755888D-07 -0.2495412810042939D-07
 -0.2814039223892801D-07 -0.3173349326332690D-07 -0.3578537802369262D-07
 -0.4035462669240573D-07 -0.4550730194481853D-07 -0.5131789372189070D-07
 -0.5787041088823405D-07 -0.6525958327671740D-07 -0.7359224171812909D-07
 -0.8298885527626739D-07 -0.9358527219795661D-07 -0.1055346932325018D-06
 -0.1190098715308826D-06 -0.1342056264267817D-06 -0.1513416469100970D-06
 -0.1706656800670373D-06 -0.1924571000150400D-06 -0.2170309511538378D-06
 -0.2447425101378322D-06 -0.2759924156548864D-06 -0.3112324592879559D-06
 -0.3509721231207767D-06 -0.3957859390963692D-06 -0.4463217988217158D-06
 -0.5033103197393679D-06 -0.5675754129510927D-06 -0.6400461827841416D-06
 -0.7217703692637522D-06 -0.8139294952511510D-06 -0.9178559422795066D-06
 -0.1035052220579010D-05 -0.1167212687261778D-05 -0.1316248039394836D-05
 -0.1484312945054669D-05 -0.1673837187805892D-05 -0.1887560803379832D-05
 -0.2128573680004134D-05 -0.2400360245145338D-05 -0.2706849833054422D-05
 -0.3052473489507409D-05 -0.3442228044026896D-05 -0.3881748342173931D-05
 -0.4377388713245410D-05 -0.4936314840142539D-05 -0.5566607356442679D-05
 -0.6277378661231097D-05 -0.7078904680044455D-05 -0.7982773411442941D-05
 -0.9002052466000199D-05 -0.1015147799133198D-04 -0.1144766771921438D-04
 -0.1290936120986364D-04 -0.1455769078395533D-04 -0.1641648703628506D-04
 -0.1851262336937901D-04 -0.2087640451233664D-04 -0.2354200464452351D-04
 -0.2654796147219674D-04 -0.2993773338283033D-04 -0.3376032773841166D-04
 -0.3807100939959363D-04 -0.4293209970995052D-04 -0.4841387750275899D-04
 -0.5459559515422213D-04 -0.6156662436470607D-04 -0.6942774824456791D-04
 -0.7829261838002866D-04 -0.8828939793933115D-04 -0.9956261458319174D-04
 -0.1122752499620622D-03 -0.1266110960103841D-03 -0.1427774121045199D-03
 -0.1610079214987744D-03 -0.1815661903599890D-03 -0.2047494382574535D-03
 -0.2308928351891897D-03 -0.2603743472772297D-03 -0.2936202011837900D-03
 -0.3311110462480056D-03 -0.3733889034390625D-03 -0.4210650015794784D-03
 -0.4748286141392541D-03 -0.5354570243544963D-03 -0.6038267627373212D-03
 -0.6809262794468124D-03 -0.7678702347338824D-03 -0.8659156140501561D-03
 -0.9764799008200137D-03 -0.1101161569596699D-02 -0.1241763195882459D-02
 -0.1400317516722072D-02 -0.1579116818843877D-02 -0.1780746079211991D-02
 -0.2008120337132839D-02 -0.2264526838207110D-02 -0.2553672559424988D-02
 -0.2879737802499809D-02 -0.3247436630251798D-02 -0.3662085019805845D-02
 -0.4129677717913134D-02 -0.4656974909537068D-02 -0.5251599952699785D-02
 -0.5922149592585611D-02 -0.6678318248314372D-02 -0.7531038169249741D-02
 -0.8492637487141628D-02 -0.9577018449129593D-02 -0.1079985840839603D-01
 -0.1217883647827849D-01 -0.1373388912667008D-01 -0.1548749840594988D-01
 -0.1746501698550279D-01 -0.1969503468595789D-01 -0.2220979181429142D-01
 -0.2504564527555098D-01 -0.2824359419997272D-01 -0.3184987268471107D-01
 -0.3591661821969148D-01 -0.4050262546130361D-01 -0.4567419625156285D-01
 -0.5150609817181780D-01 -0.5808264548922808D-01 -0.6549891812370370D-01
 -0.7386213625843298D-01 -0.8329321046731880D-01 -0.9392848977016982D-01
 -0.1059217328880177D+00 -0.1194463311978403D+00 -0.1346978155248636D+00
 -0.1518966830142233D+00 -0.1712915849512389D+00 -0.1931629216179786D+00
 -0.2178268961584708D+00
