    1
  315
 -0.6482662589213607D+00  0.4056120680962175D+00 -0.3256377229593183D+00
  0.1720117845114633D+01 -0.7422447469006019D+00 -0.7180211786944609D+00
 -0.3903839360190681D+00  0.1305204051166055D+00  0.4205085498081407D+00
 -0.6671237269889994D-01  0.4162255116330948D+00 -0.2605765696397643D+00
  0.2424538029110137D+00 -0.1587119177856340D+00  0.3213125801453446D+00
 -0.5863684362265058D-01 -0.8791383590453208D-01  0.3762269559244321D+00
 -0.5584036453229191D-01 -0.2569676780989739D+00  0.1210350989490033D+00
 -0.1384990671000579D+00 -0.1640998689968924D+00  0.4759752636913822D-01
  0.4759752636913755D-01 -0.4702287161042148D-01  0.1634550885965249D-01
 -0.1834520253293199D+00  0.1361350793817806D+00 -0.7837956146774286D-01
  0.4773890279156590D-01  0.4773890279156665D-01  0.6852284978416250D-01
  0.5499982228105942D-01 -0.1811707591063816D-01 -0.5473102541797716D-01
  0.1182521278833357D+00  0.9604541574132482D-02  0.2125471679557554D-02
 -0.8563492457311794D-01 -0.5666288680571512D-01  0.5769262367629110D-01
  0.4154762258794453D-01 -0.5515412864080313D-02  0.3612377661890971D-01
  0.1177975125795097D-01 -0.3319863804821739D-01 -0.3319863804821768D-01
  0.7843652477553510D-02 -0.3088353204701148D-01 -0.2648142638208165D-01
  0.5044161547263748D-01 -0.1765868458622795D-01  0.5193086172953925D-01
 -0.6911406825710297D-02 -0.2092922607043441D-01  0.4536280671530157D-01
 -0.4182756318104142D-01 -0.8237456518161523D-02 -0.1952307916500378D-01
 -0.3350579755557045D-01  0.1597454729526935D-01 -0.3704700336184974D-01
 -0.2244989622679429D-01  0.4661408791590723D-02  0.1330737734482552D-01
  0.1330737734482491D-01 -0.6677039739256086D-02  0.4740147899315662D-02
  0.1582753384347510D-02  0.1582753384347421D-02 -0.5274094011210087D-02
 -0.2503444166248591D-01  0.2050800852860606D-01  0.1471982211489589D-01
  0.1471982211489662D-01  0.2128899113416804D-01  0.1801312239678098D-01
 -0.1420145411185663D-02 -0.8608514564765820D-02  0.9339892232184963D-02
  0.1529636324293373D-02  0.5667245810288387D-02  0.2044225135450098D-02
 -0.6812594993732795D-02 -0.6947039113903998D-02 -0.7698523921098127D-02
 -0.4674352166092650D-02  0.6893996167683238D-02  0.5551639338364134D-02
 -0.1840248676734192D-02  0.1210637206996138D-01  0.1983293729420786D-02
 -0.1120226681296551D-01 -0.1120226681296575D-01  0.3674481788509720D-02
 -0.3893158462206571D-02 -0.1049452343414013D-01 -0.9012133523336656D-02
  0.4301713986923423D-02 -0.6065362635217645D-02  0.6183149180734250D-02
  0.8945666424934027D-02  0.3785052974311919D-02  0.3785052974312004D-02
 -0.1193921359219799D-02 -0.1809499309605259D-02  0.7853932076392605D-02
 -0.1097500845273669D-02  0.4766751736908380D-02 -0.2865161950345101D-02
 -0.2524959699818794D-02 -0.3402509557095012D-02 -0.5843283820834102D-02
  0.5577432623210006D-02 -0.3929699760037222D-02  0.4902225136431009D-02
 -0.2342559607911446D-02 -0.4260851392318598D-02  0.4160846583760196D-03
 -0.4698961548816217D-02  0.5558706313127820D-03  0.5558706313126850D-03
 -0.9261761490486991D-03 -0.3264603283697145D-02 -0.4396726936337495D-02
  0.3601394783763076D-02 -0.2089268510155633D-02  0.9375604204543107D-03
  0.1866687949052530D-02  0.7513148872462184D-03  0.7513148872461266D-03
 -0.4976838074080176D-03 -0.1507882501533596D-02  0.3270319899504920D-02
  0.5349858345362394D-03  0.1980858788289875D-02 -0.1189783087155013D-02
 -0.2420933084268409D-02 -0.2676466921144185D-02  0.6003587110623169D-03
 -0.1620891660642460D-02  0.8258130071534864D-03  0.8258130071535934D-03
  0.2385351764371014D-02  0.9596946599057751D-03  0.9596946599056877D-03
  0.1107514826962266D-02 -0.8732765698472616D-03 -0.8732765698472742D-03
  0.3406218416875067D-03  0.6301948780498553D-03  0.2271121907441513D-03
 -0.1332961711395981D-02 -0.8955238587764023D-03  0.1463511670205854D-02
  0.7601136811252770D-03  0.1043597104487017D-02  0.1043597104487119D-02
  0.1505313843965246D-02 -0.4691910908231285D-04  0.1272198360511026D-02
  0.1272198360511111D-02  0.6985004855934458D-03 -0.2001002965654984D-03
 -0.6056105063008193D-03  0.1311516891836602D-02 -0.1098111174640698D-02
 -0.6028107935397081D-03 -0.6028107935397444D-03  0.7907891793987553D-03
 -0.2371120121228271D-03 -0.4176796691792329D-03 -0.1120297449934466D-02
 -0.9601663871620845D-03 -0.6369116832434919D-03 -0.1745039654508796D-03
  0.8658817497592505D-03  0.1317968085833296D-03 -0.7419997596081377D-03
 -0.7419997596081714D-03 -0.2914648606688495D-03 -0.5132644649703371D-03
 -0.6865324454370439D-03  0.5583526203690757D-03 -0.3222359910659827D-03
 -0.3191608916186883D-03  0.2886105084512640D-03  0.5657095934259079D-03
  0.4772635219161150D-03  0.2270657145331823D-03 -0.7479201800245777D-04
 -0.3739600900120931D-04 -0.2258937927591315D-03  0.4878154595403774D-03
  0.2439077297701780D-03  0.1457907697028969D-03  0.2620043250292696D-04
  0.2620043250291465D-04 -0.1743247228281560D-03 -0.3496197056608132D-03
 -0.1748098528304223D-03 -0.1887399308387192D-03  0.8529205590674238D-04
 -0.2277962411605205D-03 -0.1138981205802645D-03  0.2315882687687380D-03
 -0.3090474975439075D-04 -0.3090474975439285D-04  0.3065955630984357D-03
 -0.4363562266738942D-04  0.2834421062634615D-03 -0.1313112648496554D-04
 -0.2365228991408140D-03 -0.2365228991408245D-03  0.4573968781485071D-04
  0.1681824653858148D-03  0.3017213201609191D-04  0.3017213201608128D-04
 -0.8820983872572656D-04 -0.2338458845603633D-03 -0.1995078584025713D-03
  0.1883920406816102D-03  0.9419602034080725D-04 -0.2135668714010815D-03
  0.9643594091844322D-04 -0.1279739772141464D-03  0.1850539679691726D-03
 -0.3442526512131636D-04  0.8535521219525350D-04 -0.7273779888083855D-04
 -0.3636889944041054D-04 -0.7227701410964465D-05 -0.1397265230000266D-03
  0.9158872060016277D-04  0.2318050635630573D-04 -0.5439328177094630D-04
 -0.9558762931401815D-04  0.1002849238424996D-03 -0.1141730568256637D-03
  0.3999336884100527D-04  0.3999336884101233D-04  0.3804734245529774D-04
  0.3804734245528902D-04  0.8774778174646820D-04 -0.3693526965308565D-04
 -0.7283805677324635D-05 -0.6530750762806913D-04  0.1244970851364070D-04
  0.6224854256823750D-05  0.6844031466235058D-04 -0.4682362374844173D-04
 -0.6056561090609579D-04 -0.5258695297928900D-04  0.1182759652961668D-04
  0.3068524776269865D-04  0.3068524776270613D-04  0.4255233635275941D-04
  0.2127616817637735D-04  0.3535134514054418D-04  0.3535134514054885D-04
 -0.5360463873269107D-05  0.3340578475643725D-04  0.5119919971556580D-05
  0.5548316507821005D-05  0.1831516514837202D-04  0.3221863384338346D-05
 -0.1060453376068476D-04 -0.1911124267289921D-04 -0.1864818671024811D-04
 -0.9106357392769918D-05  0.8131289664631300D-05 -0.9803029761038173D-05
  0.1269590658786768D-04 -0.2270090020844609D-05 -0.2270090020845068D-05
  0.4868705277590082D-05  0.4868705277589339D-05  0.5597476532247752D-05
 -0.7267411460647890D-06  0.4080842033909332D-05 -0.7418697881535124D-06
  0.1140108308658242D-05 -0.5359690490875813D-05 -0.5359690490876428D-05
  0.2418397909312759D-05  0.2418397909312835D-05 -0.3025564789536547D-05
 -0.2621330004248476D-05 -0.1310665002124439D-05 -0.8860271400373524D-06
  0.9385578050732626D-06  0.1230202574999494D-06 -0.1388158033736221D-06
  0.5355415348644212D-06 -0.1277966923225245D-05 -0.1277966923225453D-05
  0.1178705200223245D-05 -0.3116312027288659D-05  0.5604771774370019D-06
  0.1898976245306708D-05 -0.4709844432012921D-05  0.2241847954097145D-06
  0.2132538071960030D-05  0.2132538071960281D-05 -0.2149296152997124D-05
 -0.3929961721719098D-05 -0.6369717441006899D-05  0.2581792565672894D-05
  0.1290896282836492D-05  0.7311260137730956D-05  0.6623505424002375D-05
 -0.3432263964001759D-05  0.6078924797312241D-05  0.4283701275864935D-05
    7
    1    1  327
  0.0000000000000000D+00 -0.2679770724756401D+07 -0.2600423376622843D+07
 -0.2523424299160380D+07 -0.2448703995469113D+07 -0.2376195025404308D+07
 -0.2305831944722536D+07 -0.2237551245959471D+07 -0.2171291301181552D+07
 -0.2106992306299560D+07 -0.2044596227133946D+07 -0.1984046747015560D+07
 -0.1925289215961609D+07 -0.1868270601349322D+07 -0.1812939440050173D+07
 -0.1759245791980932D+07 -0.1707141195029210D+07 -0.1656578621313005D+07
 -0.1607512434734795D+07 -0.1559898349791722D+07 -0.1513693391604851D+07
 -0.1468855857131351D+07 -0.1425345277524577D+07 -0.1383122381608127D+07
 -0.1342149060430845D+07 -0.1302388332870865D+07 -0.1263804312257563D+07
 -0.1226362173981341D+07 -0.1190028124061999D+07 -0.1154769368647327D+07
 -0.1120554084414360D+07 -0.1087351389846667D+07 -0.1055131317361606D+07
 -0.1023864786262518D+07 -0.9935235764914227D+06 -0.9640803031584326D+06
 -0.9355083918250370D+06 -0.9077820545188347D+06 -0.8808762664581235D+06
 -0.8547667434653379D+06 -0.8294299200489086D+06 -0.8048429281338116D+06
 -0.7809835764215895D+06 -0.7578303303611932D+06 -0.7353622927126073D+06
 -0.7135591846856908D+06 -0.6924013276372105D+06 -0.6718696253095662D+06
 -0.6519455465951479D+06 -0.6326111088107969D+06 -0.6138488614672546D+06
 -0.5956418705189684D+06 -0.5779737030800191D+06 -0.5608284125923904D+06
 -0.5441905244331881D+06 -0.5280450219478237D+06 -0.5123773328965416D+06
 -0.4971733163020831D+06 -0.4824192496865896D+06 -0.4681018166862443D+06
 -0.4542080950324672D+06 -0.4407255448888136D+06 -0.4276419975330555D+06
 -0.4149456443742278D+06 -0.4026250262947265D+06 -0.3906690233078407D+06
 -0.3790668445213836D+06 -0.3678080183983670D+06 -0.3568823833059224D+06
 -0.3462800783439485D+06 -0.3359915344452012D+06 -0.3260074657387959D+06
 -0.3163188611693234D+06 -0.3069169763640265D+06 -0.2977933257406838D+06
 -0.2889396748490921D+06 -0.2803480329392189D+06 -0.2720106457493354D+06
 -0.2639199885076080D+06 -0.2560687591408427D+06 -0.2484498716842429D+06
 -0.2410564498862423D+06 -0.2338818210026358D+06 -0.2269195097744124D+06
 -0.2201632325838512D+06 -0.2136068917836073D+06 -0.2072445701936712D+06
 -0.2010705257612391D+06 -0.1950791863786626D+06 -0.1892651448548212D+06
 -0.1836231540353557D+06 -0.1781481220673801D+06 -0.1728351078043876D+06
 -0.1676793163472007D+06 -0.1626760947169543D+06 -0.1578209276561943D+06
 -0.1531094335543074D+06 -0.1485373604936046D+06 -0.1441005824124921D+06
 -0.1397950953822597D+06 -0.1356170139941368D+06 -0.1315625678533423D+06
 -0.1276280981769785D+06 -0.1238100544926843D+06 -0.1201049914350750D+06
 -0.1165095656370763D+06 -0.1130205327133443D+06 -0.1096347443330452D+06
 -0.1063491453793595D+06 -0.1031607711931339D+06 -0.1000667448982010D+06
 -0.9706427480594796D+05 -0.9415065189678257D+05 -0.9132324737623121D+05
 -0.8857951030345190D+05 -0.8591696529002150D+05 -0.8333321026691365D+05
 -0.8082591431765015D+05 -0.7839281557566320D+05 -0.7603171918396435D+05
 -0.7374049531527272D+05 -0.7151707725081005D+05 -0.6935945951601733D+05
 -0.6726569607150626D+05 -0.6523389855759971D+05 -0.6326223459086818D+05
 -0.6134892611111551D+05 -0.5949224777730698D+05 -0.5769052541098296D+05
 -0.5594213448573610D+05 -0.5424549866137718D+05 -0.5259908836145048D+05
 -0.5100141939279600D+05 -0.4945105160589962D+05 -0.4794658759479944D+05
 -0.4648667143535781D+05 -0.4506998746073982D+05 -0.4369525907297101D+05
 -0.4236124758947989D+05 -0.4106675112356184D+05 -0.3981060349772850D+05
 -0.3859167318894069D+05 -0.3740886230474350D+05 -0.3626110558935944D+05
 -0.3514736945881206D+05 -0.3406665106418769D+05 -0.3301797738216193D+05
 -0.3200040433194664D+05 -0.3101301591783543D+05 -0.3005492339655124D+05
 -0.2912526446862276D+05 -0.2822320249303987D+05 -0.2734792572446192D+05
 -0.2649864657227590D+05 -0.2567460088082374D+05 -0.2487504723014198D+05
 -0.2409926625657967D+05 -0.2334655999268283D+05 -0.2261625122575800D+05
 -0.2190768287455053D+05 -0.2122021738349629D+05 -0.2055323613403023D+05
 -0.1990613887245944D+05 -0.1927834315393252D+05 -0.1866928380206303D+05
 -0.1807841238378886D+05 -0.1750519669907724D+05 -0.1694912028510929D+05
 -0.1640968193460623D+05 -0.1588639522798447D+05 -0.1537878807905606D+05
 -0.1488640229401526D+05 -0.1440879314348131D+05 -0.1394552894739206D+05
 -0.1349619067256985D+05 -0.1306037154280628D+05 -0.1263767666133475D+05
 -0.1222772264558317D+05 -0.1183013727411713D+05 -0.1144455914570155D+05
 -0.1107063735042116D+05 -0.1070803115280852D+05 -0.1035640968693043D+05
 -0.1001545166338113D+05 -0.9684845088116050D+04 -0.9364286993040349D+04
 -0.9053483178230967D+04 -0.8752147965625722D+04 -0.8460003963949066D+04
 -0.8176781844564644D+04 -0.7902220127842876D+04 -0.7636064979509591D+04
 -0.7378070016292912D+04 -0.7127996120013259D+04 -0.6885611259063417D+04
 -0.6650690316005792D+04 -0.6423014919778556D+04 -0.6202373280762016D+04
 -0.5988560026727814D+04 -0.5781376037502299D+04 -0.5580628276054109D+04
 -0.5386129613707046D+04 -0.5197698647334255D+04 -0.5015159506759609D+04
 -0.4838341651229416D+04 -0.4667079654753386D+04 -0.4501212981352825D+04
 -0.4340585752750399D+04 -0.4185046512677631D+04 -0.4034447993840290D+04
 -0.3888646893501909D+04 -0.3747503668013572D+04 -0.3610882351834173D+04
 -0.3478650409236221D+04 -0.3350678623426116D+04 -0.3226841025184812D+04
 -0.3107014859717596D+04 -0.2991080586900855D+04 -0.2878921907034692D+04
 -0.2770425801997111D+04 -0.2665482580634477D+04 -0.2563985917393903D+04
 -0.2465832874481259D+04 -0.2370923899933045D+04 -0.2279162796564336D+04
 -0.2190456659441269D+04 -0.2104715782028713D+04 -0.2021853533282081D+04
 -0.1941786209582141D+04 -0.1864432866537698D+04 -0.1789715136343359D+04
 -0.1717557036654890D+04 -0.1647884776918497D+04 -0.1580626567845521D+04
 -0.1515712439328524D+04 -0.1453074071600875D+04 -0.1392644643884417D+04
 -0.1334358704169928D+04 -0.1278152063141101D+04 -0.1223961714586355D+04
 -0.1171725783936911D+04 -0.1121383505814186D+04 -0.1072875230649227D+04
 -0.1026142459532227D+04 -0.9811279054383625D+03 -0.9377755778298148D+03
 -0.8960308863255245D+03 -0.8558407576366869D+03 -0.8171537582820615D+03
 -0.7799202137576223D+03 -0.7440923129505619D+03 -0.7096241848943748D+03
 -0.6764719338779319D+03 -0.6445936190887624D+03 -0.6139491668331776D+03
 -0.5845002109861257D+03 -0.5562098605256011D+03 -0.5290424126467190D+03
 -0.5029630389761976D+03 -0.4779374849123873D+03 -0.4539318332457293D+03
 -0.4309123717897480D+03 -0.4088455943243548D+03 -0.3876983365147800D+03
 -0.3674380212650416D+03 -0.3480329663471051D+03 -0.3294526976765079D+03
 -0.3116682157787494D+03 -0.2946521775292451D+03 -0.2783789745053229D+03
 -0.2628247074080856D+03 -0.2479670698826784D+03 -0.2337851627692178D+03
 -0.2202592627236823D+03 -0.2073705681302914D+03 -0.1951009420934101D+03
 -0.1834326683151158D+03 -0.1723482315327249D+03 -0.1618301304703388D+03
 -0.1518607280700116D+03 -0.1424221411598970D+03 -0.1334961696377719D+03
 -0.1250642636253414D+03 -0.1171075258088580D+03 -0.1096067452622004D+03
 -0.1025424583996287D+03 -0.9589503228712024D+02 -0.8964476532068772D+02
 -0.8377200022888726D+02 -0.7825724444779938D+02 -0.7308129312384609D+02
 -0.6822535029628936D+02 -0.6367114417086754D+02 -0.5940103283765526D+02
 -0.5539809560543136D+02 -0.5164621261066286D+02 -0.4813012443068665D+02
 -0.4483546725263928D+02 -0.4174879139297745D+02 -0.3885755541246632D+02
 -0.3615009722655068D+02 -0.3361558305795627D+02 -0.3124393643663378D+02
 -0.2902575141375370D+02 -0.2695219580905109D+02 -0.2501491285458200D+02
 -0.2320592983804607D+02 -0.2151758333412736D+02 -0.1994246784979496D+02
 -0.1847341167262921D+02 -0.1710347905321283D+02 -0.1582599313128026D+02
 -0.1463457099689322D+02 -0.1352316101569032D+02 -0.1248607366594999D+02
 -0.1151799978412830D+02 -0.1061401340938349D+02 -0.9769559488911533D+01
 -0.8980428799833721D+01 -0.8242723933188524D+01 -0.7552819503146921D+01
 -0.6907322948787519D+01 -0.6303031767203525D+01 -0.5736911693015932D+01
 -0.5206013570508634D+01 -0.4707597913997020D+01 -0.4238693039488818D+01
 -0.3797042179454341D+01
    1 1000  327
  0.0000000000000000D+00  0.3133245348714942D-04  0.3228801438331880D-04
  0.3327271748296583D-04  0.3428745155119663D-04  0.3533313244389326D-04
  0.3641070396737712D-04  0.3752113871388200D-04  0.3866543892039141D-04
  0.3984463739924241D-04  0.4105979846297445D-04  0.4231201887795837D-04
  0.4360242886145804D-04  0.4493219309675454D-04  0.4630251179736377D-04
  0.4771462175553696D-04  0.4916979751555340D-04  0.5066935247348973D-04
  0.5221464007743344D-04  0.5380705505426359D-04  0.5544803468589477D-04
  0.5713906005250399D-04  0.5888165744168077D-04  0.6067739966430677D-04
  0.6252790748957156D-04  0.6443485115000749D-04  0.6639995178435466D-04
  0.6842498303860810D-04  0.7051177264604594D-04  0.7266220407408690D-04
  0.7487821824924087D-04  0.7716181526887128D-04  0.7951505624476938D-04
  0.8194006514639364D-04  0.8443903071068972D-04  0.8701420842982958D-04
  0.8966792257852270D-04  0.9240256832306903D-04  0.9522061387567455D-04
  0.9812460271691503D-04  0.1011171559020868D-03  0.1042009744227807D-03
  0.1073788416382231D-03  0.1106536257979961D-03  0.1140282826171134D-03
  0.1175058579834293D-03  0.1210894906218167D-03  0.1247824150443813D-03
  0.1285879643389080D-03  0.1325095733188621D-03  0.1365507814872298D-03
  0.1407152363181593D-03  0.1450066965391592D-03  0.1494290354722933D-03
  0.1539862446170367D-03  0.1586824371517868D-03  0.1635218517332016D-03
  0.1685088562579403D-03  0.1736479518681404D-03  0.1789437769426792D-03
  0.1844011113437816D-03  0.1900248806903158D-03  0.1958201608290858D-03
  0.2017921824297125D-03  0.2079463356389071D-03  0.2142881750119546D-03
  0.2208234245119470D-03  0.2275579826591505D-03  0.2344979278640093D-03
  0.2416495239136783D-03  0.2490192256253785D-03  0.2566136846676705D-03
  0.2644397555945662D-03  0.2725045019560770D-03  0.2808152027739022D-03
  0.2893793590223756D-03  0.2982047004617254D-03  0.3072991925843554D-03
  0.3166710438046298D-03  0.3263287128798050D-03  0.3362809165274819D-03
  0.3465366373234173D-03  0.3571051317597202D-03  0.3679959386597347D-03
  0.3792188877196168D-03  0.3907841084643799D-03  0.4027020393087052D-03
  0.4149834370100283D-03  0.4276393864061947D-03  0.4406813103752917D-03
  0.4541209801720225D-03  0.4679705260429105D-03  0.4822424481633522D-03
  0.4969496279682458D-03  0.5121053396976799D-03  0.5277232624519766D-03
  0.5438174925130515D-03  0.5604025560333762D-03  0.5774934222224468D-03
  0.5951055167711349D-03  0.6132547358354292D-03  0.6319574603540584D-03
  0.6512305708616017D-03  0.6710914626865988D-03  0.6915580616746462D-03
  0.7126488403706982D-03  0.7343828346859464D-03  0.7567796610808379D-03
  0.7798595342511335D-03  0.8036432854120845D-03  0.8281523810744208D-03
  0.8534089423959840D-03  0.8794357652207350D-03  0.9062563405822957D-03
  0.9338948759092147D-03  0.9623763169450347D-03  0.9917263701795750D-03
  0.1021971526101785D-02  0.1053139083081747D-02  0.1085257172025279D-02
  0.1118354781778013D-02  0.1152461785247719D-02  0.1187608966403728D-02
  0.1223828048040279D-02  0.1261151720419465D-02  0.1299613670781918D-02
  0.1339248613734462D-02  0.1380092322598784D-02  0.1422181661689811D-02
  0.1465554619595642D-02  0.1510250343443260D-02  0.1556309174278496D-02
  0.1603772683412172D-02  0.1652683710012435D-02  0.1703086399708460D-02
  0.1755026244459007D-02  0.1808550123624141D-02  0.1863706346273689D-02
  0.1920544694757734D-02  0.1979116469684282D-02  0.2039474536191593D-02
  0.2101673371671769D-02  0.2165769114948357D-02  0.2231819616911934D-02
  0.2299884492797901D-02  0.2370025175930132D-02  0.2442304973194696D-02
  0.2516789122188090D-02  0.2593544850085667D-02  0.2672641434319918D-02
  0.2754150265109155D-02  0.2838144909903078D-02  0.2924701179758234D-02
  0.3013897197794025D-02  0.3105813469675200D-02  0.3200532956289754D-02
  0.3298141148630839D-02  0.3398726144945673D-02  0.3502378730240991D-02
  0.3609192458279061D-02  0.3719263735922503D-02  0.3832691910249223D-02
  0.3949579358139776D-02  0.4070031578727432D-02  0.4194157288599247D-02
  0.4322068519922144D-02  0.4453880721567348D-02  0.4589712863292898D-02
  0.4729687543154478D-02  0.4873931098123227D-02  0.5022573718141869D-02
  0.5175749563610198D-02  0.5333596886477697D-02  0.5496258155043326D-02
  0.5663880182525059D-02  0.5836614259563205D-02  0.6014616290802464D-02
  0.6198046935562475D-02  0.6387071752895501D-02  0.6581861350954811D-02
  0.6782591541040848D-02  0.6989443496244967D-02  0.7202603914975001D-02
  0.7422265189482332D-02  0.7648625579489770D-02  0.7881889391139089D-02
  0.8122267161403653D-02  0.8369975848097396D-02  0.8625239025702579D-02
  0.8888287087163526D-02  0.9159357451825490D-02  0.9438694779725873D-02
  0.9726551192413941D-02  0.1002318650051905D-01  0.1032886843823389D-01
  0.1064387290497257D-01  0.1096848421437953D-01  0.1130299535096175D-01
  0.1164770823449957D-01  0.1200293399258381D-01  0.1236899324139776D-01
  0.1274621637512030D-01  0.1313494386411558D-01  0.1353552656223652D-01
  0.1394832602349696D-01  0.1437371482839673D-01  0.1481207692019872D-01
  0.1526380795147438D-01  0.1572931564119695D-01  0.1620902014274053D-01
  0.1670335442310440D-01  0.1721276465368684D-01  0.1773771061298630D-01
  0.1827866610159447D-01  0.1883611936982124D-01  0.1941057355838650D-01
  0.2000254715252903D-01  0.2061257444998508D-01  0.2124120604322421D-01
  0.2188900931640061D-01  0.2255656895745284D-01  0.2324448748583269D-01
  0.2395338579631121D-01  0.2468390371939534D-01  0.2543670059880195D-01
  0.2621245588657465D-01  0.2701186975632996D-01  0.2783566373521924D-01
  0.2868458135515048D-01  0.2955938882388383D-01  0.3046087571658826D-01
  0.3138985568848095D-01  0.3234716720921631D-01  0.3333367431966291D-01
  0.3435026741175442D-01  0.3539786403213994D-01  0.3647740971032699D-01
  0.3758987881209254D-01  0.3873627541891306D-01  0.3991763423422486D-01
  0.4113502151730683D-01  0.4238953604566371D-01  0.4368231010674612D-01
  0.4501451051991642D-01  0.4638733968959032D-01  0.4780203669048905D-01
  0.4925987838599190D-01  0.5076218058059034D-01  0.5231029920750515D-01
  0.5390563155249794D-01  0.5554961751502860D-01  0.5724374090786619D-01
  0.5898953079632367D-01  0.6078856287836135D-01  0.6264246090675565D-01
  0.6455289815464990D-01  0.6652159892580439D-01  0.6855034011090086D-01
  0.7064095279130925D-01  0.7279532389176979D-01  0.7501539788347236D-01
  0.7730317853908045D-01  0.7966073074127640D-01  0.8209018234645983D-01
  0.8459372610529374D-01  0.8717362164180892D-01  0.8983219749287971D-01
  0.9257185320988717D-01  0.9539506152448510D-01  0.9830437058040936D-01
  0.1013024062333688D+00  0.1043918744210521D+00  0.1075755636054250D+00
  0.1108563472895288D+00  0.1142371866110030D+00  0.1177211330147237D+00
  0.1213113310069498D+00  0.1250110209934635D+00  0.1288235422042541D+00
  0.1327523357074175D+00  0.1368009475149566D+00  0.1409730317833059D+00
  0.1452723541114673D+00  0.1497027949397241D+00  0.1542683530520154D+00
  0.1589731491851124D+00  0.1638214297478816D+00  0.1688175706539593D+00
  0.1739660812713240D+00  0.1792716084923185D+00  0.1847389409277956D+00
  0.1903730132291747D+00  0.1961789105423116D+00  0.2021618730972020D+00
  0.2083273009376528D+00  0.2146807587952062D+00  0.2212279811116951D+00
  0.2279748772149829D+00  0.2349275366525470D+00  0.2420922346877196D+00
  0.2494754379635575D+00  0.2570838103394398D+00  0.2649242189056690D+00
  0.2730037401815007D+00  0.2813296665022040D+00  0.2899095126008968D+00
  0.2987510223911337D+00  0.3078621759563168D+00  0.3172511967522930D+00
  0.3269265590295941D+00  0.3368969954820453D+00  0.3471715051286334D+00
  0.3577593614357550D+00  0.3686701206871676D+00  0.3799136306092121D+00
  0.3915000392590706D+00  0.4034398041841084D+00  0.4157437018605378D+00
  0.4284228374199463D+00  0.4414886546724627D+00  0.4549529464355910D+00
  0.4688278651780621D+00  0.4831259339882911D+00  0.4978600578773366D+00
  0.5130435354265875D+00  0.5286900707906625D+00  0.5448137860663715D+00
  0.5614292340389009D+00
    1 1000  327
  0.0000000000000000D+00  0.3073406259090220D-09  0.3263703971695627D-09
  0.3465819854344009D-09  0.3680426814085963D-09  0.3908346977396354D-09
  0.4150370496486533D-09  0.4407355273039987D-09  0.4680286613899895D-09
  0.4970136599975205D-09  0.5277915717865585D-09  0.5604745237964700D-09
  0.5951794767185202D-09  0.6320372970488163D-09  0.6711769110860121D-09
  0.7127404832170668D-09  0.7568752532132473D-09  0.8037438322508564D-09
  0.8535159374434617D-09  0.9063701701017170D-09  0.9624964972791623D-09
  0.1022100986005328D-08  0.1085394587447869D-08  0.1152607208250021D-08
  0.1223981665972142D-08  0.1299776832170296D-08  0.1380265256019731D-08
  0.1465737497890364D-08  0.1556503054316604D-08  0.1652888390328071D-08
  0.1755246254766519D-08  0.1863938877644563D-08  0.1979363596027944D-08
  0.2101936279194825D-08  0.2232096311368015D-08  0.2370320203052609D-08
  0.2517101552475224D-08  0.2672975116875587D-08  0.2838497954396255D-08
  0.3014271821596619D-08  0.3200932245313103D-08  0.3399149700005081D-08
  0.3609640618095876D-08  0.3833170375471954D-08  0.4070537017011796D-08
  0.4322605317416852D-08  0.4590288162772342D-08  0.4874537500802907D-08
  0.5176391666448057D-08  0.5496942206158900D-08  0.5837341131424636D-08
  0.6198815704391042D-08  0.6582678293709659D-08  0.6990311039627670D-08
  0.7423187260114524D-08  0.7882866845383751D-08  0.8371015194742924D-08
  0.8889392234035879D-08  0.9439867713501965D-08  0.1002443165893357D-07
  0.1064519563007033D-07  0.1130439908781745D-07  0.1200442449014491D-07
  0.1274779820623027D-07  0.1353720825466951D-07  0.1437549884008737D-07
  0.1526570032786877D-07  0.1621103229416902D-07  0.1721490039325653D-07
  0.1828093277983513D-07  0.1941298554086025D-07  0.2061513351968792D-07
  0.2189172570651851D-07  0.2324737213439119D-07  0.2468696635973061D-07
  0.2621570820344643D-07  0.2783911814801390D-07  0.2956305788596059D-07
  0.3139375200719786D-07  0.3333781123915596D-07  0.3540225633618441D-07
  0.3759454456952929D-07  0.3992258859637857D-07  0.4239479406096121D-07
  0.4502009361133531D-07  0.4780796663194990D-07  0.5076848084349914D-07
  0.5391232187064872D-07  0.5725084397966449D-07  0.6079610511581809D-07
  0.6456090709680177D-07  0.6855884609153068D-07  0.7280435634413968D-07
  0.7731276747767547D-07  0.8210036615142234D-07  0.8718443833779454D-07
  0.9258333871141879D-07  0.9831656726432224D-07  0.1044048269917476D-06
  0.1108701006801423D-06  0.1177357385235917D-06  0.1250265312789504D-06
  0.1327688077898679D-06  0.1409905221292018D-06  0.1497213686930968D-06
  0.1589928727798898D-06  0.1688385167559371D-06  0.1792938495091471D-06
  0.1903966305885231D-06  0.2021869541675453D-06  0.2147073933437760D-06
  0.2280031609327711D-06  0.2421222699697481D-06  0.2571157050316389D-06
  0.2730376100462453D-06  0.2899454786571257D-06  0.3079003697873243D-06
  0.3269671192214559D-06  0.3472145762904021D-06  0.3687158590633635D-06
  0.3915486095406023D-06  0.4157952805770651D-06  0.4415434260400800D-06
  0.4688860302247384D-06  0.4979218238377435D-06  0.5287556595874751D-06
  0.5614988850661269D-06  0.5962697368796407D-06  0.6331937761187417D-06
  0.6724043360402842D-06  0.7140430119214781D-06  0.7582601663218608D-06
  0.8052154715060392D-06  0.8550784882157327D-06  0.9080292733597004D-06
  0.9642590388769822D-06  0.1023970834424769D-05  0.1087380287165312D-05
  0.1154716373951133D-05  0.1226222253807991D-05  0.1302156135837769D-05
  0.1382792231510458D-05  0.1468421719631375D-05  0.1559353818576575D-05
  0.1655916895785440D-05  0.1758459643375057D-05  0.1867352359332582D-05
  0.1982988263447140D-05  0.2105784926034582D-05  0.2236185777714558D-05
  0.2374661712868514D-05  0.2521712776408674D-05  0.2677869987287820D-05
  0.2843697241414673D-05  0.3019793356584681D-05  0.3206794234090590D-05
  0.3405375154699087D-05  0.3616253206223848D-05  0.3840189895670195D-05
  0.4077993879703002D-05  0.4330523884255210D-05  0.4598691828430278D-05
  0.4883466087063171D-05  0.5185875006923957D-05  0.5507010615349122D-05
  0.5848032565866135D-05  0.6210172321647129D-05  0.6594737601362331D-05
  0.7003117109759676D-05  0.7436785543616043D-05  0.7897308917145393D-05
  0.8386350229396725D-05  0.8905675453146659D-05  0.9457159921219202D-05
  0.1004279509830618D-04  0.1066469576566473D-04  0.1132510766763335D-04
  0.1202641561530833D-04  0.1277115209893239D-04  0.1356200643263734D-04
  0.1440183446586955D-04  0.1529366889959424D-04  0.1624073023102284D-04
  0.1724643839071012D-04  0.1831442508665593D-04  0.1944854692051335D-04
  0.2065289931464368D-04  0.2193183130139381D-04  0.2328996122417423D-04
  0.2473219342207739D-04  0.2626373593124582D-04  0.2789011929991679D-04
  0.2961721655182933D-04  0.3145126440327273D-04  0.3339888577161785D-04
  0.3546711370737079D-04  0.3766341677743989D-04  0.3999572604099238D-04
  0.4247246369325519D-04  0.4510257346589068D-04  0.4789555294080737D-04
  0.5086148782973218D-04  0.5401108840808143D-04  0.5735572818622548D-04
  0.6090748497522149D-04  0.6467918450844808D-04  0.6868444675536746D-04
  0.7293773509816726D-04  0.7745440856707762D-04  0.8225077730296663D-04
  0.8734416144949156D-04  0.9275295370563731D-04  0.9849668573519668D-04
  0.1045960987023712D-03  0.1110732181713088D-03  0.1179514336388903D-03
  0.1252555829967320D-03  0.1330120422262507D-03  0.1412488206441843D-03
  0.1499956620411680D-03  0.1592841520993180D-03  0.1691478324407688D-03
  0.1796223217593000D-03  0.1907454444362204D-03  0.2025573671280261D-03
  0.2151007438172691D-03  0.2284208698338629D-03  0.2425658454246112D-03
  0.2575867494492179D-03  0.2735378238240607D-03  0.2904766694038595D-03
  0.3084644539774789D-03  0.3275661331514961D-03  0.3478506849159283D-03
  0.3693913587213245D-03  0.3922659400006887D-03  0.4165570310500808D-03
  0.4423523493186176D-03  0.4697450441649866D-03  0.4988340332266175D-03
  0.5297243596199686D-03  0.5625275712638319D-03  0.5973621236880847D-03
  0.6343538077883816D-03  0.6736362040686005D-03  0.7153511650132313D-03
  0.7596493273307166D-03  0.8066906559137701D-03  0.8566450214936654D-03
  0.9096928140548318D-03  0.9660255942419391D-03  0.1025846785104620D-02
  0.1089372406675414D-02  0.1156831856040527D-02  0.1228468735713461D-02
  0.1304541733308607D-02  0.1385325555685236D-02  0.1471111920940203D-02
  0.1562210611830798D-02  0.1658950594430709D-02  0.1761681206054497D-02
  0.1870773416752172D-02  0.1986621168913897D-02  0.2109642799837130D-02
  0.2240282552378631D-02  0.2379012179161172D-02  0.2526332646115830D-02
  0.2682775941517686D-02  0.2848906997046308D-02  0.3025325727807732D-02
  0.3212669198687875D-02  0.3411613924849497D-02  0.3622878314700970D-02
  0.3847225264126571D-02  0.4085464911387219D-02  0.4338457562597793D-02
  0.4607116798386681D-02  0.4892412772908895D-02  0.5195375717172703D-02
  0.5517099659303784D-02  0.5858746375181289D-02  0.6221549583723144D-02
  0.6606819401962532D-02  0.7015947076006119D-02  0.7450410004955752D-02
  0.7911777075938859D-02  0.8401714329508665D-02  0.8921990975876228D-02
  0.9474485783697634D-02  0.1006119386448611D-01  0.1068423387715171D-01
  0.1134585567867956D-01  0.1204844844857905D-01  0.1279454931643926D-01
  0.1358685252374573D-01  0.1442821915304390D-01  0.1532168745958206D-01
  0.1627048384273975D-01  0.1727803449686594D-01  0.1834797778359288D-01
  0.1948417737030669D-01  0.2069073618222088D-01  0.2197201121843026D-01
  0.2333262928545100D-01  0.2477750370506068D-01  0.2631185205677166D-01
  0.2794121501901121D-01  0.2967147637703779D-01  0.3150888426985334D-01
  0.3346007375282939D-01  0.3553209075752440D-01  0.3773241753521868D-01
  0.4006899967603449D-01  0.4255027480122314D-01  0.4518520303222112D-01
  0.4798329934650254D-01  0.5095466793707343D-01  0.5411003869967678D-01
  0.5746080597947005D-01  0.6101906971709576D-01  0.6479767914271979D-01
  0.6881027917583107D-01  0.7307135969834806D-01  0.7759630787896542D-01
  0.8240146373769108D-01  0.8750417915121765D-01  0.9292288051220603D-01
  0.9867713526875134D-01
    1 1000  327
  0.0000000000000000D+00 -0.4555059569445426D-13 -0.5825570355086150D-13
 -0.5052501620060658D-13 -0.5694409310216982D-13 -0.6577729124540827D-13
 -0.7361479998432937D-13 -0.8240196426344186D-13 -0.8677706296885902D-13
 -0.8852468405641880D-13 -0.9253686186073494D-13 -0.1153516495662508D-12
 -0.1225928449596140D-12 -0.1228476487489412D-12 -0.1460064936445809D-12
 -0.1458649132236633D-12 -0.1697502443276534D-12 -0.1904764768425270D-12
 -0.2004352041552308D-12 -0.2110547320323263D-12 -0.2236511952794238D-12
 -0.2429511944679321D-12 -0.2789261518153632D-12 -0.3079446316368882D-12
 -0.3282345039458624D-12 -0.3662906742280048D-12 -0.4001822335541287D-12
 -0.4360062765459246D-12 -0.4762825789764293D-12 -0.5164510470946498D-12
 -0.5646428106767799D-12 -0.6299903610235078D-12 -0.6826967844475975D-12
 -0.7526145852927900D-12 -0.8120429846008094D-12 -0.9057611418851755D-12
 -0.9761845192232012D-12 -0.1073246466558350D-11 -0.1174306191479647D-11
 -0.1273444047060430D-11 -0.1399710888288919D-11 -0.1516490636999330D-11
 -0.1678047580716850D-11 -0.1824102242224706D-11 -0.2001927867457673D-11
 -0.2188655833700423D-11 -0.2399104152782680D-11 -0.2622030494792041D-11
 -0.2883111488290576D-11 -0.3153832415982110D-11 -0.3437116569272978D-11
 -0.3765436434738452D-11 -0.4130642366477387D-11 -0.4500826520915538D-11
 -0.4934351558062174D-11 -0.5397440299868939D-11 -0.5898785616905944D-11
 -0.6467777311875554D-11 -0.7064137588651428D-11 -0.7726743733877387D-11
 -0.8468465366479535D-11 -0.9262405757843813D-11 -0.1015364230687941D-10
 -0.1107786332167219D-10 -0.1214309310969443D-10 -0.1327075637788656D-10
 -0.1452857845077877D-10 -0.1590501727699659D-10 -0.1740605313269671D-10
 -0.1904157995912300D-10 -0.2084758939744014D-10 -0.2282128241677926D-10
 -0.2497158102461032D-10 -0.2731729628254412D-10 -0.2989526187168688D-10
 -0.3270588248198111D-10 -0.3579512963456349D-10 -0.3918479386893995D-10
 -0.4285935282449241D-10 -0.4691373405934336D-10 -0.5131622412989858D-10
 -0.5617748889837995D-10 -0.6147106193383240D-10 -0.6725980833075877D-10
 -0.7360539681540926D-10 -0.8054727267995553D-10 -0.8814506245277104D-10
 -0.9645605280489265D-10 -0.1055641823030307D-09 -0.1155121502732383D-09
 -0.1264134849907999D-09 -0.1383188915407097D-09 -0.1513617380586771D-09
 -0.1656404512420053D-09 -0.1812718907535281D-09 -0.1983694642058536D-09
 -0.2170826666049124D-09 -0.2375468809175412D-09 -0.2599508901785894D-09
 -0.2844750853124389D-09 -0.3113027137541544D-09 -0.3406634160572068D-09
 -0.3727794848302931D-09 -0.4079354307325508D-09 -0.4464090793008408D-09
 -0.4885070626344848D-09 -0.5345853042431235D-09 -0.5850019032504230D-09
 -0.6401701374542786D-09 -0.7005364146808030D-09 -0.7666170317366122D-09
 -0.8389145324201821D-09 -0.9180320253924211D-09 -0.1004613120726121D-08
 -0.1099355096351924D-08 -0.1203039351653566D-08 -0.1316504714654099D-08
 -0.1440651841632267D-08 -0.1576523784620505D-08 -0.1725201502677221D-08
 -0.1887916645239966D-08 -0.2065967641744616D-08 -0.2260818330799117D-08
 -0.2474026988764240D-08 -0.2707373045342687D-08 -0.2962684178468411D-08
 -0.3242106320436821D-08 -0.3547881420356303D-08 -0.3882479487196988D-08
 -0.4248631876057550D-08 -0.4649335090417000D-08 -0.5087816399293776D-08
 -0.5567643894057211D-08 -0.6092742992125617D-08 -0.6667366091629196D-08
 -0.7296163777216527D-08 -0.7984276148537738D-08 -0.8737276493839329D-08
 -0.9561293863027880D-08 -0.1046303719438560D-07 -0.1144982019157160D-07
 -0.1252966276644481D-07 -0.1371133999860327D-07 -0.1500448299178684D-07
 -0.1641957434391463D-07 -0.1796810672602225D-07 -0.1966270269479509D-07
 -0.2151711777433484D-07 -0.2354642664178858D-07 -0.2576709564325581D-07
 -0.2819722766265421D-07 -0.3085655214185493D-07 -0.3376665885941841D-07
 -0.3695122431696087D-07 -0.4043613896057831D-07 -0.4424971456180217D-07
 -0.4842295152972827D-07 -0.5298977105666248D-07 -0.5798729508043979D-07
 -0.6345614210934668D-07 -0.6944075932899614D-07 -0.7598980147830855D-07
 -0.8315646932416405D-07 -0.9099905420328619D-07 -0.9958127461803421D-07
 -0.1089728905874955D-06 -0.1192502457592974D-06 -0.1304968693608999D-06
 -0.1428041732101289D-06 -0.1562721871756141D-06 -0.1710103919689328D-06
 -0.1871385685978796D-06 -0.2047878123583769D-06 -0.2241015842591883D-06
 -0.2452368394636565D-06 -0.2683653967081236D-06 -0.2936752331821918D-06
 -0.3213720667397250D-06 -0.3516810123557726D-06 -0.3848484392678015D-06
 -0.4211439144983685D-06 -0.4608624659170096D-06 -0.5043269116368178D-06
 -0.5518905274818470D-06 -0.6039399303847659D-06 -0.6608981696079133D-06
 -0.7232281966282538D-06 -0.7914366389068864D-06 -0.8660778982293383D-06
 -0.9477586546880523D-06 -0.1037142818867507D-05 -0.1134956894340740D-05
 -0.1241995926524014D-05 -0.1359129920188427D-05 -0.1487310955129719D-05
 -0.1627580881926792D-05 -0.1781079816730567D-05 -0.1949055409942519D-05
 -0.2132872962145973D-05 -0.2334026555119446D-05 -0.2554151157398590D-05
 -0.2795035958671393D-05 -0.3058638863931850D-05 -0.3347102450436890D-05
 -0.3662771351820461D-05 -0.4008211337332980D-05 -0.4386230143407719D-05
 -0.4799900315770307D-05 -0.5252584183179806D-05 -0.5747961158773784D-05
 -0.6290057684224197D-05 -0.6883279924757510D-05 -0.7532449604144174D-05
 -0.8242843185775128D-05 -0.9020234770211281D-05 -0.9870942999846904D-05
 -0.1080188246866750D-04 -0.1182061984949677D-04 -0.1293543547471703D-04
 -0.1415539058508125D-04 -0.1549040099734427D-04 -0.1695131771028194D-04
 -0.1855001508004668D-04 -0.2029948734899852D-04 -0.2221395426858169D-04
 -0.2430897666127078D-04 -0.2660158291549305D-04 -0.2911040738076221D-04
 -0.3185584183635412D-04 -0.3486020122205992D-04 -0.3814790503882364D-04
 -0.4174567580954315D-04 -0.4568275628650344D-04 -0.4999114714662224D-04
 -0.5470586707454541D-04 -0.5986523740257981D-04 -0.6551119361592480D-04
 -0.7168962614542733D-04 -0.7845075342704116D-04 -0.8584953004006839D-04
 -0.9394609339348436D-04 -0.1028062525151230D-03 -0.1125020229627003D-03
 -0.1231122121583085D-03 -0.1347230599366698D-03 -0.1474289395036333D-03
 -0.1613331245104152D-03 -0.1765486284599209D-03 -0.1931991232754930D-03
 -0.2114199445232273D-03 -0.2313591914094230D-03 -0.2531789305409792D-03
 -0.2770565132082596D-03 -0.3031860168876172D-03 -0.3317798227214853D-03
 -0.3630703417490944D-03 -0.3973119039526207D-03 -0.4347828254468085D-03
 -0.4757876706530087D-03 -0.5206597277906728D-03 -0.5697637178604679D-03
 -0.6234987590957742D-03 -0.6823016110178457D-03 -0.7466502244077460D-03
 -0.8170676261138522D-03 -0.8941261702196967D-03 -0.9784521901502992D-03
 -0.1070731089523072D-02 -0.1171712913120976D-02 -0.1282218443274667D-02
 -0.1403145871198003D-02 -0.1535478097499454D-02 -0.1680290721226568D-02
 -0.1838760782350055D-02 -0.2012176328772459D-02 -0.2201946885608970D-02
 -0.2409614911830071D-02 -0.2636868337405584D-02 -0.2885554282834989D-02
 -0.3157694072575691D-02 -0.3455499664412939D-02 -0.3781391628294879D-02
 -0.4138018820779430D-02 -0.4528279914991547D-02 -0.4955346961098785D-02
 -0.5422691168797725D-02 -0.5934111121382176D-02 -0.6493763650698994D-02
 -0.7106197623969579D-02 -0.7776390917072848D-02 -0.8509790874821545D-02
 -0.9312358587092773D-02 -0.1019061734068967D-01 -0.1115170564075048D-01
 -0.1220343523266088D-01 -0.1335435459608532D-01 -0.1461381842718221D-01
 -0.1599206367376642D-01 -0.1750029274143158D-01 -0.1915076454692853D-01
 -0.2095689415889694D-01 -0.2293336183581480D-01 -0.2509623234744130D-01
 -0.2746308554959346D-01 -0.3005315927357455D-01 -0.3288750569166088D-01
 -0.3598916242959087D-01 -0.3938333981685627D-01 -0.4309762579677848D-01
 -0.4716221016187563D-01 -0.5161012993711485D-01 -0.5647753790553028D-01
 -0.6180399645878008D-01 -0.6763279916107715D-01 -0.7401132264016898D-01
 -0.8099141166553353D-01 -0.8862980054373222D-01 -0.9698857425601075D-01
 -0.1061356730863012D+00 -0.1161454448412426D+00 -0.1270992491506729D+00
 -0.1390861187603671D+00 -0.1522034831920212D+00 -0.1665579606523974D+00
 -0.1822662246282939D+00 -0.1994559522110325D+00 -0.2182668618584745D+00
 -0.2388518490295093D+00
    1 1000  327
  0.0000000000000000D+00  0.4497733789331888D-13  0.4499411566501081D-13
  0.5001337273052193D-13  0.5704838687092915D-13  0.5872462818161129D-13
  0.6471634155461369D-13  0.6997579760796720D-13  0.7834529617825904D-13
  0.8735056415682791D-13  0.9343118771563702D-13  0.1052415265444400D-12
  0.1129893860257623D-12  0.1252468080639777D-12  0.1349317589593295D-12
  0.1492423691430165D-12  0.1620573777102934D-12  0.1812311493823190D-12
  0.1974636462076405D-12  0.2154229354851287D-12  0.2370065674639697D-12
  0.2587719489967333D-12  0.2829210486598198D-12  0.3077046410492115D-12
  0.3387937257159504D-12  0.3705505531301055D-12  0.4069039322730208D-12
  0.4460616303598265D-12  0.4900128591117106D-12  0.5322458967544041D-12
  0.5843325021149581D-12  0.6385633864919732D-12  0.6985622266131714D-12
  0.7672630587236536D-12  0.8360174460152218D-12  0.9171807041829400D-12
  0.1001707961029173D-11  0.1098768823441391D-11  0.1206140558356982D-11
  0.1315961703763426D-11  0.1443944012248151D-11  0.1578327478331180D-11
  0.1726774584417177D-11  0.1893209438693047D-11  0.2067023373730487D-11
  0.2265667561795301D-11  0.2477016683111101D-11  0.2707907173540505D-11
  0.2965406441165983D-11  0.3243246424312530D-11  0.3550537143829719D-11
  0.3887564554575642D-11  0.4253180861871745D-11  0.4652685386252025D-11
  0.5093196026814960D-11  0.5573532887092604D-11  0.6100514952182646D-11
  0.6673777921389041D-11  0.7305592139384060D-11  0.7996089648476320D-11
  0.8748154510479887D-11  0.9570759008859614D-11  0.1047851547200979D-10
  0.1146034003994462D-10  0.1254342446765185D-10  0.1372724856976080D-10
  0.1502178688564902D-10  0.1644206684191441D-10  0.1799365903168146D-10
  0.1968799457068572D-10  0.2154928782418039D-10  0.2357865883087304D-10
  0.2580193434178499D-10  0.2823787815888513D-10  0.3089901964099874D-10
  0.3381012304722740D-10  0.3700157753856646D-10  0.4049197356408087D-10
  0.4431370164592857D-10  0.4848756161856615D-10  0.5306342324164889D-10
  0.5807014302783662D-10  0.6354613745486564D-10  0.6953861770346664D-10
  0.7609714896312394D-10  0.8327129205693243D-10  0.9112530308895845D-10
  0.9972118646177531D-10  0.1091245151544094D-09  0.1194189698768851D-09
  0.1306813400695367D-09  0.1430050767571616D-09  0.1564937125762063D-09
  0.1712500996634452D-09  0.1874020499161025D-09  0.2050788881489362D-09
  0.2244202117884253D-09  0.2455850082498468D-09  0.2687484190387107D-09
  0.2940918883980196D-09  0.3218270462939666D-09  0.3521832344070017D-09
  0.3853955224432923D-09  0.4217424684660662D-09  0.4615149510396753D-09
  0.5050434752009230D-09  0.5526749401585251D-09  0.6047967296164143D-09
  0.6618401165021330D-09  0.7242575753773097D-09  0.7925640221187077D-09
  0.8673104339183635D-09  0.9491105725661770D-09  0.1038619407100963D-08
  0.1136577489188835D-08  0.1243766230524391D-08  0.1361067522974333D-08
  0.1489430408555176D-08  0.1629900934491557D-08  0.1783616256813505D-08
  0.1951833632385034D-08  0.2135914607146685D-08  0.2337353735373884D-08
  0.2557795612786059D-08  0.2799021923511084D-08  0.3062999130914279D-08
  0.3351877328354059D-08  0.3667993499437756D-08  0.4013926252941497D-08
  0.4392485303514343D-08  0.4806745816789517D-08  0.5260074276338317D-08
  0.5756159677233106D-08  0.6299030933884042D-08  0.6893095907513313D-08
  0.7543193958470382D-08  0.8254602216396059D-08  0.9033101803994202D-08
  0.9885020547569841D-08  0.1081728904256880D-07  0.1183748220589030D-07
  0.1295388762362444D-07  0.1417557976277206D-07  0.1551249783877266D-07
  0.1697549823300679D-07  0.1857647349296593D-07  0.2032844420260159D-07
  0.2224564326178755D-07  0.2434365488260566D-07  0.2663952865133617D-07
  0.2915193311248910D-07  0.3190128507209031D-07  0.3490993034660751D-07
  0.3820232281569479D-07  0.4180522535620215D-07  0.4574792200675415D-07
  0.5006246093579539D-07  0.5478390912873582D-07  0.5995063583075709D-07
  0.6560464899653068D-07  0.7179189218624724D-07  0.7856266433671446D-07
  0.8597199623342950D-07  0.9408010989912454D-07  0.1029529073917063D-06
  0.1126625104969907D-06  0.1232878343789826D-06  0.1349152481301040D-06
  0.1476392495786428D-06  0.1615632716049337D-06  0.1768004806657086D-06
  0.1934747278304245D-06  0.2117215430522796D-06  0.2316892335367217D-06
  0.2535400993535198D-06  0.2774517449708656D-06  0.3036185228063640D-06
  0.3322531185617592D-06  0.3635882756480934D-06  0.3978786848497250D-06
  0.4354030587695656D-06  0.4764663988068630D-06  0.5214024674534493D-06
  0.5705765083349843D-06  0.6243882019896412D-06  0.6832749409650403D-06
  0.7477153497457479D-06  0.8182332035788888D-06  0.8954016742231006D-06
  0.9798479894486533D-06  0.1072258527858452D-05  0.1173384406113892D-05
  0.1284047576843772D-05  0.1405147513309839D-05  0.1537668516256117D-05
  0.1682687720309406D-05  0.1841383844985298D-05  0.2015046775534456D-05
  0.2205088046077622D-05  0.2413052320212506D-05  0.2640629930673469D-05
  0.2889670636562555D-05  0.3162198643979000D-05  0.3460429067951932D-05
  0.3786785928301670D-05  0.4143921863455570D-05  0.4534739680726931D-05
  0.4962415954816254D-05  0.5430426846755362D-05  0.5942576359327128D-05
  0.6503027254433466D-05  0.7116334889034143D-05  0.7787484238688940D-05
  0.8521930419121852D-05  0.9325643026058571D-05  0.1020515464950392D-04
  0.1116761397923283D-04  0.1222084390376729D-04  0.1337340509743281D-04
  0.1463466560327211D-04  0.1601487697023190D-04  0.1752525758455219D-04
  0.1917808385248088D-04  0.2098678997793655D-04  0.2296607716155038D-04
  0.2513203309182731D-04  0.2750226270123212D-04  0.3009603126616920D-04
  0.3293442098837870D-04  0.3604050235860438D-04  0.3943952167182442D-04
  0.4315910622367697D-04  0.4722948887538069D-04  0.5168375378020079D-04
  0.5655810529371193D-04  0.6189216224681746D-04  0.6772927996057271D-04
  0.7411690265017362D-04  0.8110694904129074D-04  0.8875623437676931D-04
  0.9712693220229830D-04  0.1062870797229921D-03  0.1163111308036294D-03
  0.1272805611380401D-03  0.1392845304804894D-03  0.1524206073387322D-03
  0.1667955620158960D-03  0.1825262344363185D-03  0.1997404838295371D-03
  0.2185782279662733D-03  0.2391925804162587D-03  0.2617510950592286D-03
  0.2864371279637642D-03  0.3134513277113064D-03  0.3430132662696921D-03
  0.3753632236826939D-03  0.4107641410648935D-03  0.4495037577988279D-03
  0.4918969502829759D-03  0.5382882912538612D-03  0.5890548504804908D-03
  0.6446092595964627D-03  0.7054030659772025D-03  0.7719304029260962D-03
  0.8447320059994756D-03  0.9243996081190983D-03  0.1011580749186907D-02
  0.1106984039302064D-02  0.1211384918361518D-02  0.1325631958848400D-02
  0.1450653763047768D-02  0.1587466510743968D-02  0.1737182218753172D-02
  0.1901017779416417D-02  0.2080304851526090D-02  0.2276500684076709D-02
  0.2491199960813145D-02  0.2726147761854331D-02  0.2983253747739439D-02
  0.3264607681187234D-02  0.3572496412731071D-02  0.3909422468287482D-02
  0.4278124389736402D-02  0.4681598993847277D-02  0.5123125730465326D-02
  0.5606293337949464D-02  0.6135029012508943D-02  0.6713630328536314D-02
  0.7346800169378142D-02  0.8039684952469163D-02  0.8797916459517911D-02
  0.9627657611743171D-02  0.1053565256222408D-01  0.1152928151251558D-01
  0.1261662069907653D-01  0.1380650803708512D-01  0.1510861495519586D-01
  0.1653352500510729D-01  0.1809281988488985D-01  0.1979917357526273D-01
  0.2166645535396947D-01  0.2370984252555242D-01  0.2594594378279318D-01
  0.2839293420250930D-01  0.3107070297294996D-01  0.3400101505352539D-01
  0.3720768808084388D-01  0.4071678595894797D-01  0.4455683070726249D-01
  0.4875903428815109D-01  0.5335755229838559D-01  0.5838976158653819D-01
  0.6389656405276892D-01  0.6992271910031007D-01  0.7651720744081258D-01
  0.8373362921057151D-01  0.9163063963353453D-01  0.1002724257721610D+00
  0.1097292282411809D+00  0.1200779121247513D+00  0.1314025917374328D+00
  0.1437953143070623D+00  0.1573568081365064D+00  0.1721973013253678D+00
  0.1884374177062407D+00  0.2062091572776885D+00  0.2256569691029362D+00
  0.2469389253948201D+00
    1 1000  327
  0.0000000000000000D+00 -0.2427757656181913D-14 -0.2977282070474184D-15
 -0.4716234051381982D-15  0.7060297083267773D-15 -0.4327163643308246D-15
 -0.3299334183917139D-15 -0.2961069976280538D-14  0.1162995053532587D-15
 -0.9817517761931222D-15 -0.9408676106417057D-15 -0.2257618726875951D-14
 -0.7264560592400438D-15 -0.1568526018577535D-14 -0.4052818809399748D-15
 -0.3610544440754093D-15 -0.2240632818531972D-15 -0.3160822554001868D-14
 -0.4818480327278816D-15 -0.1219731639767939D-14  0.1001003574891058D-14
 -0.4993976326357667D-14 -0.2335062489421441D-14  0.1252476929260401D-14
 -0.1293648721841115D-14  0.1864697828557117D-14  0.4958125303309634D-15
  0.2576711487991712D-15  0.2357149684621305D-15 -0.1007943482497381D-14
  0.8954283706899428D-15 -0.1685554987827751D-14 -0.1298892816094689D-14
  0.1490167552942232D-15  0.8336126290958628D-15 -0.7605739639077442D-15
  0.2498837843664344D-14 -0.1300843973724409D-14  0.1347524295359997D-14
  0.1048340030303667D-14 -0.3177156857732926D-14  0.3787213448097613D-15
  0.1446524280386578D-14 -0.2472582342939133D-14 -0.2341827411014524D-14
 -0.8289234994182817D-15 -0.6731802876145263D-16 -0.1449793349268512D-14
 -0.4982758367174303D-15 -0.2070028752448881D-15  0.1773795302441911D-14
  0.2225426456821042D-15 -0.1712062909038095D-15  0.1550055641863917D-14
  0.1893865753882843D-14  0.7641742872475938D-15  0.7367325544485530D-15
  0.3070516684796038D-15 -0.2959440804519178D-15  0.1556978737671190D-14
  0.2050470848812861D-14 -0.4373840947478783D-15  0.9848832604655902D-15
  0.8578058335941085D-15  0.9033288294624531D-15  0.2093550575496440D-14
  0.4738339671832870D-14  0.1800960454895226D-14  0.9436501387054385D-15
  0.2245530427959024D-14  0.3158716893339251D-14  0.3184862545264858D-14
  0.5113226585461788D-14  0.4635681599486927D-14  0.6245613011812185D-14
  0.6084109115715114D-14  0.5395789241961657D-14  0.1056020711229211D-13
  0.9114745473257955D-14  0.1126458299492880D-13  0.1112213879495265D-13
  0.1337719553841766D-13  0.1405186945744363D-13  0.1987906438563487D-13
  0.2074645516947057D-13  0.2320883492585530D-13  0.2522121569558269D-13
  0.2822010268164916D-13  0.3043485513833788D-13  0.3487950860633794D-13
  0.3733637814225066D-13  0.4658926705861361D-13  0.4946701845156022D-13
  0.5884076284340514D-13  0.6429353120719418D-13  0.7470377293700661D-13
  0.8492272635137587D-13  0.9470781055074268D-13  0.1072101409413438D-12
  0.1211839769100097D-12  0.1369024036999190D-12  0.1544472824713247D-12
  0.1744125994097736D-12  0.1939662229092931D-12  0.2170805516959596D-12
  0.2491111141592222D-12  0.2802634852332416D-12  0.3156008085167756D-12
  0.3571291682530397D-12  0.4009604025444798D-12  0.4536022817947152D-12
  0.5100247478291947D-12  0.5767779020315791D-12  0.6470763097034636D-12
  0.7341992361096909D-12  0.8247707947941818D-12  0.9315707114696905D-12
  0.1050844636436934D-11  0.1186323632817467D-11  0.1335762656851521D-11
  0.1506872691135417D-11  0.1699000509954888D-11  0.1918123559992052D-11
  0.2161690596871646D-11  0.2439559733130774D-11  0.2752467072303972D-11
  0.3099615925597564D-11  0.3498472356278682D-11  0.3944884390954106D-11
  0.4449083992991755D-11  0.5016780342432590D-11  0.5658751942206821D-11
  0.6378447891168017D-11  0.7193229387390271D-11  0.8112395780269670D-11
  0.9147381216593756D-11  0.1031604662925295D-10  0.1163278892172136D-10
  0.1311795484835774D-10  0.1479277012111948D-10  0.1668145375239570D-10
  0.1881391870063924D-10  0.2121456272887525D-10  0.2392422570345054D-10
  0.2698010166383038D-10  0.3042408099694532D-10  0.3431050703297723D-10
  0.3868823952366836D-10  0.4362888285988966D-10  0.4919887673482462D-10
  0.5548307414103488D-10  0.6256762753638512D-10  0.7055508787038719D-10
  0.7956428921333196D-10  0.8972493832774742D-10  0.1011812832034118D-09
  0.1141005645872701D-09  0.1286691859554137D-09  0.1450969113057084D-09
  0.1636250286787042D-09  0.1845157729598652D-09  0.2080767034328678D-09
  0.2346460406741410D-09  0.2646078729377495D-09  0.2983939621176480D-09
  0.3364929308323636D-09  0.3794590165858834D-09  0.4279114115375458D-09
  0.4825480039227145D-09  0.5441621122249384D-09  0.6136439335235829D-09
  0.6919954210905407D-09  0.7803548414012662D-09  0.8799934198646514D-09
  0.9923551689302494D-09  0.1119063549775687D-08  0.1261950889923314D-08
  0.1423085550717680D-08  0.1604789595895512D-08  0.1809697720376659D-08
  0.2040768643405577D-08  0.2301345764626110D-08  0.2595191765169101D-08
  0.2926556804435504D-08  0.3300234486816201D-08  0.3721623194392782D-08
  0.4196819835504253D-08  0.4732689739412058D-08  0.5336981717575082D-08
  0.6018434078924435D-08  0.6786897478725911D-08  0.7653480652033783D-08
  0.8630712679727915D-08  0.9732725815643940D-08  0.1097544699948839D-07
  0.1237684475329690D-07  0.1395718043690967D-07  0.1573930028033941D-07
  0.1774896994535952D-07  0.2001524407656953D-07  0.2257088790764691D-07
  0.2545284754562327D-07  0.2870279005100485D-07  0.3236770042523861D-07
  0.3650056529420183D-07  0.4116113370883323D-07  0.4641678531089087D-07
  0.5234350551417510D-07  0.5902697691207842D-07  0.6656382597052335D-07
  0.7506301726767059D-07  0.8464742629302119D-07  0.9545561711703792D-07
  0.1076438520888151D-06  0.1213883384192654D-06  0.1368877879499700D-06
  0.1543662819496401D-06  0.1740765137677494D-06  0.1963034433319452D-06
  0.2213684159993026D-06  0.2496338030896014D-06  0.2815082532683519D-06
  0.3174525859594449D-06  0.3579864649350061D-06  0.4036959053412699D-06
  0.4552417484311011D-06  0.5133692120210976D-06  0.5789186729665297D-06
  0.6528378038644423D-06  0.7361952877260858D-06  0.8301962566357739D-06
  0.9361997231529556D-06  0.1055738224680652D-05  0.1190539979148194D-05
  0.1342553872341939D-05  0.1513977633291470D-05  0.1707289607654452D-05
  0.1925284588082025D-05  0.2171114221366386D-05  0.2448332568163505D-05
  0.2760947492806707D-05  0.3113478600066315D-05  0.3511022581885999D-05
  0.3959326898468255D-05  0.4464872875395083D-05  0.5034969402724801D-05
  0.5677858607843884D-05  0.6402835010968717D-05  0.7220379902530893D-05
  0.8142312872985662D-05  0.9181962696584826D-05  0.1035436002971255D-04
  0.1167645471549132D-04  0.1316736083453252D-04  0.1484863304589936D-04
  0.1674457821152103D-04  0.1888260681054665D-04  0.2129362922500086D-04
  0.2401250262298090D-04  0.2707853490491839D-04  0.3053605299328469D-04
  0.3443504368621823D-04  0.3883187633746955D-04  0.4379011781205691D-04
  0.4938145149981117D-04  0.5568671367096765D-04  0.6279706216217066D-04
  0.7081529428120253D-04  0.7985733299438585D-04  0.9005390287113342D-04
  0.1015524200249039D-03  0.1145191233709763D-03  0.1291414780108131D-03
  0.1456308854971366D-03  0.1642257401519368D-03  0.1851948756364998D-03
  0.2088414515914903D-03  0.2355073365447348D-03  0.2655780504475080D-03
  0.2994883383011773D-03  0.3377284554478181D-03  0.3808512553983043D-03
  0.4294801826694224D-03  0.4843182861845659D-03  0.5461583835486377D-03
  0.6158945231458214D-03  0.6945349097749945D-03  0.7832164806928267D-03
  0.8832213427943049D-03  0.9959953085731865D-03  0.1123168798844295D-02
  0.1266580414423999D-02  0.1428303517559883D-02  0.1610676207401860D-02
  0.1816335122889270D-02  0.2048253561752707D-02  0.2309784466733801D-02
  0.2604708900493275D-02  0.2937290710030550D-02  0.3312338170916882D-02
  0.3735273502567076D-02  0.4212211259551576D-02  0.4750046732294290D-02
  0.5356555635194421D-02  0.6040506523410981D-02  0.6811787563566986D-02
  0.7681549491144947D-02  0.8662366821376831D-02  0.9768419644316547D-02
  0.1101569863238616D-01  0.1242223622427599D-01  0.1400836732751875D-01
  0.1579702330883125D-01  0.1781406352255874D-01  0.2008864917027457D-01
  0.2265366489657636D-01  0.2554619421627170D-01  0.2880805564640004D-01
  0.3248640729418198D-01  0.3663442864167648D-01  0.4131208938399421D-01
  0.4658701643648765D-01  0.5253547164560625D-01  0.5924345433859168D-01
  0.6680794465204670D-01  0.7533830561469312D-01  0.8495786425483136D-01
  0.9580569459123456D-01
    1 1000  327
  0.0000000000000000D+00  0.5648784082464943D-15 -0.5258708357058305D-15
  0.4878769178515257D-14  0.1716316025762827D-14 -0.2681800313588893D-14
  0.2762103393263008D-14  0.1417733505401790D-15  0.1072288060314531D-14
  0.3361892908523143D-15 -0.2274935742501269D-14 -0.2933057280434296D-14
  0.8765159480281402D-16 -0.2653855745385270D-15 -0.3919372461571798D-15
  0.1503421701198708D-16 -0.4707337151700453D-15  0.1457496868878964D-14
  0.1256132768254075D-14 -0.1485112490586449D-14 -0.1261617054227602D-14
 -0.2528802600232012D-15 -0.5781778559896241D-14 -0.3721561122053023D-14
 -0.8801781614318680D-15  0.2862283628811805D-14  0.2528364904610767D-15
  0.3710135826956407D-14 -0.1291371794633754D-14 -0.2657319746995090D-15
 -0.8741033004540793D-15 -0.1638478644560821D-14  0.2304812592191058D-14
 -0.9348472759286970D-15  0.2212344427047567D-15  0.9439949398889717D-15
  0.4782398482898411D-15 -0.1352951351244772D-14  0.1548217990931778D-14
 -0.1721678660314975D-14 -0.1281568768031092D-14  0.1191848296761679D-14
 -0.2592602397196250D-14  0.2723731543799142D-14  0.5342590368737550D-16
  0.4273160787231000D-15 -0.3437925883333982D-14 -0.2230552129472353D-14
 -0.5267697801014060D-15 -0.3769193464193058D-14  0.2390710304946368D-15
 -0.2769641618078270D-14 -0.1981988015638307D-14  0.2353432173738925D-14
  0.1993793224948220D-14  0.6813514048482835D-15 -0.2383025831954142D-14
 -0.3219011978471899D-14 -0.4508130229121762D-15 -0.1891599711946478D-14
 -0.2488071899931072D-14 -0.3453169050576808D-14 -0.7968009311011102D-15
 -0.3632986464686323D-14 -0.3624709071383080D-14 -0.5619303393697965D-14
 -0.7142421987724189D-14 -0.6939199626462245D-14 -0.6863317433275912D-14
 -0.1037251478804585D-13 -0.7884003720240890D-14 -0.8237221658914559D-14
 -0.1147799711484164D-13 -0.1126752210787838D-13 -0.1339975458451751D-13
 -0.1767398991311237D-13 -0.1736719809507908D-13 -0.1932711627516403D-13
 -0.2410634528938128D-13 -0.2673424760719156D-13 -0.2686518260062693D-13
 -0.3290972973583054D-13 -0.3475538001624538D-13 -0.3834070613930334D-13
 -0.4739052624952094D-13 -0.5103957214340304D-13 -0.5649528619603755D-13
 -0.6759823941846869D-13 -0.7329629086784584D-13 -0.8144734928926168D-13
 -0.9460025304263001D-13 -0.1029561815627863D-12 -0.1154993006558705D-12
 -0.1294811741074443D-12 -0.1484803411693498D-12 -0.1685223384558358D-12
 -0.1917560360511601D-12 -0.2187551847632980D-12 -0.2458059298413560D-12
 -0.2775785626316428D-12 -0.3107340471681559D-12 -0.3497482918096277D-12
 -0.3930161348457084D-12 -0.4496458476609808D-12 -0.5008058988712567D-12
 -0.5666595445553926D-12 -0.6386495541895964D-12 -0.7233695298449016D-12
 -0.8100032779304401D-12 -0.9157623894462997D-12 -0.1033803336135357D-11
 -0.1162654918504683D-11 -0.1314859343749299D-11 -0.1478473953450514D-11
 -0.1666327577490312D-11 -0.1883173568495578D-11 -0.2123906045924250D-11
 -0.2390807396928583D-11 -0.2697316055566177D-11 -0.3041127290224341D-11
 -0.3428396068753584D-11 -0.3867888252393245D-11 -0.4360838416001020D-11
 -0.4919058389432185D-11 -0.5549203799178715D-11 -0.6257025156070756D-11
 -0.7051225956502377D-11 -0.7956497138444584D-11 -0.8971428005971431D-11
 -0.1011482800308361D-10 -0.1140727957038618D-10 -0.1286366575970379D-10
 -0.1450442430667453D-10 -0.1635657414295591D-10 -0.1845056711666008D-10
 -0.2080288328601583D-10 -0.2346267261784690D-10 -0.2645351303937170D-10
 -0.2983253167861863D-10 -0.3363954850537004D-10 -0.3793442984148124D-10
 -0.4277831344025319D-10 -0.4824264350266506D-10 -0.5440346544173655D-10
 -0.6134585400169919D-10 -0.6917977269648517D-10 -0.7801200510471346D-10
 -0.8797588398204933D-10 -0.9920737676927530D-10 -0.1118757506920162D-09
 -0.1261577867796926D-09 -0.1422673109814759D-09 -0.1604329104996437D-09
 -0.1809194750953536D-09 -0.2040193830103483D-09 -0.2300716613317744D-09
 -0.2594476646549985D-09 -0.2925727402732738D-09 -0.3299282281681522D-09
 -0.3720562913343366D-09 -0.4195651383544020D-09 -0.4731335013003344D-09
 -0.5335477434757729D-09 -0.6016713641972275D-09 -0.6784950253541776D-09
 -0.7651280169547745D-09 -0.8628266022204086D-09 -0.9729942734917936D-09
 -0.1097232128032508D-08 -0.1237332582242312D-08 -0.1395320516795278D-08
 -0.1573481215502042D-08 -0.1774392650883865D-08 -0.2000957230144048D-08
 -0.2256446485950993D-08 -0.2544564142454583D-08 -0.2869461758846823D-08
 -0.3235849680337916D-08 -0.3649020479658478D-08 -0.4114943411747388D-08
 -0.4640359018010327D-08 -0.5232860592536478D-08 -0.5901020010229949D-08
 -0.6654489576166069D-08 -0.7504165677705180D-08 -0.8462335716565625D-08
 -0.9542847648199152D-08 -0.1076132354916558D-07 -0.1213538132897117D-07
 -0.1368488536861152D-07 -0.1543223814182176D-07 -0.1740270204585021D-07
 -0.1962476067859786D-07 -0.2213054530931094D-07 -0.2495628028506407D-07
 -0.2814281905293480D-07 -0.3173623028923090D-07 -0.3578846406212209D-07
 -0.4035810718604308D-07 -0.4551122684973536D-07 -0.5132231979131836D-07
 -0.5787540210558122D-07 -0.6526521176398059D-07 -0.7359858859158504D-07
 -0.8299601244772820D-07 -0.9359334361221181D-07 -0.1055437949518334D-06
 -0.1190201354271290D-06 -0.1342172007052463D-06 -0.1513546996553103D-06
 -0.1706803992848078D-06 -0.1924736983821206D-06 -0.2170496689992549D-06
 -0.2447636181947708D-06 -0.2760162187266011D-06 -0.3112593016703034D-06
 -0.3510023928107147D-06 -0.3958200735820770D-06 -0.4463602919334492D-06
 -0.5033537280211799D-06 -0.5676243635389706D-06 -0.6401013835672123D-06
 -0.7218326186626612D-06 -0.8139996928036936D-06 -0.9179351031772676D-06
 -0.1035141489082400D-05 -0.1167313353992739D-05 -0.1316361559482494D-05
 -0.1484440960129826D-05 -0.1673981548384646D-05 -0.1887723596492729D-05
 -0.2128757259463257D-05 -0.2400567265117768D-05 -0.2707083286188717D-05
 -0.3052736751186271D-05 -0.3442524920125067D-05 -0.3882083124642036D-05
 -0.4377766242563556D-05 -0.4936740574250395D-05 -0.5567087450166374D-05
 -0.6277920055891075D-05 -0.7079515202550709D-05 -0.7983461888201378D-05
 -0.9002828850955976D-05 -0.1015235350884984D-04 -0.1144865502714288D-04
 -0.1291047458198092D-04 -0.1455894631664945D-04 -0.1641790288159281D-04
 -0.1851421999661954D-04 -0.2087820500448175D-04 -0.2354403503228214D-04
 -0.2655025110976607D-04 -0.2994031537235834D-04 -0.3376323940888403D-04
 -0.3807429284619714D-04 -0.4293580240280246D-04 -0.4841805297345758D-04
 -0.5460030376921520D-04 -0.6157193419821946D-04 -0.6943373606328008D-04
 -0.7829937075237233D-04 -0.8829701248721145D-04 -0.9957120139329855D-04
 -0.1122849331775183D-03 -0.1266220156256363D-03 -0.1427897259889003D-03
 -0.1610218076793938D-03 -0.1815818495951581D-03 -0.2047670969393336D-03
 -0.2309127486168783D-03 -0.2603968033476059D-03 -0.2936455245535572D-03
 -0.3311396030279579D-03 -0.3734211064865358D-03 -0.4211013164675020D-03
 -0.4748695658875957D-03 -0.5355032050198218D-03 -0.6038788399729334D-03
 -0.6809850061554072D-03 -0.7679364599521306D-03 -0.8659902952240681D-03
 -0.9765641176469699D-03 -0.1101256539634696D-02 -0.1241870292153375D-02
 -0.1400438287562011D-02 -0.1579253010287786D-02 -0.1780899660237122D-02
 -0.2008293528124893D-02 -0.2264722143061217D-02 -0.2553892801745929D-02
 -0.2879986166423724D-02 -0.3247716706480850D-02 -0.3662400857520175D-02
 -0.4130033883311825D-02 -0.4657376551853635D-02 -0.5252052878646751D-02
 -0.5922660350304506D-02 -0.6678894222045085D-02 -0.7531687686087550D-02
 -0.8493369937425522D-02 -0.9577844422202426D-02 -0.1080078984569913D-01
 -0.1217988684599400D-01 -0.1373507361040733D-01 -0.1548883413029013D-01
 -0.1746652326157651D-01 -0.1969673329063386D-01 -0.2221170730501436D-01
 -0.2504780534537857D-01 -0.2824603007794603D-01 -0.3185261958734593D-01
 -0.3591971586011845D-01 -0.4050611862341759D-01 -0.4567813543748269D-01
 -0.5151054033201667D-01 -0.5808765484589058D-01 -0.6550456709921312D-01
 -0.7386850652241210D-01 -0.8330039411736234D-01 -0.9393659066333790D-01
 -0.1059308681423416D+00 -0.1194566328855469D+00 -0.1347094325817993D+00
 -0.1519097833930828D+00 -0.1713063580497278D+00 -0.1931795810170160D+00
 -0.2178456827100191D+00
