  0.8350000000000000D+01    4
  0.2211313321219523D+01
    1  315    7
  327  327  327  327  327  327  327
  0.1944294824750151D-01  0.0000000000000000D+00  0.0000000000000000D+00
  0.0000000000000000D+00  0.0000000000000000D+00  0.0000000000000000D+00
  0.0000000000000000D+00  0.0000000000000000D+00  0.0000000000000000D+00
  0.0000000000000000D+00  0.0000000000000000D+00  0.0000000000000000D+00
  0.0000000000000000D+00  0.0000000000000000D+00  0.0000000000000000D+00
  0.0000000000000000D+00  0.0000000000000000D+00  0.0000000000000000D+00
  0.0000000000000000D+00  0.0000000000000000D+00  0.0000000000000000D+00
  0.0000000000000000D+00  0.0000000000000000D+00  0.0000000000000000D+00
  0.0000000000000000D+00  0.0000000000000000D+00  0.0000000000000000D+00
  0.0000000000000000D+00  0.0000000000000000D+00  0.0000000000000000D+00
  0.0000000000000000D+00  0.0000000000000000D+00  0.0000000000000000D+00
  0.0000000000000000D+00  0.0000000000000000D+00  0.0000000000000000D+00
  0.0000000000000000D+00  0.0000000000000000D+00  0.0000000000000000D+00
  0.0000000000000000D+00  0.0000000000000000D+00  0.0000000000000000D+00
  0.0000000000000000D+00  0.0000000000000000D+00  0.0000000000000000D+00
  0.0000000000000000D+00  0.0000000000000000D+00  0.0000000000000000D+00
  0.0000000000000000D+00  0.0000000000000000D+00  0.0000000000000000D+00
  0.0000000000000000D+00  0.0000000000000000D+00  0.0000000000000000D+00
  0.0000000000000000D+00  0.0000000000000000D+00  0.0000000000000000D+00
  0.0000000000000000D+00  0.0000000000000000D+00  0.0000000000000000D+00
  0.0000000000000000D+00  0.0000000000000000D+00  0.0000000000000000D+00
  0.0000000000000000D+00  0.0000000000000000D+00  0.0000000000000000D+00
  0.0000000000000000D+00  0.0000000000000000D+00  0.0000000000000000D+00
  0.0000000000000000D+00  0.0000000000000000D+00  0.0000000000000000D+00
  0.0000000000000000D+00  0.0000000000000000D+00  0.0000000000000000D+00
  0.0000000000000000D+00  0.0000000000000000D+00  0.0000000000000000D+00
  0.0000000000000000D+00  0.0000000000000000D+00  0.0000000000000000D+00
  0.0000000000000000D+00  0.0000000000000000D+00  0.0000000000000000D+00
  0.0000000000000000D+00  0.0000000000000000D+00  0.0000000000000000D+00
  0.0000000000000000D+00  0.0000000000000000D+00  0.0000000000000000D+00
  0.0000000000000000D+00  0.0000000000000000D+00  0.0000000000000000D+00
  0.0000000000000000D+00  0.0000000000000000D+00  0.0000000000000000D+00
  0.0000000000000000D+00  0.0000000000000000D+00  0.0000000000000000D+00
  0.0000000000000000D+00  0.0000000000000000D+00  0.0000000000000000D+00
  0.0000000000000000D+00  0.0000000000000000D+00  0.0000000000000000D+00
  0.0000000000000000D+00  0.0000000000000000D+00  0.0000000000000000D+00
  0.0000000000000000D+00  0.0000000000000000D+00  0.0000000000000000D+00
  0.0000000000000000D+00  0.0000000000000000D+00  0.0000000000000000D+00
  0.0000000000000000D+00  0.0000000000000000D+00  0.0000000000000000D+00
  0.0000000000000000D+00  0.0000000000000000D+00  0.0000000000000000D+00
  0.0000000000000000D+00  0.0000000000000000D+00  0.0000000000000000D+00
  0.0000000000000000D+00  0.0000000000000000D+00  0.0000000000000000D+00
  0.0000000000000000D+00  0.0000000000000000D+00  0.0000000000000000D+00
  0.0000000000000000D+00  0.0000000000000000D+00  0.0000000000000000D+00
  0.0000000000000000D+00  0.0000000000000000D+00  0.0000000000000000D+00
  0.0000000000000000D+00  0.0000000000000000D+00  0.0000000000000000D+00
  0.0000000000000000D+00  0.0000000000000000D+00  0.0000000000000000D+00
  0.0000000000000000D+00  0.0000000000000000D+00  0.0000000000000000D+00
  0.0000000000000000D+00  0.0000000000000000D+00  0.0000000000000000D+00
  0.0000000000000000D+00  0.0000000000000000D+00  0.0000000000000000D+00
  0.0000000000000000D+00  0.0000000000000000D+00  0.0000000000000000D+00
  0.0000000000000000D+00  0.0000000000000000D+00  0.0000000000000000D+00
  0.0000000000000000D+00  0.0000000000000000D+00  0.0000000000000000D+00
  0.0000000000000000D+00  0.0000000000000000D+00  0.0000000000000000D+00
  0.0000000000000000D+00  0.0000000000000000D+00  0.0000000000000000D+00
  0.0000000000000000D+00  0.0000000000000000D+00  0.0000000000000000D+00
  0.0000000000000000D+00  0.0000000000000000D+00  0.0000000000000000D+00
  0.0000000000000000D+00  0.0000000000000000D+00  0.0000000000000000D+00
  0.0000000000000000D+00  0.0000000000000000D+00  0.0000000000000000D+00
  0.0000000000000000D+00  0.0000000000000000D+00  0.0000000000000000D+00
  0.0000000000000000D+00  0.0000000000000000D+00  0.0000000000000000D+00
  0.0000000000000000D+00  0.0000000000000000D+00  0.0000000000000000D+00
  0.0000000000000000D+00  0.0000000000000000D+00  0.0000000000000000D+00
  0.0000000000000000D+00  0.0000000000000000D+00  0.0000000000000000D+00
  0.0000000000000000D+00  0.0000000000000000D+00  0.0000000000000000D+00
  0.0000000000000000D+00  0.0000000000000000D+00  0.0000000000000000D+00
  0.0000000000000000D+00  0.0000000000000000D+00  0.0000000000000000D+00
  0.0000000000000000D+00  0.0000000000000000D+00  0.0000000000000000D+00
  0.0000000000000000D+00  0.0000000000000000D+00  0.0000000000000000D+00
  0.0000000000000000D+00  0.0000000000000000D+00  0.0000000000000000D+00
  0.0000000000000000D+00  0.0000000000000000D+00  0.0000000000000000D+00
  0.0000000000000000D+00  0.0000000000000000D+00  0.0000000000000000D+00
  0.0000000000000000D+00  0.0000000000000000D+00  0.0000000000000000D+00
  0.0000000000000000D+00  0.0000000000000000D+00  0.0000000000000000D+00
  0.0000000000000000D+00  0.0000000000000000D+00  0.0000000000000000D+00
  0.0000000000000000D+00  0.0000000000000000D+00  0.0000000000000000D+00
  0.0000000000000000D+00  0.0000000000000000D+00  0.0000000000000000D+00
  0.0000000000000000D+00  0.0000000000000000D+00  0.0000000000000000D+00
  0.0000000000000000D+00  0.0000000000000000D+00  0.0000000000000000D+00
  0.0000000000000000D+00  0.0000000000000000D+00  0.0000000000000000D+00
  0.0000000000000000D+00  0.0000000000000000D+00  0.0000000000000000D+00
  0.0000000000000000D+00  0.0000000000000000D+00  0.0000000000000000D+00
  0.0000000000000000D+00  0.0000000000000000D+00  0.0000000000000000D+00
  0.0000000000000000D+00  0.0000000000000000D+00  0.0000000000000000D+00
  0.0000000000000000D+00  0.0000000000000000D+00  0.0000000000000000D+00
  0.0000000000000000D+00  0.0000000000000000D+00  0.0000000000000000D+00
  0.0000000000000000D+00  0.0000000000000000D+00  0.0000000000000000D+00
  0.0000000000000000D+00  0.0000000000000000D+00  0.0000000000000000D+00
  0.0000000000000000D+00  0.0000000000000000D+00  0.0000000000000000D+00
  0.0000000000000000D+00  0.0000000000000000D+00  0.0000000000000000D+00
  0.0000000000000000D+00  0.0000000000000000D+00  0.0000000000000000D+00
  0.0000000000000000D+00  0.0000000000000000D+00  0.0000000000000000D+00
  0.0000000000000000D+00  0.0000000000000000D+00  0.0000000000000000D+00
  0.0000000000000000D+00  0.0000000000000000D+00  0.0000000000000000D+00
  0.0000000000000000D+00  0.0000000000000000D+00  0.0000000000000000D+00
  0.0000000000000000D+00  0.0000000000000000D+00  0.0000000000000000D+00
  0.0000000000000000D+00  0.0000000000000000D+00  0.0000000000000000D+00
  0.0000000000000000D+00  0.0000000000000000D+00  0.0000000000000000D+00
  0.0000000000000000D+00  0.0000000000000000D+00  0.0000000000000000D+00
  0.0000000000000000D+00  0.0000000000000000D+00  0.0000000000000000D+00
  0.0000000000000000D+00  0.0000000000000000D+00  0.0000000000000000D+00
  0.0000000000000000D+00  0.0000000000000000D+00  0.0000000000000000D+00
  0.0000000000000000D+00  0.0000000000000000D+00  0.0000000000000000D+00
  0.0000000000000000D+00  0.0000000000000000D+00  0.0000000000000000D+00
  0.0000000000000000D+00  0.0000000000000000D+00  0.0000000000000000D+00
  0.0000000000000000D+00  0.1722683844651613D+06  0.1719211499104005D+06
  0.1715733091291127D+06  0.1712248288285013D+06  0.1708756776787521D+06
  0.1705258512014056D+06  0.1701752851074541D+06  0.1698239697476709D+06
  0.1694718496780260D+06  0.1691188917384316D+06  0.1687650541776521D+06
  0.1684102957205254D+06  0.1680545740672528D+06  0.1676978457055799D+06
  0.1673400660490813D+06  0.1669811893718172D+06  0.1666211687775808D+06
  0.1662599561712753D+06  0.1658975022262302D+06  0.1655337563517940D+06
  0.1651686666603902D+06  0.1648021799339880D+06  0.1644342415900764D+06
  0.1640647956471044D+06  0.1636937846893963D+06  0.1633211498315482D+06
  0.1629468306822974D+06  0.1625707653078813D+06  0.1621928901948832D+06
  0.1618131402125752D+06  0.1614314485747753D+06  0.1610477468012206D+06
  0.1606619646784755D+06  0.1602740302203988D+06  0.1598838696281739D+06
  0.1594914072499415D+06  0.1590965655400452D+06  0.1586992650179268D+06
  0.1582994242267006D+06  0.1578969596914366D+06  0.1574917858771974D+06
  0.1570838151468670D+06  0.1566729577188139D+06  0.1562591216244464D+06
  0.1558422126657060D+06  0.1554221343725638D+06  0.1549987879605812D+06
  0.1545720722886026D+06  0.1541418838166579D+06  0.1537081165641549D+06
  0.1532706620684431D+06  0.1528294093438493D+06  0.1523842448412791D+06
  0.1519350524084936D+06  0.1514817132511765D+06  0.1510241058949097D+06
  0.1505621061481942D+06  0.1500955870666515D+06  0.1496244189185549D+06
  0.1491484691518497D+06  0.1486676023628299D+06  0.1481816802666512D+06
  0.1476905616698689D+06  0.1471941024452049D+06  0.1466921555087532D+06
  0.1461845707998557D+06  0.1456711952638840D+06  0.1451518728381832D+06
  0.1446264444414415D+06  0.1440947479667752D+06  0.1435566182788219D+06
  0.1430118872151554D+06  0.1424603835923628D+06  0.1419019332171191D+06
  0.1413363589026371D+06  0.1407634804908728D+06  0.1401831148808887D+06
  0.1395950760638044D+06  0.1389991751647749D+06  0.1383952204924593D+06
  0.1377830175964731D+06  0.1371623693333254D+06  0.1365330759413710D+06
  0.1358949351253370D+06  0.1352477421509863D+06  0.1345912899505287D+06
  0.1339253692393927D+06  0.1332497686450014D+06  0.1325642748482268D+06
  0.1318686727382030D+06  0.1311627455812163D+06  0.1304462752044080D+06
  0.1297190421950371D+06  0.1289808261160915D+06  0.1282314057390325D+06
  0.1274705592944934D+06  0.1266980647417628D+06  0.1259137000578955D+06
  0.1251172435473150D+06  0.1243084741727760D+06  0.1234871719085626D+06
  0.1226531181168130D+06  0.1218060959478476D+06  0.1209458907653880D+06
  0.1200722905975453D+06  0.1191850866144363D+06  0.1182840736332820D+06
  0.1173690506518128D+06  0.1164398214107721D+06  0.1154961949862886D+06
  0.1145379864128232D+06  0.1135650173373611D+06  0.1125771167054510D+06
  0.1115741214796167D+06  0.1105558773905988D+06  0.1095222397217709D+06
  0.1084730741269844D+06  0.1074082574819706D+06  0.1063276787692894D+06
  0.1052312399966761D+06  0.1041188571484648D+06  0.1029904611695847D+06
  0.1018459989814376D+06  0.1006854345287282D+06  0.9950874985610026D+05
  0.9831594621316364D+05  0.9710704518621878D+05  0.9588208985469370D+05
  0.9464114596997856D+05  0.9338430315400068D+05  0.9211167611452389D+05
  0.9082340587375409D+05  0.8951966100643309D+05  0.8820063888316351D+05
  0.8686656691425000D+05  0.8551770378887466D+05  0.8415434070391713D+05
  0.8277680257622883D+05  0.8138544923163332D+05  0.7998067656338523D+05
  0.7856291765227031D+05  0.7713264383996451D+05  0.7569036574671222D+05
  0.7423663422381891D+05  0.7277204123090375D+05  0.7129722062731323D+05
  0.6981284886657858D+05  0.6831964558230150D+05  0.6681837405339806D+05
  0.6530984153621065D+05  0.6379489945063932D+05  0.6227444340714104D+05
  0.6074941306122793D+05  0.5922079178195217D+05  0.5768960612083136D+05
  0.5615692506774154D+05  0.5462385908049878D+05  0.5309155887519517D+05
  0.5156121396483651D+05  0.5003405093449025D+05  0.4851133144198082D+05
  0.4699434993420319D+05  0.4548443107035015D+05  0.4398292684480068D+05
  0.4249121340408511D+05  0.4101068755425284D+05  0.3954276295711027D+05
  0.3808886601618624D+05  0.3665043145591220D+05  0.3522889760037864D+05
  0.3382570136112953D+05  0.3244227294678854D+05  0.3108003031083923D+05
  0.2974037335760499D+05  0.2842467793034829D+05  0.2713428960941528D+05
  0.2587051735244365D+05  0.2463462701278747D+05  0.2342783477644239D+05
  0.2225130056181771D+05  0.2110612143063968D+05  0.1999332506200857D+05
  0.1891386334510315D+05  0.1786860614914427D+05  0.1685833533191751D+05
  0.1588373905032654D+05  0.1494540643801816D+05  0.1404382271600127D+05
  0.1317936480229310D+05  0.1235229748588584D+05  0.1156277022866580D+05
  0.1081081465626615D+05  0.1009634279514545D+05  0.9419146108412608D+04
  0.8778895377045785D+04  0.8175141466168315D+04  0.7607317007968322D+04
  0.7074739023717942D+04  0.6576612497226357D+04  0.6112034901041104D+04
  0.5680001664910028D+04  0.5279412563581275D+04  0.4909078988122579D+04
  0.4567732051787250D+04  0.4254031468266039D+04  0.3966575127189447D+04
  0.3703909279246229D+04  0.3464539231535754D+04  0.3246940466160419D+04
  0.3049569942203871D+04  0.2870877704207039D+04  0.2709318403233644D+04
  0.2563362728385175D+04  0.2431508581382254D+04  0.2312291855397240D+04
  0.2204296682194112D+04  0.2106165016935098D+04  0.2016605437717265D+04
  0.1934401046930213D+04  0.1858416373749130D+04  0.1787603191317635D+04
  0.1721005178207183D+04  0.1657761371296526D+04  0.1597108375987850D+04
  0.1538381319322531D+04  0.1481013551706155D+04  0.1424535123204124D+04
  0.1368570080316440D+04  0.1312832648369461D+04  0.1257122382766560D+04
  0.1201318388930026D+04  0.1145372725483520D+04  0.1089303117748941D+04
  0.1033185118693569D+04  0.9771438618508645D+03  0.9213455553017110D+03
  0.8659888674594661D+03  0.8112963541357876D+03  0.7575060722250747D+03
  0.7048635184451985D+03  0.6536140220796560D+03  0.6039957088001983D+03
  0.5562331386703903D+03  0.5105317056361814D+03  0.4670728685235698D+03
  0.4260102651319195D+03  0.3874667417966356D+03  0.3515323111714796D+03
  0.3182630313331136D+03  0.2876807800306665D+03  0.2597738793897814D+03
  0.2344985090369682D+03  0.2117808298425307D+03  0.1915197197098399D+03
  0.1735900531499876D+03  0.1578463437736733D+03  0.1441267008250675D+03
  0.1322569503990225D+03  0.1220547863134567D+03  0.1133338857681914D+03
  0.1059078300362327D+03  0.9959376295831831D+02  0.9421569856199424D+02
  0.8960741047621889D+02  0.8561485239560704D+02  0.8209807605964613D+02
  0.7893263068270305D+02  0.7601044438598105D+02  0.7324020462904022D+02
  0.7054726795206378D+02  0.6787314370886989D+02  0.6517460482224908D+02
  0.6242248790578379D+02  0.5960024970818018D+02  0.5670234905404981D+02
  0.5373252335905718D+02  0.5070202552276789D+02  0.4762788180321656D+02
  0.4453122402171061D+02  0.4143574078954255D+02  0.3836628288407478D+02
  0.3534764796206764D+02  0.3240355998888923D+02  0.2955584953225911D+02
  0.2682383278674515D+02  0.2422388013264682D+02  0.2176915936025431D+02
  0.1946953447788436D+02  0.1733159824914352D+02  0.1535881517555897D+02
  0.1355175140163036D+02  0.1190836877903757D+02  0.1042436198079066D+02
  0.9093516077753746D+01  0.7908081282791082D+01  0.6859134490294565D+01
  0.5936915355637019D+01  0.5131147521301604D+01  0.4431323428684536D+01
  0.3826952823955325D+01  0.3307773084665842D+01  0.2863921057245092D+01
  0.2486067641876630D+01  0.2165517033474265D+01  0.1894273999462213D+01
  0.1665082194437112D+01  0.1471437850115974D+01  0.1307582482272999D+01
  0.1168478690831480D+01  0.1049772873894621D+01  0.9477482913246476D+00
  0.8592716946545751D+00  0.7817362538379692D+00  0.7130031184512710D+00
  0.6513435181193901D+00  0.5953828960720151D+00  0.5440482038430382D+00
  0.4965191109230944D+00  0.4521836947136638D+00  0.4105986405996940D+00
  0.3714547914734568D+00  0.3345460298657524D+00  0.2997467518178306D+00
  0.2669788150268352D+00  0.2362247138706441D+00  0.2074332297078477D+00
  0.1806798168117050D+00
  0.0000000000000000D+00  0.3567142078949648D-14  0.3642195811757113D-14
  0.3718820093663282D-14  0.3797045235106752D-14  0.3876887230594372D-14
  0.3958590760299897D-14  0.4042045866024570D-14  0.4127516344617482D-14
  0.4214886400842267D-14  0.4304254056829352D-14  0.4395650211605981D-14
  0.4489116120486252D-14  0.4584698384692820D-14  0.4682442378067505D-14
  0.4782395431277868D-14  0.4884606423186306D-14  0.4989125617432264D-14
  0.5096004804076951D-14  0.5205297296231610D-14  0.5317057948406353D-14
  0.5431343184762458D-14  0.5548211023201123D-14  0.5667721102005327D-14
  0.5789934708002490D-14  0.5914914805782217D-14  0.6042726068149318D-14
  0.6173434907676633D-14  0.6307109509267761D-14  0.6443819863655854D-14
  0.6583637801751913D-14  0.6726637029756693D-14  0.6872893164947817D-14
  0.7022483772051124D-14  0.7175488400101631D-14  0.7331988619695092D-14
  0.7492068060527685D-14  0.7655812449114854D-14  0.7823309646575951D-14
  0.7994649686364429D-14  0.8169924811816523D-14  0.8349229513384464D-14
  0.8532660565411892D-14  0.8720317062300807D-14  0.8912300453910162D-14
  0.9108714580016591D-14  0.9309665703657197D-14  0.9515262543163363D-14
  0.9725616302682858D-14  0.9940840700975199D-14  0.1016105199825205D-13
  0.1038636902082056D-13  0.1061691318327347D-13  0.1085280850795393D-13
  0.1109418164140733D-13  0.1134116186751582D-13  0.1159388111699244D-13
  0.1185247397289511D-13  0.1211707767179949D-13  0.1238783210025075D-13
  0.1266487978609271D-13  0.1294836588425032D-13  0.1323843815651944D-13
  0.1353524694489272D-13  0.1383894513792608D-13  0.1414968812962405D-13
  0.1446763377029517D-13  0.1479294230880025D-13  0.1512577632558811D-13
  0.1546630065588103D-13  0.1581468230234359D-13  0.1617109033653374D-13
  0.1653569578840226D-13  0.1690867152307299D-13  0.1729019210409827D-13
  0.1768043364235006D-13  0.1807957362966694D-13  0.1848779075633972D-13
  0.1890526471147834D-13  0.1933217596526229D-13  0.1976870553203420D-13
  0.2021503471315624D-13  0.2067134481850358D-13  0.2113781686542777D-13
  0.2161463125397851D-13  0.2210196741712733D-13  0.2260000344469522D-13
  0.2310891567963978D-13  0.2362887828531515D-13  0.2416006278227681D-13
  0.2470263755315820D-13  0.2525676731410959D-13  0.2582261255124825D-13
  0.2640032892053340D-13  0.2699006660944620D-13  0.2759196965882277D-13
  0.2820617524316248D-13  0.2883281290771064D-13  0.2947200376059605D-13
  0.3012385961829355D-13  0.3078848210267556D-13  0.3146596168791700D-13
  0.3215637669553372D-13  0.3285979223584734D-13  0.3357625909420743D-13
  0.3430581256034063D-13  0.3504847119925278D-13  0.3580423556218315D-13
  0.3657308683619498D-13  0.3735498543109105D-13  0.3814986950247231D-13
  0.3895765340989591D-13  0.3977822610926798D-13  0.4061144947879520D-13
  0.4145715657804543D-13  0.4231514983992304D-13  0.4318519919564790D-13
  0.4406704013315043D-13  0.4496037168965667D-13  0.4586485437963484D-13
  0.4678010805972177D-13  0.4770570973273821D-13  0.4864119129344063D-13
  0.4958603721925592D-13  0.5053968220988751D-13  0.5150150878039565D-13
  0.5247084481312354D-13  0.5344696107467350D-13  0.5442906870504518D-13
  0.5541631668701889D-13  0.5640778930491402D-13  0.5740250360297836D-13
  0.5839940685486072D-13  0.5939737405690086D-13  0.6039520545932864D-13
  0.6139162415090478D-13  0.6238527371405623D-13  0.6337471596915555D-13
  0.6435842882827391D-13  0.6533480428048659D-13  0.6630214653262952D-13
  0.6725867033129319D-13  0.6820249949378201D-13  0.6913166567775912D-13
  0.7004410742132479D-13  0.7093766948733508D-13  0.7181010254782845D-13
  0.7265906324648853D-13  0.7348211467909961D-13  0.7427672733393450D-13
  0.7504028053591233D-13  0.7577006444016596D-13  0.7646328262230880D-13
  0.7711705531417957D-13  0.7772842333509767D-13  0.7829435276967005D-13
  0.7881174044387807D-13  0.7927742025149726D-13  0.7968817038281147D-13
  0.8004072150700336D-13  0.8033176595847586D-13  0.8055796797561414D-13
  0.8071597503806555D-13  0.8080243034540885D-13  0.8081398647603435D-13
  0.8074732026008181D-13  0.8059914889429588D-13  0.8036624731958401D-13
  0.8004546687380601D-13  0.7963375522282608D-13  0.7912817756203358D-13
  0.7852593906830494D-13  0.7782440856871216D-13  0.7702114337708812D-13
  0.7611391523283917D-13  0.7510073725809419D-13  0.7397989182943271D-13
  0.7274995923902566D-13  0.7140984699712903D-13  0.6995881960356575D-13
  0.6839652859020919D-13  0.6672304260973779D-13  0.6493887731821699D-13
  0.6304502477067329D-13  0.6104298202002545D-13  0.5893477858090938D-13
  0.5672300239148829D-13  0.5441082387877668D-13  0.5200201770686191D-13
  0.4950098176332981D-13  0.4691275291786182D-13  0.4424301906914856D-13
  0.4149812698276929D-13  0.3868508541440630D-13  0.3581156301061923D-13
  0.3288588048435607D-13  0.2991699657539333D-13  0.2691448732794572D-13
  0.2388851824969729D-13  0.2084980895933595D-13  0.1780958998410509D-13
  0.1477955143552870D-13  0.1177178337079238D-13  0.8798707739494894D-14
  0.5873001920628670D-14  0.3007513972407804D-14  0.2151698473640500D-15
 -0.2491127033913712D-14 -0.5098603306100766D-14 -0.7594729575819064D-14
 -0.9967339861850152D-14 -0.1220475551825711D-13 -0.1429591242660878D-13
 -0.1623049007066471D-13 -0.1799904093731573D-13 -0.1959311852492053D-13
 -0.2100540208838434D-13 -0.2222981611414625D-13 -0.2326164240296500D-13
 -0.2409762254990950D-13 -0.2473604855556309D-13 -0.2517683928660787D-13
 -0.2542160053397751D-13 -0.2547366649846651D-13 -0.2533812067198444D-13
 -0.2502179428124637D-13 -0.2453324072173755D-13 -0.2388268473363231D-13
 -0.2308194545633996D-13 -0.2214433294072683D-13 -0.2108451819191166D-13
 -0.1991837735278315D-13 -0.1866281120893679D-13 -0.1733554178760149D-13
 -0.1595488842268709D-13 -0.1453952625036979D-13 -0.1310823066866679D-13
 -0.1167961182364785D-13 -0.1027184365749530D-13 -0.8902392452990211D-14
 -0.7587750119240234D-14 -0.6343177669705164D-14 -0.5182464432412171D-14
 -0.4117708492120686D-14 -0.3159123685774025D-14 -0.2314878149170530D-14
 -0.1590968940771608D-14 -0.9911366478370933D-15 -0.5168231145983623D-15
 -0.1671745305465959D-15  0.6090890700213910D-16  0.1726766683386296D-15
  0.1753860198236672D-15  0.7811696656254025D-16 -0.1084523795917880D-15
 -0.3723051873424172D-15 -0.7003741122892188D-15 -0.1078851411434517D-14
 -0.1493513270906295D-14 -0.1930050099024950D-14 -0.2374394243663947D-14
 -0.2813036572330829D-14 -0.3233323604158525D-14 -0.3623727390122410D-14
 -0.3974081081715275D-14 -0.4275774086782443D-14 -0.4521901864794548D-14
 -0.4707366742462737D-14 -0.4828927609600334D-14 -0.4885197949109405D-14
 -0.4876593313996616D-14 -0.4805231023953803D-14 -0.4674786438796772D-14
 -0.4490311596464008D-14 -0.4258023202969373D-14 -0.3985067865739131D-14
 -0.3679273022138927D-14 -0.3348892205442622D-14 -0.3002353108296336D-14
 -0.2648016369554730D-14 -0.2293952166078656D-14 -0.1947740595633110D-14
 -0.1616300561285813D-14 -0.1305750488527359D-14 -0.1021302800579382D-14
 -0.7671927164448190D-15 -0.5466406816513462D-15 -0.3618466416605015D-15
 -0.2140134559751597D-15 -0.1033960452843396D-15 -0.2937236852987506D-16
  0.9467966643965480D-17  0.1522176569181263D-16 -0.9438764219709749D-17
 -0.6138202787802456D-16 -0.1371342750449834D-15 -0.2329946353874859D-15
 -0.3451449570143069D-15 -0.4697519041833001D-15 -0.6030592413870697D-15
 -0.7414687107109121D-15 -0.8816083858898653D-15 -0.1020387854510558D-14
 -0.1155040031026208D-14 -0.1283149829832653D-14 -0.1402670319337360D-14
 -0.1511927321490738D-14 -0.1609613703852121D-14 -0.1694774818008338D-14
 -0.1766786662102181D-14 -0.1825328381794214D-14 -0.1870350681358607D-14
 -0.1902041608706107D-14 -0.1920791025241135D-14 -0.1927154895653728D-14
 -0.1921820351821044D-14 -0.1905572312055383D-14 -0.1879262277734813D-14
 -0.1843779784613583D-14 -0.1800026853627807D-14 -0.1748895661319384D-14
 -0.1691249533508283D-14 -0.1627907243887614D-14 -0.1559630507634691D-14
 -0.1487114387285892D-14 -0.1410980464232163D-14 -0.1331771747245045D-14
 -0.1249950488666628D-14
  0.0000000000000000D+00  0.4238076182556724D-18  0.4422274281382263D-18
  0.4614474606119390D-18  0.4815020303004111D-18  0.5024229457379224D-18
  0.5242966588526589D-18  0.5471338305257091D-18  0.5710316605576050D-18
  0.5960016922123616D-18  0.6221073743756135D-18  0.6493977446550339D-18
  0.6779272669490228D-18  0.7077535065935691D-18  0.7389363012599475D-18
  0.7715385421457501D-18  0.8056261707871919D-18  0.8412683484383443D-18
  0.8785376326756408D-18  0.9175101468850480D-18  0.9582657676109146D-18
  0.1000888318320438D-17  0.1045465774308301D-17  0.1092090478868206D-17
  0.1140859370844339D-17  0.1191874224646359D-17  0.1245241903298331D-17
  0.1301074625254864D-17  0.1359490245793738D-17  0.1420612553795039D-17
  0.1484571584776350D-17  0.1551503951101072D-17  0.1621553190324055D-17
  0.1694870132692850D-17  0.1771613288878173D-17  0.1851949259065297D-17
  0.1936053164600043D-17  0.2024109103447355D-17  0.2116310630788901D-17
  0.2212861266157558D-17  0.2313975028581826D-17  0.2419877001292453D-17
  0.2530803927626391D-17  0.2647004839850300D-17  0.2768741722717304D-17
  0.2896290213666402D-17  0.3029940341674389D-17  0.3169997306875396D-17
  0.3316782303173140D-17  0.3470633386186372D-17  0.3631906388988527D-17
  0.3800975888228405D-17  0.3978236223350651D-17  0.4164102571771828D-17
  0.4359012083011497D-17  0.4563425074927191D-17  0.4777826295357468D-17
  0.5002726252639972D-17  0.5238662618639316D-17  0.5486201708095285D-17
  0.5745940038283498D-17  0.6018505973169396D-17  0.6304561456431896D-17
  0.6604803837935444D-17  0.6919967798438134D-17  0.7250827377539675D-17
  0.7598198110095746D-17  0.7962939276553898D-17  0.8345956272902503D-17
  0.8748203106165214D-17  0.9170685021621505D-17  0.9614461268186563D-17
  0.1008064800864140D-16  0.1057042138166786D-16  0.1108502072290699D-16
  0.1162575195253132D-16  0.1219399113709042D-16  0.1279118823366327D-16
  0.1341887102462285D-16  0.1407864925158927D-16  0.1477221895741611D-16
  0.1550136704531867D-16  0.1626797606450903D-16  0.1707402923195213D-16
  0.1792161570009420D-16  0.1881293608063735D-16  0.1975030823464330D-16
  0.2073617333943351D-16  0.2177310224291669D-16  0.2286380211611118D-16
  0.2401112341472948D-16  0.2521806716076055D-16  0.2648779255500683D-16
  0.2782362493150604D-16  0.2922906406468999D-16  0.3070779283998522D-16
  0.3226368629834982D-16  0.3390082106494882D-16  0.3562348517178839D-16
  0.3743618828365632D-16  0.3934367233612776D-16  0.4135092259369016D-16
  0.4346317913520572D-16  0.4568594877294349D-16  0.4802501741026883D-16
  0.5048646284175973D-16  0.5307666799800052D-16  0.5580233463558587D-16
  0.5867049747090655D-16  0.6168853875408562D-16  0.6486420327696198D-16
  0.6820561380623509D-16  0.7172128692980583D-16  0.7542014930090664D-16
  0.7931155426080417D-16  0.8340529881666502D-16  0.8771164094651850D-16
  0.9224131719817761D-16  0.9700556054337791D-16  0.1020161184422890D-15
  0.1072852710668853D-15  0.1128258496244046D-15  0.1186512547142212D-15
  0.1247754746429359D-15  0.1312131036131995D-15  0.1379793596918385D-15
  0.1450901024520736D-15  0.1525618501730792D-15  0.1604117964677457D-15
  0.1686578261962469D-15  0.1773185305088754D-15  0.1864132208465625D-15
  0.1959619417114824D-15  0.2059854820032375D-15  0.2165053846982007D-15
  0.2275439546307597D-15  0.2391242641154206D-15  0.2512701561279985D-15
  0.2640062447425268D-15  0.2773579124980534D-15  0.2913513043462458D-15
  0.3060133178067628D-15  0.3213715889327916D-15  0.3374544736640697D-15
  0.3542910241193051D-15  0.3719109593543013D-15  0.3903446300865201D-15
  0.4096229768615000D-15  0.4297774811117095D-15  0.4508401085344757D-15
  0.4728432441927972D-15  0.4958196187216173D-15  0.5198022250028935D-15
  0.5448242246560946D-15  0.5709188436770216D-15  0.5981192565478299D-15
  0.6264584581353983D-15  0.6559691226944061D-15  0.6866834492966531D-15
  0.7186329930197938D-15  0.7518484812480440D-15  0.7863596144651390D-15
  0.8221948509572988D-15  0.8593811748919074D-15  0.8979438472974803D-15
  0.9379061395432399D-15  0.9792890490036661D-15  0.1022110996695760D-14
  0.1066387506795974D-14  0.1112130868080837D-14  0.1159349777491702D-14
  0.1208048966200717D-14  0.1258228808753513D-14  0.1309884916084766D-14
  0.1363007713447241D-14  0.1417582004563118D-14  0.1473586523599480D-14
  0.1530993476887548D-14  0.1589768076647648D-14  0.1649868069348406D-14
  0.1711243261718311D-14  0.1773835047838854D-14  0.1837575941179154D-14
  0.1902389115879113D-14  0.1968187962048280D-14  0.2034875660316275D-14
  0.2102344781342420D-14  0.2170476916460914D-14  0.2239142346095746D-14
  0.2308199753018568D-14  0.2377495987932908D-14  0.2446865895239215D-14
  0.2516132207155076D-14  0.2585105514621723D-14  0.2653584323607553D-14
  0.2721355205508739D-14  0.2788193050331453D-14  0.2853861431206297D-14
  0.2918113088519645D-14  0.2980690541536242D-14  0.3041326834822291D-14
  0.3099746426048427D-14  0.3155666220851858D-14  0.3208796759361117D-14
  0.3258843557734707D-14  0.3305508606635068D-14  0.3348492026954521D-14
  0.3387493881330763D-14  0.3422216138037845D-14  0.3452364781712498D-14
  0.3477652063071410D-14  0.3497798877297482D-14  0.3512537258085681D-14
  0.3521612971501407D-14  0.3524788190743173D-14  0.3521844229720180D-14
  0.3512584310030409D-14  0.3496836332560033D-14  0.3474455621591783D-14
  0.3445327606127115D-14  0.3409370400223184D-14  0.3366537241663706D-14
  0.3316818746364696D-14  0.3260244934698735D-14  0.3196886985525744D-14
  0.3126858674242604D-14  0.3050317452681077D-14  0.2967465131236004D-14
  0.2878548127204797D-14  0.2783857247945242D-14  0.2683726983058828D-14
  0.2578534286301359D-14  0.2468696835200778D-14  0.2354670764291652D-14
  0.2236947876301172D-14  0.2116052344374016D-14  0.1992536927323404D-14
  0.1866978728760750D-14  0.1739974539606214D-14  0.1612135811748431D-14
  0.1484083318346291D-14  0.1356441563312892D-14  0.1229833008773927D-14
  0.1104872194653599D-14  0.9821598289315163D-15  0.8622769304677227D-15
  0.7457791085493374D-15  0.6331910644064656D-15  0.5250013997998576D-15
  0.4216578162970523D-15  0.3235627858967806D-15  0.2310697690680815D-15
  0.1444800498475423D-15  0.6404024917831203D-16 -0.1005943300810056D-16
 -0.7768620948512778D-16 -0.1387649090337892D-15 -0.1932773865255321D-15
 -0.2412611537213168D-15 -0.2828072639499274D-15 -0.3180575022752312D-15
 -0.3472009489775766D-15 -0.3704699970381733D-15 -0.3881359129104356D-15
 -0.4005040343037988D-15 -0.4079086995130169D-15 -0.4107080012299625D-15
 -0.4092784549809479D-15 -0.4040096692965288D-15 -0.3952991018623571D-15
 -0.3835469830776959D-15 -0.3691514851318059D-15 -0.3525042101914815D-15
 -0.3339860649652141D-15 -0.3139635803590637D-15 -0.2927857240963816D-15
 -0.2707812412506216D-15 -0.2482565431307234D-15 -0.2254941495403823D-15
 -0.2027516738884251D-15 -0.1802613257687135D-15 -0.1582298922112693D-15
 -0.1368391474799880D-15 -0.1162466325489179D-15 -0.9658673953977463D-16
 -0.7797203356871468D-16 -0.6049474456711096D-16 -0.4422836448175753D-16
 -0.2922929046272583D-16 -0.1553846175062746D-16 -0.3182946455857012D-17
  0.7822556269257570D-17  0.1747432357227040D-16  0.2577834129788523D-16
  0.3274916829955698D-16  0.3840893192852093D-16  0.4278644767736384D-16
  0.4591645134710522D-16  0.4783892918836650D-16  0.4859853018248530D-16
  0.4824404520261181D-16  0.4682793954004245D-16  0.4440592840530263D-16
  0.4103658872782982D-16  0.3678100457715379D-16  0.3170244724735080D-16
  0.2586609398531379D-16  0.1933879121108467D-16  0.1218886868453343D-16
  0.4486010634411807D-17 -0.3698811302824961D-17 -0.1229333981345658D-16
 -0.2122396581589134D-16 -0.3041559249478984D-16 -0.3979142728100663D-16
 -0.4927269927830479D-16 -0.5877829975023928D-16 -0.6822434460540635D-16
 -0.7752366116844331D-16 -0.8658520768954753D-16 -0.9531344371377309D-16
 -0.1036076834430787D-15 -0.1113614826436285D-15 -0.1184621352430135D-15
 -0.1247903821080194D-15 -0.1302204910290069D-15 -0.1346208480933881D-15
 -0.1378554642923457D-15
  0.0000000000000000D+00 -0.2835824607973294D-22 -0.3046074177614988D-22
 -0.3271900822106195D-22 -0.3514451252126073D-22 -0.3774907053747160D-22
 -0.4055463046446832D-22 -0.4356975932830010D-22 -0.4682076883799137D-22
 -0.5031823994935348D-22 -0.5408380802441649D-22 -0.5813762912107943D-22
 -0.6250156281092862D-22 -0.6719963896806540D-22 -0.7225755636824772D-22
 -0.7770306798406247D-22 -0.8356614355060881D-22 -0.8987910669575520D-22
 -0.9667684268698157D-22 -0.1039970025870045D-21 -0.1118802236345849D-21
 -0.1203703715756817D-21 -0.1295148014057600D-21 -0.1393646398123340D-21
 -0.1499750912752952D-21 -0.1614057694651316D-21 -0.1737210562220281D-21
 -0.1869904904472469D-21 -0.2012891894198164D-21 -0.2166983053033244D-21
 -0.2333055198334434D-21 -0.2512055804349589D-21 -0.2705008813003369D-21
 -0.2913020932663216D-21 -0.3137288466571814D-21 -0.3379104716243309D-21
 -0.3639868009044465D-21 -0.3921090403447476D-21 -0.4224407130079330D-21
 -0.4551586831733488D-21 -0.4904542670989689D-21 -0.5285344380044903D-21
 -0.5696231333833103D-21 -0.6139626734549355D-21 -0.6618153003343494D-21
 -0.7134648483261672D-21 -0.7692185566549368D-21 -0.8294090369247614D-21
 -0.8943964086683021D-21 -0.9645706175044712D-21 -0.1040353951683599D-20
 -0.1122203774167068D-20 -0.1210615488874833D-20 -0.1306125761348495D-20
 -0.1409316015831056D-20 -0.1520816232668424D-20 -0.1641309072005094D-20
 -0.1771534351991096D-20 -0.1912293912153633D-20 -0.2064456895231493D-20
 -0.2228965483640240D-20 -0.2406841129850058D-20 -0.2599191323336727D-20
 -0.2807216940430326D-20 -0.3032220227360663D-20 -0.3275613471107156D-20
 -0.3538928417332591D-20 -0.3823826499742883D-20 -0.4132109950701584D-20
 -0.4465733868871342D-20 -0.4826819326092600D-20 -0.5217667602680337D-20
 -0.5640775647866229D-20 -0.6098852870280882D-20 -0.6594839372206590D-20
 -0.7131925750888957D-20 -0.7713574600529865D-20 -0.8343543859754303D-20
 -0.9025912161414443D-20 -0.9765106354631329D-20 -0.1056593138305209D-19
 -0.1143360271849522D-19 -0.1237378156554757D-19 -0.1339261307035618D-19
 -0.1449676778591199D-19 -0.1569348666665334D-19 -0.1699062988732612D-19
 -0.1839672980483274D-19 -0.1992104840739956D-19 -0.2157363962291445D-19
 -0.2336541688785322D-19 -0.2530822640996749D-19 -0.2741492659197654D-19
 -0.2969947412004091D-19 -0.3217701725994646D-19 -0.3486399694584024D-19
 -0.3777825629120723D-19 -0.4093915919970693D-19 -0.4436771880467822D-19
 -0.4808673652073513D-19 -0.5212095254908182D-19 -0.5649720874014203D-19
 -0.6124462478300562D-19 -0.6639478876117499D-19 -0.7198196318835077D-19
 -0.7804330771662752D-19 -0.8461911979264980D-19 -0.9175309462511372D-19
 -0.9949260591957919D-19 -0.1078890089339792D-18 -0.1169979675105178D-18
 -0.1268798068468150D-18 -0.1375998938812185D-18 -0.1492290472840012D-18
 -0.1618439791676009D-18 -0.1755277707549356D-18 -0.1903703843747736D-18
 -0.2064692142868735D-18 -0.2239296789765552D-18 -0.2428658576979288D-18
 -0.2634011741864760D-18 -0.2856691306040688D-18 -0.3098140949217890D-18
 -0.3359921450867818D-18 -0.3643719734572720D-18 -0.3951358551231114D-18
 -0.4284806838556993D-18 -0.4646190795484809D-18 -0.5037805711148198D-18
 -0.5462128589007405D-18 -0.5921831607423350D-18 -0.6419796458476640D-18
 -0.6959129607061363D-18 -0.7543178512198197D-18 -0.8175548852051334D-18
 -0.8860122793237881D-18 -0.9601078343617638D-18 -0.1040290982576709D-17
 -0.1127044950569222D-17 -0.1220889040792501D-17 -0.1322381034387794D-17
 -0.1432119717508788D-17 -0.1550747532664438D-17 -0.1678953355853817D-17
 -0.1817475399373898D-17 -0.1967104239137277D-17 -0.2128685964124557D-17
 -0.2303125444199181D-17 -0.2491389710911888D-17 -0.2694511444099042D-17
 -0.2913592555013283D-17 -0.3149807854395906D-17 -0.3404408791286136D-17
 -0.3678727245441867D-17 -0.3974179352996340D-17 -0.4292269341374953D-17
 -0.4634593345523539D-17 -0.5002843173133425D-17 -0.5398809981771280D-17
 -0.5824387825614271D-17 -0.6281577023840241D-17 -0.6772487296617067D-17
 -0.7299340608067854D-17 -0.7864473648558629D-17 -0.8470339881167576D-17
 -0.9119511069262507D-17 -0.9814678193759776D-17 -0.1055865165989429D-16
 -0.1135436068424518D-16 -0.1220485174339245D-16 -0.1311328595600663D-16
 -0.1408293526048687D-16 -0.1511717724058410D-16 -0.1621948844190908D-16
 -0.1739343601299849D-16 -0.1864266749588460D-16 -0.1997089858311039D-16
 -0.2138189865110279D-16 -0.2287947387405318D-16 -0.2446744771827770D-16
 -0.2614963861479882D-16 -0.2792983460800533D-16 -0.2981176478113623D-16
 -0.3179906726547425D-16 -0.3389525365001821D-16 -0.3610366962257041D-16
 -0.3842745169217957D-16 -0.4086947986729466D-16 -0.4343232619439700D-16
 -0.4611819909886552D-16 -0.4892888351396461D-16 -0.5186567683566245D-16
 -0.5492932080097640D-16 -0.5811992945613720D-16 -0.6143691345838743D-16
 -0.6487890104193277D-16 -0.6844365607451363D-16 -0.7212799373623480D-16
 -0.7592769446640710D-16 -0.7983741694680776D-16 -0.8385061102027459D-16
 -0.8795943158100265D-16 -0.9215465461615479D-16 -0.9642559672594515D-16
 -0.1007600395994291D-15 -0.1051441610736769D-15 -0.1095624745522542D-15
 -0.1139977787018836D-15 -0.1184311194802090D-15 -0.1228417666683259D-15
 -0.1272072071840583D-15 -0.1315031575302536D-15 -0.1357035977787014D-15
 -0.1397808294993017D-15 -0.1437055600048077D-15 -0.1474470151885914D-15
 -0.1509730830759243D-15 -0.1542504899823146D-15 -0.1572450108687309D-15
 -0.1599217150987244D-15 -0.1622452483340450D-15 -0.1641801507531172D-15
 -0.1656912111428443D-15 -0.1667438557032779D-15 -0.1673045696237107D-15
 -0.1673413486471363D-15 -0.1668241769494540D-15 -0.1657255267342305D-15
 -0.1640208739993820D-15 -0.1616892239869568D-15 -0.1587136389013254D-15
 -0.1550817595963255D-15 -0.1507863121114393D-15 -0.1458255892054909D-15
 -0.1402038964189860D-15 -0.1339319517193499D-15 -0.1270272274734971D-15
 -0.1195142233762596D-15 -0.1114246590678341D-15 -0.1027975755248715D-15
 -0.9367933493337665D-16 -0.8412350967088506D-16 -0.7419065226161454D-16
 -0.6394793973867895D-16 -0.5346868776376684D-16 -0.4283173212076762D-16
 -0.3212067780896304D-16 -0.2142301889301917D-16 -0.1082913548308938D-16
 -0.4311776597432680D-18  0.9678150258370001D-17  0.1940688809143701D-16
  0.2866518029799619D-16  0.3736667483223858D-16  0.4542993379504418D-16
  0.5277982713942394D-16  0.5934887929859633D-16  0.6507853812591989D-16
  0.6992033600619833D-16  0.7383691441151499D-16  0.7680288540332609D-16
  0.7880550646390209D-16  0.7984514843261668D-16  0.7993554007274753D-16
  0.7910377693689887D-16  0.7739008677245446D-16  0.7484734886080213D-16
  0.7154037049273795D-16  0.6754493022661185D-16  0.6294660447737821D-16
  0.5783940101457716D-16  0.5232422967213986D-16  0.4650724651658993D-16
  0.4049811243782882D-16  0.3440821024994138D-16  0.2834886567540995D-16
  0.2242961692629085D-16  0.1675657502787240D-16  0.1143091272465180D-16
  0.6547514050136950D-17  0.2193809803632228D-17 -0.1551183314816828D-17
 -0.4617609860048626D-17 -0.6945306514501225D-17 -0.8484120976967753D-17
 -0.9194029122250360D-17 -0.9045065504693140D-17 -0.8017085836727547D-17
 -0.6099382349372324D-17 -0.3290174005342699D-17  0.4040064637633057D-18
  0.4969007577219718D-17  0.1038381652021505D-16  0.1662136109020434D-16
  0.2364934019036879D-16  0.3143106863078849D-16  0.3992632336852192D-16
  0.4909217928014501D-16  0.5888382303537355D-16  0.6925533354242498D-16
  0.8016041720260712D-16  0.9155308557735252D-16  0.1033882627584163D-15
  0.1156223096879732D-15  0.1282134532721353D-15  0.1411221094821535D-15
  0.1543110915896912D-15  0.1677456970539864D-15  0.1813936686175209D-15
  0.1952250264156692D-15  0.2092117674322327D-15  0.2233274261564206D-15
  0.2375464856148397D-15  0.2518436213591983D-15  0.2661927531741579D-15
  0.2805658708993142D-15  0.2949315925818497D-15  0.3092534056067713D-15
  0.3234875346276310D-15  0.3375803739055173D-15  0.3514654153870446D-15
  0.3650595972980798D-15  0.3782589875497259D-15  0.3909337074754403D-15
  0.4029219661257761D-15  0.4140231056382782D-15  0.4239892972981796D-15
  0.4325161241005339D-15
  0.0000000000000000D+00  0.6395267276956023D-24  0.6909581345393941D-24
  0.7465098725167053D-24  0.8065087564266032D-24  0.8712955885665647D-24
  0.9415512770155597D-24  0.1017461424305250D-23  0.1099860109502421D-23
  0.1188998709115952D-23  0.1285522358329763D-23  0.1390031200121788D-23
  0.1503158654820236D-23  0.1625622285799105D-23  0.1758188279197286D-23
  0.1901687118137121D-23  0.2057022079938320D-23  0.2225171186409167D-23
  0.2407194926045046D-23  0.2604243313708295D-23  0.2817563041540213D-23
  0.3048505803623080D-23  0.3298537164186238D-23  0.3569246162596758D-23
  0.3862355800256011D-23  0.4179734411355634D-23  0.4523408014374507D-23
  0.4895573734289642D-23  0.5298614380905107D-23  0.5735114285979230D-23
  0.6207876508453651D-23  0.6719941525776302D-23  0.7274607540603455D-23
  0.7875452543156757D-23  0.8526358281717313D-23  0.9231536307141085D-23
  0.9995556271714333D-23  0.1082337667838405D-22  0.1172037829348367D-22
  0.1269240045462008D-22  0.1374578052553598D-22  0.1488739677164605D-22
  0.1612471495370718D-22  0.1746583896288546D-22  0.1891956584849531D-22
  0.2049544562009258D-22  0.2220384623860581D-22  0.2405602424700185D-22
  0.2606420152983618D-22  0.2824164873318785D-22  0.3060277592218996D-22
  0.3316323110293453D-22  0.3594000728926720D-22  0.3895155885323016D-22
  0.4221792796102342D-22  0.4576088196472844D-22  0.4960406269408772D-22
  0.5377314867281857D-22  0.5829603137072814D-22  0.6320300669682397D-22
  0.6852698304021790D-22  0.7430370727550577D-22  0.8057201026809940D-22
  0.8737407354336859D-22  0.9475571892214051D-22  0.1027667230748742D-21
  0.1114611591084949D-21  0.1208977674743057D-21  0.1311403586735254D-21
  0.1422582504397847D-21  0.1543267422964335D-21  0.1674276306217962D-21
  0.1816497676087710D-21  0.1970896677775956D-21  0.2138521659934389D-21
  0.2320511312551307D-21  0.2518102408591028D-21  0.2732638199050291D-21
  0.2965577514981541D-21  0.3218504634194719D-21  0.3493139974803246D-21
  0.3791351682543437D-21  0.4115168183884830D-21  0.4466791782380271D-21
  0.4848613381494730D-21  0.5263228423317611D-21  0.5713454139122460D-21
  0.6202348214704068D-21  0.6733228980813355D-21  0.7309697246838121D-21
  0.7935659904154830D-21  0.8615355434314928D-21  0.9353381466435685D-21
  0.1015472453784671D-20  0.1102479222219968D-20  0.1196944779987838D-20
  0.1299504765664120D-20  0.1410848160797376D-20  0.1531721635860460D-20
  0.1662934231901289D-20  0.1805362401349119D-20  0.1959955432737014D-20
  0.2127741285430117D-20  0.2309832861794139D-20  0.2507434745590637D-20
  0.2721850436732057D-20  0.2954490113857083D-20  0.3206878957478638D-20
  0.3480666067693116D-20  0.3777634011597548D-20  0.4099709036614909D-20
  0.4448971986844927D-20  0.4827669960304786D-20  0.5238228745458256D-20
  0.5683266075707915D-20  0.6165605740489728D-20  0.6688292591201300D-20
  0.7254608479347222D-20  0.7868089162919476D-20  0.8532542215060471D-20
  0.9252065966383986D-20  0.1003106950884574D-19  0.1087429378463698D-19
  0.1178683377808827D-19  0.1277416182186064D-19  0.1384215202060540D-19
  0.1499710578560223D-19  0.1624577846243518D-19  0.1759540702031473D-19
  0.1905373875595201D-19  0.2062906094667059D-19  0.2233023136641253D-19
  0.2416670955412965D-19  0.2614858869641772D-19  0.2828662795476482D-19
  0.3059228503205350D-19  0.3307774873255033D-19  0.3575597122407538D-19
  0.3864069965989245D-19  0.4174650676057983D-19  0.4508881989220177D-19
  0.4868394810594584D-19  0.5254910652544288D-19  0.5670243738065646D-19
  0.6116302689092271D-19  0.6595091709384287D-19  0.7108711160068634D-19
  0.7659357413219307D-19  0.8249321855063109D-19  0.8880988895419376D-19
  0.9556832823788742D-19  0.1027941333506596D-18  0.1105136952914334D-18
  0.1187541216869117D-18  0.1275431395815989D-18  0.1369089758458478D-18
  0.1468802123714562D-18  0.1574856129773892D-18  0.1687539186918686D-18
  0.1807136078131233D-18  0.1933926168817756D-18  0.2068180184259792D-18
  0.2210156510695448D-18  0.2360096973276153D-18  0.2518222041590789D-18
  0.2684725411059111D-18  0.2859767906340796D-18  0.3043470651068109D-18
  0.3235907446784268D-18  0.3437096303065476D-18  0.3646990060546809D-18
  0.3865466049099860D-18  0.4092314724882298D-18  0.4327227232569298D-18
  0.4569781842979425D-18  0.4819429221733694D-18  0.5075476491768766D-18
  0.5337070061711617D-18  0.5603177203581421D-18  0.5872566377298374D-18
  0.6143786316343628D-18  0.6415143908939733D-18  0.6684680932617742D-18
  0.6950149727324285D-18  0.7208987923605859D-18  0.7458292378187834D-18
  0.7694792509715368D-18  0.7914823272782221D-18  0.8114298058835778D-18
  0.8288681868243718D-18  0.8432965158793078D-18  0.8541638842123775D-18
  0.8608670970915573D-18  0.8627485735751215D-18  0.8590945471008506D-18
  0.8491336453244970D-18  0.8320359362467413D-18  0.8069125365331529D-18
  0.7728158868329678D-18  0.7287408076743800D-18  0.6736264579595778D-18
  0.6063593259701921D-18  0.5257773898550342D-18  0.4306755904990341D-18
  0.3198127641165218D-18  0.1919201844812896D-18  0.4571186496491807D-19
 -0.1201032319747734D-18 -0.3068069360500393D-18 -0.5156554290356025D-18
 -0.7478605053207443D-18 -0.1004568434300701D-17 -0.1286836350538224D-17
 -0.1595606128517378D-17 -0.1931675736309297D-17 -0.2295668106960689D-17
 -0.2687997618140993D-17 -0.3108834329641376D-17 -0.3558066194615788D-17
 -0.4035259533698938D-17 -0.4539618140814964D-17 -0.5069941474860789D-17
 -0.5624582481519405D-17 -0.6201405682990654D-17 -0.6797746268914388D-17
 -0.7410371017429970D-17 -0.8035441969112557D-17 -0.8668483866122470D-17
 -0.9304356451690286D-17 -0.9937232798159640D-17 -0.1056058489208911D-16
 -0.1116717774900338D-16 -0.1174907335469984D-16 -0.1229764573081313D-16
 -0.1280360839573553D-16 -0.1325705543406270D-16 -0.1364751729458129D-16
 -0.1396403230469451D-16 -0.1419523471465519D-16 -0.1432945986511096D-16
 -0.1435486680409025D-16 -0.1425957836356135D-16 -0.1403183834140121D-16
 -0.1366018502418253D-16 -0.1313363983407518D-16 -0.1244190939654521D-16
 -0.1157559881473153D-16 -0.1052643341509283D-16 -0.9287485714317806D-17
 -0.7853403869946886D-17 -0.6220637439488986D-17 -0.4387655909010846D-17
 -0.2355155185372155D-17 -0.1262470961722423D-18  0.2293373078678653D-17
  0.4895285906061304D-17  0.7668238550601256D-17  0.1059807124736694D-16
  0.1366768332652324D-16  0.1685704211237531D-16  0.2014323745012631D-16
  0.2350058396555237D-16  0.2690077240362524D-16  0.3031307046103704D-16
  0.3370457238872395D-16  0.3704049527023530D-16  0.4028451831779696D-16
  0.4339915985392359D-16  0.4634618498984573D-16  0.4908703551941074D-16
  0.5158327235846849D-16  0.5379702008961411D-16  0.5569140289440560D-16
  0.5723096140301036D-16  0.5838204075131324D-16  0.5911314136046808D-16
  0.5939522556073758D-16  0.5920197506467863D-16  0.5850999633189576D-16
  0.5729897292834701D-16  0.5555176594001482D-16  0.5325446523613326D-16
  0.5039639579298211D-16  0.4697008431265948D-16  0.4297119195949068D-16
  0.3839841917956965D-16  0.3325338828865650D-16  0.2754050886309339D-16
  0.2126683002705815D-16  0.1444188259805670D-16  0.7077512846636001D-17
 -0.8122915309981602D-18 -0.9211583614313403D-17 -0.1810264871917093D-16
 -0.2746620651549197D-16 -0.3728162506569242D-16 -0.4752714736187293D-16
 -0.5818012979777036D-16 -0.6921729043779098D-16 -0.8061496288249972D-16
 -0.9234934953100739D-16 -0.1043967657631046D-15 -0.1167338648277760D-15
 -0.1293378318991023D-15 -0.1421865352288340D-15 -0.1552586226769829D-15
 -0.1685335529599437D-15 -0.1819915525517577D-15 -0.1956134905456334D-15
 -0.2093806645341826D-15 -0.2232744897914495D-15 -0.2372760815489675D-15
 -0.2513657158152454D-15 -0.2655221483685184D-15 -0.2797217650250072D-15
 -0.2939375297908525D-15 -0.3081376918925023D-15 -0.3222842084922129D-15
 -0.3363308374694838D-15 -0.3502208541543355D-15 -0.3638843471157438D-15
 -0.3772350515447789D-15 -0.3901666817501828D-15 -0.4025487343472007D-15
 -0.4142217243427188D-15 -0.4249918867349250D-15 -0.4346251654225546D-15
 -0.4428410119095402D-15
  0.0000000000000000D+00  0.2129628360657813D-27  0.2349778248844100D-27
  0.2592666405019059D-27  0.2860632032086281D-27  0.3156196765609071D-27
  0.3483185289439655D-27  0.3844195119468996D-27  0.4244021036463814D-27
  0.4685944787955315D-27  0.5174791517246594D-27  0.5715498926897207D-27
  0.6313586229722081D-27  0.6975200469250076D-27  0.7707128132320957D-27
  0.8516896610868934D-27  0.9412846896755716D-27  0.1040422348873374D-26
  0.1150127480371070D-26  0.1271536268096968D-26  0.1405908558245775D-26
  0.1554641492847747D-26  0.1719284673098088D-26  0.1901557036140138D-26
  0.2103365615016492D-26  0.2326826410665551D-26  0.2574287614805797D-26
  0.2848355450270286D-26  0.3151922930447114D-26  0.3488201872009036D-26
  0.3860758534431562D-26  0.4273553303659176D-26  0.4730984885650352D-26
  0.5237939530022153D-26  0.5799845864875118D-26  0.6422735991894506D-26
  0.7113313566944050D-26  0.7879029676508112D-26  0.8728167415586037D-26
  0.9669936179215133D-26  0.1071457679905362D-25  0.1187347878991081D-25
  0.1315931112047326D-25  0.1458616808966067D-25  0.1616973207718481D-25
  0.1792745514639163D-25  0.1987876171201923D-25  0.2204527474812683D-25
  0.2445106830551636D-25  0.2712294943727844D-25  0.3009077299986213D-25
  0.3338779321010558D-25  0.3705105630124468D-25  0.4112183913906045D-25
  0.4564613923972258D-25  0.5067522228101454D-25  0.5626623392696238D-25
  0.6248288360177599D-25  0.6939620876312188D-25  0.7708542924880122D-25
  0.8563890241828841D-25  0.9515519109607425D-25  0.1057442577640704D-24
  0.1175288000640553D-24  0.1306457444792840D-24  0.1452479170902651D-24
  0.1615059125695908D-24  0.1796101851239860D-24  0.1997733879413070D-24
  0.2222329908928315D-24  0.2472542098182587D-24  0.2751332847283116D-24
  0.3062011487496786D-24  0.3408275346667635D-24  0.3794255715494808D-24
  0.4224569302681067D-24  0.4704375837665638D-24  0.5239442558846762D-24
  0.5836216413895285D-24  0.6501904898096102D-24  0.7244566567894551D-24
  0.8073212391389269D-24  0.8997919236986057D-24  0.1002995695757897D-23
  0.1118193070243158D-23  0.1246794028460714D-23  0.1390375865080180D-23
  0.1550703174553041D-23  0.1729750233587318D-23  0.1929726066984205D-23
  0.2153102518469694D-23  0.2402645686550852D-23  0.2681451128367266D-23
  0.2992983282525760D-23  0.3341119615589329D-23  0.3730200056900873D-23
  0.4165082353489344D-23  0.4651204051748383D-23  0.5194651896302332D-23
  0.5802239529993834D-23  0.6481594483360917D-23  0.7241255558571234D-23
  0.8090781842933037D-23  0.9040874732341792D-23  0.1010351450706529D-22
  0.1129211318300552D-22  0.1262168556310857D-22  0.1410904063825583D-22
  0.1577299573733124D-22  0.1763461610508243D-22  0.1971748289703816D-22
  0.2204799292658385D-22  0.2465569388421710D-22  0.2757365917722407D-22
  0.3083890701427219D-22  0.3449286888883788D-22  0.3858191320371776D-22
  0.4315793043235347D-22  0.4827898693823412D-22  0.5401005537881854D-22
  0.6042383051351810D-22  0.6760164022544654D-22  0.7563446266383173D-22
  0.8462406162908518D-22  0.9468425366752218D-22  0.1059423218305327D-21
  0.1185405926978524D-21  0.1326381950818657D-21  0.1484130208363153D-21
  0.1660639104065538D-21  0.1858130881992330D-21  0.2079088755382791D-21
  0.2326287119340506D-21  0.2602825186484558D-21  0.2912164421167782D-21
  0.3258170187155756D-21  0.3645158066754232D-21  0.4077945356595994D-21
  0.4561908296995342D-21  0.5103045648307440D-21  0.5708049289475483D-21
  0.6384382581306598D-21  0.7140367310408870D-21  0.7985280109575083D-21
  0.8929459337162471D-21  0.9984423492149291D-21  0.1116300234350640D-20
  0.1247948206277869D-20  0.1394976576777705D-20  0.1559155101349941D-20
  0.1742452590424289D-20  0.1947058564876168D-20  0.2175407153858884D-20
  0.2430203449863003D-20  0.2714452553901822D-20  0.3031491562819294D-20
  0.3385024770921460D-20  0.3779162379435527D-20  0.4218463029674783D-20
  0.4707980499182764D-20  0.5253314924479315D-20  0.5860668939233967D-20
  0.6536909142618894D-20  0.7289633339081920D-20  0.8127244017617176D-20
  0.9059028565546737D-20  0.1009524673854898D-19  0.1124722593481071D-19
  0.1252746484630421D-19  0.1394974608378294D-19  0.1552925839356418D-19
  0.1728272910282383D-19  0.1922856744520452D-19  0.2138701942912177D-19
  0.2378033491625639D-19  0.2643294757620482D-19  0.2937166837387224D-19
  0.3262589322754916D-19  0.3622782544617005D-19  0.4021271351235297D-19
  0.4461910472164151D-19  0.4948911511596861D-19  0.5486871605863132D-19
  0.6080803768683063D-19  0.6736168934369839D-19  0.7458909693237704D-19
  0.8255485694753223D-19  0.9132910672224259D-19  0.1009879101778776D-18
  0.1116136580789213D-18  0.1232954814712132D-18  0.1361296766185795D-18
  0.1502201393471061D-18  0.1656788062566730D-18  0.1826260997642905D-18
  0.2011913734023609D-18  0.2215133532067238D-18  0.2437405703945921D-18
  0.2680317798523355D-18  0.2945563582297562D-18  0.3234946746744045D-18
  0.3550384264415998D-18  0.3893909307899543D-18  0.4267673637273556D-18
  0.4673949353201500D-18  0.5115129904332926D-18  0.5593730229494967D-18
  0.6112385907424459D-18  0.6673851179784567D-18  0.7280995707209732D-18
  0.7936799913445031D-18  0.8644348769648048D-18  0.9406823869870527D-18
  0.1022749365009271D-17  0.1110970160706381D-17  0.1205685238004793D-17
  0.1307239556843356D-17  0.1415980717126364D-17  0.1532256855112603D-17
  0.1656414284455421D-17  0.1788794876410292D-17  0.1929733176355616D-17
  0.2079553256720720D-17  0.2238565309675969D-17  0.2407061986501239D-17
  0.2585314494400493D-17  0.2773568465656348D-17  0.2972039618406602D-17
  0.3180909232954008D-17  0.3400319472375023D-17  0.3630368581248755D-17
  0.3871106001558938D-17  0.4122527450197383D-17  0.4384570007976881D-17
  0.4657107275589270D-17  0.4939944657447197D-17  0.5232814839724289D-17
  0.5535373534019352D-17  0.5847195562736172D-17  0.6167771366249588D-17
  0.6496504014924522D-17  0.6832706810694989D-17  0.7175601562758469D-17
  0.7524317619495229D-17  0.7877891733434788D-17  0.8235268827405163D-17
  0.8595303717386108D-17  0.8956763830634894D-17  0.9318332936151205D-17
  0.9678615878621523D-17  0.1003614427723966D-16  0.1038938311847763D-16
  0.1073673813897627D-16  0.1107656386405573D-16  0.1140717214241452D-16
  0.1172684100234117D-16  0.1203382365171941D-16  0.1232635745779035D-16
  0.1260267276722581D-16  0.1286100146425608D-16  0.1309958520012486D-16
  0.1331668325158145D-16  0.1351057997197290D-16  0.1367959177101336D-16
  0.1382207350809706D-16  0.1393642411011606D-16  0.1402109114811964D-16
  0.1407457404344587D-16  0.1409542553881777D-16  0.1408225107275971D-16
  0.1403370573859611D-16  0.1394848858840397D-16  0.1382533414891194D-16
  0.1366300114062749D-16  0.1346025852204789D-16  0.1321586910835181D-16
  0.1292857112941122D-16  0.1259705818843266D-16  0.1221995815457766D-16
  0.1179581156654755D-16  0.1132305013714575D-16  0.1079997593032715D-16
  0.1022474173275076D-16  0.9595333063078008D-17  0.8909552156934757D-17
  0.8165004137167152D-17  0.7359085432014853D-17  0.6488974342893940D-17
  0.5551623493889450D-17  0.4543753722516945D-17  0.3461848802036917D-17
  0.2302150226366042D-17  0.1060651146821778D-17 -0.2669115664111699D-18
 -0.1685068247548705D-17 -0.3198631493371077D-17 -0.4812716494064595D-17
 -0.6532767702468960D-17 -0.8364592783628508D-17 -0.1031440458145231D-16
 -0.1238887160742823D-16 -0.1459517725116958D-16 -0.1694108761315986D-16
 -0.1943502755551170D-16 -0.2208616429613097D-16 -0.2490449765062094D-16
 -0.2790095582419467D-16 -0.3108749543447288D-16 -0.3447720405232917D-16
 -0.3808440284594388D-16 -0.4192474563212372D-16 -0.4601530855823772D-16
 -0.5037466148039176D-16 -0.5502290760686820D-16 -0.5998167188259399D-16
 -0.6527401056117061D-16 -0.7092420403269042D-16 -0.7695738164904168D-16
 -0.8339891019042294D-16 -0.9027345563901918D-16 -0.9760359952240246D-16
 -0.1054078544258032D-15 -0.1136978750285735D-15 -0.1224745997374873D-15
 -0.1317229712997458D-15 -0.1414047959550552D-15 -0.1514490877908074D-15
 -0.1617392814086908D-15
  0.0000000000000000D+00  0.1141131758430223D-27  0.1261067921520513D-27
  0.1393585626389512D-27  0.1539997812807121D-27  0.1701723634162494D-27
  0.1881047242131071D-27  0.2079280406310567D-27  0.2299318484246341D-27
  0.2542862238300258D-27  0.2812672090204198D-27  0.3111562083111911D-27
  0.3442624303842981D-27  0.3809355852382628D-27  0.4215608552096402D-27
  0.4665656127392524D-27  0.5164246671837304D-27  0.5716645975194470D-27
  0.6328698243072241D-27  0.7006890323376600D-27  0.7758422165713063D-27
  0.8591286424454856D-27  0.9514356590008281D-27  0.1053748502026586D-26
  0.1167161214478884D-26  0.1292888795721179D-26  0.1432280725708005D-26
  0.1586836022045436D-26  0.1758220004366786D-26  0.1948282962790056D-26
  0.2159080949367871D-26  0.2392898936917300D-26  0.2652276618276244D-26
  0.2940037150814511D-26  0.3259319186668174D-26  0.3613612569003993D-26
  0.4006798119150869D-26  0.4443191989245486D-26  0.4927595110743645D-26
  0.5465348331452341D-26  0.6062393903431727D-26  0.6725344062080689D-26
  0.7461557523943299D-26  0.8279224828364189D-26  0.9187463557317571D-26
  0.1019642458992559D-25  0.1131741068492334D-25  0.1256300883736024D-25
  0.1394723802710241D-25  0.1548571416840305D-25  0.1719583428438337D-25
  0.1909698217045536D-25  0.2121075807959192D-25  0.2356123526333889D-25
  0.2617524653942436D-25  0.2908270443405458D-25  0.3231695886932265D-25
  0.3591519683899810D-25  0.3991888904535584D-25  0.4437428906242090D-25
  0.4933299125462329D-25  0.5485255442286440D-25  0.6099719898188791D-25
  0.6783858640425027D-25  0.7545669070899518D-25  0.8394077294065692D-25
  0.9339047089134407D-25  0.1039170177820332D-24  0.1156446052574793D-24
  0.1287119078831427D-24  0.1432737883855634D-24  0.1595032051757177D-24
  0.1775933462672004D-24  0.1977600165801639D-24  0.2202443088441355D-24
  0.2453155919188764D-24  0.2732748543876367D-24  0.3044584457923300D-24
  0.3392422629318850D-24  0.3780464342965823D-24  0.4213405620331484D-24
  0.4696495879065801D-24  0.5235603576328768D-24  0.5837289668002912D-24
  0.6508889814845030D-24  0.7258606377172503D-24  0.8095611363242727D-24
  0.9030161634580722D-24  0.1007372782582728D-23  0.1123913860909372D-23
  0.1254074212540586D-23  0.1399458662092780D-23  0.1561862256585341D-23
  0.1743292880201832D-23  0.1945996556460852D-23  0.2172485755736728D-23
  0.2425571063337344D-23  0.2708396604914375D-23  0.3024479672335233D-23
  0.3377755044823262D-23  0.3772624557768342D-23  0.4214012535783763D-23
  0.4707427778066628D-23  0.5259032863714587D-23  0.5875721633254846D-23
  0.6565205801235989D-23  0.7336111764407663D-23  0.8198088791967734D-23
  0.9161929919911383D-23  0.1023970702212965D-22  0.1144492169817700D-22
  0.1279267380331723D-22  0.1429984965250203D-22  0.1598533215845231D-22
  0.1787023541732538D-22  0.1997816653610745D-22  0.2233551780664206D-22
  0.2497179267513922D-22  0.2791996933640518D-22  0.3121690620249872D-22
  0.3490379395997155D-22  0.3902665944253716D-22  0.4363692711153574D-22
  0.4879204455990845D-22  0.5455617914191487D-22  0.6100099358632683D-22
  0.6820650928149215D-22  0.7626206683314892D-22  0.8526739449727937D-22
  0.9533379618817022D-22  0.1065854719642232D-21  0.1191609852094002D-21
  0.1332148921653906D-21  0.1489195510380097D-21  0.1664671296106527D-21
  0.1860718321579038D-21  0.2079723684739515D-21  0.2324346900237318D-21
  0.2597550206003483D-21  0.2902632114407268D-21  0.3243264535229453D-21
  0.3623533827530881D-21  0.4047986169558817D-21  0.4521677670200033D-21
  0.5050229682226097D-21  0.5639889816734044D-21  0.6297599199793486D-21
  0.7031066556369579D-21  0.7848849753067322D-21  0.8760445480060969D-21
  0.9776387803607360D-21  0.1090835637360840D-20  0.1216929512552838D-20
  0.1357354237224819D-20  0.1513697323870826D-20  0.1687715544990986D-20
  0.1881351954032179D-20  0.2096754460914713D-20  0.2336296080023734D-20
  0.2602596973649659D-20  0.2898548418497888D-20  0.3227338826887162D-20
  0.3592481957423726D-20  0.3997847452048608D-20  0.4447693837147752D-20
  0.4946704125591218D-20  0.5500024153788403D-20  0.6113303782725850D-20
  0.6792741084058558D-20  0.7545129621168065D-20  0.8377908920137341D-20
  0.9299218206220410D-20  0.1031795345693998D-19  0.1144382779269575D-19
  0.1268743518891920D-19  0.1406031744949664D-19  0.1557503432848104D-19
  0.1724523662502630D-19  0.1908574200395564D-19  0.2111261321031801D-19
  0.2334323824953830D-19  0.2579641199415909D-19  0.2849241855249980D-19
  0.3145311359264642D-19  0.3470200565585656D-19  0.3826433531563276D-19
  0.4216715084136009D-19  0.4643937880765919D-19  0.5111188785176300D-19
  0.5621754352083896D-19  0.6179125186906841D-19  0.6786998916066470D-19
  0.7449281471048661D-19  0.8170086354963797D-19  0.8953731524119663D-19
  0.9804733479345701D-19  0.1072779812280831D-18  0.1172780789625841D-18
  0.1280980467658183D-18  0.1397896786483076D-18  0.1524058706638645D-18
  0.1660002872347644D-18  0.1806269602805519D-18  0.1963398141435149D-18
  0.2131921090769391D-18  0.2312357959126897D-18  0.2505207744719957D-18
  0.2710940483492786D-18  0.2929987689074414D-18  0.3162731616998067D-18
  0.3409493291057103D-18  0.3670519237619974D-18  0.3945966884152928D-18
  0.4235888591410298D-18  0.4540214304900434D-18  0.4858732830596422D-18
  0.5191071762520236D-18  0.5536676115932165D-18  0.5894785749443118D-18
  0.6264411692442461D-18  0.6644311530749492D-18  0.7032964043247486D-18
  0.7428543325276690D-18  0.7828892680514906D-18  0.8231498611644909D-18
  0.8633465290897013D-18  0.9031489944056762D-18  0.9421839635124354D-18
  0.9800329992757828D-18  0.1016230647303870D-17  0.1050262880492095D-17
  0.1081565931374611D-17  0.1109525586302127D-17  0.1133477019365099D-17
  0.1152705247116044D-17  0.1166446287309037D-17  0.1173889105840875D-17
  0.1174178435599722D-17  0.1166418548739318D-17  0.1149678059729064D-17
  0.1122995830113401D-17  0.1085388036998469D-17  0.1035856455660638D-17
  0.9733979921971264D-18  0.8970154847689620D-18  0.8057297718084513D-18
  0.6985930028328354D-18  0.5747031426770652D-18  0.4332195937046006D-18
  0.2733798337668175D-18  0.9451694143448507D-19 -0.1039221444988478D-18
 -0.3223578058869068D-18 -0.5610585589497449D-18 -0.8201217068450969D-18
 -0.1099454046517900D-17 -0.1398752851492147D-17 -0.1717487357194771D-17
 -0.2054880980684076D-17 -0.2409894514153698D-17 -0.2781210540935553D-17
 -0.3167219331173644D-17 -0.3566006477378827D-17 -0.3975342519029084D-17
 -0.4392674774300176D-17 -0.4815121539411996D-17 -0.5239468731684249D-17
 -0.5662168944918063D-17 -0.6079342763572073D-17 -0.6486782056471344D-17
 -0.6879954853100222D-17 -0.7254011306562425D-17 -0.7603790175316648D-17
 -0.7923825216826966D-17 -0.8208350883047954D-17 -0.8451306740867608D-17
 -0.8646340107968115D-17 -0.8786806491725968D-17 -0.8865767539331504D-17
 -0.8875986343001902D-17 -0.8809920085523319D-17 -0.8659710147940611D-17
 -0.8417169922325273D-17 -0.8073770667750035D-17 -0.7620625807293939D-17
 -0.7048474079965503D-17 -0.6347661927710276D-17 -0.5508125410532664D-17
 -0.4519371801582575D-17 -0.3370460821662019D-17 -0.2049985235712462D-17
 -0.5460502634099702D-18  0.1153749032501218D-17  0.3062353502973301D-17
  0.5193270197219852D-17  0.7560608765744925D-17  0.1017912568598244D-16
  0.1306427801804763D-16  0.1623228826409961D-16  0.1970022157170438D-16
  0.2348607606755534D-16  0.2760888641503579D-16  0.3208883990847210D-16
  0.3694740350844810D-16  0.4220745927265268D-16  0.4789344469172504D-16
  0.5403149347163688D-16  0.6064957127996101D-16  0.6777759964167340D-16
  0.7544755930737846D-16  0.8369356153281234D-16  0.9255187140577342D-16
  0.1020608611397969D-15  0.1122608626900026D-15  0.1231938777762663D-15
  0.1349030889955766D-15  0.1474320977232855D-15  0.1608237922835306D-15
  0.1751187224984471D-15  0.1903528229568908D-15  0.2065542853396775D-15
  0.2237393278740586D-15  0.2419065428399086D-15  0.2610294210588130D-15
  0.2810465332656903D-15  0.3018487474159815D-15  0.3232625251159149D-15
  0.3450285792067900D-15
