  0.8350000000000000D+01    4
  0.2211313321219523D+01
    1  315    7
  327  327  327  327  327  327  327
  0.1944302638781983D-01  0.0000000000000000D+00  0.0000000000000000D+00
  0.0000000000000000D+00  0.0000000000000000D+00  0.0000000000000000D+00
  0.0000000000000000D+00  0.0000000000000000D+00  0.0000000000000000D+00
  0.0000000000000000D+00  0.0000000000000000D+00  0.0000000000000000D+00
  0.0000000000000000D+00  0.0000000000000000D+00  0.0000000000000000D+00
  0.0000000000000000D+00  0.0000000000000000D+00  0.0000000000000000D+00
  0.0000000000000000D+00  0.0000000000000000D+00  0.0000000000000000D+00
  0.0000000000000000D+00  0.0000000000000000D+00  0.0000000000000000D+00
  0.0000000000000000D+00  0.0000000000000000D+00  0.0000000000000000D+00
  0.0000000000000000D+00  0.0000000000000000D+00  0.0000000000000000D+00
  0.0000000000000000D+00  0.0000000000000000D+00  0.0000000000000000D+00
  0.0000000000000000D+00  0.0000000000000000D+00  0.0000000000000000D+00
  0.0000000000000000D+00  0.0000000000000000D+00  0.0000000000000000D+00
  0.0000000000000000D+00  0.0000000000000000D+00  0.0000000000000000D+00
  0.0000000000000000D+00  0.0000000000000000D+00  0.0000000000000000D+00
  0.0000000000000000D+00  0.0000000000000000D+00  0.0000000000000000D+00
  0.0000000000000000D+00  0.0000000000000000D+00  0.0000000000000000D+00
  0.0000000000000000D+00  0.0000000000000000D+00  0.0000000000000000D+00
  0.0000000000000000D+00  0.0000000000000000D+00  0.0000000000000000D+00
  0.0000000000000000D+00  0.0000000000000000D+00  0.0000000000000000D+00
  0.0000000000000000D+00  0.0000000000000000D+00  0.0000000000000000D+00
  0.0000000000000000D+00  0.0000000000000000D+00  0.0000000000000000D+00
  0.0000000000000000D+00  0.0000000000000000D+00  0.0000000000000000D+00
  0.0000000000000000D+00  0.0000000000000000D+00  0.0000000000000000D+00
  0.0000000000000000D+00  0.0000000000000000D+00  0.0000000000000000D+00
  0.0000000000000000D+00  0.0000000000000000D+00  0.0000000000000000D+00
  0.0000000000000000D+00  0.0000000000000000D+00  0.0000000000000000D+00
  0.0000000000000000D+00  0.0000000000000000D+00  0.0000000000000000D+00
  0.0000000000000000D+00  0.0000000000000000D+00  0.0000000000000000D+00
  0.0000000000000000D+00  0.0000000000000000D+00  0.0000000000000000D+00
  0.0000000000000000D+00  0.0000000000000000D+00  0.0000000000000000D+00
  0.0000000000000000D+00  0.0000000000000000D+00  0.0000000000000000D+00
  0.0000000000000000D+00  0.0000000000000000D+00  0.0000000000000000D+00
  0.0000000000000000D+00  0.0000000000000000D+00  0.0000000000000000D+00
  0.0000000000000000D+00  0.0000000000000000D+00  0.0000000000000000D+00
  0.0000000000000000D+00  0.0000000000000000D+00  0.0000000000000000D+00
  0.0000000000000000D+00  0.0000000000000000D+00  0.0000000000000000D+00
  0.0000000000000000D+00  0.0000000000000000D+00  0.0000000000000000D+00
  0.0000000000000000D+00  0.0000000000000000D+00  0.0000000000000000D+00
  0.0000000000000000D+00  0.0000000000000000D+00  0.0000000000000000D+00
  0.0000000000000000D+00  0.0000000000000000D+00  0.0000000000000000D+00
  0.0000000000000000D+00  0.0000000000000000D+00  0.0000000000000000D+00
  0.0000000000000000D+00  0.0000000000000000D+00  0.0000000000000000D+00
  0.0000000000000000D+00  0.0000000000000000D+00  0.0000000000000000D+00
  0.0000000000000000D+00  0.0000000000000000D+00  0.0000000000000000D+00
  0.0000000000000000D+00  0.0000000000000000D+00  0.0000000000000000D+00
  0.0000000000000000D+00  0.0000000000000000D+00  0.0000000000000000D+00
  0.0000000000000000D+00  0.0000000000000000D+00  0.0000000000000000D+00
  0.0000000000000000D+00  0.0000000000000000D+00  0.0000000000000000D+00
  0.0000000000000000D+00  0.0000000000000000D+00  0.0000000000000000D+00
  0.0000000000000000D+00  0.0000000000000000D+00  0.0000000000000000D+00
  0.0000000000000000D+00  0.0000000000000000D+00  0.0000000000000000D+00
  0.0000000000000000D+00  0.0000000000000000D+00  0.0000000000000000D+00
  0.0000000000000000D+00  0.0000000000000000D+00  0.0000000000000000D+00
  0.0000000000000000D+00  0.0000000000000000D+00  0.0000000000000000D+00
  0.0000000000000000D+00  0.0000000000000000D+00  0.0000000000000000D+00
  0.0000000000000000D+00  0.0000000000000000D+00  0.0000000000000000D+00
  0.0000000000000000D+00  0.0000000000000000D+00  0.0000000000000000D+00
  0.0000000000000000D+00  0.0000000000000000D+00  0.0000000000000000D+00
  0.0000000000000000D+00  0.0000000000000000D+00  0.0000000000000000D+00
  0.0000000000000000D+00  0.0000000000000000D+00  0.0000000000000000D+00
  0.0000000000000000D+00  0.0000000000000000D+00  0.0000000000000000D+00
  0.0000000000000000D+00  0.0000000000000000D+00  0.0000000000000000D+00
  0.0000000000000000D+00  0.0000000000000000D+00  0.0000000000000000D+00
  0.0000000000000000D+00  0.0000000000000000D+00  0.0000000000000000D+00
  0.0000000000000000D+00  0.0000000000000000D+00  0.0000000000000000D+00
  0.0000000000000000D+00  0.0000000000000000D+00  0.0000000000000000D+00
  0.0000000000000000D+00  0.0000000000000000D+00  0.0000000000000000D+00
  0.0000000000000000D+00  0.0000000000000000D+00  0.0000000000000000D+00
  0.0000000000000000D+00  0.0000000000000000D+00  0.0000000000000000D+00
  0.0000000000000000D+00  0.0000000000000000D+00  0.0000000000000000D+00
  0.0000000000000000D+00  0.0000000000000000D+00  0.0000000000000000D+00
  0.0000000000000000D+00  0.0000000000000000D+00  0.0000000000000000D+00
  0.0000000000000000D+00  0.0000000000000000D+00  0.0000000000000000D+00
  0.0000000000000000D+00  0.0000000000000000D+00  0.0000000000000000D+00
  0.0000000000000000D+00  0.0000000000000000D+00  0.0000000000000000D+00
  0.0000000000000000D+00  0.0000000000000000D+00  0.0000000000000000D+00
  0.0000000000000000D+00  0.0000000000000000D+00  0.0000000000000000D+00
  0.0000000000000000D+00  0.0000000000000000D+00  0.0000000000000000D+00
  0.0000000000000000D+00  0.0000000000000000D+00  0.0000000000000000D+00
  0.0000000000000000D+00  0.0000000000000000D+00  0.0000000000000000D+00
  0.0000000000000000D+00  0.0000000000000000D+00  0.0000000000000000D+00
  0.0000000000000000D+00  0.0000000000000000D+00  0.0000000000000000D+00
  0.0000000000000000D+00  0.0000000000000000D+00  0.0000000000000000D+00
  0.0000000000000000D+00  0.0000000000000000D+00  0.0000000000000000D+00
  0.0000000000000000D+00  0.0000000000000000D+00  0.0000000000000000D+00
  0.0000000000000000D+00  0.0000000000000000D+00  0.0000000000000000D+00
  0.0000000000000000D+00  0.0000000000000000D+00  0.0000000000000000D+00
  0.0000000000000000D+00  0.0000000000000000D+00  0.0000000000000000D+00
  0.0000000000000000D+00  0.0000000000000000D+00  0.0000000000000000D+00
  0.0000000000000000D+00  0.0000000000000000D+00  0.0000000000000000D+00
  0.0000000000000000D+00  0.0000000000000000D+00  0.0000000000000000D+00
  0.0000000000000000D+00  0.0000000000000000D+00  0.0000000000000000D+00
  0.0000000000000000D+00  0.0000000000000000D+00  0.0000000000000000D+00
  0.0000000000000000D+00  0.0000000000000000D+00  0.0000000000000000D+00
  0.0000000000000000D+00  0.0000000000000000D+00  0.0000000000000000D+00
  0.0000000000000000D+00  0.0000000000000000D+00  0.0000000000000000D+00
  0.0000000000000000D+00  0.0000000000000000D+00  0.0000000000000000D+00
  0.0000000000000000D+00  0.0000000000000000D+00  0.0000000000000000D+00
  0.0000000000000000D+00  0.0000000000000000D+00  0.0000000000000000D+00
  0.0000000000000000D+00  0.0000000000000000D+00  0.0000000000000000D+00
  0.0000000000000000D+00  0.0000000000000000D+00  0.0000000000000000D+00
  0.0000000000000000D+00  0.0000000000000000D+00  0.0000000000000000D+00
  0.0000000000000000D+00  0.0000000000000000D+00  0.0000000000000000D+00
  0.0000000000000000D+00  0.0000000000000000D+00  0.0000000000000000D+00
  0.0000000000000000D+00  0.1722683795685786D+06  0.1719211450236498D+06
  0.1715733042522101D+06  0.1712248239614637D+06  0.1708756728215968D+06
  0.1705258463541546D+06  0.1701752802701285D+06  0.1698239649202964D+06
  0.1694718448606266D+06  0.1691188869310333D+06  0.1687650493802820D+06
  0.1684102909332115D+06  0.1680545692900240D+06  0.1676978409384665D+06
  0.1673400612921148D+06  0.1669811846250301D+06  0.1666211640410069D+06
  0.1662599514449500D+06  0.1658974975101897D+06  0.1655337516460764D+06
  0.1651686619650347D+06  0.1648021752490353D+06  0.1644342369155689D+06
  0.1640647909830856D+06  0.1636937800359118D+06  0.1633211451886451D+06
  0.1629468260500242D+06  0.1625707606862886D+06  0.1621928855840232D+06
  0.1618131356125019D+06  0.1614314439855446D+06  0.1610477422228904D+06
  0.1606619601111057D+06  0.1602740256640514D+06  0.1598838650829127D+06
  0.1594914027158327D+06  0.1590965610171572D+06  0.1586992605063301D+06
  0.1582994197264681D+06  0.1578969552026438D+06  0.1574917813999220D+06
  0.1570838106811892D+06  0.1566729532648168D+06  0.1562591171822152D+06
  0.1558422082353291D+06  0.1554221299541322D+06  0.1549987835541887D+06
  0.1545720678943459D+06  0.1541418794346369D+06  0.1537081121944722D+06
  0.1532706577112048D+06  0.1528294049991645D+06  0.1523842405092602D+06
  0.1519350480892565D+06  0.1514817089448405D+06  0.1510241016015974D+06
  0.1505621018680320D+06  0.1500955827997696D+06  0.1496244146650870D+06
  0.1491484649119338D+06  0.1486675981366075D+06  0.1481816760542677D+06
  0.1476905574714745D+06  0.1471940982609533D+06  0.1466921513388027D+06
  0.1461845666443690D+06  0.1456711911230283D+06  0.1451518687121299D+06
  0.1446264403303672D+06  0.1440947438708608D+06  0.1435566141982533D+06
  0.1430118831501232D+06  0.1424603795430630D+06  0.1419019291837524D+06
  0.1413363548854096D+06  0.1407634764899958D+06  0.1401831108965791D+06
  0.1395950720962840D+06  0.1389991712142715D+06  0.1383952165592059D+06
  0.1377830136807090D+06  0.1371623654352949D+06  0.1365330720613249D+06
  0.1358949312635317D+06  0.1352477383076842D+06  0.1345912861259984D+06
  0.1339253654339087D+06  0.1332497648588446D+06  0.1325642710816843D+06
  0.1318686689915679D+06  0.1311627418547885D+06  0.1304462714984934D+06
  0.1297190385099483D+06  0.1289808224521474D+06  0.1282314020965584D+06
  0.1274705556738212D+06  0.1266980611432308D+06  0.1259136964818485D+06
  0.1251172399941042D+06  0.1243084706427593D+06  0.1234871684021041D+06
  0.1226531146342832D+06  0.1218060924896231D+06  0.1209458873318519D+06
  0.1200722871890870D+06  0.1191850832314509D+06  0.1182840702761705D+06
  0.1173690473209824D+06  0.1164398181066352D+06  0.1154961917092635D+06
  0.1145379831633331D+06  0.1135650141158346D+06  0.1125771135123215D+06
  0.1115741183153222D+06  0.1105558742555816D+06  0.1095222366164772D+06
  0.1084730710518643D+06  0.1074082544374775D+06  0.1063276757558796D+06
  0.1052312370148086D+06  0.1041188541986005D+06  0.1029904582521863D+06
  0.1018459960969689D+06  0.1006854316776535D+06  0.9950874703888400D+05
  0.9831594343026960D+05  0.9710704243810938D+05  0.9588208714182957D+05
  0.9464114329281751D+05  0.9338430051299716D+05  0.9211167351012808D+05
  0.9082340330641088D+05  0.8951965847658156D+05  0.8820063639123576D+05
  0.8686656446067001D+05  0.8551770137405759D+05  0.8415433832826806D+05
  0.8277680024014165D+05  0.8138544693548961D+05  0.7998067430755313D+05
  0.7856291543710302D+05  0.7713264166579930D+05  0.7569036361386898D+05
  0.7423663213259872D+05  0.7277203918158762D+05  0.7129721862016061D+05
  0.6981284690182592D+05  0.6831964366016074D+05  0.6681837217405507D+05
  0.6530983969982383D+05  0.6379489765733808D+05  0.6227444165702410D+05
  0.6074941135436186D+05  0.5922079011836978D+05  0.5768960450053041D+05
  0.5615692349068290D+05  0.5462385754660517D+05  0.5309155738434962D+05
  0.5156121251688112D+05  0.5003404952922463D+05  0.4851133007916097D+05
  0.4699434861354020D+05  0.4548442979150931D+05  0.4398292560740026D+05
  0.4249121220769559D+05  0.4101068639839621D+05  0.3954276184125934D+05
  0.3808886493976429D+05  0.3665043041829275D+05  0.3522889660088528D+05
  0.3382570039903616D+05  0.3244227202131964D+05  0.3108002942117059D+05
  0.2974037250286446D+05  0.2842467710961694D+05  0.2713428882172874D+05
  0.2587051659679386D+05  0.2463462628812458D+05  0.2342783408167712D+05
  0.2225129989582388D+05  0.2110612079225716D+05  0.1999332445004649D+05
  0.1891386275834351D+05  0.1786860558634578D+05  0.1685833479181983D+05
  0.1588373853165473D+05  0.1494540593948749D+05  0.1404382223632235D+05
  0.1317936434017710D+05  0.1235229704005013D+05  0.1156276979783964D+05
  0.1081081423919670D+05  0.1009634239060370D+05  0.9419145715199575D+04
  0.8778894993998674D+04  0.8175141092166637D+04  0.7607316641939964D+04
  0.7074738664645092D+04  0.6576612144151240D+04  0.6112034553071404D+04
  0.5680001321224035D+04  0.5279412223432553D+04  0.4909078650844192D+04
  0.4567731716795412D+04  0.4254031135063146D+04  0.3966574795366399D+04
  0.3703908948483989D+04  0.3464538902997741D+04  0.3246940132653477D+04
  0.3049569604528916D+04  0.2870877363180115D+04  0.2709318059685144D+04
  0.2563362383158244D+04  0.2431508235330561D+04  0.2312291509381998D+04
  0.2204296337080357D+04  0.2106164673587253D+04  0.2016605096993984D+04
  0.1934400709678578D+04  0.1858416040798221D+04  0.1787602863471593D+04
  0.1721004856237819D+04  0.1657761055935632D+04  0.1597108067919304D+04
  0.1538381019174374D+04  0.1481013260042777D+04  0.1424534840518749D+04
  0.1368569807024081D+04  0.1312832384800528D+04  0.1257122129161306D+04
  0.1201318145434014D+04  0.1145372492144280D+04  0.1089302894513976D+04
  0.1033184905409837D+04  0.9771436582658653D+03  0.9213453610662549D+03
  0.8659886821321703D+03  0.8112961771893231D+03  0.7575059030541327D+03
  0.7048633563761108D+03  0.6536138663815550D+03  0.6039955586975610D+03
  0.5562329933567709D+03  0.5105315642888885D+03  0.4670727303190193D+03
  0.4260101292613538D+03  0.3874666074818763D+03  0.3515321776803677D+03
  0.3182628979942752D+03  0.2876806462472489D+03  0.2597737446518105D+03
  0.2344983729319988D+03  0.2117806920626606D+03  0.1915195801474163D+03
  0.1735899117135788D+03  0.1578462004909408D+03  0.1441265558413888D+03
  0.1322568039733805D+03  0.1220546388117299D+03  0.1133337376538734D+03
  0.1059076818588669D+03  0.9959361533990794D+02  0.9421555218172480D+02
  0.8960726605388641D+02  0.8561471067418466D+02  0.8209793778745203D+02
  0.7893249659564808D+02  0.7601031519037448D+02  0.7324008098541726D+02
  0.7054715046046705D+02  0.6787303289597156D+02  0.6517450113063997D+02
  0.6242239168568349D+02  0.5960016121174144D+02  0.5670226843234300D+02
  0.5373245066173069D+02  0.5070196070029271D+02  0.4762782471154033D+02
  0.4453117442907239D+02  0.4143569838513821D+02  0.3836624728821523D+02
  0.3534761873744091D+02  0.3240353665252313D+02  0.2955583156778273D+02
  0.2682381965656580D+02  0.2422387128968960D+02  0.2176915425895512D+02
  0.1946953258417785D+02  0.1733159904924521D+02  0.1535881818339968D+02
  0.1355175616486124D+02  0.1190837488358014D+02  0.1042436905392704D+02
  0.9093523793009037D+01  0.7908089360379705D+01  0.6859142685911376D+01
  0.5936923466628167D+01  0.5131155384315845D+01  0.4431330916706422D+01
  0.3826959842890035D+01  0.3307779569636952D+01  0.2863926968753416D+01
  0.2486072961952004D+01  0.2165521761933108D+01  0.1894278150364544D+01
  0.1665085792815698D+01  0.1471440929031508D+01  0.1307585080229916D+01
  0.1168480849572068D+01  0.1049774636573837D+01  0.9477497010545269D+00
  0.8592727933962402D+00  0.7817370816103605D+00  0.7130037128192941D+00
  0.6513439139198822D+00  0.5953831253336815D+00  0.5440482958560339D+00
  0.4965190924149644D+00  0.4521835900907156D+00  0.4105984722158286D+00
  0.3714545798942136D+00  0.3345457940940581D+00  0.2997465094742613D+00
  0.2669785824167696D+00  0.2362245060609153D+00  0.2074330602565563D+00
  0.1806796979991525D+00
  0.0000000000000000D+00  0.3567218126369679D-14  0.3642273459237435D-14
  0.3718899374686207D-14  0.3797126183800775D-14  0.3876969881426258D-14
  0.3958675152950503D-14  0.4042132037836678D-14  0.4127604338557044D-14
  0.4214976257406138D-14  0.4304345818604349D-14  0.4395743921837589D-14
  0.4489211823299438D-14  0.4584796125206023D-14  0.4682542202366465D-14
  0.4782497386457342D-14  0.4884710557383078D-14  0.4989231979854662D-14
  0.5096113445037416D-14  0.5205408267179110D-14  0.5317171301959306D-14
  0.5431458974742168D-14  0.5548329304665750D-14  0.5667841931284447D-14
  0.5790058142732227D-14  0.5915040904941038D-14  0.6042854892094428D-14
  0.6173566518181066D-14  0.6307243969558174D-14  0.6443957238451028D-14
  0.6583778157301963D-14  0.6726780433883071D-14  0.6873039687084060D-14
  0.7022633483284343D-14  0.7175641373214845D-14  0.7332144929210296D-14
  0.7492227782749771D-14  0.7655975662176325D-14  0.7823476430482394D-14
  0.7994820123040848D-14  0.8170098985154453D-14  0.8349407509289866D-14
  0.8532842471853883D-14  0.8720502969361047D-14  0.8912490453833157D-14
  0.9108908767260610D-14  0.9309864174945894D-14  0.9515465397538182D-14
  0.9725823641556004D-14  0.9941052628183248D-14  0.1016126862011014D-13
  0.1038659044617708D-13  0.1061713952356528D-13  0.1085303987726189D-13
  0.1109441815651238D-13  0.1134140364795506D-13  0.1159412828511561D-13
  0.1185272665392118D-13  0.1211733599387320D-13  0.1238809619449913D-13
  0.1266514978668135D-13  0.1294864192843942D-13  0.1323872038471937D-13
  0.1353553550071909D-13  0.1383924016825392D-13  0.1414998978464136D-13
  0.1446794220355517D-13  0.1479325767727267D-13  0.1512609878970877D-13
  0.1546663037959994D-13  0.1581501945317126D-13  0.1617143508558521D-13
  0.1653604831043885D-13  0.1690903199654153D-13  0.1729056071116721D-13
  0.1768081056894254D-13  0.1807995906549028D-13  0.1848818489491085D-13
  0.1890566775014525D-13  0.1933258810522063D-13  0.1976912697833891D-13
  0.2021546567472773D-13  0.2067178550812788D-13  0.2113826749975032D-13
  0.2161509205349106D-13  0.2210243860614735D-13  0.2260048525133724D-13
  0.2310940833577832D-13  0.2362938202653809D-13  0.2416057784782923D-13
  0.2470316418587545D-13  0.2525730576033922D-13  0.2582316306075987D-13
  0.2640089174641567D-13  0.2699064200799040D-13  0.2759255788939182D-13
  0.2820677656804455D-13  0.2883342759195661D-13  0.2947263207183957D-13
  0.3012450182655337D-13  0.3078913848013781D-13  0.3146663250869803D-13
  0.3215706223542082D-13  0.3286049277201734D-13  0.3357697490492134D-13
  0.3430654392461348D-13  0.3504921839649697D-13  0.3580499887182486D-13
  0.3657386653726117D-13  0.3735578180176685D-13  0.3815068281962665D-13
  0.3895848394857434D-13  0.3977907414215143D-13  0.4061231527562260D-13
  0.4145804040499969D-13  0.4231605195897846D-13  0.4318611986387712D-13
  0.4406797960199062D-13  0.4496133020413266D-13  0.4586583217753815D-13
  0.4678110537074381D-13  0.4770672677755722D-13  0.4864222828276029D-13
  0.4958709435279480D-13  0.5054075967531790D-13  0.5150260675223177D-13
  0.5247196345155695D-13  0.5344810052435583D-13  0.5443022909381756D-13
  0.5541749812458704D-13  0.5640899188146931D-13  0.5740372738776500D-13
  0.5840065189468849D-13  0.5939864037460481D-13  0.6039649305217644D-13
  0.6139293298895163D-13  0.6238660373845072D-13  0.6337606709039710D-13
  0.6435980092442431D-13  0.6533619719533885D-13  0.6630356007383709D-13
  0.6726010426846304D-13  0.6820395355653698D-13  0.6913313955377325D-13
  0.7004560075433911D-13  0.7093918187515872D-13  0.7181163354033283D-13
  0.7266061234360371D-13  0.7348368132882006D-13  0.7427831093034517D-13
  0.7504188041724516D-13  0.7577167988689925D-13  0.7646491285532171D-13
  0.7711869949297463D-13  0.7773008055610819D-13  0.7829602206466615D-13
  0.7881342077848982D-13  0.7927911052387184D-13  0.7968986942242546D-13
  0.8004242807364770D-13  0.8033347874143737D-13  0.8055968559307472D-13
  0.8071769603674298D-13  0.8080415320046224D-13  0.8081570959126180D-13
  0.8074904196843359D-13  0.8060086745873098D-13  0.8036796093429658D-13
  0.8004717366584909D-13  0.7963545325415921D-13  0.7912986483202148D-13
  0.7852761351669476D-13  0.7782606807911404D-13  0.7702278578098467D-13
  0.7611553831414621D-13  0.7510233875829623D-13  0.7398146945331127D-13
  0.7275151066099705D-13  0.7141136986820660D-13  0.6996031155895484D-13
  0.6839798725754204D-13  0.6672446561794869D-13  0.6494026230705302D-13
  0.6304636940083117D-13  0.6104428398389667D-13  0.5893603561390964D-13
  0.5672421228394051D-13  0.5441198448830505D-13  0.5200312697124976D-13
  0.4950203771378185D-13  0.4691375369260167D-13  0.4424396292727360D-13
  0.4149901231827293D-13  0.3868591077026744D-13  0.3581232709284852D-13
  0.3288658217587659D-13  0.2991763494962420D-13  0.2691506166194717D-13
  0.2388902803672499D-13  0.2085025392064622D-13  0.1780997007984366D-13
  0.1477986687453104D-13  0.1177203461911911D-13  0.8798895527523729D-14
  0.5873127248524530D-14  0.3007578113795286D-14  0.2151743510319951D-15
 -0.2491180344437667D-14 -0.5098712335256131D-14 -0.7594891961134259D-14
 -0.9967552981597750D-14 -0.1220501650173684D-13 -0.1429621816712839D-13
 -0.1623083724125777D-13 -0.1799942600920386D-13 -0.1959353778869085D-13
 -0.2100585167781276D-13 -0.2223029203255553D-13 -0.2326214055196173D-13
 -0.2409813876029623D-13 -0.2473657862017593D-13 -0.2517737899477970D-13
 -0.2542214570728121D-13 -0.2547421302734535D-13 -0.2533866455283531D-13
 -0.2502233165348164D-13 -0.2453376790431934D-13 -0.2388319826054646D-13
 -0.2308244211045801D-13 -0.2214480978549706D-13 -0.2108497260032116D-13
 -0.1991880703304523D-13 -0.1866321422638424D-13 -0.1733591658230315D-13
 -0.1595523382235437D-13 -0.1453984147818346D-13 -0.1310851534572820D-13
 -0.1167986596584334D-13 -0.1027206766665869D-13 -0.8902587102351547D-14
 -0.7587916533258130D-14 -0.6343317298495099D-14 -0.5182579021098176D-14
 -0.4117800045553051D-14 -0.3159194429166545D-14 -0.2314930485314976D-14
 -0.1591005404581263D-14 -0.9911598590523899D-15 -0.5168357295527497D-15
 -0.1671791939371195D-15  0.6090960937003462D-16  0.1726802548609515D-15
  0.1753901555145324D-15  0.7811950167881651D-16 -0.1084533755419029D-15
 -0.3723113969313297D-15 -0.7003869474444022D-15 -0.1078871997115215D-14
 -0.1493542435484024D-14 -0.1930088371500056D-14 -0.2374441857675390D-14
 -0.2813093476740996D-14 -0.3233389479824779D-14 -0.3623801672307189D-14
 -0.3974162987441995D-14 -0.4275862646319202D-14 -0.4521995956345843D-14
 -0.4707465129074768D-14 -0.4829028977240538D-14 -0.4885300944868591D-14
 -0.4876696583383195D-14 -0.4805333246304122D-14 -0.4674886359912259D-14
 -0.4490408057700810D-14 -0.4258115166145301D-14 -0.3985154433379964D-14
 -0.3679353452753995D-14 -0.3348965923691700D-14 -0.3002419710077917D-14
 -0.2648075622203420D-14 -0.2294004004000463D-14 -0.1947785111826863D-14
 -0.1616337995293665D-14 -0.1305781211425244D-14 -0.1021327297658809D-14
 -0.7672115682520506D-15 -0.5466545440401818D-15 -0.3618562254842735D-15
 -0.2140195069953770D-15 -0.1033993248117337D-15 -0.2937363524238146D-16
  0.9467973338813146D-17  0.1522234046209721D-16 -0.9438279866417141D-17
 -0.6138223500488724D-16 -0.1371357089314711D-15 -0.2329977594061472D-15
 -0.3451501586762977D-15 -0.4697594932397117D-15 -0.6030694498308946D-15
 -0.7414816944908350D-15 -0.8816242281222097D-15 -0.1020406569959683D-14
 -0.1155061571616227D-14 -0.1283174090954205D-14 -0.1402697146721434D-14
 -0.1511956518436266D-14 -0.1609645038613386D-14 -0.1694808031171022D-14
 -0.1766821473800842D-14 -0.1825364498647969D-14 -0.1870387803024942D-14
 -0.1902079433973939D-14 -0.1920829257604036D-14 -0.1927193248322172D-14
 -0.1921858552149152D-14 -0.1905610105372602D-14 -0.1879299430586325D-14
 -0.1843816087424460D-14 -0.1800062122814516D-14 -0.1748929740877603D-14
 -0.1691282296107559D-14 -0.1627938591500874D-14 -0.1559660371723016D-14
 -0.1487142728547961D-14 -0.1411007271907987D-14 -0.1331797037949096D-14
 -0.1249974304683998D-14
  0.0000000000000000D+00  0.4238229695300467D-18  0.4422434536684075D-18
  0.4614641900304907D-18  0.4815194945265431D-18  0.5024411768871634D-18
  0.5243156923207216D-18  0.5471537020583908D-18  0.5710524096005562D-18
  0.5960233586009502D-18  0.6221300003378111D-18  0.6494213742636069D-18
  0.6779519463162207D-18  0.7077792839986674D-18  0.7389632272327577D-18
  0.7715666695830104D-18  0.8056555550695601D-18  0.8412990475528196D-18
  0.8785697073451388D-18  0.9175436607044328D-18  0.9583007871901147D-18
  0.1000924913435034D-17  0.1045504018057929D-17  0.1092130447843254D-17
  0.1140901145301353D-17  0.1191917888692653D-17  0.1245287545086293D-17
  0.1301122337186506D-17  0.1359540124736036D-17  0.1420664701306644D-17
  0.1484626107346346D-17  0.1551560960400381D-17  0.1621612803470226D-17
  0.1694932472528952D-17  0.1771678484266585D-17  0.1852017445197200D-17
  0.1936124483321488D-17  0.2024183703602824D-17  0.2116388668583332D-17
  0.2212942905537832D-17  0.2314060441638817D-17  0.2419966368684762D-17
  0.2530897439026975D-17  0.2647102694417226D-17  0.2768844129589998D-17
  0.2896397392488771D-17  0.3030052523146341D-17  0.3170114733334244D-17
  0.3316905229206604D-17  0.3470762079278877D-17  0.3632041130202678D-17
  0.3801116972923481D-17  0.3978383961940196D-17  0.4164257290522523D-17
  0.4359174124885469D-17  0.4563594800470207D-17  0.4778004083635480D-17
  0.5002912502226595D-17  0.5238857748657129D-17  0.5486406159313702D-17
  0.5746154274276395D-17  0.6018730481535602D-17  0.6304796750082082D-17
  0.6605050456448705D-17  0.6920226309492264D-17  0.7251098378418894D-17
  0.7598482229279972D-17  0.7963237175393990D-17  0.8346268647385888D-17
  0.8748530688776739D-17  0.9171028583304309D-17  0.9614821620408382D-17
  0.1008102600557171D-16  0.1057081792247140D-16  0.1108543675415991D-16
  0.1162618847076581D-16  0.1219444919147493D-16  0.1279166892882448D-16
  0.1341937552361700D-16  0.1407917877903002D-16  0.1477277480276670D-16
  0.1550195056635662D-16  0.1626858869097159D-16  0.1707467246937121D-16
  0.1792229113382996D-16  0.1881364538011986D-16  0.1975105315783204D-16
  0.2073695573750484D-16  0.2177392406518982D-16  0.2286466541522350D-16
  0.2401203035207247D-16  0.2521902001218792D-16  0.2648879371682677D-16
  0.2782467692676977D-16  0.2923016954978973D-16  0.3070895461157363D-16
  0.3226490730059535D-16  0.3390210439713943D-16  0.3562483409629823D-16
  0.3743760623428913D-16  0.3934516292685145D-16  0.4135248962777649D-16
  0.4346482661479111D-16  0.4568768090902351D-16  0.4802683863314310D-16
  0.5048837781194052D-16  0.5307868161760059D-16  0.5580445206019921D-16
  0.5867272412199646D-16  0.6169088033189381D-16  0.6486666577395207D-16
  0.6820820352108252D-16  0.7172401048194708D-16  0.7542301364565782D-16
  0.7931456670505893D-16  0.8340846703518094D-16  0.8771497299879892D-16
  0.9224482154595409D-16  0.9700924606869684D-16  0.1020199944662043D-15
  0.1072893473687566D-15  0.1128301364617940D-15  0.1186557628433874D-15
  0.1247802153399088D-15  0.1312180886954264D-15  0.1379846015403799D-15
  0.1450956140343279D-15  0.1525676450660069D-15  0.1604178888815585D-15
  0.1686642309985226D-15  0.1773252632490533D-15  0.1864202977807601D-15
  0.1959693798275785D-15  0.2059932990461424D-15  0.2165135991952430D-15
  0.2275525859170894D-15  0.2391333323593372D-15  0.2512796823560821D-15
  0.2640162508644558D-15  0.2773684213309677D-15  0.2913623396384962D-15
  0.3060249042608924D-15  0.3213837522275564D-15  0.3374672404753027D-15
  0.3543044221394037D-15  0.3719250173101074D-15  0.3903593777553358D-15
  0.4096384450849591D-15  0.4297937018072171D-15  0.4508571147038968D-15
  0.4728610699280528D-15  0.4958382992068293D-15  0.5198217965126891D-15
  0.5448447245496741D-15  0.5709403103875427D-15  0.5981417295666772D-15
  0.6264819779908335D-15  0.6559937309241302D-15  0.6867091884137376D-15
  0.7186599064714558D-15  0.7518766133667045D-15  0.7863890104111838D-15
  0.8222255566529640D-15  0.8594132369456839D-15  0.8979773129184319D-15
  0.9379410564446321D-15  0.9793254652952767D-15  0.1022148960764291D-14
  0.1066427067172964D-14  0.1112172073297505D-14  0.1159392675920165D-14
  0.1208093605881104D-14  0.1258275237206456D-14  0.1309933180108910D-14
  0.1363057858901407D-14  0.1417634076132826D-14  0.1473640564547685D-14
  0.1531049528789494D-14  0.1589826179109877D-14  0.1649928259712115D-14
  0.1711305574747342D-14  0.1773899515392844D-14  0.1837642591872469D-14
  0.1902457974726457D-14  0.1968259050098047D-14  0.2034948994272947D-14
  0.2102420373179575D-14  0.2170554773026636D-14  0.2239222468712577D-14
  0.2308282137080317D-14  0.2377580622501052D-14  0.2446952762641823D-14
  0.2516221282591590D-14  0.2585196765777172D-14  0.2653677710280117D-14
  0.2721450679254829D-14  0.2788290554132881D-14  0.2853960899164195D-14
  0.2918214445580166D-14  0.2980793703253246D-14  0.3041431707162353D-14
  0.3099852905243646D-14  0.3155774193306008D-14  0.3208906101614684D-14
  0.3258954136494236D-14  0.3305620278872191D-14  0.3348604640079697D-14
  0.3387607273446519D-14  0.3422330138275827D-14  0.3452479210658178D-14
  0.3477766733279755D-14  0.3497913593901711D-14  0.3512651819501154D-14
  0.3521727170224859D-14  0.3524901814247214D-14  0.3521957061441202D-14
  0.3512696130447138D-14  0.3496946920358267D-14  0.3474564754909549D-14
  0.3445435063872821D-14  0.3409475963457740D-14  0.3366640695035931D-14
  0.3316919879587678D-14  0.3260343544053274D-14  0.3196982875375431D-14
  0.3126951658543789D-14  0.3050407356469735D-14  0.2967551792072531D-14
  0.2878631396557182D-14  0.2783936992490473D-14  0.2683803085882517D-14
  0.2578606647975771D-14  0.2468765374722220D-14  0.2354735419859312D-14
  0.2237008605920892D-14  0.2116109126272639D-14  0.1992589760161536D-14
  0.1867027631634378D-14  0.1740019551830917D-14  0.1612176992422954D-14
  0.1484120745695993D-14  0.1356475333817141D-14  0.1229863236085450D-14
  0.1104899008321534D-14  0.9821833729437004D-15  0.8622973616314223D-15
  0.7457965947329681D-15  0.6332057826679564D-15  0.5250135344300051D-15
  0.4216675568083727D-15  0.3235703249900221D-15  0.2310753006095497D-15
  0.1444837668906514D-15  0.6404234206232553D-16 -0.1005877845046197D-16
 -0.7768681358160523D-16 -0.1387665997613234D-15 -0.1932800008107574D-15
 -0.2412645385341017D-15 -0.2828112771761899D-15 -0.3180620133605649D-15
 -0.3472058393388952D-15 -0.3704751602461717D-15 -0.3881412546511766D-15
 -0.4005094721329163D-15 -0.4079141624206485D-15 -0.4107134290385203D-15
 -0.4092837976012005D-15 -0.4040148858698274D-15 -0.3953041598185434D-15
 -0.3835518571389070D-15 -0.3691561562921951D-15 -0.3525086647018279D-15
 -0.3339902933494257D-15 -0.3139675764868971D-15 -0.2927894843333263D-15
 -0.2707847637020121D-15 -0.2482598269928534D-15 -0.2254971945669809D-15
 -0.2027544799763675D-15 -0.1802638926625964D-15 -0.1582322193224738D-15
 -0.1368412338123724D-15 -0.1162484767203567D-15 -0.9658833988642831D-16
 -0.7797338831728371D-16 -0.6049585205934495D-16 -0.4422922343514320D-16
 -0.2922990025152123D-16 -0.1553882269216024D-16 -0.3183060088187348D-17
  0.7822686930678636D-17  0.1747469380953314D-16  0.2577894450577297D-16
  0.3274999584749910D-16  0.3840997307385702D-16  0.4278768953241028D-16
  0.4591787890058858D-16  0.4784052538001992D-16  0.4860027602803196D-16
  0.4824591996501491D-16  0.4682992094182049D-16  0.4440799287590259D-16
  0.4103871167952042D-16  0.3678316070263982D-16  0.3170461083228097D-16
  0.2586823922902509D-16  0.1934089254922614D-16  0.1219090110760147D-16
  0.4487949996640385D-17 -0.3696987989363931D-17 -0.1229165410434374D-16
 -0.2122243758392516D-16 -0.3041423970787003D-16 -0.3979026581238573D-16
 -0.4927174275311448D-16 -0.5877755943206411D-16 -0.6822382932656267D-16
 -0.7752337730743951D-16 -0.8658515919891837D-16 -0.9531363220101186D-16
 -0.1036081083065488D-15 -0.1113621412640742D-15 -0.1184630232292496D-15
 -0.1247914935926453D-15 -0.1302218190056533D-15 -0.1346223847829767D-15
 -0.1378572015168656D-15
  0.0000000000000000D+00 -0.2835921101356697D-22 -0.3046177820278059D-22
 -0.3272012143358638D-22 -0.3514570820214840D-22 -0.3775035477026777D-22
 -0.4055601007723817D-22 -0.4357124144089545D-22 -0.4682236146267870D-22
 -0.5031995145825299D-22 -0.5408564752396113D-22 -0.5813960640180270D-22
 -0.6250368840549105D-22 -0.6720192422468404D-22 -0.7226001350735146D-22
 -0.7770571016797452D-22 -0.8356898495870321D-22 -0.8988216260429325D-22
 -0.9668012955598049D-22 -0.1040005381540236D-21 -0.1118840270159846D-21
 -0.1203744633760946D-21 -0.1295192038363969D-21 -0.1393693768188639D-21
 -0.1499801886760957D-21 -0.1614112551007714D-21 -0.1737269601169123D-21
 -0.1869968449844393D-21 -0.2012960295301371D-21 -0.2167056686699147D-21
 -0.2333134471130920D-21 -0.2512141154975899D-21 -0.2705100714881842D-21
 -0.2913119896744430D-21 -0.3137395044371044D-21 -0.3379219503127771D-21
 -0.3639991647792519D-21 -0.3921223588102683D-21 -0.4224550610124329D-21
 -0.4551741416610709D-21 -0.4904709234998311D-21 -0.5285523867645978D-21
 -0.5696424765397396D-21 -0.6139835212585670D-21 -0.6618377719248295D-21
 -0.7134890724634376D-21 -0.7692446725121595D-21 -0.8294371949478756D-21
 -0.8944267715079009D-21 -0.9646033610261919D-21 -0.1040389266063734D-20
 -0.1122241865080699D-20 -0.1210656578784413D-20 -0.1306170090901505D-20
 -0.1409363845376084D-20 -0.1520867843899824D-20 -0.1641364769747320D-20
 -0.1771594466134645D-20 -0.1912358799755705D-20 -0.2064526942795503D-20
 -0.2229041109589571D-20 -0.2406922787212807D-20 -0.2599279502659583D-20
 -0.2807312172941356D-20 -0.3032323088402393D-20 -0.3275724583863297D-20
 -0.3539048456873686D-20 -0.3823956197418315D-20 -0.4132250098907866D-20
 -0.4465885326229020D-20 -0.4826983023067035D-20 -0.5217844547684526D-20
 -0.5640966933887195D-20 -0.6099059682074685D-20 -0.6595062994110764D-20
 -0.7132167575305648D-20 -0.7713836137137039D-20 -0.8343826745507759D-20
 -0.9026218171408269D-20 -0.9765437413890517D-20 -0.1056628957933711D-19
 -0.1143399031620501D-19 -0.1237420102081505D-19 -0.1339306704743780D-19
 -0.1449725917498192D-19 -0.1569401860312170D-19 -0.1699120577281093D-19
 -0.1839735332992597D-19 -0.1992172357637929D-19 -0.2157437078056803D-19
 -0.2336620874858960D-19 -0.2530908408941147D-19 -0.2741585564125445D-19
 -0.2970048056298298D-19 -0.3217810763345050D-19 -0.3486517834366138D-19
 -0.3777953641145811D-19 -0.4094054639637831D-19 -0.4436922214351236D-19
 -0.4808836583981235D-19 -0.5212271852450862D-19 -0.5649912295726052D-19
 -0.6124669981357507D-19 -0.6639703824701490D-19 -0.7198440193196936D-19
 -0.7804595177940189D-19 -0.8462198660116781D-19 -0.9175620308633156D-19
 -0.9949597654550194D-19 -0.1078926639766206D-18 -0.1170019311079547D-18
 -0.1268841051812105D-18 -0.1376045553497523D-18 -0.1492341026837121D-18
 -0.1618494618952229D-18 -0.1755337170228776D-18 -0.1903768334444808D-18
 -0.2064762087208920D-18 -0.2239372649107078D-18 -0.2428740851351109D-18
 -0.2634100973136737D-18 -0.2856788081343135D-18 -0.3098245904628640D-18
 -0.3360035275386226D-18 -0.3643843174401040D-18 -0.3951492414385134D-18
 -0.4284951999828940D-18 -0.4646348201782904D-18 -0.5037976387238694D-18
 -0.5462313643686157D-18 -0.5922032240145586D-18 -0.6420013966474965D-18
 -0.6959365392983368D-18 -0.7543434092296768D-18 -0.8175825864961918D-18
 -0.8860423009378568D-18 -0.9601403675249289D-18 -0.1040326233775188D-17
 -0.1127083142699041D-17 -0.1220930414387079D-17 -0.1322425848927610D-17
 -0.1432168252817399D-17 -0.1550800090395180D-17 -0.1679010261071519D-17
 -0.1817537002236018D-17 -0.1967170916678750D-17 -0.2128758122150655D-17
 -0.2303203519290539D-17 -0.2491474172545653D-17 -0.2694602796889943D-17
 -0.2913691341078034D-17 -0.3149914655844062D-17 -0.3404524232840046D-17
 -0.3678851997187697D-17 -0.3974314133267674D-17 -0.4292414919769492D-17
 -0.4634750546052629D-17 -0.5003012877502993D-17 -0.5398993132791631D-17
 -0.5824585430734604D-17 -0.6281790158802407D-17 -0.6772717109221084D-17
 -0.7299588322039745D-17 -0.7864740567508876D-17 -0.8470627392626073D-17
 -0.9119820648772871D-17 -0.9815011409013130D-17 -0.1055901017487894D-16
 -0.1135474626338530D-16 -0.1220526625564448D-16 -0.1311373137887811D-16
 -0.1408341368393767D-16 -0.1511769087076510D-16 -0.1622003960468768D-16
 -0.1739402715721532D-16 -0.1864330119627931D-16 -0.1997157754284839D-16
 -0.2138262570382856D-16 -0.2288025198538845D-16 -0.2446827998667683D-16
 -0.2615052827166602D-16 -0.2793078501697171D-16 -0.2981277943638791D-16
 -0.3180014978901570D-16 -0.3389640778774903D-16 -0.3610489923904718D-16
 -0.3842876076392977D-16 -0.4087087247454434D-16 -0.4343380651107072D-16
 -0.4611977138071482D-16 -0.4893055208467956D-16 -0.5186744607082208D-16
 -0.5493119510969706D-16 -0.5812191326028063D-16 -0.6143901116920149D-16
 -0.6488111703400387D-16 -0.6844599465692682D-16 -0.7213045912085227D-16
 -0.7593029073319782D-16 -0.7984014800618637D-16 -0.8385348057243394D-16
 -0.8796244307226122D-16 -0.9215781119237962D-16 -0.9642890118314864D-16
 -0.1007634943316940D-15 -0.1051477680186133D-15 -0.1095662351342512D-15
 -0.1140016937734836D-15 -0.1184351892619982D-15 -0.1228459906878123D-15
 -0.1272115842140812D-15 -0.1315076855275391D-15 -0.1357082738232845D-15
 -0.1397856497355796D-15 -0.1437105195851081D-15 -0.1474521082201908D-15
 -0.1509783025725380D-15 -0.1542558278211397D-15 -0.1572504577541845D-15
 -0.1599272605340617D-15 -0.1622508806020713D-15 -0.1641858569072209D-15
 -0.1656969770095672D-15 -0.1667496658976093D-15 -0.1673104075782329D-15
 -0.1673471966560650D-15 -0.1668300162285053D-15 -0.1657313374970971D-15
 -0.1640266355514321D-15 -0.1616949148365590D-15 -0.1587192368889684D-15
 -0.1550872420414312D-15 -0.1507916559764827D-15 -0.1458307712767130D-15
 -0.1402088935026531D-15 -0.1339367408521515D-15 -0.1270317861453168D-15
 -0.1195185297631686D-15 -0.1114286922727982D-15 -0.1028013158232919D-15
 -0.9368276402024851D-16 -0.8412661090603896D-16 -0.7419341090922675D-16
 -0.6395034319701123D-16 -0.5347072578092026D-16 -0.4283339699213867D-16
 -0.3212196455207039D-16 -0.2142392539544424D-16 -0.1082966261944837D-16
 -0.4313293738954804D-18  0.9678366909274215D-17  0.1940746293394766D-16
  0.2866610008264406D-16  0.3736792331861772D-16  0.4543149188238145D-16
  0.5278167304241898D-16  0.5935098876736929D-16  0.6508088470793262D-16
  0.6992289134706356D-16  0.7383964859069219D-16  0.7680576729985627D-16
  0.7880850414657575D-16  0.7984822956831132D-16  0.7993867234612624D-16
  0.7910692847423707D-16  0.7739322656207712D-16  0.7485044716246907D-16
  0.7154339922835827D-16  0.6754786334489261D-16  0.6294941828545485D-16
  0.5784207447033024D-16  0.5232674463177056D-16  0.4650958793309046D-16
  0.4050026850719754D-16  0.3441017250332042D-16  0.2835062901669993D-16
  0.2243117961617435D-16  0.1675793861648635D-16  0.1143208193633862D-16
  0.6548496624729457D-17  0.2194616299550874D-17 -0.1550539749777271D-17
 -0.4617113744000113D-17 -0.6944940306431225D-17 -0.8483865365093212D-17
 -0.9193863319719559D-17 -0.9044967547017149D-17 -0.8017032875861216D-17
 -0.6099350939981892D-17 -0.3290140379457719D-17  0.4040661368454709D-18
  0.4969116948252963D-17  0.1038399883640493D-16  0.1662163899197639D-16
  0.2364973552927426D-16  0.3143160230885116D-16  0.3992701519891347D-16
  0.4909304786869926D-16  0.5888488568210557D-16  0.6925660616190784D-16
  0.8016191426177485D-16  0.9155482004905796D-16  0.1033902460888870D-15
  0.1156245517762064D-15  0.1282159624592774D-15  0.1411248925490422D-15
  0.1543141537610093D-15  0.1677490420078887D-15  0.1813972985001153D-15
  0.1952289418603397D-15  0.2092159675844453D-15  0.2233319087053375D-15
  0.2375512468337743D-15  0.2518486561577193D-15  0.2661980551655322D-15
  0.2805714324880261D-15  0.2949374050772148D-15  0.3092594593702084D-15
  0.3234938192629472D-15  0.3375868785035830D-15  0.3514721288383383D-15
  0.3650665086885419D-15  0.3782660866568884D-15  0.3909409853822361D-15
  0.4029294159684525D-15  0.4140307235000994D-15  0.4239970832544343D-15
  0.4325240834013476D-15
  0.0000000000000000D+00  0.6395385825696018D-24  0.6909709419530153D-24
  0.7465237087210112D-24  0.8065237037165064D-24  0.8713117355365755D-24
  0.9415687248416524D-24  0.1017480277609599D-23  0.1099880488318549D-23
  0.1189020738133176D-23  0.1285546174163748D-23  0.1390056950482438D-23
  0.1503186499129533D-23  0.1625652396743650D-23  0.1758220843627251D-23
  0.1901722338254353D-23  0.2057060174640950D-23  0.2225212392672599D-23
  0.2407239500445463D-23  0.2604291534076495D-23  0.2817615208747581D-23
  0.3048562243521243D-23  0.3298598229710479D-23  0.3569312236046814D-23
  0.3862427295770522D-23  0.4179811777596540D-23  0.4523491737439500D-23
  0.4895664340872457D-23  0.5298712441725022D-23  0.5735220419502918D-23
  0.6207991384934720D-23  0.6720065871639936D-23  0.7274742143205977D-23
  0.7875598255952486D-23  0.8526516029867979D-23  0.9231707093606052D-23
  0.9995741183863311D-23  0.1082357689517741D-22  0.1172059509326959D-22
  0.1269263522360202D-22  0.1374603476696844D-22  0.1488767211582184D-22
  0.1612501316880480D-22  0.1746616196675126D-22  0.1891991572144128D-22
  0.2049582461879824D-22  0.2220425681121957D-22  0.2405646904954638D-22
  0.2606468344403043D-22  0.2824217088580909D-22  0.3060334170610914D-22
  0.3316384419997003D-22  0.3594067169501538D-22  0.3895227890404283D-22
  0.4221870836331957D-22  0.4576172782684181D-22  0.4960497956086996D-22
  0.5377414256323646D-22  0.5829710881871436D-22  0.6320417479566193D-22
  0.6852824949076727D-22  0.7430508043859854D-22  0.8057349922146817D-22
  0.8737568814349693D-22  0.9475746987145887D-22  0.1027686219947621D-21
  0.1114632186185880D-21  0.1209000012786494D-21  0.1311427816541605D-21
  0.1422608787584033D-21  0.1543295935047947D-21  0.1674307237816485D-21
  0.1816531234220913D-21  0.1970933087280246D-21  0.2138561164998630D-21
  0.2320554178384371D-21  0.2518148923232285D-21  0.2732688675335019D-21
  0.2965632292674397D-21  0.3218564082305320D-21  0.3493204494099145D-21
  0.3791421708277019D-21  0.4115244188751935D-21  0.4466874279729807D-21
  0.4848702928810095D-21  0.5263325625992354D-21  0.5713559654554423D-21
  0.6202462756734140D-21  0.6733353324536917D-21  0.7309832233819736D-21
  0.7935806448078600D-21  0.8615514527105902D-21  0.9353554184890124D-21
  0.1015491205081174D-20  0.1102499579834639D-20  0.1196966881611505D-20
  0.1299528760721708D-20  0.1410874211432775D-20  0.1531749918001635D-20
  0.1662964936411867D-20  0.1805395735273072D-20  0.1959991620643547D-20
  0.2127780570866324D-20  0.2309875508853530D-20  0.2507481040606141D-20
  0.2721900690102695D-20  0.2954544662018045D-20  0.3206938165025163D-20
  0.3480730329669149D-20  0.3777703755960844D-20  0.4099784726890874D-20
  0.4449054124982224D-20  0.4827759089746445D-20  0.5238325454442675D-20
  0.5683371000814905D-20  0.6165719570447489D-20  0.6688416070970909D-20
  0.7254742414501861D-20  0.7868234424336446D-20  0.8532699743944460D-20
  0.9252236779640861D-20  0.1003125470482656D-19  0.1087449454927236D-19
  0.1178705139143362D-19  0.1277439766507291D-19  0.1384240758337238D-19
  0.1499738267404486D-19  0.1624607840750330D-19  0.1759573188669646D-19
  0.1905409055151511D-19  0.2062944183245446D-19  0.2233064366718636D-19
  0.2416715576953150D-19  0.2614907151268626D-19  0.2828715025707221D-19
  0.3059284991744451D-19  0.3307835952348824D-19  0.3575663148258984D-19
  0.3864141320231812D-19  0.4174727767286753D-19  0.4508965254577550D-19
  0.4868484717406865D-19  0.5255007700004438D-19  0.5670348458956045D-19
  0.6116415651540095D-19  0.6595213518640218D-19  0.7108842460297890D-19
  0.7659498889291925D-19  0.8249474234327905D-19  0.8881152949443473D-19
  0.9557009370041671D-19  0.1027960323852409D-18  0.1105157370378664D-18
  0.1187563157886056D-18  0.1275454961973913D-18  0.1369115056596560D-18
  0.1468829265993053D-18  0.1574885233712938D-18  0.1687570375399940D-18
  0.1807169479355793D-18  0.1933961916213248D-18  0.2068218416328738D-18
  0.2210197370796155D-18  0.2360140609326539D-18  0.2518268605684653D-18
  0.2684775058983436D-18  0.2859820796981629D-18  0.3043526945691573D-18
  0.3235967308178197D-18  0.3437159894526132D-18  0.3647057544693982D-18
  0.3865537586502700D-18  0.4092390472477145D-18  0.4327307341849701D-18
  0.4569866457937748D-18  0.4819518476532889D-18  0.5075570508122064D-18
  0.5337168945947438D-18  0.5603281043370643D-18  0.5872675238020701D-18
  0.6143900237070444D-18  0.6415262898011093D-18  0.6684804962792412D-18
  0.6950278730483240D-18  0.7209121784991663D-18  0.7458430930165269D-18
  0.7694935525042015D-18  0.7914970457382067D-18  0.8114449044074327D-18
  0.8288836202709136D-18  0.8433122299595405D-18  0.8541798145732893D-18
  0.8608831683568381D-18  0.8627646983469733D-18  0.8591106249283720D-18
  0.8491495616454959D-18  0.8320515613114704D-18  0.8069277243201936D-18
  0.7728304739693805D-18  0.7287546123743568D-18  0.6736392789980169D-18
  0.6063709417100131D-18  0.5257875573495561D-18  0.4306840446933236D-18
  0.3198192171743492D-18  0.1919243252670362D-18  0.4571335871255579D-19
 -0.1201047437708277D-18 -0.3068118354847827D-18 -0.5156641213441733D-18
 -0.7478734180880396D-18 -0.1004586016286027D-17 -0.1286859070069804D-17
 -0.1595634471410628D-17 -0.1931710203262758D-17 -0.2295709210384068D-17
 -0.2688045878371395D-17 -0.3108890270506488D-17 -0.3558130338306630D-17
 -0.4035332394919926D-17 -0.4539700220185743D-17 -0.5070033251552354D-17
 -0.5624684405116915D-17 -0.6201518164586692D-17 -0.6797869671449816D-17
 -0.7410505645314083D-17 -0.8035588057171228D-17 -0.8668641567941071D-17
 -0.9304525827437627D-17 -0.9937413802000464D-17 -0.1056077735931489D-16
 -0.1116738138303346D-16 -0.1174928771412908D-16 -0.1229787021670503D-16
 -0.1280384223938271D-16 -0.1325729768545887D-16 -0.1364776681186865D-16
 -0.1396428774486867D-16 -0.1419549452582400D-16 -0.1432972228061533D-16
 -0.1435512983880044D-16 -0.1425983981266316D-16 -0.1403209578198061D-16
 -0.1366043581990410D-16 -0.1313388114322851D-16 -0.1244213818370430D-16
 -0.1157581186623315D-16 -0.1052662735849224D-16 -0.9287657041923875D-17
 -0.7853548966473105D-17 -0.6220752613784449D-17 -0.4387737429756318D-17
 -0.2355199320543014D-17 -0.1262501559838837D-18  0.2293414695713168D-17
  0.4895375664416005D-17  0.7668379726899081D-17  0.1059826687802770D-16
  0.1366793615457353D-16  0.1685735453415562D-16  0.2014361146267929D-16
  0.2350102111551510D-16  0.2690127373847432D-16  0.3031363648354397D-16
  0.3370520301546730D-16  0.3704118979498337D-16  0.4028527538050948D-16
  0.4339997741603189D-16  0.4634706031635172D-16  0.4908796516820057D-16
  0.5158425217707342D-16  0.5379804521947658D-16  0.5569246778253134D-16
  0.5723205982071322D-16  0.5838316581960383D-16  0.5911428558150344D-16
  0.5939638085464187D-16  0.5920313281097201D-16  0.5851114741473403D-16
  0.5730010778477240D-16  0.5555287461044697D-16  0.5325553741639580D-16
  0.5039742088723707D-16  0.4697105148672467D-16  0.4297209019411829D-16
  0.3839923732337208D-16  0.3325411511046173D-16  0.2754113310359600D-16
  0.2126734044969806D-16  0.1444226803910060D-16  0.7077762264458155D-17
 -0.8121890074367057D-18 -0.9211638637802332D-17 -0.1810287167744315D-16
 -0.2746660748533527D-16 -0.3728221376806233D-16 -0.4752793311809473D-16
 -0.5818112148690366D-16 -0.6921849645518698D-16 -0.8061639109952493D-16
 -0.9235100725582729D-16 -0.1043986597023420D-15 -0.1167360010488103D-15
 -0.1293402157927588D-15 -0.1421891714722759D-15 -0.1552615151967762D-15
 -0.1685367048955228D-15 -0.1819949662198674D-15 -0.1956171674067692D-15
 -0.2093846051625180D-15 -0.2232786938502533D-15 -0.2372805477740260D-15
 -0.2513704420093385D-15 -0.2655271314105961D-15 -0.2797270008984137D-15
 -0.2939430136358172D-15 -0.3081434180892046D-15 -0.3222901707820559D-15
 -0.3363370291237622D-15 -0.3502272682012024D-15 -0.3638909766381087D-15
 -0.3772418900633172D-15 -0.3901737237066483D-15 -0.4025559757031489D-15
 -0.4142291633072760D-15 -0.4249995246301295D-15 -0.4346330076888532D-15
 -0.4428490692356104D-15
  0.0000000000000000D+00  0.2129706094902659D-27  0.2349864024200017D-27
  0.2592761052539158D-27  0.2860736468368345D-27  0.3156311999467126D-27
  0.3483312469925338D-27  0.3844335490242213D-27  0.4244176017091464D-27
  0.4686115917622912D-27  0.5174980511739125D-27  0.5715707682685706D-27
  0.6313816845096132D-27  0.6975455267422057D-27  0.7707409684797772D-27
  0.8517207764562884D-27  0.9413190803785088D-27  0.1040460363949232D-26
  0.1150169506362024D-26  0.1271582733124467D-26  0.1405959936537912D-26
  0.1554698309766011D-26  0.1719347510719403D-26  0.1901626539457001D-26
  0.2103442498824141D-26  0.2326911467213646D-26  0.2574381722300487D-26
  0.2848459582322931D-26  0.3152038166576164D-26  0.3488329409314478D-26
  0.3860899700574953D-26  0.4273709571296961D-26  0.4731157888486126D-26
  0.5238131080661768D-26  0.5800057974690749D-26  0.6422970893125961D-26
  0.7113573737294525D-26  0.7879317866518984D-26  0.8728486679110086D-26
  0.9670289907343267D-26  0.1071496875789360D-25  0.1187391316266016D-25
  0.1315979255428283D-25  0.1458670174784151D-25  0.1617032369737779D-25
  0.1792811110538869D-25  0.1987948909800841D-25  0.2204608144122389D-25
  0.2445196306754735D-25  0.2712394201188796D-25  0.3009187422415434D-25
  0.3338901513916289D-25  0.3705241234702905D-25  0.4112334422538269D-25
  0.4564780997515864D-25  0.5067707715188120D-25  0.5626829351269989D-25
  0.6248517081537947D-25  0.6939874911956580D-25  0.7708825116475816D-25
  0.8564203754683182D-25  0.9515867470050121D-25  0.1057481291354560D-24
  0.1175331029877329D-24  0.1306505277560248D-24  0.1452532351186532D-24
  0.1615118259968499D-24  0.1796167615733894D-24  0.1997807028252584D-24
  0.2222411283218183D-24  0.2472632636170888D-24  0.2751433595723937D-24
  0.3062123614356631D-24  0.3408400155335839D-24  0.3794394660676837D-24
  0.4224724008176410D-24  0.4704548116254780D-24  0.5239634434539505D-24
  0.5836430146822778D-24  0.6502143012362848D-24  0.7244831882744391D-24
  0.8073508056082047D-24  0.8998248769829426D-24  0.1003032428961282D-23
  0.1118234022632277D-23  0.1246839690937813D-23  0.1390426786309254D-23
  0.1550759967817721D-23  0.1729813584468012D-23  0.1929796741952804D-23
  0.2153181374511724D-23  0.2402733681938203D-23  0.2681549334719555D-23
  0.2993092898314274D-23  0.3341241981256876D-23  0.3730336671790611D-23
  0.4165234894799463D-23  0.4651374395754729D-23  0.5194842142120689D-23
  0.5802452026185170D-23  0.6481831857719403D-23  0.7241520751475597D-23
  0.8091078144685778D-23  0.9041205824972951D-23  0.1010388451113240D-22
  0.1129252670998461D-22  0.1262214777404245D-22  0.1410955730940319D-22
  0.1577357333364789D-22  0.1763526186246526D-22  0.1971820491436918D-22
  0.2204880026873703D-22  0.2465659669732116D-22  0.2757466881763401D-22
  0.3084003619286013D-22  0.3449413183241471D-22  0.3858332583559698D-22
  0.4315951057430496D-22  0.4828075453633743D-22  0.5401203275601359D-22
  0.6042604265197055D-22  0.6760411508221022D-22  0.7563723152367546D-22
  0.8462715949880947D-22  0.9468771971657157D-22  0.1059461998832574D-21
  0.1185449317833785D-21  0.1326430500482130D-21  0.1484184530361218D-21
  0.1660699884626304D-21  0.1858198888590434D-21  0.2079164846274820D-21
  0.2326372254203584D-21  0.2602920438282699D-21  0.2912270989384849D-21
  0.3258289412548350D-21  0.3645291447795023D-21  0.4078094567796282D-21
  0.4562075209315356D-21  0.5103232351886329D-21  0.5708258118936007D-21
  0.6384616143918358D-21  0.7140628517421628D-21  0.7985572211067821D-21
  0.8929785960788916D-21  0.9984788686199038D-21  0.1116341062474584D-20
  0.1247993846957943D-20  0.1395027591909344D-20  0.1559212117431105D-20
  0.1742516305813968D-20  0.1947129757841254D-20  0.2175486691491215D-20
  0.2430292297955414D-20  0.2714551787881197D-20  0.3031602379843315D-20
  0.3385148503255683D-20  0.3779300509237951D-20  0.4218617205326676D-20
  0.4708152553316507D-20  0.5253506893867543D-20  0.5860883086717381D-20
  0.6537147981266393D-20  0.7289899658791399D-20  0.8127540914382639D-20
  0.9059359473635228D-20  0.1009561546584920D-19  0.1124763670163515D-19
  0.1252792232794670D-19  0.1395025545715529D-19  0.1552982538825708D-19
  0.1728336005695987D-19  0.1922926936647486D-19  0.2138780006142072D-19
  0.2378120281235202D-19  0.2643391217690529D-19  0.2937274009417541D-19
  0.3262708355027829D-19  0.3622914702362472D-19  0.4021418027651983D-19
  0.4462073200353180D-19  0.4949091977465365D-19  0.5487071662057168D-19
  0.6081025449608702D-19  0.6736414472362673D-19  0.7459181535939297D-19
  0.8255786523753034D-19  0.9133243423022710D-19  0.1009915890113383D-18
  0.1116177233254407D-18  0.1232999714407546D-18  0.1361346331008185D-18
  0.1502256078841107D-18  0.1656848364311169D-18  0.1826327455032920D-18
  0.2011986932968981D-18  0.2215214108464079D-18  0.2437494347174029D-18
  0.2680415255087527D-18  0.2945670659604398D-18  0.3235064317003499D-18
  0.3550513268653981D-18  0.3894050760064804D-18  0.4267828628418243D-18
  0.4674119055711784D-18  0.5115315576180977D-18  0.5593933218480088D-18
  0.6112607655366373D-18  0.6674093226626192D-18  0.7281259694982945D-18
  0.7937087590047330D-18  0.8644661992371271D-18  0.9407164608620692D-18
  0.1022786399023055D-17  0.1111010375179451D-17  0.1205728865228161D-17
  0.1307286841203383D-17  0.1416031915159814D-17  0.1532312235483072D-17
  0.1656474127841710D-17  0.1788859475297712D-17  0.1929802834720571D-17
  0.2079628289599357D-17  0.2238646042607824D-17  0.2407148754838879D-17
  0.2585407642477000D-17  0.2773668345802716D-17  0.2972146589812402D-17
  0.3181023660365005D-17  0.3400441724623084D-17  0.3630499029610664D-17
  0.3871245017941806D-17  0.4122675405150810D-17  0.4384727268533143D-17
  0.4657274202935504D-17  0.4940121604435792D-17  0.5233002148229583D-17
  0.5535571532152641D-17  0.5847404561932317D-17  0.6167991658242920D-17
  0.6496735868633609D-17  0.6832950469039840D-17  0.7175857239436094D-17
  0.7524585495742674D-17  0.7878171954811550D-17  0.8235561500628948D-17
  0.8595608907258069D-17  0.8957081557091235D-17  0.9318663171478866D-17
  0.9678958544874414D-17  0.1003649924389157D-16  0.1038975020034280D-16
  0.1073711709442735D-16  0.1107695439356141D-16  0.1140757388741478D-16
  0.1172725354447047D-16  0.1203424651238357D-16  0.1232679009809426D-16
  0.1260311458824705D-16  0.1286145180765351D-16  0.1310004334907035D-16
  0.1331714843200011D-16  0.1351105135407593D-16  0.1368006847110480D-16
  0.1382255459063077D-16  0.1393690858997258D-16  0.1402157799306344D-16
  0.1407506217671086D-16  0.1409591384175888D-16  0.1408273838749610D-16
  0.1403419087056178D-16  0.1394897030871671D-16  0.1382581119646882D-16
  0.1366347222383776D-16  0.1346072232012161D-16  0.1321632427207435D-16
  0.1292901628134989D-16  0.1259749192254030D-16  0.1222037903518035D-16
  0.1179621812672640D-16  0.1132344087654561D-16  0.1080034931244878D-16
  0.1022509618180311D-16  0.9595666960486254D-17  0.8909863837614441D-17
  0.8165291885685741D-17  0.7359347478768916D-17  0.6489208860431218D-17
  0.5551828593502803D-17  0.4543927451229076D-17  0.3461989140083585D-17
  0.2302255085270147D-17  0.1060718368133429D-17 -0.2668842116519194D-18
 -0.1685083058588117D-17 -0.3198690838734653D-17 -0.4812822809756745D-17
 -0.6532923489376631D-17 -0.8364800604126114D-17 -0.1031466705519839D-16
 -0.1238919140633018D-16 -0.1459555709347388D-16 -0.1694153025660475D-16
 -0.1943553578946264D-16 -0.2208674093261265D-16 -0.2490514551417199D-16
 -0.2790167774050712D-16 -0.3108829421784326D-16 -0.3447808249204684D-16
 -0.3808536369187033D-16 -0.4192579157987849D-16 -0.4601644223460406D-16
 -0.5037588542979211D-16 -0.5502422428006382D-16 -0.5998308362914808D-16
 -0.6527551962773289D-16 -0.7092581256985304D-16 -0.7695909173043714D-16
 -0.8340072384895733D-16 -0.9027537492670119D-16 -0.9760562660221724D-16
 -0.1054099917064835D-15 -0.1137001253559578D-15 -0.1224769666592210D-15
 -0.1317254594232277D-15 -0.1414074114207382D-15 -0.1514518388843181D-15
 -0.1617421793308542D-15
  0.0000000000000000D+00  0.1141167508715858D-27  0.1261107435219000D-27
  0.1393629298942759D-27  0.1540046080993824D-27  0.1701776979448288D-27
  0.1881106218040653D-27  0.2079345607542836D-27  0.2299390596910093D-27
  0.2542942001943991D-27  0.2812760331396404D-27  0.3111659717161391D-27
  0.3442732343494969D-27  0.3809475420666920D-27  0.4215740893521518D-27
  0.4665802621263221D-27  0.5164408847254358D-27  0.5716825527411477D-27
  0.6328897051776310D-27  0.7007110473005210D-27  0.7758665967999235D-27
  0.8591556443493637D-27  0.9514655670114788D-27  0.1053781631693806D-26
  0.1167197915913011D-26  0.1292929457420292D-26  0.1432325778813687D-26
  0.1586885945075758D-26  0.1758275328480683D-26  0.1948344277643543D-26
  0.2159148909629477D-26  0.2392974269517907D-26  0.2652360130477131D-26
  0.2940129739187170D-26  0.3259421847090221D-26  0.3613726407787622D-26
  0.4006924365433809D-26  0.4443332008789474D-26  0.4927750421302361D-26
  0.5465520619889509D-26  0.6062585044791264D-26  0.6725556140834179D-26
  0.7461792857666561D-26  0.8279485994124022D-26  0.9187753421082668D-26
  0.1019674633935250D-25  0.1131776786590936D-25  0.1256340539480127D-25
  0.1394767835034520D-25  0.1548620314193882D-25  0.1719637734439426D-25
  0.1909758536789720D-25  0.2121142815057726D-25  0.2356197970767475D-25
  0.2617607370825969D-25  0.2908362362770561D-25  0.3231798044647056D-25
  0.3591633233859493D-25  0.3992015132273272D-25  0.4437569244126999D-25
  0.4933455169672278D-25  0.5485428971763813D-25  0.6099912895813956D-25
  0.6784073316668971D-25  0.7545907890248613D-25  0.8394343004546366D-25
  0.9339342755304367D-25  0.1039203081801987D-24  0.1156482675177246D-24
  0.1287159845376704D-24  0.1432783268879659D-24  0.1595082584764700D-24
  0.1775989734570489D-24  0.1977662836094737D-24  0.2202512893272212D-24
  0.2453233680334179D-24  0.2732835178804819D-24  0.3044680991043407D-24
  0.3392530204559837D-24  0.3780584237848489D-24  0.4213539261707065D-24
  0.4696644860721209D-24  0.5235769678680420D-24  0.5837474880127660D-24
  0.6509096359126537D-24  0.7258836736874288D-24  0.8095868313356238D-24
  0.9030448276338270D-24  0.1007404762531581D-23  0.1123949544045734D-23
  0.1254114031918288D-23  0.1399503101813261D-23  0.1561911857848622D-23
  0.1743348248076614D-23  0.1946058367459148D-23  0.2172554766288503D-23
  0.2425648119271917D-23  0.2708482652067930D-23  0.3024575768417825D-23
  0.3377862372694407D-23  0.3772744440287796D-23  0.4214146452423595D-23
  0.4707577383492567D-23  0.5259200008568868D-23  0.5875908387399930D-23
  0.6565414479748781D-23  0.7336344956647496D-23  0.8198349394078905D-23
  0.9162221171163053D-23  0.1024003254554207D-22  0.1144528554593533D-22
  0.1279308050753156D-22  0.1430030428193648D-22  0.1598584038191756D-22
  0.1787080357450807D-22  0.1997880171669826D-22  0.2233622793872203D-22
  0.2497258662389267D-22  0.2792085701434800D-22  0.3121789869254503D-22
  0.3490490365280940D-22  0.3902790018994926D-22  0.4363831439748228D-22
  0.4879359569139127D-22  0.5455791346186510D-22  0.6100293271100445D-22
  0.6820867736515855D-22  0.7626449086307434D-22  0.8527010462247849D-22
  0.9533682608562647D-22  0.1065888592467636D-21  0.1191647718798299D-21
  0.1332191251219801D-21  0.1489242826369695D-21  0.1664724182918162D-21
  0.1860777431404890D-21  0.2079789745299780D-21  0.2324420723374494D-21
  0.2597632697228793D-21  0.2902724283500551D-21  0.3243367508003934D-21
  0.3623648858885306D-21  0.4048114657951385D-21  0.4521821173691668D-21
  0.5050389936254652D-21  0.5640068753796494D-21  0.6297798971229550D-21
  0.7031289556458269D-21  0.7849098645667116D-21  0.8760723228044916D-21
  0.9776697701366807D-21  0.1090870208292260D-20  0.1216968071512269D-20
  0.1357397236139044D-20  0.1513745264522153D-20  0.1687768984300999D-20
  0.1881411509871976D-20  0.2096820818488973D-20  0.2336369998879434D-20
  0.2602679295363853D-20  0.2898640075102653D-20  0.3227440850093685D-20
  0.3592595488711254D-20  0.3997973753687967D-20  0.4447834304232899D-20
  0.4946860299156104D-20  0.5500197735090040D-20  0.6113496648777814D-20
  0.6792955304502290D-20  0.7545367476571919D-20  0.8378172921815386D-20
  0.9299511117664545D-20  0.1031827831695904D-19  0.1144418794035537D-19
  0.1268783429037375D-19  0.1406075952680171D-19  0.1557552379046974D-19
  0.1724577830032551D-19  0.1908634117620900D-19  0.2111327565566993D-19
  0.2334397027641828D-19  0.2579722048538643D-19  0.2849331100970609D-19
  0.3145409818298576D-19  0.3470309126094081D-19  0.3826553158259186D-19
  0.4216846823588268D-19  0.4644082866881830D-19  0.5111348244837423D-19
  0.5621929610903173D-19  0.6179317675067705D-19  0.6787210174196314D-19
  0.7449513156069721D-19  0.8170340245854266D-19  0.8954009527506510D-19
  0.9805037634838316D-19  0.1072813060796876D-18  0.1172817103108930D-18
  0.1281020092739753D-18  0.1397939984736088D-18  0.1524105754794332D-18
  0.1660054062399933D-18  0.1806325241982593D-18  0.1963458552015560D-18
  0.2131986609718219D-18  0.2312428937525464D-18  0.2505284546960623D-18
  0.2711023486208529D-18  0.2930077279771129D-18  0.3162828192355953D-18
  0.3409597254866393D-18  0.3670630998314725D-18  0.3946086851906858D-18
  0.4236017174757521D-18  0.4540351906845391D-18  0.4858879844177748D-18
  0.5191228565795533D-18  0.5536843066353342D-18  0.5894963177595627D-18
  0.6264599895126552D-18  0.6644510763387654D-18  0.7033174511609031D-18
  0.7428765176519200D-18  0.7829125993551792D-18  0.8231743386859409D-18
  0.8633721439235617D-18  0.9031757275548791D-18  0.9422117846889790D-18
  0.9800618656581907D-18  0.1016260502260984D-17  0.1050293652284695D-17
  0.1081597531848431D-17  0.1109557909587733D-17  0.1133509940602369D-17
  0.1152738621222954D-17  0.1166479947816590D-17  0.1173922863818041D-17
  0.1174212078694086D-17  0.1166451840360890D-17  0.1149710738406134D-17
  0.1123027609050489D-17  0.1085418603867189D-17  0.1035885472654563D-17
  0.9734250963815702D-18  0.8970402887556902D-18  0.8057518647838501D-18
  0.6986119519658301D-18  0.5747184949300732D-18  0.4332308780670777D-18
  0.2733865639264437D-18  0.9451861889589281D-19 -0.1039260268436390D-18
 -0.3223677597383825D-18 -0.5610750961396244D-18 -0.8201453344490345D-18
 -0.1099485261563885D-17 -0.1398792135292800D-17 -0.1717535169337970D-17
 -0.2054937752722387D-17 -0.2409960643038855D-17 -0.2781286382249817D-17
 -0.3167305192215185D-17 -0.3566102610163015D-17 -0.3975449113271354D-17
 -0.4392791950448549D-17 -0.4815249341797589D-17 -0.5239607121855452D-17
 -0.5662317795218752D-17 -0.6079501851015031D-17 -0.6486951056946234D-17
 -0.6880133335940712D-17 -0.7254198729480520D-17 -0.7603985879694464D-17
 -0.7924028423338765D-17 -0.8208560687568395D-17 -0.8451522110607567D-17
 -0.8646559877767751D-17 -0.8787029360426358D-17 -0.8865992066142267D-17
 -0.8876210943782573D-17 -0.8810143028900697D-17 -0.8659929551193316D-17
 -0.8417383746979315D-17 -0.8073976714844035D-17 -0.7620821712290401D-17
 -0.7048657307302611D-17 -0.6347829765006577D-17 -0.5508274962474056D-17
 -0.4519499983535490D-17 -0.3370564353068231D-17 -0.2050060633329185D-17
 -0.5460938344630778D-18  0.1153741197181947D-17  0.3062385535769696D-17
  0.5193346460427372D-17  0.7560733858099348D-17  0.1017930444894917D-16
  0.1306451554180695D-16  0.1623258989314824D-16  0.1970059290997437D-16
  0.2348652298292191D-16  0.2760941504305215D-16  0.3208945665513391D-16
  0.3694811505176350D-16  0.4220827256278573D-16  0.4789436694950132D-16
  0.5403253218527028D-16  0.6065073419997687D-16  0.6777889477418895D-16
  0.7544899490614524D-16  0.8369514609074488D-16  0.9255361364708398D-16
  0.1020627700143491D-15  0.1122629473721320D-15  0.1231961476711259D-15
  0.1349055537571425D-15  0.1474347672895619D-15  0.1608266769363296D-15
  0.1751218329574691D-15  0.1903561705207771D-15  0.2065578820902824D-15
  0.2237431869643644D-15  0.2419106788906641D-15  0.2610338506936371D-15
  0.2810512758186817D-15  0.3018538258475802D-15  0.3232679671727537D-15
  0.3450344188485453D-15
