    1
  315
 -0.6482522788396643D+00  0.4055829814177380D+00 -0.3256143712878725D+00
  0.1719994494458567D+01 -0.7421915200959673D+00 -0.7179696889760587D+00
 -0.3903559413588408D+00  0.1305110454220666D+00  0.4204783948942506D+00
 -0.6670758871566104D-01  0.4161956638583753D+00 -0.2605578835416508D+00
  0.2424364164070953D+00 -0.1587005364612434D+00  0.3212895386324180D+00
 -0.5863263874032183D-01 -0.8790753155197421D-01  0.3761999764695202D+00
 -0.5583636018711303D-01 -0.2569492507965820D+00  0.1210264194513142D+00
 -0.1384891352510045D+00 -0.1640881012993717D+00  0.4759411312270205D-01
  0.4759411312270127D-01 -0.4701949957281382D-01  0.1634433671365820D-01
 -0.1834388698773577D+00  0.1361253170556690D+00 -0.7837394082357782D-01
  0.4773547940694380D-01  0.4773547940694448D-01  0.6851793597055346D-01
  0.5499587821165664D-01 -0.1811577672453527D-01 -0.5472710062415449D-01
  0.1182436479541275D+00  0.9603852826842344D-02  0.2125319260741151D-02
 -0.8562878364262384D-01 -0.5665882347698330D-01  0.5768848650452641D-01
  0.4154464318364445D-01 -0.5515017350600160D-02  0.3612118616177431D-01
  0.1177890652510299D-01 -0.3319625735447865D-01 -0.3319625735447892D-01
  0.7843090004649949D-02 -0.3088131737087721D-01 -0.2647952738351754D-01
  0.5043799827490921D-01 -0.1765741827163492D-01  0.5192713773709152D-01
 -0.6910911204687184D-02 -0.2092772522339987D-01  0.4535955372191779D-01
 -0.4182456370203782D-01 -0.8236865805339957D-02 -0.1952167915358577D-01
 -0.3350339483524388D-01  0.1597340175114580D-01 -0.3704434669958503D-01
 -0.2244828633161414D-01  0.4661074519241704D-02  0.1330642306501802D-01
  0.1330642306501751D-01 -0.6676560924833722D-02  0.4739807980539219D-02
  0.1582639884177234D-02  0.1582639884177148D-02 -0.5273715802845927D-02
 -0.2503264642804187D-01  0.2050653788732774D-01  0.1471876654784848D-01
  0.1471876654784915D-01  0.2128746448817054D-01  0.1801183066524534D-01
 -0.1420043571728143D-02 -0.8607897243154776D-02  0.9339222463053905D-02
  0.1529526633178482D-02  0.5666839408778906D-02  0.2044078542870832D-02
 -0.6812106458563935D-02 -0.6946540937668655D-02 -0.7697971855448025D-02
 -0.4674016965566694D-02  0.6893501795188578D-02  0.5551241227062286D-02
 -0.1840116711425960D-02  0.1210550391494409D-01  0.1983151506268222D-02
 -0.1120146349186473D-01 -0.1120146349186498D-01  0.3674218289272976D-02
 -0.3892879281537709D-02 -0.1049377086573079D-01 -0.9011487257974212D-02
  0.4301405508499102D-02 -0.6064927684517911D-02  0.6182705783492503D-02
  0.8945024925966031D-02  0.3784781545950807D-02  0.3784781545950881D-02
 -0.1193835742421308D-02 -0.1809369549352128D-02  0.7853368866332845D-02
 -0.1097422142846584D-02  0.4766409910355224D-02 -0.2864956487906997D-02
 -0.2524778633482888D-02 -0.3402265561145938D-02 -0.5842864795535942D-02
  0.5577032662256645D-02 -0.3929417958970540D-02  0.4901873595001158D-02
 -0.2342391621592752D-02 -0.4260545844174838D-02  0.4160548207019749D-03
 -0.4698624583537051D-02  0.5558307695049092D-03  0.5558307695048192D-03
 -0.9261097324157123D-03 -0.3264369177087529D-02 -0.4396411644479048D-02
  0.3601136525638141D-02 -0.2089118687489616D-02  0.9374931874485540D-03
  0.1866554087768636D-02  0.7512610100165111D-03  0.7512610100164286D-03
 -0.4976481182112982D-03 -0.1507774370398078D-02  0.3270085382953452D-02
  0.5349474703893557D-03  0.1980716739748382D-02 -0.1189697767114414D-02
 -0.2420759477741920D-02 -0.2676274990136895D-02  0.6003156589882354D-03
 -0.1620775425554069D-02  0.8257537876200678D-03  0.8257537876201660D-03
  0.2385180709401765D-02  0.9596258396407725D-03  0.9596258396406953D-03
  0.1107435406426692D-02 -0.8732139466740182D-03 -0.8732139466740301D-03
  0.3405974154961450D-03  0.6301496864068090D-03  0.2270959043962089D-03
 -0.1332866123932548D-02 -0.8954596402370676D-03  0.1463406720928572D-02
  0.7600591729289165D-03  0.1043522267528682D-02  0.1043522267528777D-02
  0.1505205897029660D-02 -0.4691574448557140D-04  0.1272107130423005D-02
  0.1272107130423088D-02  0.6984503957153582D-03 -0.2000859472562692D-03
 -0.6055670776174404D-03  0.1311422842193719D-02 -0.1098032428446532D-02
 -0.6027675656253662D-03 -0.6027675656254001D-03  0.7907324714444936D-03
 -0.2370950086818483D-03 -0.4176497171260257D-03 -0.1120217112749530D-02
 -0.9600975330692547D-03 -0.6368660099344165D-03 -0.1744914516695147D-03
  0.8658196568728775D-03  0.1317873573571518D-03 -0.7419465503716847D-03
 -0.7419465503717158D-03 -0.2914439595533331D-03 -0.5132276584755548D-03
 -0.6864832137941072D-03  0.5583125805763170D-03 -0.3222128833347181D-03
 -0.3191380044046023D-03  0.2885898120230102D-03  0.5656690260603120D-03
  0.4772292970700024D-03  0.2270494315180753D-03 -0.7478665462313020D-04
 -0.3739332731154731D-04 -0.2258775937832178D-03  0.4877804780086474D-03
  0.2438902390043146D-03  0.1457803149615889D-03  0.2619855365459760D-04
  0.2619855365458638D-04 -0.1743122219003906D-03 -0.3495946342273709D-03
 -0.1747973171137001D-03 -0.1887263961879623D-03  0.8528593956355999D-04
 -0.2277799057589219D-03 -0.1138899528794645D-03  0.2315716614386236D-03
 -0.3090253355672148D-04 -0.3090253355672334D-04  0.3065735769514037D-03
 -0.4363249353138424D-04  0.2834217804643523D-03 -0.1313018484421152D-04
 -0.2365059379454723D-03 -0.2365059379454821D-03  0.4573640779510457D-04
  0.1681704049229217D-03  0.3016996835486898D-04  0.3016996835485930D-04
 -0.8820351314663310D-04 -0.2338291153353010D-03 -0.1994935515774333D-03
  0.1883785309782587D-03  0.9418926548913148D-04 -0.2135515563959052D-03
  0.9642902544075330D-04 -0.1279648001254399D-03  0.1850406976409665D-03
 -0.3442279646543211D-04  0.8534909132309802D-04 -0.7273258281076594D-04
 -0.3636629140537505D-04 -0.7227183108272453D-05 -0.1397165031293940D-03
  0.9158215271947576D-04  0.2317884406865579D-04 -0.5438938119691809D-04
 -0.9558077466924964D-04  0.1002777323519950D-03 -0.1141648694090255D-03
  0.3999050089315028D-04  0.3999050089315677D-04  0.3804461405813148D-04
  0.3804461405812347D-04  0.8774148930175165D-04 -0.3693262100331099D-04
 -0.7283283351362829D-05 -0.6530282438852559D-04  0.1244881573776677D-04
  0.6224407868886489D-05  0.6843540676738302D-04 -0.4682026599901505D-04
 -0.6056126771073808D-04 -0.5258318193815441D-04  0.1182674836575645D-04
  0.3068304730564668D-04  0.3068304730565356D-04  0.4254928489984803D-04
  0.2127464244992182D-04  0.3534881007492182D-04  0.3534881007492620D-04
 -0.5360079471271638D-05  0.3340338920808696D-04  0.5119552819102801D-05
  0.5547918634801424D-05  0.1831385175717421D-04  0.3221632342631860D-05
 -0.1060377330337057D-04 -0.1910987219451676D-04 -0.1864684943787937D-04
 -0.9105704370558675D-05  0.8130706565096789D-05 -0.9802326780044185D-05
  0.1269499615698565D-04 -0.2269927231362343D-05 -0.2269927231362757D-05
  0.4868356139888864D-05  0.4868356139888179D-05  0.5597075133933949D-05
 -0.7266890310323935D-06  0.4080549394341845D-05 -0.7418165882374472D-06
  0.1140026550825071D-05 -0.5359306144338047D-05 -0.5359306144338605D-05
  0.2418224484585151D-05  0.2418224484585215D-05 -0.3025347824517085D-05
 -0.2621142027141740D-05 -0.1310571013571054D-05 -0.8859636025132726D-06
  0.9384905005444782D-06  0.1230114356453794D-06 -0.1388058488112246D-06
  0.5355031308679375D-06 -0.1277875279470230D-05 -0.1277875279470422D-05
  0.1178620674584385D-05 -0.3116088554731727D-05  0.5604369852909887D-06
  0.1898840068610240D-05 -0.4709506686315819D-05  0.2241687189870162D-06
  0.2132385146408455D-05  0.2132385146408689D-05 -0.2149142025713788D-05
 -0.3929679901867023D-05 -0.6369260664846147D-05  0.2581607423818974D-05
  0.1290803711909526D-05  0.7310735842993062D-05  0.6623030448557069D-05
 -0.3432017834346771D-05  0.6078488874061938D-05  0.4283394089142622D-05
    7
    1    1  327
  0.0000000000000000D+00 -0.2679770724322194D+07 -0.2600423376188647D+07
 -0.2523424298726180D+07 -0.2448703995034910D+07 -0.2376195024970106D+07
 -0.2305831944288339D+07 -0.2237551245525266D+07 -0.2171291300747348D+07
 -0.2106992305865358D+07 -0.2044596226699746D+07 -0.1984046746581362D+07
 -0.1925289215527399D+07 -0.1868270600915117D+07 -0.1812939439615972D+07
 -0.1759245791546729D+07 -0.1707141194595007D+07 -0.1656578620878802D+07
 -0.1607512434300595D+07 -0.1559898349357518D+07 -0.1513693391170640D+07
 -0.1468855856697151D+07 -0.1425345277090374D+07 -0.1383122381173917D+07
 -0.1342149059996639D+07 -0.1302388332436659D+07 -0.1263804311823358D+07
 -0.1226362173547141D+07 -0.1190028123627792D+07 -0.1154769368213116D+07
 -0.1120554083980150D+07 -0.1087351389412455D+07 -0.1055131316927395D+07
 -0.1023864785828308D+07 -0.9935235760572125D+06 -0.9640803027242220D+06
 -0.9355083913908284D+06 -0.9077820540846235D+06 -0.8808762660239134D+06
 -0.8547667430311275D+06 -0.8294299196146954D+06 -0.8048429276995996D+06
 -0.7809835759873784D+06 -0.7578303299269802D+06 -0.7353622922783936D+06
 -0.7135591842514782D+06 -0.6924013272029976D+06 -0.6718696248753524D+06
 -0.6519455461609340D+06 -0.6326111083765817D+06 -0.6138488610330392D+06
 -0.5956418700847531D+06 -0.5779737026458029D+06 -0.5608284121581744D+06
 -0.5441905239989723D+06 -0.5280450215136067D+06 -0.5123773324623249D+06
 -0.4971733158678658D+06 -0.4824192492523728D+06 -0.4681018162520268D+06
 -0.4542080945982493D+06 -0.4407255444545950D+06 -0.4276419970988374D+06
 -0.4149456439400092D+06 -0.4026250258605073D+06 -0.3906690228736209D+06
 -0.3790668440871639D+06 -0.3678080179641471D+06 -0.3568823828717021D+06
 -0.3462800779097283D+06 -0.3359915340109803D+06 -0.3260074653045747D+06
 -0.3163188607351007D+06 -0.3069169759298045D+06 -0.2977933253064618D+06
 -0.2889396744148700D+06 -0.2803480325049970D+06 -0.2720106453151134D+06
 -0.2639199880733849D+06 -0.2560687587066201D+06 -0.2484498712500192D+06
 -0.2410564494520178D+06 -0.2338818205684117D+06 -0.2269195093401884D+06
 -0.2201632321496272D+06 -0.2136068913493825D+06 -0.2072445697594464D+06
 -0.2010705253270137D+06 -0.1950791859444372D+06 -0.1892651444205959D+06
 -0.1836231536011306D+06 -0.1781481216331544D+06 -0.1728351073701622D+06
 -0.1676793159129753D+06 -0.1626760942827291D+06 -0.1578209272219690D+06
 -0.1531094331200816D+06 -0.1485373600593797D+06 -0.1441005819782672D+06
 -0.1397950949480346D+06 -0.1356170135599123D+06 -0.1315625674191178D+06
 -0.1276280977427546D+06 -0.1238100540584606D+06 -0.1201049910008513D+06
 -0.1165095652028533D+06 -0.1130205322791214D+06 -0.1096347438988232D+06
 -0.1063491449451384D+06 -0.1031607707589131D+06 -0.1000667444639811D+06
 -0.9706427437172904D+05 -0.9415065146256442D+05 -0.9132324694201433D+05
 -0.8857950986923632D+05 -0.8591696485580699D+05 -0.8333320983270045D+05
 -0.8082591388343835D+05 -0.7839281514145323D+05 -0.7603171874975618D+05
 -0.7374049488106639D+05 -0.7151707681660572D+05 -0.6935945908181534D+05
 -0.6726569563730682D+05 -0.6523389812340285D+05 -0.6326223415667415D+05
 -0.6134892567692439D+05 -0.5949224734311920D+05 -0.5769052497679865D+05
 -0.5594213405155537D+05 -0.5424549822720040D+05 -0.5259908792727796D+05
 -0.5100141895862820D+05 -0.4945105117173668D+05 -0.4794658716064173D+05
 -0.4648667100120568D+05 -0.4506998702659355D+05 -0.4369525863883123D+05
 -0.4236124715534683D+05 -0.4106675068943597D+05 -0.3981060306361047D+05
 -0.3859167275483080D+05 -0.3740886187064242D+05 -0.3626110515526764D+05
 -0.3514736902473027D+05 -0.3406665063011654D+05 -0.3301797694810198D+05
 -0.3200040389789881D+05 -0.3101301548380033D+05 -0.3005492296252974D+05
 -0.2912526403461568D+05 -0.2822320205904822D+05 -0.2734792529048666D+05
 -0.2649864613831806D+05 -0.2567460044688448D+05 -0.2487504679622243D+05
 -0.2409926582268113D+05 -0.2334655955880657D+05 -0.2261625079190553D+05
 -0.2190768244072335D+05 -0.2122021694969599D+05 -0.2055323570025861D+05
 -0.1990613843871835D+05 -0.1927834272022391D+05 -0.1866928336838900D+05
 -0.1807841195015176D+05 -0.1750519626547941D+05 -0.1694911985155339D+05
 -0.1640968150109503D+05 -0.1588639479452102D+05 -0.1537878764564358D+05
 -0.1488640186065712D+05 -0.1440879271018121D+05 -0.1394552851415399D+05
 -0.1349619023939818D+05 -0.1306037110970557D+05 -0.1263767622830990D+05
 -0.1222772221263957D+05 -0.1183013684126044D+05 -0.1144455871293806D+05
 -0.1107063691775747D+05 -0.1070803072025183D+05 -0.1035640925448845D+05
 -0.1001545123106224D+05 -0.9684844655929171D+04 -0.9364286560995115D+04
 -0.9053482746337766D+04 -0.8752147533895704D+04 -0.8460003532394221D+04
 -0.8176781413197800D+04 -0.7902219696677778D+04 -0.7636064548560988D+04
 -0.7378069585576505D+04 -0.7127995689545782D+04 -0.6885610828862663D+04
 -0.6650689886090616D+04 -0.6423014490168871D+04 -0.6202372851478760D+04
 -0.5988559597792955D+04 -0.5781375608938776D+04 -0.5580627847885691D+04
 -0.5386129185958283D+04 -0.5197698220030312D+04 -0.5015159079926116D+04
 -0.4838341224892299D+04 -0.4667079228938664D+04 -0.4501212556086406D+04
 -0.4340585328057885D+04 -0.4185046088598466D+04 -0.4034447570324466D+04
 -0.3888646470577000D+04 -0.3747503245706127D+04 -0.3610881930169701D+04
 -0.3478649988239250D+04 -0.3350678203120382D+04 -0.3226840605593430D+04
 -0.3107014440863260D+04 -0.2991080168806156D+04 -0.2878921489722319D+04
 -0.2770425385490133D+04 -0.2665482164956541D+04 -0.2563985502569407D+04
 -0.2465832460535441D+04 -0.2370923486891998D+04 -0.2279162384455022D+04
 -0.2190456248291352D+04 -0.2104715371866444D+04 -0.2021853124136035D+04
 -0.1941785801481007D+04 -0.1864432459509935D+04 -0.1789714730416895D+04
 -0.1717556631856818D+04 -0.1647884373274726D+04 -0.1580626165380477D+04
 -0.1515712038064882D+04 -0.1453073671559301D+04 -0.1392644245083377D+04
 -0.1334358306625568D+04 -0.1278151666867197D+04 -0.1223961319594372D+04
 -0.1171725390236109D+04 -0.1121383113411917D+04 -0.1072874839551293D+04
 -0.1026142069743393D+04 -0.9811275169630377D+03 -0.9377751906727940D+03
 -0.8960305004929211D+03 -0.8558403731369425D+03 -0.8171533751270364D+03
 -0.7799198319637006D+03 -0.7440919325397209D+03 -0.7096238058951266D+03
 -0.6764715563260105D+03 -0.6445932430274489D+03 -0.6139487923141729D+03
 -0.5844998380668792D+03 -0.5562094892690517D+03 -0.5290420431195137D+03
 -0.5029626712465954D+03 -0.4779371190481486D+03 -0.4539314693123173D+03
 -0.4309120098492326D+03 -0.4088452344352343D+03 -0.3876979787328113D+03
 -0.3674376656449206D+03 -0.3480326129447138D+03 -0.3294523465513332D+03
 -0.3116678669960959D+03 -0.2946518311619367D+03 -0.2783786306347173D+03
 -0.2628243661243308D+03 -0.2479667312842351D+03 -0.2337848269617431D+03
 -0.2202589298183961D+03 -0.2073702382419582D+03 -0.1951006153380766D+03
 -0.1834323448077283D+03 -0.1723479113847361D+03 -0.1618298137874175D+03
 -0.1518604149499390D+03 -0.1424218316907375D+03 -0.1334958638964031D+03
 -0.1250639616763943D+03 -0.1171072277041461D+03 -0.1096064510406777D+03
 -0.1025421680879277D+03 -0.9589474590069854D+02 -0.8964448286560589D+02
 -0.8377172170423019D+02 -0.7825696984873311D+02 -0.7308102244529017D+02
 -0.6822508353716117D+02 -0.6367088133883330D+02 -0.5940077395429681D+02
 -0.5539784071202091D+02 -0.5164596177366475D+02 -0.4812987774622231D+02
 -0.4483522485209283D+02 -0.4174855344718274D+02 -0.3885732213472009D+02
 -0.3614986887403740D+02 -0.3361535993120246D+02 -0.3124371887672769D+02
 -0.2902553979728234D+02 -0.2695199054102198D+02 -0.2501471435998394D+02
 -0.2320573855307783D+02 -0.2151739969837442D+02 -0.1994229230066288D+02
 -0.1847324464307869D+02 -0.1710332097333405D+02 -0.1582584443360805D+02
 -0.1463443212478586D+02 -0.1352303243371709D+02 -0.1248595587113175D+02
 -0.1151789331702471D+02 -0.1061391886433249D+02 -0.9769477523086028D+01
 -0.8980360141114559D+01 -0.8242669387085014D+01 -0.7552779959196941D+01
 -0.6907299386761665D+01 -0.6303025263937138D+01 -0.5736923429028392D+01
 -0.5206044841931424D+01 -0.4707650134540748D+01 -0.4238767779581066D+01
 -0.3797141126287457D+01
    1 1000  327
  0.0000000000000000D+00  0.3133020662217962D-04  0.3228569899249571D-04
  0.3327033147475738D-04  0.3428499277169796D-04  0.3533059868008770D-04
  0.3640809293629210D-04  0.3751844804662439D-04  0.3866266619823934D-04
  0.3984178011367064D-04  0.4105685404066032D-04  0.4230898465019224D-04
  0.4359930210894555D-04  0.4492897098256512D-04  0.4629919141107087D-04
  0.4771120010613409D-04  0.4916627152876722D-04  0.5066571894996539D-04
  0.5221089573746767D-04  0.5380319652286459D-04  0.5544405847302639D-04
  0.5713496258472312D-04  0.5887743501509394D-04  0.6067304844882043D-04
  0.6252342358064361D-04  0.6443023049138054D-04  0.6639519020321486D-04
  0.6842007623480175D-04  0.7050671620689455D-04  0.7265699340838277D-04
  0.7487284868473554D-04  0.7715628195129406D-04  0.7950935418052043D-04
  0.8193418917789205D-04  0.8443297553590319D-04  0.8700796858616813D-04
  0.8966149244468836D-04  0.9239594207153866D-04  0.9521378554809547D-04
  0.9811756614195411D-04  0.1011099047290339D-03  0.1041935021144797D-03
  0.1073711414379966D-03  0.1106456907634205D-03  0.1140201055855008D-03
  0.1174974315666475D-03  0.1210808072413416D-03  0.1247734668164982D-03
  0.1285787432235555D-03  0.1325000709806108D-03  0.1365409893463729D-03
  0.1407051455328493D-03  0.1449962980227611D-03  0.1494183198314423D-03
  0.1539752021605643D-03  0.1586710579367308D-03  0.1635101254804872D-03
  0.1684967723882476D-03  0.1736354994697945D-03  0.1789309447766169D-03
  0.1843878878339208D-03  0.1900112538955932D-03  0.1958061184535124D-03
  0.2017777117990344D-03  0.2079314236758117D-03  0.2142728082921021D-03
  0.2208075891383966D-03  0.2275416643465676D-03  0.2344811118800726D-03
  0.2416321950780498D-03  0.2490013683118463D-03  0.2565952827637583D-03
  0.2644207924703111D-03  0.2724849605003685D-03  0.2807950653522828D-03
  0.2893586074611767D-03  0.2981833160374626D-03  0.3072771559805009D-03
  0.3166483351406462D-03  0.3263053116531569D-03  0.3362568016212236D-03
  0.3465117869800226D-03  0.3570795235391681D-03  0.3679695494595901D-03
  0.3791916937095895D-03  0.3907560851105642D-03  0.4026731612991437D-03
  0.4149536783115670D-03  0.4276087201373571D-03  0.4406497088597592D-03
  0.4540884148885635D-03  0.4679369675929015D-03  0.4822078662882928D-03
  0.4969139914175469D-03  0.5120686163192637D-03  0.5276854191154816D-03
  0.5437784950462739D-03  0.5603623692407014D-03  0.5774520098298133D-03
  0.5950628414089985D-03  0.6132107589792627D-03  0.6319121423213530D-03
  0.6511838707404342D-03  0.6710433383299311D-03  0.6915084696334763D-03
  0.7125977359132308D-03  0.7343301716583136D-03  0.7567253919662828D-03
  0.7798036100614375D-03  0.8035856556785173D-03  0.8280929937788683D-03
  0.8533477439488185D-03  0.8793727003718691D-03  0.9061913524003193D-03
  0.9338279057556935D-03  0.9623073043794493D-03  0.9916552529069011D-03
  0.1021898239930099D-02  0.1053063561856360D-02  0.1085179347608037D-02
  0.1118274583904647D-02  0.1152379141547924D-02  0.1187523802270115D-02
  0.1223740286618657D-02  0.1261061282493119D-02  0.1299520474730076D-02
  0.1339152575431459D-02  0.1379993355374945D-02  0.1422079676208976D-02
  0.1465449523807406D-02  0.1510142042510845D-02  0.1556197570437974D-02
  0.1603657675945725D-02  0.1652565195098783D-02  0.1702964270380446D-02
  0.1754900390501321D-02  0.1808420431438852D-02  0.1863572698803038D-02
  0.1920406971374547D-02  0.1978974546088155D-02  0.2039328284288523D-02
  0.2101522659454128D-02  0.2165613806373667D-02  0.2231659571824332D-02
  0.2299719566735818D-02  0.2369855220040974D-02  0.2442129834074808D-02
  0.2516608641768962D-02  0.2593358865460316D-02  0.2672449777644685D-02
  0.2753952763383921D-02  0.2837941384873388D-02  0.2924491447731620D-02
  0.3013681069463486D-02  0.3105590749980811D-02  0.3200303444199851D-02
  0.3297904636999071D-02  0.3398482420309820D-02  0.3502127572617475D-02
  0.3608933640969775D-02  0.3718997025342413D-02  0.3832417065668031D-02
  0.3949296131494921D-02  0.4069739714386945D-02  0.4193856523130212D-02
  0.4321758581859774D-02  0.4453561331173270D-02  0.4589383732297485D-02
  0.4729348374496054D-02  0.4873581585673108D-02  0.5022213546445475D-02
  0.5175378407585300D-02  0.5333214411131581D-02  0.5495864015159203D-02
  0.5663474022365072D-02  0.5836195712542084D-02  0.6014184979151436D-02
  0.6197602469995701D-02  0.6386613732242280D-02  0.6581389361828983D-02
  0.6782105157439395D-02  0.6988942279167441D-02  0.7202087412035533D-02
  0.7421732934506746D-02  0.7648077092075235D-02  0.7881324176241360D-02
  0.8121684708873183D-02  0.8369375632233056D-02  0.8624620504769982D-02
  0.8887649702906963D-02  0.9158700628949695D-02  0.9438017925404475D-02
  0.9725853695742422D-02  0.1002246773195875D-01  0.1032812774904304D-01
  0.1064310962662591D-01  0.1096769765796516D-01  0.1130218480655620D-01
  0.1164687297053330D-01  0.1200207325517228D-01  0.1236810625366334D-01
  0.1274530233649391D-01  0.1313400194961456D-01  0.1353455592171671D-01
  0.1394732578088595D-01  0.1437268408090630D-01  0.1481101473750828D-01
  0.1526271337488349D-01  0.1572818768277887D-01  0.1620785778443457D-01
  0.1670215661579689D-01  0.1721153031627132D-01  0.1773643863139198D-01
  0.1827735532776307D-01  0.1883476862069053D-01  0.1940918161481115D-01
  0.2000111275818389D-01  0.2061109631022482D-01  0.2123968282392540D-01
  0.2188743964274750D-01  0.2255495141270818D-01  0.2324282061004810D-01
  0.2395166808501683D-01  0.2468213362223183D-01  0.2543487651813673D-01
  0.2621057617604087D-01  0.2700993271936243D-01  0.2783366762350369D-01
  0.2868252436705472D-01  0.2955726910283576D-01  0.3045869134938577D-01
  0.3138760470358219D-01  0.3234484757494928D-01  0.3333128394239449D-01
  0.3434780413400055D-01  0.3539532563062092D-01  0.3647479389395474D-01
  0.3758718321991154D-01  0.3873349761796237D-01  0.3991477171734124D-01
  0.4113207170087085D-01  0.4238649626725804D-01  0.4367917762275630D-01
  0.4501128250305654D-01  0.4638401322634923D-01  0.4779860877849910D-01
  0.4925634593132223D-01  0.5075854039495203D-01  0.5230654800537604D-01
  0.5390176594815187D-01  0.5554563401949009D-01  0.5723963592574747D-01
  0.5898530062259277D-01  0.6078420369498931D-01  0.6263796877927109D-01
  0.6454826902859311D-01  0.6651682862306536D-01  0.6854542432594461D-01
  0.7063588708729623D-01  0.7279010369654600D-01  0.7501001848544415D-01
  0.7729763508296603D-01  0.7965501822371469D-01  0.8208429561150409D-01
  0.8458765983975083D-01  0.8716737037044905D-01  0.8982575557349236D-01
  0.9256521482818614D-01  0.9538822068886589D-01  0.9829732111653705D-01
  0.1012951417786085D+00  0.1043843884187206D+00  0.1075678492988826D+00
  0.1108483977160718D+00  0.1142289945955807D+00  0.1177126911634684D+00
  0.1213026317004990D+00  0.1250020563800809D+00  0.1288143041927477D+00
  0.1327428159598326D+00  0.1367911374390524D+00  0.1409629225248021D+00
  0.1452619365460449D+00  0.1496920596648008D+00  0.1542572903782498D+00
  0.1589617491276673D+00  0.1638096820174031D+00  0.1688054646472971D+00
  0.1739536060619561D+00  0.1792587528204928D+00  0.1847256931903644D+00
  0.1903593614691253D+00  0.1961648424379728D+00  0.2021473759511216D+00
  0.2083123616651386D+00  0.2146653639125158D+00  0.2212121167238653D+00
  0.2279585290032904D+00  0.2349106898615825D+00  0.2420748741120720D+00
  0.2494575479340868D+00  0.2570653747091395D+00  0.2649052210350869D+00
  0.2729841629237261D+00  0.2813094921873858D+00  0.2898887230203012D+00
  0.2987295987807015D+00  0.3078400989797365D+00  0.3172284464835451D+00
  0.3269031149349612D+00  0.3368728364015871D+00  0.3471466092570843D+00
  0.3577337063028417D+00  0.3686436831373309D+00  0.3798863867807054D+00
  0.3914719645624292D+00  0.4034108732799443D+00  0.4157138886366798D+00
  0.4283921149678676D+00  0.4414569952629907D+00  0.4549203214938875D+00
  0.4687942452578264D+00  0.4830912887451827D+00  0.4978243560415929D+00
  0.5130067447747939D+00  0.5286521581166731D+00  0.5447747171513341D+00
  0.5613889736203789D+00
    1 1000  327
  0.0000000000000000D+00  0.3073155092816721D-09  0.3263445891162475D-09
  0.3465540113682015D-09  0.3680159162483609D-09  0.3908052301426879D-09
  0.4150036840814328D-09  0.4407057735186832D-09  0.4679995741044608D-09
  0.4969782686713284D-09  0.5277566414617545D-09  0.5604358970358727D-09
  0.5951390718845312D-09  0.6319885123179160D-09  0.6711310559025027D-09
  0.7126850057383738D-09  0.7568231197100580D-09  0.8036905674494231D-09
  0.8534568778499992D-09  0.9063006442857878D-09  0.9624306978481146D-09
  0.1022025022203448D-08  0.1085316575200474D-08  0.1152524207463120D-08
  0.1223892472411076D-08  0.1299681223671119D-08  0.1380164604463205D-08
  0.1465632861932707D-08  0.1556389077009283D-08  0.1652769817840672D-08
  0.1755117992104025D-08  0.1863805623740241D-08  0.1979220198844439D-08
  0.2101783748161104D-08  0.2231938965731999D-08  0.2370151807427310D-08
  0.2516920422763123D-08  0.2672779542196847D-08  0.2838296845538161D-08
  0.3014057114375531D-08  0.3200698806696413D-08  0.3398902637050867D-08
  0.3609377238726810D-08  0.3832894775855111D-08  0.4070245707184050D-08
  0.4322294254903274D-08  0.4589955400114940D-08  0.4874188216358434D-08
  0.5176022175794283D-08  0.5496546413877455D-08  0.5836924601902595D-08
  0.6198370910557092D-08  0.6582205605274048D-08  0.6989810730956996D-08
  0.7422655921931894D-08  0.7882301064970219D-08  0.8370414985865354D-08
  0.8888754973731451D-08  0.9439186979095835D-08  0.1002371733591948D-07
  0.1064442895026071D-07  0.1130358971744972D-07  0.1200356206601696D-07
  0.1274688206703740D-07  0.1353623559527976D-07  0.1437446967203644D-07
  0.1526460846653798D-07  0.1620987065050679D-07  0.1721366598303882D-07
  0.1827962344260274D-07  0.1941158779886114D-07  0.2061365141771921D-07
  0.2189015656004708D-07  0.2324570552084371D-07  0.2468519682475872D-07
  0.2621383168250054D-07  0.2783712089479379D-07  0.2956093540596400D-07
  0.3139149773753543D-07  0.3333541817544383D-07  0.3539971993751270D-07
  0.3759184859049976D-07  0.3991972251104992D-07  0.4239175781611356D-07
  0.4501686667120215D-07  0.4780453775594947D-07  0.5076484118829660D-07
  0.5390845488264867D-07  0.5724673580745728D-07  0.6079174413695615D-07
  0.6455627835801464D-07  0.6855392716175476D-07  0.7279913517035544D-07
  0.7730722424066480D-07  0.8209448088951522D-07  0.8717818515734734D-07
  0.9257669931916953D-07  0.9830951452491599D-07  0.1043973376419811D-06
  0.1108621459762444D-06  0.1177272958952900D-06  0.1250175651968010D-06
  0.1327592821920345D-06  0.1409804137674841D-06  0.1497106292828437D-06
  0.1589814749726430D-06  0.1688264059415549D-06  0.1792809903043722D-06
  0.1903829781041124D-06  0.2021724572154721D-06  0.2146919961818316D-06
  0.2279868105340935D-06  0.2421049057057575D-06  0.2570972673608180D-06
  0.2730180306355494D-06  0.2899246901352733D-06  0.3078782919280621D-06
  0.3269436717131365D-06  0.3471896787568043D-06  0.3686894176317718D-06
  0.3915205313336810D-06  0.4157654622051206D-06  0.4415117618830857D-06
  0.4688524068605348D-06  0.4978861160571802D-06  0.5287177465761135D-06
  0.5614586206323261D-06  0.5962269768955517D-06  0.6331483673013564D-06
  0.6723561187904174D-06  0.7139918061692198D-06  0.7582057896994211D-06
  0.8051577299251374D-06  0.8550171704277877D-06  0.9079641571907415D-06
  0.9641898893854774D-06  0.1023897404246153D-05  0.1087302309149826D-05
  0.1154633568336523D-05  0.1226134320223819D-05  0.1302062759495052D-05
  0.1382693069400164D-05  0.1468316419208311D-05  0.1559241997462350D-05
  0.1655798146660746D-05  0.1758333545761427D-05  0.1867218452285553D-05
  0.1982846059414171D-05  0.2105633916171467D-05  0.2236025422670979D-05
  0.2374491424904350D-05  0.2521531944201470D-05  0.2677677955036953D-05
  0.2843493318465788D-05  0.3019576807844561D-05  0.3206564274234481D-05
  0.3405130952173624D-05  0.3615993883261055D-05  0.3839914513951163D-05
  0.4077701444109045D-05  0.4330213341807277D-05  0.4598362054776013D-05
  0.4883115887985411D-05  0.5185503126672351D-05  0.5506615706315113D-05
  0.5847613199790683D-05  0.6209726987435876D-05  0.6594264688605208D-05
  0.7002614910164155D-05  0.7436252248032119D-05  0.7896742598576759D-05
  0.8385748838422317D-05  0.8905036821412866D-05  0.9456481743665103D-05
  0.1004207492064427D-04  0.1066393099173323D-04  0.1132429553785764D-04
  0.1202555319219640D-04  0.1277023627327949D-04  0.1356103389203257D-04
  0.1440080170343965D-04  0.1529257218103303D-04  0.1623956559928482D-04
  0.1724520164038251D-04  0.1831311174924418D-04  0.1944715225316954D-04
  0.2065141828524672D-04  0.2193025855659383D-04  0.2328829108874733D-04
  0.2473041986350777D-04  0.2626185254537422D-04  0.2788811928185390D-04
  0.2961509268475134D-04  0.3144900901208289D-04  0.3339649071813562D-04
  0.3546457033983290D-04  0.3766071591135560D-04  0.3999285792614689D-04
  0.4246941796894712D-04  0.4509933913494094D-04  0.4789211832201006D-04
  0.5085784052270647D-04  0.5400721524115661D-04  0.5735161517192347D-04
  0.6090311726514141D-04  0.6467454632741764D-04  0.6867952135419470D-04
  0.7293250468932717D-04  0.7744885426664559D-04  0.8224487905117608D-04
  0.8733789794872256D-04  0.9274630233680581D-04  0.9848962247936903D-04
  0.1045885980549509D-03  0.1110652530460235D-03  0.1179429752723562D-03
  0.1252466008457566D-03  0.1330025038552819D-03  0.1412386916070504D-03
  0.1499849057645624D-03  0.1592727297395541D-03  0.1691357027511721D-03
  0.1796094409385958D-03  0.1907317659686578D-03  0.2025428416212801D-03
  0.2150853188172692D-03  0.2284044896386532D-03  0.2425484508858504D-03
  0.2575682777518957D-03  0.2735182082671826D-03  0.2904558391518943D-03
  0.3084423338112597D-03  0.3275426431926018D-03  0.3478257403395086D-03
  0.3693648694511843D-03  0.3922378103802888D-03  0.4165271595016846D-03
  0.4423206279731514D-03  0.4697113584736693D-03  0.4987982615464694D-03
  0.5296863727766409D-03  0.5624872320823118D-03  0.5973192865004255D-03
  0.6343083179061380D-03  0.6735878972223576D-03  0.7152998667641032D-03
  0.7595948524324817D-03  0.8066328076554006D-03  0.8565835909783055D-03
  0.9096275794516560D-03  0.9659563199822584D-03  0.1025773221032124D-02
  0.1089294287143728D-02  0.1156748898951258D-02  0.1228380641502706D-02
  0.1304448183858433D-02  0.1385226213179789D-02  0.1471006426644166D-02
  0.1562098584794746D-02  0.1658831630113872D-02  0.1761554874865553D-02
  0.1870639262496651D-02  0.1986478707149106D-02  0.2109491516118704D-02
  0.2240121900407482D-02  0.2378841578807475D-02  0.2526151481325328D-02
  0.2682583558086362D-02  0.2848702700258741D-02  0.3025108779931347D-02
  0.3212438816301821D-02  0.3411369276021510D-02  0.3622618515979391D-02
  0.3846949377353671D-02  0.4085171940309898D-02  0.4338146449270274D-02
  0.4606786419347427D-02  0.4892061935128678D-02  0.5195003153742717D-02
  0.5516704024862458D-02  0.5858326241054662D-02  0.6221103432766854D-02
  0.6606345623081673D-02  0.7015443958340641D-02  0.7449875731699635D-02
  0.7911209717780627D-02  0.8401111837663665D-02  0.8921351174688718D-02
  0.9473806362784365D-02  0.1006047237039337D-01  0.1068346770449540D-01
  0.1134504206073729D-01  0.1204758444729858D-01  0.1279363181182953D-01
  0.1358587820260989D-01  0.1442718449701542D-01  0.1532058873241893D-01
  0.1626931707683349D-01  0.1727679547891318D-01  0.1834666203938147D-01
  0.1948278014855943D-01  0.2068925243743582D-01  0.2197043559266359D-01
  0.2333095608896770D-01  0.2477572689578807D-01  0.2630996521848218D-01
  0.2793921133815081D-01  0.2966934861812402D-01  0.3150662474934564D-01
  0.3345767431138366D-01  0.3552954273052798D-01  0.3772971172150326D-01
  0.4006612630464797D-01  0.4254722349614746D-01  0.4518196277490164D-01
  0.4797985843606080D-01  0.5095101394805358D-01  0.5410615843717508D-01
  0.5745668543148804D-01  0.6101469400394146D-01  0.6479303246327507D-01
  0.6880534475049296D-01  0.7306611970843475D-01  0.7759074340237331D-01
  0.8239555468056396D-01  0.8749790417538561D-01  0.9291621695813213D-01
  0.9867005907370582D-01
    1 1000  327
  0.0000000000000000D+00 -0.5183752044047823D-13 -0.3148948742496761D-13
 -0.6645713367910373D-13 -0.4450068934997287D-13 -0.6219965531094818D-13
 -0.7457274330987044D-13 -0.8555878002620611D-13 -0.8112080900736752D-13
 -0.8351677166064386D-13 -0.1019372387718580D-12 -0.8713415686310574D-13
 -0.1007548680794725D-12 -0.1356157841231403D-12 -0.1311822444158899D-12
 -0.1574082155036491D-12 -0.1626388387144264D-12 -0.1748639522699297D-12
 -0.1819247742787052D-12 -0.2024249367189790D-12 -0.2271918835791677D-12
 -0.2617680324287056D-12 -0.2865219300358233D-12 -0.3078759274326139D-12
 -0.3521420469951922D-12 -0.3666101575740556D-12 -0.4022366209411051D-12
 -0.4340614868043983D-12 -0.4814267506170106D-12 -0.5461303567672967D-12
 -0.5795425658614967D-12 -0.6384331232331201D-12 -0.6959379748174573D-12
 -0.7352911175301714D-12 -0.8198184370650171D-12 -0.8806844666759906D-12
 -0.9754325365852898D-12 -0.1053812931828173D-11 -0.1187164688655902D-11
 -0.1287304119356779D-11 -0.1395347958004386D-11 -0.1530663948269617D-11
 -0.1678990534544864D-11 -0.1835991508236706D-11 -0.2026605950318949D-11
 -0.2191840076482806D-11 -0.2413496897941000D-11 -0.2614082827651025D-11
 -0.2869010798717758D-11 -0.3127120965130281D-11 -0.3435465965437963D-11
 -0.3761482641018700D-11 -0.4116312659653572D-11 -0.4503810198482709D-11
 -0.4933511693055498D-11 -0.5389878159639257D-11 -0.5924325868579150D-11
 -0.6460949875421947D-11 -0.7064349232589706D-11 -0.7742046027669707D-11
 -0.8472911823687226D-11 -0.9264876830877174D-11 -0.1012831393936928D-10
 -0.1110830043292829D-10 -0.1213261935497842D-10 -0.1329423462455161D-10
 -0.1454023594039971D-10 -0.1590616086200776D-10 -0.1740098207126081D-10
 -0.1904492632937621D-10 -0.2083175336795982D-10 -0.2279191175093866D-10
 -0.2496977845469206D-10 -0.2730764111981805D-10 -0.2989391726075554D-10
 -0.3269984941343424D-10 -0.3578304807475112D-10 -0.3916307719964457D-10
 -0.4287177374228751D-10 -0.4688993881623229D-10 -0.5132971650585134D-10
 -0.5617274982339268D-10 -0.6145632711649706D-10 -0.6724950780878804D-10
 -0.7362030508605300D-10 -0.8053129825354490D-10 -0.8813883465174918D-10
 -0.9647270490057034D-10 -0.1055507584945609D-09 -0.1155062395978660D-09
 -0.1263938993140172D-09 -0.1383159551265411D-09 -0.1513529375015730D-09
 -0.1656370249111458D-09 -0.1812480001901367D-09 -0.1983448766470729D-09
 -0.2170681238138982D-09 -0.2375309239942775D-09 -0.2599219667714126D-09
 -0.2844422581902094D-09 -0.3112660646851459D-09 -0.3406380231436663D-09
 -0.3727508769485045D-09 -0.4079072109684353D-09 -0.4463680778456089D-09
 -0.4884656306157736D-09 -0.5345178021817810D-09 -0.5849683780805322D-09
 -0.6401148499676513D-09 -0.7004816701325811D-09 -0.7665772917249364D-09
 -0.8388683838022776D-09 -0.9179801239117923D-09 -0.1004537421848984D-08
 -0.1099282057739191D-08 -0.1202952429372669D-08 -0.1316395125460191D-08
 -0.1440538941850223D-08 -0.1576410086866204D-08 -0.1725080771505117D-08
 -0.1887766907718009D-08 -0.2065823146465829D-08 -0.2260674462088065D-08
 -0.2473864386710490D-08 -0.2707176823032335D-08 -0.2962487837166893D-08
 -0.3241886012273536D-08 -0.3547635653428623D-08 -0.3882203888506704D-08
 -0.4248344693029768D-08 -0.4649006387009043D-08 -0.5087439359265875D-08
 -0.5567252117768320D-08 -0.6092317495804913D-08 -0.6666869731239100D-08
 -0.7295634201799961D-08 -0.7983695339621089D-08 -0.8736658379731244D-08
 -0.9560619880752093D-08 -0.1046229304887591D-07 -0.1144900122151889D-07
 -0.1252876411118353D-07 -0.1371037286517473D-07 -0.1500339015089253D-07
 -0.1641838091533809D-07 -0.1796681639939057D-07 -0.1966128385181410D-07
 -0.2151557699119158D-07 -0.2354472103879706D-07 -0.2576525332443355D-07
 -0.2819520809937920D-07 -0.3085433046579060D-07 -0.3376423076876317D-07
 -0.3694858739605527D-07 -0.4043324214329819D-07 -0.4424655590650055D-07
 -0.4841948411504546D-07 -0.5298597868134428D-07 -0.5798313717828835D-07
 -0.6345160322547925D-07 -0.6943579091158038D-07 -0.7598434633742445D-07
 -0.8315051891138630D-07 -0.9099253561616682D-07 -0.9957412925380198D-07
 -0.1089650773501783D-06 -0.1192417006737363D-06 -0.1304875162204662D-06
 -0.1427939334285166D-06 -0.1562609845591865D-06 -0.1709981302902463D-06
 -0.1871251512364009D-06 -0.2047731248148540D-06 -0.2240855063472654D-06
 -0.2452192585089821D-06 -0.2683461620384724D-06 -0.2936541760107223D-06
 -0.3213490217042829D-06 -0.3516557905102841D-06 -0.3848208441947927D-06
 -0.4211137196777108D-06 -0.4608294144675199D-06 -0.5042907368525865D-06
 -0.5518509503117128D-06 -0.6038966201081837D-06 -0.6608507658588657D-06
 -0.7231763365863986D-06 -0.7913798835754175D-06 -0.8660157932742694D-06
 -0.9476907005518446D-06 -0.1037068449955939D-05 -0.1134875502279340D-05
 -0.1241906867618683D-05 -0.1359032447580576D-05 -0.1487204310268125D-05
 -0.1627464164519197D-05 -0.1780952094291835D-05 -0.1948915642929760D-05
 -0.2132720015164107D-05 -0.2333859172855963D-05 -0.2553968004374815D-05
 -0.2794835515838503D-05 -0.3058419520222848D-05 -0.3346862425590949D-05
 -0.3662508695234347D-05 -0.4007923902254944D-05 -0.4385915603765653D-05
 -0.4799556116638851D-05 -0.5252207517043167D-05 -0.5747548964697230D-05
 -0.6289606614037831D-05 -0.6882786313250404D-05 -0.7531909448853862D-05
 -0.8242252084096961D-05 -0.9019587915837364D-05 -0.9870235151750160D-05
 -0.1080110785594299D-04 -0.1181977218672262D-04 -0.1293450786662282D-04
 -0.1415437549364412D-04 -0.1548929017208206D-04 -0.1695010212240976D-04
 -0.1854868484477876D-04 -0.2029803165723781D-04 -0.2221236129187679D-04
 -0.2430723344908599D-04 -0.2659967530412746D-04 -0.2910831985246531D-04
 -0.3185355743560180D-04 -0.3485770138038463D-04 -0.3814516943400936D-04
 -0.4174268220209683D-04 -0.4567948035225378D-04 -0.4998756225384125D-04
 -0.5470194408073297D-04 -0.5986094443367326D-04 -0.6550649576696185D-04
 -0.7168448523945352D-04 -0.7844512767928876D-04 -0.8584337372089169D-04
 -0.9393935646293772D-04 -0.1027988802209543D-03 -0.1124939553800287D-03
 -0.1231033837102946D-03 -0.1347133988674514D-03 -0.1474183672902940D-03
 -0.1613215552191998D-03 -0.1765359680537147D-03 -0.1931852688528932D-03
 -0.2114047834728974D-03 -0.2313426005067545D-03 -0.2531607749320301D-03
 -0.2770366453234810D-03 -0.3031642752405308D-03 -0.3317560305954207D-03
 -0.3630443057649031D-03 -0.3972834124828533D-03 -0.4347516469177806D-03
 -0.4757535516413683D-03 -0.5206223909786356D-03 -0.5697228597703298D-03
 -0.6234540476365382D-03 -0.6822526827704312D-03 -0.7465966816830134D-03
 -0.8170090337181455D-03 -0.8940620519104673D-03 -0.9783820247717501D-03
 -0.1070654306769893D-02 -0.1171628888902947D-02 -0.1282126494640393D-02
 -0.1403045250788082D-02 -0.1535367987466083D-02 -0.1680170226597185D-02
 -0.1838628923740117D-02 -0.2012032034432325D-02 -0.2201788982710829D-02
 -0.2409442116935223D-02 -0.2636679246036291D-02 -0.2885347358051446D-02
 -0.3157467632489268D-02 -0.3455251868513309D-02 -0.3781120462490769D-02
 -0.4137722081031579D-02 -0.4527955189393394D-02 -0.4954991610273648D-02
 -0.5422302304445831D-02 -0.5933685582804899D-02 -0.6493297979112318D-02
 -0.7105688034384143D-02 -0.7775833267535066D-02 -0.8509180632743769D-02
 -0.9311690792414893D-02 -0.1018988656556450D-01 -0.1115090594541967D-01
 -0.1220256011718689D-01 -0.1335339694751184D-01 -0.1461277046172145D-01
 -0.1599091687353418D-01 -0.1749903778520979D-01 -0.1914939123441044D-01
 -0.2095539132776730D-01 -0.2293171727103362D-01 -0.2509443268195099D-01
 -0.2746111615567717D-01 -0.3005100414395762D-01 -0.3288514730940562D-01
 -0.3598658162571807D-01 -0.3938051561453849D-01 -0.4309453524084225D-01
 -0.4715882813221924D-01 -0.5160642894453227D-01 -0.5647348786827630D-01
 -0.6179956445806990D-01 -0.6762794917351858D-01 -0.7400601524496316D-01
 -0.8098560372406453D-01 -0.8862344484893177D-01 -0.9698161914866194D-01
 -0.1061280620351487D+00 -0.1161371159835077D+00 -0.1270901347892274D+00
 -0.1390761448134957D+00 -0.1521925685912799D+00 -0.1665460166836873D+00
 -0.1822531542107924D+00 -0.1994416491081188D+00 -0.2182512098142359D+00
 -0.2388347208238087D+00
    1 1000  327
  0.0000000000000000D+00  0.4119602501303277D-13  0.4789466529580884D-13
  0.4407963650417318D-13  0.5534402761453923D-13  0.5711296686439021D-13
  0.6465918836770793D-13  0.6919534318134068D-13  0.7972674562433190D-13
  0.8715652763526540D-13  0.9449310742656434D-13  0.1024920604173319D-12
  0.1122290772030708D-12  0.1219572507955030D-12  0.1326501674214650D-12
  0.1459461399301924D-12  0.1666356741919173D-12  0.1784628670457798D-12
  0.2012137750343348D-12  0.2167957452824805D-12  0.2383599281809797D-12
  0.2633484200414486D-12  0.2826402642044220D-12  0.3106931847800713D-12
  0.3439996775126363D-12  0.3704939086841458D-12  0.4102638416995990D-12
  0.4468544738872071D-12  0.4889622175948117D-12  0.5301123770245180D-12
  0.5807363075092839D-12  0.6385463080772101D-12  0.7037308093887553D-12
  0.7655426028463943D-12  0.8349081181406973D-12  0.9150088741181074D-12
  0.1003144659671617D-11  0.1096363381756127D-11  0.1203677295999154D-11
  0.1319870294021115D-11  0.1443606326713772D-11  0.1579098619558029D-11
  0.1719424121338762D-11  0.1894373932166657D-11  0.2068982291143957D-11
  0.2267277261785734D-11  0.2474479605533443D-11  0.2707777717428413D-11
  0.2963473652343107D-11  0.3245576099442808D-11  0.3553858630992435D-11
  0.3885681211508302D-11  0.4251374716271504D-11  0.4651751869038010D-11
  0.5090977459214283D-11  0.5571353093392178D-11  0.6098827321570104D-11
  0.6673125873934374D-11  0.7306321368192852D-11  0.7994080535036934D-11
  0.8747159687509334D-11  0.9571433731287040D-11  0.1047015301245676D-10
  0.1146234641419829D-10  0.1254006433171375D-10  0.1372749389007058D-10
  0.1502622894814915D-10  0.1643488667732467D-10  0.1799554230004884D-10
  0.1968900177052760D-10  0.2154258316713583D-10  0.2357371441066777D-10
  0.2579362798546352D-10  0.2823096729263308D-10  0.3089445857706270D-10
  0.3381384951893841D-10  0.3700305757944900D-10  0.4048653408849294D-10
  0.4430873326538725D-10  0.4848118551048336D-10  0.5306149712891787D-10
  0.5805760110101794D-10  0.6354300556090813D-10  0.6953100010324314D-10
  0.7609216281495367D-10  0.8326483495084882D-10  0.9112109593767280D-10
  0.9971511985000059D-10  0.1091155768066227D-09  0.1194101815480492D-09
  0.1306695939922536D-09  0.1429969885186555D-09  0.1564826705514743D-09
  0.1712441838858322D-09  0.1873911586426603D-09  0.2050618607804268D-09
  0.2244039224336550D-09  0.2455685439719594D-09  0.2687264220550520D-09
  0.2940695163297426D-09  0.3218089384300335D-09  0.3521565772717531D-09
  0.3853684136705687D-09  0.4217142905478498D-09  0.4614841096388810D-09
  0.5050069182738959D-09  0.5526364074617645D-09  0.6047528460477417D-09
  0.6617891535369191D-09  0.7242045611579275D-09  0.7925089395266511D-09
  0.8672515666809467D-09  0.9490387659294421D-09  0.1038546273210370D-08
  0.1136494748341740D-08  0.1243677347857876D-08  0.1360969579419712D-08
  0.1489327331480377D-08  0.1629786455502160D-08  0.1783490551197307D-08
  0.1951689787554534D-08  0.2135763428978168D-08  0.2337186209689903D-08
  0.2557610705318817D-08  0.2798819498347866D-08  0.3062782766399810D-08
  0.3351637612368941D-08  0.3667737185304916D-08  0.4013644126110295D-08
  0.4392169895447137D-08  0.4806400472717542D-08  0.5259697301794248D-08
  0.5755747586346038D-08  0.6298579077908033D-08  0.6892601345695592D-08
  0.7542654908717619D-08  0.8254008536864796D-08  0.9032454247964262D-08
  0.9884315844403518D-08  0.1081651272316933D-07  0.1183663337541396D-07
  0.1295296025070350D-07  0.1417456663067457D-07  0.1551138783911662D-07
  0.1697428064936396D-07  0.1857514546388381D-07  0.2032698848441462D-07
  0.2224404259768034D-07  0.2434191119090176D-07  0.2663761793608036D-07
  0.2914983984006243D-07  0.3189899728463302D-07  0.3490742679502309D-07
  0.3819958403501837D-07  0.4180222788532628D-07  0.4574464062298064D-07
  0.5005887158570020D-07  0.5477997732708844D-07  0.5994633675222815D-07
  0.6559993941867087D-07  0.7178674288114814D-07  0.7855703386608466D-07
  0.8596582966876013D-07  0.9407336449200591D-07  0.1029455250894458D-06
  0.1126544316308574D-06  0.1232789951197438D-06  0.1349055722236835D-06
  0.1476286636554922D-06  0.1615516855990485D-06  0.1767878028942540D-06
  0.1934608534535422D-06  0.2117063628079067D-06  0.2316726178195256D-06
  0.2535219147083152D-06  0.2774318468025405D-06  0.3035967507099241D-06
  0.3322292915322563D-06  0.3635622003301797D-06  0.3978501514146978D-06
  0.4353718367246260D-06  0.4764322323428039D-06  0.5213650754644485D-06
  0.5705355912335701D-06  0.6243434293461182D-06  0.6832259431561894D-06
  0.7476617281444837D-06  0.8181745258680883D-06  0.8953374652391989D-06
  0.9797777237338546D-06  0.1072181635665548D-05  0.1173300262836204D-05
  0.1283955496410111D-05  0.1405046747404235D-05  0.1537558245418489D-05
  0.1682567052560860D-05  0.1841251796650009D-05  0.2014902273918227D-05
  0.2204929919959438D-05  0.2412879277967686D-05  0.2640440569947078D-05
  0.2889463416261128D-05  0.3161971880991326D-05  0.3460180917771144D-05
  0.3786514378224407D-05  0.4143624700041897D-05  0.4534414491539147D-05
  0.4962060097050449D-05  0.5430037428127125D-05  0.5942150213953738D-05
  0.6502560917730345D-05  0.7115824573111967D-05  0.7786925793265832D-05
  0.8521319307716741D-05  0.9324974277916279D-05  0.1020442283224977D-04
  0.1116681314374264D-04  0.1221996754032948D-04  0.1337244608239280D-04
  0.1463361614216957D-04  0.1601372853318458D-04  0.1752400083718960D-04
  0.1917670857982520D-04  0.2098528500290870D-04  0.2296443025119586D-04
  0.2513023085897003D-04  0.2750029049867747D-04  0.3009387306128356D-04
  0.3293205924248757D-04  0.3603791787364007D-04  0.3943669343967154D-04
  0.4315601125967933D-04  0.4722610202154247D-04  0.5168004750872877D-04
  0.5655404947912463D-04  0.6188772392294958D-04  0.6772442305433643D-04
  0.7411158768412414D-04  0.8110113281472438D-04  0.8874986961606359D-04
  0.9711996717390921D-04  0.1062794578139984D-03  0.1163027900644631D-03
  0.1272714337744334D-03  0.1392745423047096D-03  0.1524096771682232D-03
  0.1667836010081414D-03  0.1825131453742118D-03  0.1997261603222514D-03
  0.2185625535935824D-03  0.2391754277763835D-03  0.2617323247357226D-03
  0.2864165873905989D-03  0.3134288499336409D-03  0.3429886685877132D-03
  0.3753363061666796D-03  0.4107346849276969D-03  0.4494715236218261D-03
  0.4918616760653857D-03  0.5382496902854920D-03  0.5890126090127750D-03
  0.6445630342898126D-03  0.7053524811113944D-03  0.7718750473451918D-03
  0.8446714297737402D-03  0.9243333188828954D-03  0.1011508208140285D-02
  0.1106904656829465D-02  0.1211298049240717D-02  0.1325536897006214D-02
  0.1450549735818410D-02  0.1587352672592083D-02  0.1737057644401224D-02
  0.1900881456320230D-02  0.2080155671649545D-02  0.2276337434881880D-02
  0.2491021315408176D-02  0.2725952268205291D-02  0.2983039816869638D-02
  0.3264373574262146D-02  0.3572240226925353D-02  0.3909142121317087D-02
  0.4277817602936074D-02  0.4681263273647039D-02  0.5122758348124572D-02
  0.5605891307377692D-02  0.6134589065992807D-02  0.6713148890181167D-02
  0.7346273326043724D-02  0.8039108421961979D-02  0.8797285555786542D-02
  0.9626967206788382D-02  0.1053489704442083D-01  0.1152845474099958D-01
  0.1261571595383189D-01  0.1380551796432407D-01  0.1510753150758665D-01
  0.1653233937636555D-01  0.1809152243820090D-01  0.1979775376495323D-01
  0.2166490163979221D-01  0.2370814227888676D-01  0.2594408318399922D-01
  0.2839089812860222D-01  0.3106847487467940D-01  0.3399857682086277D-01
  0.3720501989578391D-01  0.4071386613442809D-01  0.4455363551088939D-01
  0.4875553774930295D-01  0.5335372599712354D-01  0.5838557442260648D-01
  0.6389198199281397D-01  0.6991770490125426D-01  0.7651172034714347D-01
  0.8372762462307921D-01  0.9162406874680945D-01  0.1002652351779006D+00
  0.1097213594940879D+00  0.1200693012674885D+00  0.1313931687807761D+00
  0.1437850026610259D+00  0.1573455239878216D+00  0.1721849529562417D+00
  0.1884239047488775D+00  0.2061943698984926D+00  0.2256407871097872D+00
  0.2469212172601459D+00
    1 1000  327
  0.0000000000000000D+00 -0.9434298927714704D-15  0.2841628524973119D-14
  0.1406093585644939D-14  0.8385857617200679D-15 -0.4616056964835721D-16
 -0.2062540233605907D-16 -0.1408478478872803D-14 -0.2528898036487472D-14
 -0.1439620433116077D-14  0.9446082837982731D-15  0.4758055813599821D-15
  0.1401595423499032D-14  0.5294881775020213D-14 -0.1205237410912055D-14
  0.5507874597510677D-15 -0.1422785865132209D-15 -0.1882984015965039D-14
  0.8480833182386511D-15  0.2324850242951521D-14 -0.6493046286170345D-14
 -0.1758841510534873D-14 -0.1030256702613796D-14  0.3341177272548251D-14
 -0.6203957026601566D-15 -0.3891692386179712D-15 -0.3611230305602933D-14
 -0.5083244015650136D-14  0.9991068852403335D-15  0.1327752095367698D-14
  0.1033670983165077D-14 -0.1715075104409978D-14  0.3639775353903133D-14
  0.1458250527390345D-14  0.5567548554133656D-15  0.7283069994596302D-15
  0.4230053448598588D-15 -0.1602174110094580D-14 -0.1960084766509154D-14
 -0.3296804368353641D-15 -0.3536058205374574D-14 -0.9814141763559290D-15
 -0.1583616230345594D-14 -0.6710669153318364D-15 -0.1932851457885884D-14
  0.4186622364454539D-14  0.6021021902239764D-15 -0.4189912258273866D-14
  0.3668563415986275D-15 -0.1371577600257927D-14  0.1322203926551480D-14
 -0.2015373329637312D-14  0.1287092610324593D-14  0.2218121215087542D-14
  0.2344029505984615D-15  0.1812602105226506D-14 -0.4172820439962288D-14
  0.3054684981233089D-15  0.1859159490581772D-14  0.8423364948185837D-15
  0.4059351902552884D-14 -0.7066874097923193D-15  0.5913503418607524D-14
  0.3400911548841117D-14 -0.7085388194269096D-15 -0.3966246673193805D-15
 -0.2831924080424025D-15  0.2579596688629468D-14  0.8423552580498120D-14
  0.2287835264370527D-14  0.5259506350370152D-14  0.8819665553431792D-15
  0.6448533962182031D-14  0.5413929852287413D-14  0.8299907457097479D-14
  0.7789912719137732D-14  0.9985239804837870D-14  0.1034615297024744D-13
  0.1224127721867490D-13  0.7236033733223343D-14  0.1225341955117728D-13
  0.1167868185541940D-13  0.1247269668940225D-13  0.1618530119604019D-13
  0.1920975406197229D-13  0.1788034842592431D-13  0.2586674989746833D-13
  0.2866839727695231D-13  0.3463570236023212D-13  0.3327106154965616D-13
  0.3946474159411702D-13  0.4846800506532008D-13  0.5132054644069294D-13
  0.6164126069035623D-13  0.6613733727247949D-13  0.7631202510347186D-13
  0.8493434422606627D-13  0.9398123143501949D-13  0.1070060293722767D-12
  0.1203846113411302D-12  0.1346498088572078D-12  0.1554996378704538D-12
  0.1757068426268337D-12  0.1950943440824374D-12  0.2169013128208496D-12
  0.2456831281585507D-12  0.2746572377230793D-12  0.3156496956228972D-12
  0.3585356301904160D-12  0.3987084669458968D-12  0.4541428914969810D-12
  0.5111786197622593D-12  0.5762987664851177D-12  0.6460721893296743D-12
  0.7325166316993701D-12  0.8273007286275371D-12  0.9301814652279086D-12
  0.1052222323393439D-11  0.1188574539770812D-11  0.1337543911052011D-11
  0.1508130817599085D-11  0.1699987012124734D-11  0.1919325544732423D-11
  0.2164001278554179D-11  0.2441142348177524D-11  0.2747206291396208D-11
  0.3104743638224830D-11  0.3498263762019166D-11  0.3942247327465759D-11
  0.4447905003286707D-11  0.5016624979130344D-11  0.5655145635499179D-11
  0.6377611509101489D-11  0.7191101394800983D-11  0.8111251987241297D-11
  0.9149037083241310D-11  0.1031595811558467D-10  0.1163119481268454D-10
  0.1311722882705481D-10  0.1479423284762874D-10  0.1667973718950939D-10
  0.1881387725513163D-10  0.2120881101454100D-10  0.2392316689206174D-10
  0.2697909110594282D-10  0.3042247146911112D-10  0.3430733837858071D-10
  0.3868830475371026D-10  0.4362468024590616D-10  0.4919497533473731D-10
  0.5547738223699715D-10  0.6256147171073001D-10  0.7055077048748750D-10
  0.7956141485928943D-10  0.8971584171079861D-10  0.1011767012336147D-09
  0.1140913248234732D-09  0.1286601550122954D-09  0.1450875368476260D-09
  0.1636135278462601D-09  0.1845046472339735D-09  0.2080623043352288D-09
  0.2346309482701587D-09  0.2645857836391087D-09  0.2983724440896875D-09
  0.3364687375804889D-09  0.3794291766079718D-09  0.4278810828424295D-09
  0.4825133286250577D-09  0.5441214793569410D-09  0.6136004451626136D-09
  0.6919446690997297D-09  0.7802985621545522D-09  0.8799286596645814D-09
  0.9922814665149714D-09  0.1118985648793320D-08  0.1261860786826300D-08
  0.1422982439949006D-08  0.1604674244407941D-08  0.1809566233233970D-08
  0.2040622420426892D-08  0.2301180747346289D-08  0.2595005142337008D-08
  0.2926347130945742D-08  0.3299997323340098D-08  0.3721358839431450D-08
  0.4196518999142514D-08  0.4732349436123153D-08  0.5336597235403778D-08
  0.6018003365786821D-08  0.6786408610775468D-08  0.7652931807348395D-08
  0.8630097943942795D-08  0.9732026815039389D-08  0.1097465935378338D-07
  0.1237595608558399D-07  0.1395617724369245D-07  0.1573817267722930D-07
  0.1774769767506421D-07  0.2001381012883553D-07  0.2256926920549738D-07
  0.2545102209149919D-07  0.2870073355486612D-07  0.3236537938170722D-07
  0.3649794768954701D-07  0.4115818143126344D-07  0.4641345760223443D-07
  0.5233975179217850D-07  0.5902274387442043D-07  0.6655905299800129D-07
  0.7505763489534710D-07  0.8464135562438455D-07  0.9544877282833899D-07
  0.1076361327156093D-06  0.1213796343620164D-06  0.1368779719137637D-06
  0.1543552124859610D-06  0.1740640307771287D-06  0.1962893669724463D-06
  0.2213525410663951D-06  0.2496159024335026D-06  0.2814880663239407D-06
  0.3174298209477311D-06  0.3579607933089214D-06  0.4036669570410576D-06
  0.4552091027421717D-06  0.5133323989997683D-06  0.5788771577596732D-06
  0.6527909891933356D-06  0.7361424944635118D-06  0.8301367228578409D-06
  0.9361325878219712D-06  0.1055662517836037D-05  0.1190454603907783D-05
  0.1342457597731212D-05  0.1513869065056305D-05  0.1707167176837231D-05
  0.1925146525122617D-05  0.2170958528919213D-05  0.2448156997310775D-05
  0.2760749503645148D-05  0.3113255331486956D-05  0.3510770804147458D-05
  0.3959042973070132D-05  0.4464552696778629D-05  0.5034608342635516D-05
  0.5677451445398817D-05  0.6402375860267858D-05  0.7219862124439810D-05
  0.8141728982935869D-05  0.9181304252942019D-05  0.1035361751229355D-04
  0.1167561738963116D-04  0.1316641659531693D-04  0.1484756824223227D-04
  0.1674337744807507D-04  0.1888125272779058D-04  0.2129210224644946D-04
  0.2401078067252378D-04  0.2707659308800279D-04  0.3053386323562084D-04
  0.3443257432921875D-04  0.3882909168094610D-04  0.4378697759729595D-04
  0.4937791032703595D-04  0.5568272034399326D-04  0.6279255894818172D-04
  0.7081021607518377D-04  0.7985160637909879D-04  0.9004744505324445D-04
  0.1015451376415498D-03  0.1145109111373310D-03  0.1291322172001727D-03
  0.1456204422212176D-03  0.1642139634279337D-03  0.1851815952038135D-03
  0.2088264754488625D-03  0.2354904481752732D-03  0.2655590056898624D-03
  0.2994668618175063D-03  0.3377042367428992D-03  0.3808239443321889D-03
  0.4294493843943316D-03  0.4842835554372984D-03  0.5461192182118224D-03
  0.6158503569892606D-03  0.6944851042707020D-03  0.7831603157814508D-03
  0.8831580064755717D-03  0.9959238851676264D-03  0.1123088255753048D-02
  0.1266489587202288D-02  0.1428201093079780D-02  0.1610560704869453D-02
  0.1816204872435765D-02  0.2048106680292626D-02  0.2309618830739802D-02
  0.2604522115295653D-02  0.2937080075196958D-02  0.3312100641211173D-02
  0.3735005643921019D-02  0.4211909199420164D-02  0.4749706103666902D-02
  0.5356171513458794D-02  0.6040073355157714D-02  0.6811299086299212D-02
  0.7680998642741001D-02  0.8661745637989082D-02  0.9767719145234317D-02
  0.1101490869019878D-01  0.1242134541845566D-01  0.1400736277930999D-01
  0.1579589049505638D-01  0.1781278606565135D-01  0.2008720860150090D-01
  0.2265204038902567D-01  0.2554436228375281D-01  0.2880598980389150D-01
  0.3248407767492694D-01  0.3663180156538617D-01  0.4130912686991792D-01
  0.4658367565430917D-01  0.5253170429622812D-01  0.5923920595585377D-01
  0.6680315381528730D-01  0.7533290306076298D-01  0.8495177187672860D-01
  0.9579882430887798D-01
    1 1000  327
  0.0000000000000000D+00  0.3971889150203103D-14 -0.1067121842713462D-14
  0.2050270046382981D-14 -0.3147319979930381D-14  0.5469144488695553D-14
 -0.3914699169798667D-14 -0.4606425692211356D-14 -0.4268813592523217D-14
 -0.3309456730440206D-14  0.1800011590344404D-14 -0.5033490818906357D-14
 -0.8805360523457827D-15  0.1020218874980309D-14 -0.1943657703814760D-14
  0.3715474601665375D-14  0.2494538899856823D-14 -0.4345091228823003D-14
 -0.2823764944776011D-14  0.1325729605129181D-14 -0.1138433099135618D-14
  0.1792684554351119D-14  0.3995338600918249D-14  0.1629851421513040D-14
  0.3746723397034496D-14 -0.2798616347276940D-14  0.6206727610722527D-14
 -0.1471688115863660D-15 -0.2070974024490955D-14 -0.3900066982552839D-14
 -0.1583907208742702D-14  0.9708402335804107D-14  0.1235956485541898D-14
  0.1085053202410355D-14 -0.7208054081413412D-16 -0.5807952766122945D-14
 -0.2543388197569553D-14  0.5520179640541182D-15 -0.5247647123875303D-14
 -0.3965450572354876D-14 -0.3605911055023924D-15  0.6230128105544403D-14
  0.4017467544316281D-15  0.2295272909683247D-14  0.2178420547153080D-14
 -0.4966566535047969D-14 -0.1580792702151036D-14 -0.3510856980898659D-14
 -0.6475289985559851D-14 -0.1361800352668089D-14 -0.2641220522891222D-14
  0.1210247953775913D-14  0.1302571642184771D-14 -0.1086004221581172D-13
  0.7434185568593314D-15  0.4135994628871992D-14 -0.1884060704030092D-14
 -0.6473596834007054D-14 -0.1566759693187518D-14 -0.3192237409891575D-14
  0.2464754966528168D-14 -0.3057990192514705D-14  0.2186974853797520D-14
 -0.3761499470015984D-14 -0.5749071608195621D-14 -0.7827416357822909D-14
 -0.8272535211723018D-14 -0.1185445595053889D-13 -0.3328267098071462D-14
 -0.3231854158365971D-14 -0.3542200053228597D-14 -0.8974877616224577D-14
 -0.1002976923788061D-13 -0.1204353955298909D-13 -0.1478822411330271D-13
 -0.2118702652868628D-13 -0.2275532305187297D-13 -0.1995183950776868D-13
 -0.2279707061916112D-13 -0.2811490448973462D-13 -0.2658063536232122D-13
 -0.3425589917914204D-13 -0.3575040259633341D-13 -0.3985318513939674D-13
 -0.4378015377288544D-13 -0.4953246001097296D-13 -0.5572929949360319D-13
 -0.6393693251106806D-13 -0.7065760768716787D-13 -0.8175882209154927D-13
 -0.9396740752405842D-13 -0.1095103873544755D-12 -0.1181539396666808D-12
 -0.1309005225834113D-12 -0.1464100872434033D-12 -0.1685113380193431D-12
 -0.1967052269341608D-12 -0.2129795741723323D-12 -0.2457892065623123D-12
 -0.2724526103873372D-12 -0.3105828195385993D-12 -0.3510703003870512D-12
 -0.3952326319503784D-12 -0.4426464912315709D-12 -0.5050134498787834D-12
 -0.5681094516627383D-12 -0.6355354349056757D-12 -0.7159710742603859D-12
 -0.8135049798604079D-12 -0.9101916987894809D-12 -0.1027108485584809D-11
 -0.1162569677569999D-11 -0.1306765018514017D-11 -0.1480799398896101D-11
 -0.1670188813528771D-11 -0.1885434870560473D-11 -0.2120400094889594D-11
 -0.2395220762517414D-11 -0.2696625275268225D-11 -0.3041436377685733D-11
 -0.3427542225516919D-11 -0.3868756862127380D-11 -0.4365008702932685D-11
 -0.4917865121703858D-11 -0.5543625345801438D-11 -0.6253834348977826D-11
 -0.7057451565059607D-11 -0.7956173344626469D-11 -0.8967420207419066D-11
 -0.1011428191164460D-10 -0.1140689164533153D-10 -0.1285998145671996D-10
 -0.1450319295844337D-10 -0.1635573638022569D-10 -0.1844608546292661D-10
 -0.2079569243605990D-10 -0.2345534912516773D-10 -0.2644936621394268D-10
 -0.2982923142706918D-10 -0.3363509703101246D-10 -0.3793505464220543D-10
 -0.4277941240985293D-10 -0.4823573162181389D-10 -0.5439717535138111D-10
 -0.6134571924299767D-10 -0.6917928959443595D-10 -0.7800575952348294D-10
 -0.8797019988021799D-10 -0.9919872440340278D-10 -0.1118659829550710D-09
 -0.1261485411610841D-09 -0.1422563009485922D-09 -0.1604216552942267D-09
 -0.1809050027548650D-09 -0.2040037169593329D-09 -0.2300526839782733D-09
 -0.2594282255000232D-09 -0.2925480228161717D-09 -0.3299058123316764D-09
 -0.3720301851328120D-09 -0.4195304868913903D-09 -0.4731001629106283D-09
 -0.5335123881719482D-09 -0.6016290641813691D-09 -0.6784476257699743D-09
 -0.7650757057126762D-09 -0.8627677985647934D-09 -0.9729241900744821D-09
 -0.1097150927368424D-08 -0.1237242033752890D-08 -0.1395223657962820D-08
 -0.1573370517693171D-08 -0.1774264669336024D-08 -0.2000812043952647D-08
 -0.2256287563255615D-08 -0.2544380176216029D-08 -0.2869256230570418D-08
 -0.3235614300618800D-08 -0.3648757364508228D-08 -0.4114650290909334D-08
 -0.4640025891073802D-08 -0.5232485109222836D-08 -0.5900595437404907D-08
 -0.6654014878074364D-08 -0.7503629753237503D-08 -0.8461732607413584D-08
 -0.9542159730207446D-08 -0.1076055206450993D-07 -0.1213451165894207D-07
 -0.1368390502444077D-07 -0.1543113145004043D-07 -0.1740145153372708D-07
 -0.1962335090388267D-07 -0.2212895659318692D-07 -0.2495449137691573D-07
 -0.2814079932778001D-07 -0.3173395294670505D-07 -0.3578589795688950D-07
 -0.4035521361992959D-07 -0.4550796138175673D-07 -0.5131863981305749D-07
 -0.5787125017352973D-07 -0.6526053143143767D-07 -0.7359331145106492D-07
 -0.8299006039416669D-07 -0.9358663289974792D-07 -0.1055362260728347D-06
 -0.1190115987572688D-06 -0.1342075762323459D-06 -0.1513438481069601D-06
 -0.1706681594355856D-06 -0.1924598953199882D-06 -0.2170341046328424D-06
 -0.2447460671773435D-06 -0.2759964270980944D-06 -0.3112369813951389D-06
 -0.3509772226726747D-06 -0.3957916901033799D-06 -0.4463282846373550D-06
 -0.5033176327549413D-06 -0.5675836585990880D-06 -0.6400554816770462D-06
 -0.7217808557561591D-06 -0.8139413196668391D-06 -0.9178692779034030D-06
 -0.1035067259788013D-05 -0.1167229645720036D-05 -0.1316267162396720D-05
 -0.1484334511100062D-05 -0.1673861506713058D-05 -0.1887588226222334D-05
 -0.2128604604443818D-05 -0.2400395120067462D-05 -0.2706889160391906D-05
 -0.3052517837743715D-05 -0.3442278053967739D-05 -0.3881804738854758D-05
 -0.4377452310001622D-05 -0.4936386559001609D-05 -0.5566688229968026D-05
 -0.6277469861677509D-05 -0.7079007525548847D-05 -0.7982889389347831D-05
 -0.9002183253577046D-05 -0.1015162547889568D-04 -0.1144783403664814D-04
 -0.1290954876426652D-04 -0.1455790228668631D-04 -0.1641672554446989D-04
 -0.1851289233198309D-04 -0.2087670781597306D-04 -0.2354234667604390D-04
 -0.2654834717578877D-04 -0.2993816833536608D-04 -0.3376081822795711D-04
 -0.3807156251637667D-04 -0.4293272345123887D-04 -0.4841458088642756D-04
 -0.5459638834939406D-04 -0.6156751883877381D-04 -0.6942875692961386D-04
 -0.7829375585867740D-04 -0.8829068065748081D-04 -0.9956406108395136D-04
 -0.1122768811591179D-03 -0.1266129354868563D-03 -0.1427794864540656D-03
 -0.1610102607110311D-03 -0.1815688282545919D-03 -0.2047524129712873D-03
 -0.2308961897290670D-03 -0.2603781301405008D-03 -0.2936244670615472D-03
 -0.3311158568137796D-03 -0.3733943282404256D-03 -0.4210711190454788D-03
 -0.4748355127134468D-03 -0.5354648037719893D-03 -0.6038355354680737D-03
 -0.6809361723226298D-03 -0.7678813907795097D-03 -0.8659281945539341D-03
 -0.9764940876632926D-03 -0.1101177567884770D-02 -0.1241781236908805D-02
 -0.1400337861314169D-02 -0.1579139761130878D-02 -0.1780771950881645D-02
 -0.2008149512222670D-02 -0.2264559738512524D-02 -0.2553709660600404D-02
 -0.2879779640932173D-02 -0.3247483810817793D-02 -0.3662138224613987D-02
 -0.4129737716167882D-02 -0.4657042568658910D-02 -0.5251676250865064D-02
 -0.5922235632868931D-02 -0.6678415274636492D-02 -0.7531147584361494D-02
 -0.8492760872902998D-02 -0.9577157589380596D-02 -0.1080001531474642D-01
 -0.1217901341918927D-01 -0.1373408866025059D-01 -0.1548772341694154D-01
 -0.1746527072698444D-01 -0.1969532082637705D-01 -0.2221011449050089D-01
 -0.2504600915261691D-01 -0.2824400453861960D-01 -0.3185033541737779D-01
 -0.3591714003629938D-01 -0.4050321390597563D-01 -0.4567485983169216D-01
 -0.5150684648106202D-01 -0.5808348934620990D-01 -0.6549986972841954D-01
 -0.7386320936863387D-01 -0.8329442059741177D-01 -0.9392985441551600D-01
 -0.1059232717778711D+00 -0.1194480665805808D+00 -0.1346997724896528D+00
 -0.1518988898537252D+00 -0.1712940735706649D+00 -0.1931657279963485D+00
 -0.2178300608687833D+00
