    1
  315
 -0.6482493273740342D+00  0.4055768390094559D+00 -0.3256094399754090D+00
  0.1719968445760981D+01 -0.7421802798725108D+00 -0.7179588155835195D+00
 -0.3903500295585987D+00  0.1305090688792546D+00  0.4204720269002913D+00
 -0.6670657845323827D-01  0.4161893607248365D+00 -0.2605539374862802D+00
  0.2424327447948217D+00 -0.1586981329987359D+00  0.3212846728179879D+00
 -0.5863175077011012D-01 -0.8790620022404706D-01  0.3761942790562723D+00
 -0.5583551456553380D-01 -0.2569453593926557D+00  0.1210245865497492D+00
 -0.1384870378828937D+00 -0.1640856162441333D+00  0.4759339232698798D-01
  0.4759339232698731D-01 -0.4701878747941516D-01  0.1634408918456101D-01
 -0.1834360917616937D+00  0.1361232554867339D+00 -0.7837275387845122D-01
  0.4773475647028833D-01  0.4773475647028902D-01  0.6851689829107303D-01
  0.5499504531887436D-01 -0.1811550236761673D-01 -0.5472627180191197D-01
  0.1182418571966356D+00  0.9603707379947729D-02  0.2125287073545853D-02
 -0.8562748682551381D-01 -0.5665796539949351D-01  0.5768761283316055D-01
  0.4154401400497559D-01 -0.5514933827647252D-02  0.3612063911941003D-01
  0.1177872813780291D-01 -0.3319575460910858D-01 -0.3319575460910879D-01
  0.7842971223874586D-02 -0.3088084968443990D-01 -0.2647912636060542D-01
  0.5043723440957820D-01 -0.1765715085639015D-01  0.5192635131927922D-01
 -0.6910806541424244D-02 -0.2092740828053334D-01  0.4535886676780174D-01
 -0.4182393028407339D-01 -0.8236741060971805D-02 -0.1952138350478091D-01
 -0.3350288743838708D-01  0.1597315983972511D-01 -0.3704378567628658D-01
 -0.2244794636039680D-01  0.4661003928945666D-02  0.1330622154402977D-01
  0.1330622154402923D-01 -0.6676459810721421D-02  0.4739736197853218D-02
  0.1582615915665788D-02  0.1582615915665700D-02 -0.5273635934318117D-02
 -0.2503226731762102D-01  0.2050622732319176D-01  0.1471854363742641D-01
  0.1471854363742712D-01  0.2128714209718229D-01  0.1801155788255242D-01
 -0.1420022065679329D-02 -0.8607766879649044D-02  0.9339081023890918D-02
  0.1529503469048106D-02  0.5666753586535563D-02  0.2044047586036967D-02
 -0.6812003291663327D-02 -0.6946435734806252D-02 -0.7697855272434802D-02
 -0.4673946179261949D-02  0.6893397395584892D-02  0.5551157155511808D-02
 -0.1840088843520626D-02  0.1210532058144415D-01  0.1983121472152399D-02
 -0.1120129384973160D-01 -0.1120129384973184D-01  0.3674162644559360D-02
 -0.3892820325282044D-02 -0.1049361194134771D-01 -0.9011350782242933D-02
  0.4301340365260777D-02 -0.6064835833370920D-02  0.6182612148638594D-02
  0.8944889456782882D-02  0.3784724226796441D-02  0.3784724226796517D-02
 -0.1193817662208661D-02 -0.1809342147101494D-02  0.7853249929887835D-02
 -0.1097405522783184D-02  0.4766337724792571D-02 -0.2864913099172093D-02
 -0.2524740396619161D-02 -0.3402214035058498D-02 -0.5842776307451481D-02
  0.5576948200104165D-02 -0.3929358449349766D-02  0.4901799357889754D-02
 -0.2342356146914678D-02 -0.4260481319741417D-02  0.4160485197014552D-03
 -0.4698553424558786D-02  0.5558223516479501D-03  0.5558223516478602D-03
 -0.9260957068171265D-03 -0.3264319739391197D-02 -0.4396345062406968D-02
  0.3601081987721524D-02 -0.2089087048538960D-02  0.9374789894516342D-03
  0.1866525819478758D-02  0.7512496324388958D-03  0.7512496324388131D-03
 -0.4976405815096522D-03 -0.1507751535697894D-02  0.3270035858687243D-02
  0.5349393688024455D-03  0.1980686742506226D-02 -0.1189679749569910D-02
 -0.2420722816210869D-02 -0.2676234458915371D-02  0.6003065674236354D-03
 -0.1620750879493574D-02  0.8257412818761462D-03  0.8257412818762422D-03
  0.2385144586698360D-02  0.9596113064528064D-03  0.9596113064527257D-03
  0.1107418634716032D-02 -0.8732007221630692D-03 -0.8732007221630804D-03
  0.3405922572708687D-03  0.6301401430166010D-03  0.2270924651104690D-03
 -0.1332845938154805D-02 -0.8954460788230947D-03  0.1463384558160472D-02
  0.7600476621062897D-03  0.1043506463759511D-02  0.1043506463759605D-02
  0.1505183101228074D-02 -0.4691503396350458D-04  0.1272087864818356D-02
  0.1272087864818430D-02  0.6984398179354899D-03 -0.2000829170266093D-03
 -0.6055579065219950D-03  0.1311402981166756D-02 -0.1098015799140588D-02
 -0.6027584369275237D-03 -0.6027584369275579D-03  0.7907204960858010D-03
 -0.2370914179632738D-03 -0.4176433919713737D-03 -0.1120200147464531D-02
 -0.9600829927376589D-03 -0.6368563648279067D-03 -0.1744888090592790D-03
  0.8658065443457861D-03  0.1317853614850552D-03 -0.7419353138582081D-03
 -0.7419353138582393D-03 -0.2914395457394568D-03 -0.5132198858273795D-03
 -0.6864728172529015D-03  0.5583041251332221D-03 -0.3222080035365659D-03
 -0.3191331711743847D-03  0.2885854414341717D-03  0.5656604592064985D-03
  0.4772220696040543D-03  0.2270459929361499D-03 -0.7478552200616198D-04
 -0.3739276100306316D-04 -0.2258741729483540D-03  0.4877730907488622D-03
  0.2438865453744218D-03  0.1457781071711857D-03  0.2619815688693137D-04
  0.2619815688692020D-04 -0.1743095820045257D-03 -0.3495893397424564D-03
 -0.1747946698712424D-03 -0.1887235379946150D-03  0.8528464793869986D-04
 -0.2277764561142276D-03 -0.1138882280571173D-03  0.2315681543691543D-03
 -0.3090206554897260D-04 -0.3090206554897450D-04  0.3065689340049175D-03
 -0.4363183273297326D-04  0.2834174881434914D-03 -0.1312998599228774D-04
 -0.2365023561481615D-03 -0.2365023561481710D-03  0.4573571513366926D-04
  0.1681678580426638D-03  0.3016951144155647D-04  0.3016951144154681D-04
 -0.8820217733617110D-04 -0.2338255740775050D-03 -0.1994905303193935D-03
  0.1883756780532060D-03  0.9418783902660465D-04 -0.2135483222344416D-03
  0.9642756505786809D-04 -0.1279628621445973D-03  0.1850378952661974D-03
 -0.3442227514456852D-04  0.8534779874182734D-04 -0.7273148130197604D-04
 -0.3636574065098007D-04 -0.7227073655185385D-05 -0.1397143871732380D-03
  0.9158076574073349D-04  0.2317849303339504D-04 -0.5438855748931473D-04
 -0.9557932713281705D-04  0.1002762136818288D-03 -0.1141631404231664D-03
  0.3998989525140696D-04  0.3998989525141342D-04  0.3804403788614389D-04
  0.3804403788613592D-04  0.8774016048847464D-04 -0.3693206167205806D-04
 -0.7283173048657777D-05 -0.6530183540075292D-04  0.1244862720493276D-04
  0.6224313602469482D-05  0.6843437033777769D-04 -0.4681955692293737D-04
 -0.6056035053213490D-04 -0.5258238558478875D-04  0.1182656925390894D-04
  0.3068258262193816D-04  0.3068258262194493D-04  0.4254864050624179D-04
  0.2127432025311872D-04  0.3534827472991546D-04  0.3534827472991975D-04
 -0.5359998294797153D-05  0.3340288332577938D-04  0.5119475285317888D-05
  0.5547834613570419D-05  0.1831357440048056D-04  0.3221583552169500D-05
 -0.1060361271304017D-04 -0.1910958278238010D-04 -0.1864656703805572D-04
 -0.9105566467943157D-05  0.8130583428472145D-05 -0.9802178327332986D-05
  0.1269480389583785D-04 -0.2269892854131374D-05 -0.2269892854131793D-05
  0.4868282410387258D-05  0.4868282410386583D-05  0.5596990368245453D-05
 -0.7266780255885545D-06  0.4080487595889862D-05 -0.7418053536922038D-06
  0.1140009285533257D-05 -0.5359224979575318D-05 -0.5359224979575880D-05
  0.2418187861445656D-05  0.2418187861445725D-05 -0.3025302006713119D-05
 -0.2621102330889098D-05 -0.1310551165444733D-05 -0.8859501849133731D-06
  0.9384762874436143D-06  0.1230095726814595D-06 -0.1388037466466003D-06
  0.5354950208657499D-06 -0.1277855926509037D-05 -0.1277855926509224D-05
  0.1178602824798456D-05 -0.3116041362692057D-05  0.5604284976745486D-06
  0.1898811311360797D-05 -0.4709435362532012D-05  0.2241653240324469D-06
  0.2132352852202871D-05  0.2132352852203098D-05 -0.2149109477731301D-05
 -0.3929620388279207D-05 -0.6369164204685678D-05  0.2581568326303664D-05
  0.1290784163151877D-05  0.7310625124529880D-05  0.6622930145144584D-05
 -0.3431965857671858D-05  0.6078396817535606D-05  0.4283329218680745D-05
    7
    1    1  327
  0.0000000000000000D+00 -0.2679770724431442D+07 -0.2600423376297880D+07
 -0.2523424298835415D+07 -0.2448703995144155D+07 -0.2376195025079341D+07
 -0.2305831944397571D+07 -0.2237551245634511D+07 -0.2171291300856586D+07
 -0.2106992305974596D+07 -0.2044596226808982D+07 -0.1984046746690599D+07
 -0.1925289215636644D+07 -0.1868270601024360D+07 -0.1812939439725213D+07
 -0.1759245791655968D+07 -0.1707141194704245D+07 -0.1656578620988048D+07
 -0.1607512434409838D+07 -0.1559898349466763D+07 -0.1513693391279891D+07
 -0.1468855856806390D+07 -0.1425345277199616D+07 -0.1383122381283166D+07
 -0.1342149060105886D+07 -0.1302388332545906D+07 -0.1263804311932605D+07
 -0.1226362173656380D+07 -0.1190028123737039D+07 -0.1154769368322364D+07
 -0.1120554084089404D+07 -0.1087351389521710D+07 -0.1055131317036646D+07
 -0.1023864785937562D+07 -0.9935235761664630D+06 -0.9640803028334731D+06
 -0.9355083915000788D+06 -0.9077820541938749D+06 -0.8808762661331657D+06
 -0.8547667431403799D+06 -0.8294299197239492D+06 -0.8048429278088547D+06
 -0.7809835760966336D+06 -0.7578303300362362D+06 -0.7353622923876500D+06
 -0.7135591843607340D+06 -0.6924013273122534D+06 -0.6718696249846092D+06
 -0.6519455462701920D+06 -0.6326111084858404D+06 -0.6138488611422990D+06
 -0.5956418701940137D+06 -0.5779737027550649D+06 -0.5608284122674353D+06
 -0.5441905241082336D+06 -0.5280450216228691D+06 -0.5123773325715868D+06
 -0.4971733159771281D+06 -0.4824192493616356D+06 -0.4681018163612906D+06
 -0.4542080947075142D+06 -0.4407255445638596D+06 -0.4276419972081019D+06
 -0.4149456440492745D+06 -0.4026250259697739D+06 -0.3906690229828883D+06
 -0.3790668441964321D+06 -0.3678080180734151D+06 -0.3568823829809702D+06
 -0.3462800780189976D+06 -0.3359915341202508D+06 -0.3260074654138458D+06
 -0.3163188608443734D+06 -0.3069169760390757D+06 -0.2977933254157341D+06
 -0.2889396745241425D+06 -0.2803480326142693D+06 -0.2720106454243864D+06
 -0.2639199881826593D+06 -0.2560687588158950D+06 -0.2484498713592950D+06
 -0.2410564495612942D+06 -0.2338818206776882D+06 -0.2269195094494652D+06
 -0.2201632322589046D+06 -0.2136068914586611D+06 -0.2072445698687256D+06
 -0.2010705254362932D+06 -0.1950791860537175D+06 -0.1892651445298761D+06
 -0.1836231537104108D+06 -0.1781481217424361D+06 -0.1728351074794438D+06
 -0.1676793160222572D+06 -0.1626760943920112D+06 -0.1578209273312516D+06
 -0.1531094332293650D+06 -0.1485373601686622D+06 -0.1441005820875505D+06
 -0.1397950950573185D+06 -0.1356170136691957D+06 -0.1315625675284020D+06
 -0.1276280978520387D+06 -0.1238100541677449D+06 -0.1201049911101363D+06
 -0.1165095653121375D+06 -0.1130205323884060D+06 -0.1096347440081073D+06
 -0.1063491450544223D+06 -0.1031607708681971D+06 -0.1000667445732648D+06
 -0.9706427448101235D+05 -0.9415065157184719D+05 -0.9132324705129658D+05
 -0.8857950997851801D+05 -0.8591696496508816D+05 -0.8333320994198076D+05
 -0.8082591399271795D+05 -0.7839281525073170D+05 -0.7603171885903348D+05
 -0.7374049499034250D+05 -0.7151707692588046D+05 -0.6935945919108861D+05
 -0.6726569574657842D+05 -0.6523389823267270D+05 -0.6326223426594208D+05
 -0.6134892578619027D+05 -0.5949224745238278D+05 -0.5769052508605966D+05
 -0.5594213416081394D+05 -0.5424549833645614D+05 -0.5259908803653065D+05
 -0.5100141906787746D+05 -0.4945105128098249D+05 -0.4794658726988371D+05
 -0.4648667111044360D+05 -0.4506998713582732D+05 -0.4369525874806027D+05
 -0.4236124726457111D+05 -0.4106675079865499D+05 -0.3981060317282406D+05
 -0.3859167286403844D+05 -0.3740886197984391D+05 -0.3626110526446256D+05
 -0.3514736913391811D+05 -0.3406665073929699D+05 -0.3301797705727477D+05
 -0.3200040400706332D+05 -0.3101301559295620D+05 -0.3005492307167655D+05
 -0.2912526414375291D+05 -0.2822320216817536D+05 -0.2734792539960313D+05
 -0.2649864624742347D+05 -0.2567460055597817D+05 -0.2487504690530395D+05
 -0.2409926593174986D+05 -0.2334655966786194D+05 -0.2261625090094687D+05
 -0.2190768254975007D+05 -0.2122021705870745D+05 -0.2055323580925416D+05
 -0.1990613854769733D+05 -0.1927834282918560D+05 -0.1866928347733278D+05
 -0.1807841205907682D+05 -0.1750519637438514D+05 -0.1694911996043897D+05
 -0.1640968160995970D+05 -0.1588639490336407D+05 -0.1537878775446412D+05
 -0.1488640196945451D+05 -0.1440879281895463D+05 -0.1394552862290260D+05
 -0.1349619034812110D+05 -0.1306037121840200D+05 -0.1263767633697904D+05
 -0.1222772232128051D+05 -0.1183013694987234D+05 -0.1144455882151991D+05
 -0.1107063702630844D+05 -0.1070803082877086D+05 -0.1035640936297462D+05
 -0.1001545133951445D+05 -0.9684844764346393D+04 -0.9364286669376203D+04
 -0.9053482854681517D+04 -0.8752147642200831D+04 -0.8460003640659374D+04
 -0.8176781521421522D+04 -0.7902219804858521D+04 -0.7636064656697021D+04
 -0.7378069693665990D+04 -0.7127995797586720D+04 -0.6885610936852854D+04
 -0.6650689994027645D+04 -0.6423014598050120D+04 -0.6202372959301367D+04
 -0.5988559705553770D+04 -0.5781375716634376D+04 -0.5580627955512358D+04
 -0.5386129293511988D+04 -0.5197698327506727D+04 -0.5015159187320595D+04
 -0.4838341332199882D+04 -0.4667079336154109D+04 -0.4501212663204224D+04
 -0.4340585435072328D+04 -0.4185046195488620D+04 -0.4034447677162043D+04
 -0.3888646577351763D+04 -0.3747503352408052D+04 -0.3610882036789011D+04
 -0.3478650094766469D+04 -0.3350678309546357D+04 -0.3226840711909354D+04
 -0.3107014547060733D+04 -0.2991080274877127D+04 -0.2878921595659090D+04
 -0.2770425491285312D+04 -0.2665482270602964D+04 -0.2563985608060068D+04
 -0.2465832565863384D+04 -0.2370923592050241D+04 -0.2279162489436421D+04
 -0.2190456353088514D+04 -0.2104715476471626D+04 -0.2021853228541084D+04
 -0.1941785905677229D+04 -0.1864432563488082D+04 -0.1789714834167098D+04
 -0.1717556735368530D+04 -0.1647884476536699D+04 -0.1580626268380749D+04
 -0.1515712140790732D+04 -0.1453073773997225D+04 -0.1392644347219084D+04
 -0.1334358408443944D+04 -0.1278151768352251D+04 -0.1223961420729172D+04
 -0.1171725491002748D+04 -0.1121383213791367D+04 -0.1072874939523325D+04
 -0.1026142169286443D+04 -0.9811276160540049D+03 -0.9377752892869182D+03
 -0.8960305986035660D+03 -0.8558404707154109D+03 -0.8171534721423960D+03
 -0.7799199283826512D+03 -0.7440920283265120D+03 -0.7096239010115589D+03
 -0.6764716507315716D+03 -0.6445933366795873D+03 -0.6139488851681846D+03
 -0.5844999300775625D+03 -0.5562095803908758D+03 -0.5290421333073751D+03
 -0.5029627604565328D+03 -0.4779372072378756D+03 -0.4539315564414840D+03
 -0.4309120958793055D+03 -0.4088453193290176D+03 -0.3876980624536414D+03
 -0.3674377481556817D+03 -0.3480326942068199D+03 -0.3294524265238405D+03
 -0.3116679456350549D+03 -0.2946519084200573D+03 -0.2783787064613573D+03
 -0.2628244404657814D+03 -0.2479668040842582D+03 -0.2337848981622933D+03
 -0.2202589993604722D+03 -0.2073703060665306D+03 -0.1951006813870308D+03
 -0.1834324090247980D+03 -0.1723479737163836D+03 -0.1618298741836370D+03
 -0.1518604733649535D+03 -0.1424218880835786D+03 -0.1334959182313426D+03
 -0.1250640139232302D+03 -0.1171072778383214D+03 -0.1096064990432311D+03
 -0.1025422139452786D+03 -0.9589478960426339D+02 -0.8964452441127318D+02
 -0.8377176109169572D+02 -0.7825700708073612D+02 -0.7308105752678293D+02
 -0.6822511647445816D+02 -0.6367091213880041D+02 -0.5940080262365145D+02
 -0.5539786725670584D+02 -0.5164598619852703D+02 -0.4812990005566802D+02
 -0.4483524505042862D+02 -0.4174857153984769D+02 -0.3885733813017778D+02
 -0.3614988278636564D+02 -0.3361537178335190D+02 -0.3124372870433639D+02
 -0.2902554765282848D+02 -0.2695199649800051D+02 -0.2501471851672047D+02
 -0.2320574103578507D+02 -0.2151740066313015D+02 -0.1994229193414994D+02
 -0.1847324316214359D+02 -0.1710331862363586D+02 -0.1582584148778551D+02
 -0.1463442888061513D+02 -0.1352302921266701D+02 -0.1248595301757320D+02
 -0.1151789119816422D+02 -0.1061391787076929D+02 -0.9769478069766299D+01
 -0.8980362668385432D+01 -0.8242674361535908D+01 -0.7552787873974840D+01
 -0.6907310761165379D+01 -0.6303040641945208D+01 -0.5736943377115955D+01
 -0.5206069944436222D+01 -0.4707680991149019D+01 -0.4238804993439232D+01
 -0.3797185308394240D+01
    1 1000  327
  0.0000000000000000D+00  0.3132973213275947D-04  0.3228521003981065D-04
  0.3326982760340066D-04  0.3428447353989368D-04  0.3533006361011689D-04
  0.3640754154988940D-04  0.3751787984937896D-04  0.3866208066023263D-04
  0.3984117673010276D-04  0.4105623225453715D-04  0.4230834389941392D-04
  0.4359864181112393D-04  0.4492829055295129D-04  0.4629849022323961D-04
  0.4771047753987351D-04  0.4916552691398297D-04  0.5066495162916112D-04
  0.5221010501406152D-04  0.5380238168916332D-04  0.5544321879222661D-04
  0.5713409729790316D-04  0.5887654333036733D-04  0.6067212957022951D-04
  0.6252247667992643D-04  0.6442925472235664D-04  0.6639418466902520D-04
  0.6841904005199315D-04  0.7050564840691399D-04  0.7265589306491803D-04
  0.7487171476345018D-04  0.7715511344714824D-04  0.7950815003619514D-04
  0.8193294831324680D-04  0.8443169683699675D-04  0.8700665088262792D-04
  0.8966013455206250D-04  0.9239454277748837D-04  0.9521234356439160D-04
  0.9811608018742755D-04  0.1011083734586493D-03  0.1041919241375114D-03
  0.1073695153414107D-03  0.1106440150707549D-03  0.1140183787837608D-03
  0.1174956521140961D-03  0.1210789734994022D-03  0.1247715771715224D-03
  0.1285767959479500D-03  0.1324980643146011D-03  0.1365389214879353D-03
  0.1407030146145632D-03  0.1449941021041201D-03  0.1494160569526737D-03
  0.1539728702670041D-03  0.1586686549286360D-03  0.1635076491814846D-03
  0.1684942205693973D-03  0.1736328698218300D-03  0.1789282349325753D-03
  0.1843850953368026D-03  0.1900083762455238D-03  0.1958031530421409D-03
  0.2017746559469795D-03  0.2079282746315901D-03  0.2142695632025790D-03
  0.2208042450791129D-03  0.2275382183120133D-03  0.2344775607554189D-03
  0.2416285356427654D-03  0.2489975972726794D-03  0.2565913967144268D-03
  0.2644167879016447D-03  0.2724808338112727D-03  0.2807908128048703D-03
  0.2893542252314191D-03  0.2981788001515375D-03  0.3072725023751344D-03
  0.3166435396155411D-03  0.3263003698824412D-03  0.3362517091411628D-03
  0.3465065391884204D-03  0.3570741157020245D-03  0.3679639766834729D-03
  0.3791859509904191D-03  0.3907501672485427D-03  0.4026670629695489D-03
  0.4149473939817777D-03  0.4276022441594853D-03  0.4406430353777782D-03
  0.4540815378857758D-03  0.4679298808667411D-03  0.4822005634108445D-03
  0.4969064658275023D-03  0.5120608612324318D-03  0.5276774274995010D-03
  0.5437702597095346D-03  0.5603538827552404D-03  0.5774432645271352D-03
  0.5950538293937526D-03  0.6132014721264020D-03  0.6319025722278909D-03
  0.6511740087971294D-03  0.6710331756136903D-03  0.6914979969914114D-03
  0.7125869438743480D-03  0.7343190505026898D-03  0.7567139316276456D-03
  0.7797918002298823D-03  0.8035734856753773D-03  0.8280804526088862D-03
  0.8533348203001693D-03  0.8793593825893892D-03  0.9061776284568384D-03
  0.9338137632748120D-03  0.9622927305798022D-03  0.9916402346370969D-03
  0.1021882763640575D-02  0.1053047613589546D-02  0.1085162912955507D-02
  0.1118257648040969D-02  0.1152361689174994D-02  0.1187505817653887D-02
  0.1223721753508061D-02  0.1261042184177203D-02  0.1299500793956111D-02
  0.1339132294448999D-02  0.1379972455875523D-02  0.1422058139328576D-02
  0.1465427330104730D-02  0.1510119171950643D-02  0.1556174002382233D-02
  0.1603633389124416D-02  0.1652540167595722D-02  0.1702938479601784D-02
  0.1754873813163857D-02  0.1808393043565867D-02  0.1863544475660488D-02
  0.1920377887504614D-02  0.1978944575224018D-02  0.2039297399386840D-02
  0.2101490832649017D-02  0.2165581008935858D-02  0.2231625774145467D-02
  0.2299684738312852D-02  0.2369819329437566D-02  0.2442092848898084D-02
  0.2516570528633660D-02  0.2593319589981121D-02  0.2672409304350508D-02
  0.2753911055759113D-02  0.2837898405276031D-02  0.2924447157356454D-02
  0.3013635428351169D-02  0.3105543716922665D-02  0.3200254976758717D-02
  0.3297854691420397D-02  0.3398430951508808D-02  0.3502074534158611D-02
  0.3608878984977897D-02  0.3718940702479007D-02  0.3832359025094757D-02
  0.3949236320828908D-02  0.4069678079643213D-02  0.4193793008679837D-02
  0.4321693130383533D-02  0.4453493883591138D-02  0.4589314227737552D-02
  0.4729276750215776D-02  0.4873507777035877D-02  0.5022137486828691D-02
  0.5175300028336116D-02  0.5333133641515718D-02  0.5495780782273647D-02
  0.5663388251087585D-02  0.5836107325462136D-02  0.6014093896481870D-02
  0.6197508609536911D-02  0.6386517009272916D-02  0.6581289689056863D-02
  0.6782002444900168D-02  0.6988836434149108D-02  0.7201978339016104D-02
  0.7421620535033128D-02  0.7647961264702491D-02  0.7881204816424993D-02
  0.8121561708885937D-02  0.8369248881053556D-02  0.8624489887998108D-02
  0.8887515102647047D-02  0.9158561923726653D-02  0.9437874990021694D-02
  0.9725706401191208D-02  0.1002231594529211D-01  0.1032797133326170D-01
  0.1064294844055826D-01  0.1096753155613361D-01  0.1130201363903473D-01
  0.1164669658283634D-01  0.1200189148808972D-01  0.1236791894314718D-01
  0.1274510931347541D-01  0.1313380303988064D-01  0.1353435094573654D-01
  0.1394711455365603D-01  0.1437246641177804D-01  0.1481079043001864D-01
  0.1526248222658587D-01  0.1572794948503788D-01  0.1620761232226062D-01
  0.1670190366764421D-01  0.1721126965384117D-01  0.1773617001941207D-01
  0.1827707852379570D-01  0.1883448337489985D-01  0.1940888766974268D-01
  0.2000080984852720D-01  0.2061078416258884D-01  0.2123936115657298D-01
  0.2188710816535316D-01  0.2255460982608707D-01  0.2324246860589396D-01
  0.2395130534562230D-01  0.2468175982020223D-01  0.2543449131608387D-01
  0.2621017922629936D-01  0.2700952366365100D-01  0.2783324609262489D-01
  0.2868208998054627D-01  0.2955682146863111D-01  0.3045823006346825D-01
  0.3138712934960608D-01  0.3234435772387414D-01  0.3333077915209543D-01
  0.3434728394886904D-01  0.3539478958115341D-01  0.3647424149633104D-01
  0.3758661397554921D-01  0.3873291101308111D-01  0.3991416722248948D-01
  0.4113144877044873D-01  0.4238585433902659D-01  0.4367851611733177D-01
  0.4501060082338432D-01  0.4638331075716232D-01  0.4779788488577199D-01
  0.4925559996169035D-01  0.5075777167512564D-01  0.5230575584152898D-01
  0.5390094962530562D-01  0.5554479280085257D-01  0.5723876905206202D-01
  0.5898440731144280D-01  0.6078328314010058D-01  0.6263702014977807D-01
  0.6454729146828948D-01  0.6651582124963526D-01  0.6854438623016335D-01
  0.7063481733220880D-01  0.7278900131662255D-01  0.7500888248571186D-01
  0.7729646443810156D-01  0.7965381187713154D-01  0.8208305247438909D-01
  0.8458637879008657D-01  0.8716605025199696D-01  0.8982439519475247D-01
  0.9256381296132313D-01  0.9538677606859375D-01  0.9829583243898836D-01
  0.1012936077001424D+00  0.1043828075547295D+00  0.1075662202225206D+00
  0.1108467189569826D+00  0.1142272646385697D+00  0.1177109084471247D+00
  0.1213007946157999D+00  0.1250001632689259D+00  0.1288123533464712D+00
  0.1327408056176597D+00  0.1367890657865080D+00  0.1409607876920718D+00
  0.1452597366062960D+00  0.1496897926324312D+00  0.1542549542071052D+00
  0.1589593417091878D+00  0.1638072011787242D+00  0.1688029081492878D+00
  0.1739509715971990D+00  0.1792560380111964D+00  0.1847228955862250D+00
  0.1903564785451070D+00  0.1961618715920341D+00  0.2021443145018661D+00
  0.2083092068493935D+00  0.2146621128828377D+00  0.2212087665459726D+00
  0.2279550766534111D+00  0.2349071322237296D+00  0.2420712079752251D+00
  0.2494537699893032D+00  0.2570614815465573D+00  0.2649012091408538D+00
  0.2729800286768265D+00  0.2813052318563701D+00  0.2898843327599216D+00
  0.2987250746284422D+00  0.3078354368522308D+00  0.3172236421728944D+00
  0.3268981641049392D+00  0.3368677345837211D+00  0.3471413518466251D+00
  0.3577282885546077D+00  0.3686381001614251D+00  0.3798806335381001D+00
  0.3914660358604169D+00  0.4034047637674577D+00  0.4157075927994529D+00
  0.4283856271234648D+00  0.4414503095556793D+00  0.4549134318893452D+00
  0.4687871455377017D+00  0.4830839725014809D+00  0.4978168166708887D+00
  0.5129989754722765D+00  0.5286441518700010D+00  0.5447664667343088D+00
  0.5613804715864187D+00
    1 1000  327
  0.0000000000000000D+00  0.3073102895201048D-09  0.3263419225576523D-09
  0.3465507961898438D-09  0.3680104379665332D-09  0.3908015992594933D-09
  0.4150025468036513D-09  0.4407009373416809D-09  0.4679912540135199D-09
  0.4969711233528694D-09  0.5277455884917185D-09  0.5604242852044926D-09
  0.5951266794503459D-09  0.6319795797032237D-09  0.6711156997970422D-09
  0.7126773571715042D-09  0.7568090931101353D-09  0.8036787865387206D-09
  0.8534425740769659D-09  0.9062915187834301D-09  0.9624141749592281D-09
  0.1022011984482622D-08  0.1085295918518273D-08  0.1152506502281148D-08
  0.1223874461122846D-08  0.1299662632314674D-08  0.1380143907971640D-08
  0.1465610409531503D-08  0.1556367337681408D-08  0.1652746799549032D-08
  0.1755093283121683D-08  0.1863777793456534D-08  0.1979190503683879D-08
  0.2101752770538736D-08  0.2231905398875603D-08  0.2370115812413853D-08
  0.2516882254102990D-08  0.2672744342993225D-08  0.2838252164404633D-08
  0.3014010877023963D-08  0.3200653065526988D-08  0.3398855488406318D-08
  0.3609326386529773D-08  0.3832831644527634D-08  0.4070185232597543D-08
  0.4322229737791139D-08  0.4589885315941750D-08  0.4874114259576346D-08
  0.5175941118481332D-08  0.5496463193214400D-08  0.5836831525984388D-08
  0.6198278568588618D-08  0.6582106938039638D-08  0.6989702445265644D-08
  0.7422544042004475D-08  0.7882185025100313D-08  0.8370289387550789D-08
  0.8888617438058191D-08  0.9439046471618443D-08  0.1002356235226810D-07
  0.1064426849060622D-07  0.1130341827942996D-07  0.1200337968021506D-07
  0.1274669184925592D-07  0.1353603229519884D-07  0.1437425060915824D-07
  0.1526437892883461D-07  0.1620962544849269D-07  0.1721340568536913D-07
  0.1827934691148975D-07  0.1941129618384521D-07  0.2061334108480334D-07
  0.2188982431824457D-07  0.2324535353126657D-07  0.2468482365612493D-07
  0.2621343191830640D-07  0.2783669937681367D-07  0.2956048777565040D-07
  0.3139102704426665D-07  0.3333491665088788D-07  0.3539918156563853D-07
  0.3759127772521943D-07  0.3991911965239780D-07  0.4239111278360179D-07
  0.4501618533186441D-07  0.4780381390919232D-07  0.5076406928968005D-07
  0.5390763632051691D-07  0.5724587172737263D-07  0.6079082489681613D-07
  0.6455529837267387D-07  0.6855289285891293D-07  0.7279803147278487D-07
  0.7730605678157544D-07  0.8209323881831200D-07  0.8717686506486296D-07
  0.9257529874775475D-07  0.9830802872068315D-07  0.1043957596025719D-06
  0.1108604719817508D-06  0.1177255135794521D-06  0.1250156704489038D-06
  0.1327572755275085D-06  0.1409782759307920D-06  0.1497083639870239D-06
  0.1589790615367709D-06  0.1688238502325506D-06  0.1792782781746126D-06
  0.1903800944121022D-06  0.2021693940603034D-06  0.2146887433629752D-06
  0.2279833582631041D-06  0.2421012430754092D-06  0.2570933723236449D-06
  0.2730138935043892D-06  0.2899202957361245D-06  0.3078736279740020D-06
  0.3269387215940200D-06  0.3471844181662709D-06  0.3686838336301972D-06
  0.3915146038664284D-06  0.4157591667151710D-06  0.4415050754266330D-06
  0.4688453016889579D-06  0.4978785745604757D-06  0.5287097347205153D-06
  0.5614501173956619D-06  0.5962179472993445D-06  0.6331387780854099D-06
  0.6723459344554420D-06  0.7139809945585616D-06  0.7581943082301019D-06
  0.8051455367202571D-06  0.8550042207638445D-06  0.9079504074442204D-06
  0.9641752858609582D-06  0.1023881899357534D-05  0.1087285843900382D-05
  0.1154616083544686D-05  0.1226115750488679D-05  0.1302043040211322D-05
  0.1382672128640004D-05  0.1468294180614433D-05  0.1559218381595929D-05
  0.1655773071287599D-05  0.1758306915783236D-05  0.1867190171582682D-05
  0.1982816028838420D-05  0.2105602031518732D-05  0.2235991556760528D-05
  0.2374455462812102D-05  0.2521493758376177D-05  0.2677637400866390D-05
  0.2843450253293505D-05  0.3019531074514489D-05  0.3206515711167418D-05
  0.3405079382793269D-05  0.3615939119890794D-05  0.3839856360459231D-05
  0.4077639688907269D-05  0.4330147762534886D-05  0.4598292412361819D-05
  0.4883041936290210D-05  0.5185424590261571D-05  0.5506532307491113D-05
  0.5847524640912194D-05  0.6209632943574010D-05  0.6594164822853060D-05
  0.7002508858997101D-05  0.7436139626750845D-05  0.7896623004829797D-05
  0.8385621839971465D-05  0.8904901957792696D-05  0.9456338526634177D-05
  0.1004192283848258D-04  0.1066376949221211D-04  0.1132412403579662D-04
  0.1202537107145827D-04  0.1277004287027568D-04  0.1356082851474350D-04
  0.1440058360596592D-04  0.1529234058034057D-04  0.1623931965725913D-04
  0.1724494046639868D-04  0.1831283440389709D-04  0.1944685773398162D-04
  0.2065110552411556D-04  0.2192992643074778D-04  0.2328793839409739D-04
  0.2473004532807735D-04  0.2626145481800850D-04  0.2788769692720796D-04
  0.2961464417470922D-04  0.3144853272922707D-04  0.3339598494063373D-04
  0.3546403324127072D-04  0.3766014555296906D-04  0.3999225224781739D-04
  0.4246877478416960D-04  0.4509865612125067D-04  0.4789139301330846D-04
  0.5085707029873095D-04  0.5400639732215368D-04  0.5735074660392632D-04
  0.6090219490870918D-04  0.6467356685384734D-04  0.6867848122716747D-04
  0.7293140015314059D-04  0.7744768133062171D-04  0.8224363348160524D-04
  0.8733657524806131D-04  0.9274489772818891D-04  0.9848813089000142D-04
  0.1045870140973272D-03  0.1110635710026336D-03  0.1179411890683863D-03
  0.1252447040300502D-03  0.1330004895803304D-03  0.1412365525987202D-03
  0.1499826342963526D-03  0.1592703176111558D-03  0.1691331412513383D-03
  0.1796067208178415D-03  0.1907288774047880D-03  0.2025397741826972D-03
  0.2150820614271253D-03  0.2284010305355617D-03  0.2425447775771764D-03
  0.2575643769738929D-03  0.2735140659321588D-03  0.2904514403026327D-03
  0.3084376625628569D-03  0.3275376826772791D-03  0.3478204726439936D-03
  0.3693592755534232D-03  0.3922318700801733D-03  0.4165208513479347D-03
  0.4423139291864617D-03  0.4697042448639659D-03  0.4987907074259688D-03
  0.5296783508666416D-03  0.5624787134160383D-03  0.5973102403153649D-03
  0.6342987115347656D-03  0.6735776959765053D-03  0.7152890338039114D-03
  0.7595833486427697D-03  0.8066205914914063D-03  0.8565706183282987D-03
  0.9096138034690116D-03  0.9659416909213890D-03  0.1025757686066018D-02
  0.1089277790173278D-02  0.1156731380405667D-02  0.1228362038119893D-02
  0.1304428428460176D-02  0.1385205234427327D-02  0.1470984148781314D-02
  0.1562074927374049D-02  0.1658806507705861D-02  0.1761528196750936D-02
  0.1870610932338428D-02  0.1986448622643797D-02  0.2109459568629196D-02
  0.2240087974567435D-02  0.2378805552107803D-02  0.2526113223670305D-02
  0.2682542931323466D-02  0.2848659557683143D-02  0.3025062965747627D-02
  0.3212390165071806D-02  0.3411317612062755D-02  0.3622563652724918D-02
  0.3846891116690326D-02  0.4085110071850164D-02  0.4338080749604332D-02
  0.4606716651225841D-02  0.4891987846611414D-02  0.5194924477290243D-02
  0.5516620476365728D-02  0.5858237518812025D-02  0.6221009216393599D-02
  0.6606245572355067D-02  0.7015337711966595D-02  0.7449762906013049D-02
  0.7911089905356519D-02  0.8400984605848287D-02  0.8921216064035948D-02
  0.9473662885396604D-02  0.1006032000816031D-01  0.1068330590722226D-01
  0.1134487024415831D-01  0.1204740199096827D-01  0.1279343805688010D-01
  0.1358567244937407D-01  0.1442696600249859D-01  0.1532035670761648D-01
  0.1626907068388177D-01  0.1727653382806425D-01  0.1834638418578841D-01
  0.1948248508886583D-01  0.2068893910615395D-01  0.2197010285832400D-01
  0.2333060275003449D-01  0.2477535167632092D-01  0.2630956676352755D-01
  0.2793878820885077D-01  0.2966889928651738D-01  0.3150614759285338D-01
  0.3345716760694763D-01  0.3552900464839105D-01  0.3772914031859824D-01
  0.4006551951758471D-01  0.4254657913376036D-01  0.4518127851033637D-01
  0.4797913179837277D-01  0.5095024231328451D-01  0.5410533901887836D-01
  0.5745581527066612D-01  0.6101376995836004D-01  0.6479205119611758D-01
  0.6880430271830965D-01  0.7306501314834862D-01  0.7758956831848982D-01
  0.8239430682954256D-01  0.8749657905111748D-01  0.9291480977546715D-01
  0.9866856475117285D-01
    1 1000  327
  0.0000000000000000D+00 -0.3728784599078415D-13 -0.3177694426289687D-13
 -0.5607952432236508D-13 -0.4114828855045734D-13 -0.5290510050102367D-13
 -0.8115307916709169D-13 -0.7462963729826440D-13 -0.7931436028109983D-13
 -0.9217331338672079D-13 -0.1014163971551417D-12 -0.1025111275639443D-12
 -0.1161875780408143D-12 -0.1186856961791261D-12 -0.1309396676326007D-12
 -0.1492806778950079D-12 -0.1641220370456696D-12 -0.1961525264051389D-12
 -0.1827925989855223D-12 -0.2001861540906603D-12 -0.2307383249693256D-12
 -0.2658299509992841D-12 -0.2748724585893063D-12 -0.2928721004711229D-12
 -0.3240877802186563D-12 -0.3691580709345352D-12 -0.3938651408552437D-12
 -0.4186961123264927D-12 -0.4740901494346014D-12 -0.5173976863021169D-12
 -0.5727914651919899D-12 -0.6201515936152685D-12 -0.6807274604502977D-12
 -0.7425307738662511D-12 -0.8143871345059710D-12 -0.8693954522797731D-12
 -0.9652547499598000D-12 -0.1062065586572325D-11 -0.1167423001188091D-11
 -0.1277218516516574D-11 -0.1397406917871558D-11 -0.1529278681935873D-11
 -0.1675391488204772D-11 -0.1831055780377751D-11 -0.1984934091785784D-11
 -0.2188697379344045D-11 -0.2389125535156789D-11 -0.2618451664302390D-11
 -0.2882832719089249D-11 -0.3158749393812218D-11 -0.3445101666152649D-11
 -0.3769999348547950D-11 -0.4120268192650717D-11 -0.4496539853000187D-11
 -0.4941310894679806D-11 -0.5398829439776896D-11 -0.5898355830782689D-11
 -0.6481436990582560D-11 -0.7067589114733766D-11 -0.7712354662759644D-11
 -0.8473241045896179D-11 -0.9266599145448541D-11 -0.1013975150953249D-10
 -0.1107336177480629D-10 -0.1213178938783591D-10 -0.1328504560797638D-10
 -0.1453687489096515D-10 -0.1589457563838894D-10 -0.1740145799281181D-10
 -0.1903976759085566D-10 -0.2083979043049665D-10 -0.2282783871317557D-10
 -0.2496214955745769D-10 -0.2731363344107764D-10 -0.2988617650582278D-10
 -0.3270490960596493D-10 -0.3580102306043036D-10 -0.3916662787735622D-10
 -0.4286156972469542D-10 -0.4689228836065207D-10 -0.5132923508839848D-10
 -0.5616427597320802D-10 -0.6146174797541299D-10 -0.6726891238020710D-10
 -0.7360661822740017D-10 -0.8055394356705361D-10 -0.8812923786868595D-10
 -0.9646489707555997D-10 -0.1055455175195075D-09 -0.1154975243018881D-09
 -0.1263807668756197D-09 -0.1383076744348706D-09 -0.1513740388178639D-09
 -0.1656411987371949D-09 -0.1812538399666793D-09 -0.1983473215200751D-09
 -0.2170662263238677D-09 -0.2375321746059311D-09 -0.2599341251238356D-09
 -0.2844328289600553D-09 -0.3112554191226693D-09 -0.3406306678042556D-09
 -0.3727539320053741D-09 -0.4078940244241770D-09 -0.4463634221404883D-09
 -0.4884657326050503D-09 -0.5345289753235284D-09 -0.5849447069146964D-09
 -0.6401045598156077D-09 -0.7004851725117472D-09 -0.7665547112029812D-09
 -0.8388248676182454D-09 -0.9179465882274166D-09 -0.1004520070664884D-08
 -0.1099265277861985D-08 -0.1202916413143981D-08 -0.1316387829587315D-08
 -0.1440528890490361D-08 -0.1576383376707145D-08 -0.1725063580466131D-08
 -0.1887753221681813D-08 -0.2065792826759053D-08 -0.2260606241763702D-08
 -0.2473816887754489D-08 -0.2707131295435586D-08 -0.2962443268306885D-08
 -0.3241826136356139D-08 -0.3547556846524375D-08 -0.3882150272934460D-08
 -0.4248269939248193D-08 -0.4648915716493254D-08 -0.5087375049393353D-08
 -0.5567165432959473D-08 -0.6092215813162565D-08 -0.6666764611845328D-08
 -0.7295522090369844D-08 -0.7983574901070983D-08 -0.8736515218062903D-08
 -0.9560465351379239D-08 -0.1046212086525385D-07 -0.1144882812299386D-07
 -0.1252856466338704D-07 -0.1371015958392421D-07 -0.1500317966203005D-07
 -0.1641815078413979D-07 -0.1796654965622744D-07 -0.1966099203517225D-07
 -0.2151523718956407D-07 -0.2354438111445667D-07 -0.2576487834685786D-07
 -0.2819478687245914D-07 -0.3085387257836555D-07 -0.3376372791952865D-07
 -0.3694801744947890D-07 -0.4043262109802695D-07 -0.4424586732052998D-07
 -0.4841875144421928D-07 -0.5298517552012385D-07 -0.5798226208951929D-07
 -0.6345063622235906D-07 -0.6943473229632417D-07 -0.7598319431518565D-07
 -0.8314924871433647D-07 -0.9099115518005433D-07 -0.9957262161935555D-07
 -0.1089634322689473D-06 -0.1192398882372762D-06 -0.1304855381148124D-06
 -0.1427917720063966D-06 -0.1562586184424936D-06 -0.1709955400512647D-06
 -0.1871223144725382D-06 -0.2047700239791156D-06 -0.2240821166314603D-06
 -0.2452155468464554D-06 -0.2683420904056019D-06 -0.2936497231691729D-06
 -0.3213441486035025D-06 -0.3516504714489063D-06 -0.3848150045589644D-06
 -0.4211073374138604D-06 -0.4608224332478831D-06 -0.5042831030511807D-06
 -0.5518425872390847D-06 -0.6038874760563297D-06 -0.6608407635280213D-06
 -0.7231653802881494D-06 -0.7913678992870219D-06 -0.8660026803241331D-06
 -0.9476763380366738D-06 -0.1037052733623809D-05 -0.1134858318854089D-05
 -0.1241888046793951D-05 -0.1359011874553787D-05 -0.1487181769492568D-05
 -0.1627439523191075D-05 -0.1780925123719689D-05 -0.1948886123676556D-05
 -0.2132687712132649D-05 -0.2333823832354113D-05 -0.2553929317728887D-05
 -0.2794793192183665D-05 -0.3058373203593315D-05 -0.3346811737644759D-05
 -0.3662453223579721D-05 -0.4007863204987506D-05 -0.4385849178512055D-05
 -0.4799483426982090D-05 -0.5252127974895460D-05 -0.5747461920628502D-05
 -0.6289511363241858D-05 -0.6882682076708326D-05 -0.7531795379937122D-05
 -0.8242127260802872D-05 -0.9019451320308924D-05 -0.9870085672774409D-05
 -0.1080094427903293D-04 -0.1181959318197243D-04 -0.1293431198026014D-04
 -0.1415416113371533D-04 -0.1548905559477510D-04 -0.1694984541711746D-04
 -0.1854840392978307D-04 -0.2029772425621431D-04 -0.2221202489276377D-04
 -0.2430686532507709D-04 -0.2659927245676020D-04 -0.2910787902438259D-04
 -0.3185307502096747D-04 -0.3485717346602661D-04 -0.3814459173335636D-04
 -0.4174205002778923D-04 -0.4567878855305683D-04 -0.4998680520850227D-04
 -0.5470111564137295D-04 -0.5986003786031257D-04 -0.6550550369498279D-04
 -0.7168339960629106D-04 -0.7844393965667640D-04 -0.8584207365650636D-04
 -0.9393793378639407D-04 -0.1027973233661853D-03 -0.1124922516987713D-03
 -0.1231015193533484D-03 -0.1347113586818700D-03 -0.1474161346880984D-03
 -0.1613191120617379D-03 -0.1765332944797192D-03 -0.1931823431323036D-03
 -0.2114015818248927D-03 -0.2313390969053406D-03 -0.2531569409021077D-03
 -0.2770324497032025D-03 -0.3031596839261359D-03 -0.3317510062718743D-03
 -0.3630388075881417D-03 -0.3972773957685849D-03 -0.4347450627594610D-03
 -0.4757463465246309D-03 -0.5206145063404791D-03 -0.5697142315213980D-03
 -0.6234446056489322D-03 -0.6822423502989111D-03 -0.7465853747458753D-03
 -0.8169966604090273D-03 -0.8940485116631469D-03 -0.9783672075283404D-03
 -0.1070638092097061D-02 -0.1171611145003681D-02 -0.1282107077296153D-02
 -0.1403024002170627D-02 -0.1535344734870623D-02 -0.1680144781023025D-02
 -0.1838601078366931D-02 -0.2012001562931485D-02 -0.2201755637409872D-02
 -0.2409405626800544D-02 -0.2636639314477784D-02 -0.2885303660504498D-02
 -0.3157419813777593D-02 -0.3455199539965899D-02 -0.3781063198782329D-02
 -0.4137659416719664D-02 -0.4527886615140899D-02 -0.4954916568708955D-02
 -0.5422220185628832D-02 -0.5933595719272730D-02 -0.6493199640452429D-02
 -0.7105580421296105D-02 -0.7775715505338982D-02 -0.8509051764266017D-02
 -0.9311549770209792D-02 -0.1018973224339901D-01 -0.1115073706896310D-01
 -0.1220237531380607D-01 -0.1335319471512080D-01 -0.1461254915657213D-01
 -0.1599067469685288D-01 -0.1749877276858069D-01 -0.1914910122377131D-01
 -0.2095507396590767D-01 -0.2293136997842815D-01 -0.2509405263580042D-01
 -0.2746070026695572D-01 -0.3005054903231438D-01 -0.3288464927568473D-01
 -0.3598603662189089D-01 -0.3937991921080315D-01 -0.4309388258961566D-01
 -0.4715811392873924D-01 -0.5160564738373891D-01 -0.5647263259762798D-01
 -0.6179862852590805D-01 -0.6762692497256753D-01 -0.7400489445049761D-01
 -0.8098437722624306D-01 -0.8862210267875566D-01 -0.9698015039694395D-01
 -0.1061264547638454D+00 -0.1161353571286836D+00 -0.1270882100548770D+00
 -0.1390740385553373D+00 -0.1521902636896036D+00 -0.1665434944042052D+00
 -0.1822503940523652D+00 -0.1994386286361231D+00 -0.2182479044782124D+00
 -0.2388311037579194D+00
    1 1000  327
  0.0000000000000000D+00  0.4231889598930658D-13  0.4361948209325497D-13
  0.5160379399933303D-13  0.5311394060469867D-13  0.6116777299307710D-13
  0.6517118861336437D-13  0.7173533169943498D-13  0.7714165028676720D-13
  0.9046416493873419D-13  0.9800668490185648D-13  0.1057943994778159D-12
  0.1134384433606082D-12  0.1240671798984523D-12  0.1332176435665839D-12
  0.1494485564332839D-12  0.1594883982540578D-12  0.1769225488257684D-12
  0.1969606612082795D-12  0.2171732855177598D-12  0.2393611718281723D-12
  0.2580158996590800D-12  0.2816925295202268D-12  0.3091674799509579D-12
  0.3393647051398650D-12  0.3703457661052353D-12  0.4081058991921683D-12
  0.4434471408612151D-12  0.4845226508405781D-12  0.5340890558905938D-12
  0.5820890104205019D-12  0.6406746835015957D-12  0.7007420097309792D-12
  0.7655810467522477D-12  0.8342346988759050D-12  0.9182428219873235D-12
  0.1005667038011531D-11  0.1097661059965092D-11  0.1204272885433918D-11
  0.1318302300739300D-11  0.1441739451397557D-11  0.1575962884922927D-11
  0.1726657235316674D-11  0.1888492526396888D-11  0.2070608863140634D-11
  0.2258854086013969D-11  0.2474984726522671D-11  0.2706159281816523D-11
  0.2962714448187087D-11  0.3240671605835691D-11  0.3549435652981440D-11
  0.3885467402436055D-11  0.4252134254103393D-11  0.4653642529948810D-11
  0.5090743071985274D-11  0.5572453377925986D-11  0.6104154411159065D-11
  0.6675180631002530D-11  0.7308422205573085D-11  0.7992832844524544D-11
  0.8751610461168793D-11  0.9575219438658427D-11  0.1047629448815304D-10
  0.1146702246632893D-10  0.1254468795061076D-10  0.1372605336691958D-10
  0.1502224744193157D-10  0.1644257312203955D-10  0.1799292726090591D-10
  0.1968446288518522D-10  0.2154781102381946D-10  0.2357725034774067D-10
  0.2579614345947310D-10  0.2823456772464094D-10  0.3089552203527285D-10
  0.3381139783123514D-10  0.3699902494278820D-10  0.4048572063448073D-10
  0.4430553148302513D-10  0.4848685156368875D-10  0.5305936707867598D-10
  0.5806461511719255D-10  0.6354168848103963D-10  0.6953170522440722D-10
  0.7609346226540320D-10  0.8326552588180469D-10  0.9111730205892575D-10
  0.9971675877542613D-10  0.1091145484544260D-09  0.1194076329527796D-09
  0.1306696280400664D-09  0.1429933895105938D-09  0.1564784022437403D-09
  0.1712401776197032D-09  0.1873920247039172D-09  0.2050632095332419D-09
  0.2243998068249315D-09  0.2455600977988735D-09  0.2687248545665933D-09
  0.2940652059065713D-09  0.3218023382416438D-09  0.3521510817832000D-09
  0.3853606913662775D-09  0.4217072938541040D-09  0.4614764841247804D-09
  0.5050016175427044D-09  0.5526282631930005D-09  0.6047471157232136D-09
  0.6617825973583751D-09  0.7241940728357634D-09  0.7924912852563452D-09
  0.8672377685960034D-09  0.9490265767659203D-09  0.1038528082734817D-08
  0.1136476964773209D-08  0.1243657963887783D-08  0.1360948253069087D-08
  0.1489302713279791D-08  0.1629758756132341D-08  0.1783466968328284D-08
  0.1951665290431299D-08  0.2135726850906380D-08  0.2337152621927541D-08
  0.2557573647305562D-08  0.2798773147764844D-08  0.3062733540232036D-08
  0.3351583653202283D-08  0.3667672893183940D-08  0.4013580737647441D-08
  0.4392101517928719D-08  0.4806324785459428D-08  0.5259616484877450D-08
  0.5755659421696354D-08  0.6298484241028750D-08  0.6892499420991793D-08
  0.7542537155064387D-08  0.8253885416775609D-08  0.9032317454299111D-08
  0.9884162873657714D-08  0.1081635100688167D-07  0.1183645316845370D-07
  0.1295276164927019D-07  0.1417434829282203D-07  0.1551115148093986D-07
  0.1697402353004102D-07  0.1857486320100418D-07  0.2032667948441656D-07
  0.2224370973993034D-07  0.2434154130303709D-07  0.2663721736141450D-07
  0.2914940017697569D-07  0.3189851606572901D-07  0.3490689759367748D-07
  0.3819900380789854D-07  0.4180159487613563D-07  0.4574394964489752D-07
  0.5005811137161643D-07  0.5477914725525875D-07  0.5994542620538592D-07
  0.6559894921232758D-07  0.7178565730615653D-07  0.7855583980555461D-07
  0.8596452968084932D-07  0.9407193620139580D-07  0.1029439630005373D-06
  0.1126527247702298D-06  0.1232771267040196D-06  0.1349035296342077D-06
  0.1476264269666952D-06  0.1615492376357607D-06  0.1767851247780573D-06
  0.1934579218082091D-06  0.2117031538220106D-06  0.2316691098501033D-06
  0.2535180773031513D-06  0.2774276480706921D-06  0.3035921526550119D-06
  0.3322242597450278D-06  0.3635566952656404D-06  0.3978441270145136D-06
  0.4353652426014267D-06  0.4764250156346368D-06  0.5213571823737426D-06
  0.5705269492703952D-06  0.6243339720584463D-06  0.6832155939424889D-06
  0.7476504070759498D-06  0.8181621368108807D-06  0.8953239073629522D-06
  0.9797628864548048D-06  0.1072165398782588D-05  0.1173282492939525D-05
  0.1283936051928536D-05  0.1405025469370881D-05  0.1537534963349527D-05
  0.1682541571165204D-05  0.1841223913283934D-05  0.2014871760157449D-05
  0.2204896526446888D-05  0.2412842735480038D-05  0.2640400581132108D-05
  0.2889419656682650D-05  0.3161923994566598D-05  0.3460128514628979D-05
  0.3786457031346593D-05  0.4143561945775646D-05  0.4534345820166010D-05
  0.4961984948120402D-05  0.5429955191803911D-05  0.5942060222666370D-05
  0.6502462440421236D-05  0.7115716806420792D-05  0.7786807863137819D-05
  0.8521190253956580D-05  0.9324833054652949D-05  0.1020426828974596D-04
  0.1116664402542793D-04  0.1221978247310565D-04  0.1337224356288823D-04
  0.1463339452224389D-04  0.1601348601115324D-04  0.1752373544347837D-04
  0.1917641815625848D-04  0.2098496718822974D-04  0.2296408246332211D-04
  0.2512985027118573D-04  0.2749987401602819D-04  0.3009341730174543D-04
  0.3293156049714956D-04  0.3603737209281593D-04  0.3943609618565984D-04
  0.4315535767769391D-04  0.4722538679899445D-04  0.5167926483293141D-04
  0.5655319298926889D-04  0.6188678665646071D-04  0.6772339739267113D-04
  0.7411046529035034D-04  0.8109990456711105D-04  0.8874852553078540D-04
  0.9711849632688619D-04  0.1062778482490257D-03  0.1163010287006496D-03
  0.1272695062948692D-03  0.1392724330419726D-03  0.1524073689779446D-03
  0.1667810751312559D-03  0.1825103812781926D-03  0.1997231355420633D-03
  0.2185592435427433D-03  0.2391718055512868D-03  0.2617283608939660D-03
  0.2864122497141996D-03  0.3134241031662919D-03  0.3429834741486991D-03
  0.3753306218329683D-03  0.4107284644994981D-03  0.4494647165377460D-03
  0.4918542269973916D-03  0.5382415386874037D-03  0.5890036886288236D-03
  0.6445532726144594D-03  0.7053417988018537D-03  0.7718633575757401D-03
  0.8446586375286516D-03  0.9243193201874583D-03  0.1011492889212229D-02
  0.1106887893157079D-02  0.1211279704568049D-02  0.1325516822226560D-02
  0.1450527767764349D-02  0.1587328632707614D-02  0.1737031337287995D-02
  0.1900852668154820D-02  0.2080124168440583D-02  0.2276302960571091D-02
  0.2490983589786664D-02  0.2725910984639308D-02  0.2982994639805034D-02
  0.3264324136499671D-02  0.3572186126632879D-02  0.3909082918766848D-02
  0.4277752816928234D-02  0.4681192377599475D-02  0.5122680765793340D-02
  0.5605806408171082D-02  0.6134496159849128D-02  0.6713047221957368D-02
  0.7346162069378328D-02  0.8038986672558346D-02  0.8797152324062732D-02
  0.9626821409834854D-02  0.1053473749719678D-01  0.1152828014670185D-01
  0.1261552489335435D-01  0.1380530888472321D-01  0.1510730270945910D-01
  0.1653208900003573D-01  0.1809124844860473D-01  0.1979745393509771D-01
  0.2166457353265417D-01  0.2370778322760459D-01  0.2594369027019689D-01
  0.2839046815866816D-01  0.3106800435380887D-01  0.3399806192465305D-01
  0.3720445643914794D-01  0.4071324953757886D-01  0.4455296076211458D-01
  0.4875479936423112D-01  0.5335291797414547D-01  0.5838469019409515D-01
  0.6389101437174148D-01  0.6991664602277702D-01  0.7651056160467548D-01
  0.8372635659833821D-01  0.9162268113326381D-01  0.1002637166969998D+00
  0.1097196978035874D+00  0.1200674828611341D+00  0.1313911788785239D+00
  0.1437828250889092D+00  0.1573431410464900D+00  0.1721823452770992D+00
  0.1884210511366542D+00  0.2061912471589705D+00  0.2256373698612754D+00
  0.2469174777271781D+00
    1 1000  327
  0.0000000000000000D+00 -0.3567497508107168D-15  0.5241193962448066D-15
 -0.2254677804550630D-14 -0.4184145531373645D-15 -0.5160132560869615D-15
 -0.1656752959353661D-14  0.4837622174144310D-15 -0.2273805150998925D-14
 -0.4294371957240829D-14 -0.1047674001453823D-14 -0.8988572716193503D-15
 -0.2750923193569316D-14 -0.8399757710673065D-15 -0.1884306821091132D-15
 -0.2524587692731488D-14  0.1602510289459651D-14  0.1314561239637675D-15
 -0.9311682460822347D-15  0.1615513967882385D-14 -0.2136493407595707D-14
 -0.9349534203461919D-15 -0.8453981567258599D-16  0.5731391071589736D-15
 -0.1952545441749151D-14 -0.1568328947802311D-14  0.3042441322923868D-16
 -0.2613917377880042D-15  0.2793078387584424D-14 -0.4359864309138410D-15
 -0.1001458540897024D-14 -0.1406480208046332D-14 -0.7231307300346840D-15
 -0.2040530034689405D-14 -0.2157209579598367D-14 -0.1815678560734321D-14
  0.1815236185347539D-15  0.5384883882294748D-15 -0.1908434537449848D-14
 -0.1548252368500695D-15  0.1090496872105556D-14  0.1279403273018245D-14
  0.9932331232130230D-16 -0.1199639510794108D-14  0.7269010910320392D-15
  0.1115348476277761D-14 -0.9351581473491127D-15 -0.1390967459027961D-14
 -0.1212617274931857D-14 -0.3817300638566053D-15  0.2490823811317202D-15
  0.2361030014521074D-15 -0.1961387194223722D-14  0.7574147109717200D-15
  0.9570602167435547D-15  0.1142784544245613D-14 -0.1615640385902470D-14
  0.4313382545724559D-15  0.3758756569246459D-15  0.2526833950263099D-15
  0.7406561336676696D-15 -0.1110440650994781D-14  0.1200852647768707D-14
  0.2162005783377772D-14  0.2311479773519524D-14  0.2838366487215649D-14
  0.2897163842886751D-14  0.1389445896221555D-14  0.3055952287032153D-14
  0.1205008922237785D-14  0.5852904715327338D-14  0.1194881199728909D-14
  0.4304436761596337D-14  0.5968819937118482D-14  0.4137584089199563D-14
  0.7126540097911912D-14  0.8223918984229078D-14  0.7630944618201863D-14
  0.9207512596237156D-14  0.7964822560758668D-14  0.1060448986413207D-13
  0.1454668391581485D-13  0.1428214664133931D-13  0.1740297269312991D-13
  0.1855192689927707D-13  0.2633695852511815D-13  0.2426168984480051D-13
  0.2565677969085602D-13  0.3179554644618785D-13  0.3756056544219844D-13
  0.4238560483178630D-13  0.4530942229992392D-13  0.5208105904256541D-13
  0.5863846044380155D-13  0.6601549870844655D-13  0.7265697238606794D-13
  0.8711644505407141D-13  0.9271597292674703D-13  0.1058928906115746D-12
  0.1209385305480350D-12  0.1351536664869255D-12  0.1520497741767530D-12
  0.1728586230282718D-12  0.1943235722834896D-12  0.2220227782069193D-12
  0.2490123984508667D-12  0.2820727047444610D-12  0.3153763230108845D-12
  0.3535821967488618D-12  0.4038696643787668D-12  0.4541203126321879D-12
  0.5123237984457828D-12  0.5779009015847238D-12  0.6513211496881464D-12
  0.7315761598271918D-12  0.8281001700382534D-12  0.9314738499736587D-12
  0.1052922165635215D-11  0.1185398177252016D-11  0.1337222422292707D-11
  0.1504684216378589D-11  0.1700970328141003D-11  0.1919582983828402D-11
  0.2160330556345865D-11  0.2437056234024920D-11  0.2750626534479137D-11
  0.3101117345011885D-11  0.3495099289520303D-11  0.3943546005437060D-11
  0.4446166730548712D-11  0.5015961479168742D-11  0.5659015604390663D-11
  0.6379168009260181D-11  0.7195391390842380D-11  0.8110630225883104D-11
  0.9147886592334778D-11  0.1031636727206263D-10  0.1163105418228637D-10
  0.1311668026790272D-10  0.1479217375903337D-10  0.1668442817002114D-10
  0.1881297849699615D-10  0.2121180079020083D-10  0.2392580383594701D-10
  0.2697844018575536D-10  0.3042057236465699D-10  0.3430712025090356D-10
  0.3868466462835942D-10  0.4362431496892680D-10  0.4919633200374719D-10
  0.5547727986264137D-10  0.6256082871844431D-10  0.7054968227780568D-10
  0.7955611716713606D-10  0.8971831831555552D-10  0.1011713056409078D-09
  0.1140896371880433D-09  0.1286572975072118D-09  0.1450869641056136D-09
  0.1636117992770516D-09  0.1845025155662672D-09  0.2080586615060345D-09
  0.2346254016313804D-09  0.2645856780240589D-09  0.2983681636752615D-09
  0.3364654919065198D-09  0.3794264799571753D-09  0.4278716565208984D-09
  0.4825056342171162D-09  0.5441147927092247D-09  0.6135906608086662D-09
  0.6919371396810135D-09  0.7802863562891141D-09  0.8799183994476752D-09
  0.9922717382573670D-09  0.1118966996647845D-08  0.1261844042402473D-08
  0.1422959193932705D-08  0.1604652858560866D-08  0.1809539910790067D-08
  0.2040592268135790D-08  0.2301144672913517D-08  0.2594965169937166D-08
  0.2926304198156045D-08  0.3299948578221794D-08  0.3721300107197514D-08
  0.4196454957006224D-08  0.4732278821613738D-08  0.5336519599261336D-08
  0.6017911674373146D-08  0.6786307596497927D-08  0.7652816757890426D-08
  0.8629964480404686D-08  0.9731878561795280D-08  0.1097449279010532D-07
  0.1237576922161455D-07  0.1395596970635012D-07  0.1573793303904153D-07
  0.1774742713894063D-07  0.2001350572480134D-07  0.2256892737775711D-07
  0.2545063620366451D-07  0.2870029588316969D-07  0.3236488903956543D-07
  0.3649739461049866D-07  0.4115755795591703D-07  0.4641275444251591D-07
  0.5233895845633593D-07  0.5902184964658388D-07  0.6655804524942907D-07
  0.7505649749546044D-07  0.8464007371107288D-07  0.9544732707895394D-07
  0.1076345027310852D-06  0.1213777954445650D-06  0.1368758988364814D-06
  0.1543528748004635D-06  0.1740613947002287D-06  0.1962863941024681D-06
  0.2213491886197099D-06  0.2496121218044431D-06  0.2814838032974566D-06
  0.3174250133874382D-06  0.3579553728072292D-06  0.4036608432087811D-06
  0.4552022079628470D-06  0.5133246244128118D-06  0.5788683910802134D-06
  0.6527811025643634D-06  0.7361313454355978D-06  0.8301241505636224D-06
  0.9361184103643326D-06  0.1055646528630591D-05  0.1190436574443426D-05
  0.1342437265669981D-05  0.1513846138181558D-05  0.1707141322774974D-05
  0.1925117370078243D-05  0.2170925651051750D-05  0.2448119920620780D-05
  0.2760707693515951D-05  0.3113208181783184D-05  0.3510717635257952D-05
  0.3958983014493233D-05  0.4464485081970009D-05  0.5034532094971311D-05
  0.5677365462618037D-05  0.6402278898701844D-05  0.7219752782504569D-05
  0.8141605679075274D-05  0.9181165205175683D-05  0.1035346071056530D-04
  0.1167544056698859D-04  0.1316621719482121D-04  0.1484734338043109D-04
  0.1674312387597803D-04  0.1888096677826434D-04  0.2129177978491950D-04
  0.2401041703776863D-04  0.2707618302204605D-04  0.3053340081091683D-04
  0.3443205286035745D-04  0.3882850362816074D-04  0.4378631445931899D-04
  0.4937716251618485D-04  0.5568187704970436D-04  0.6279160797735911D-04
  0.7080914368016566D-04  0.7985039705428706D-04  0.9004608131676686D-04
  0.1015435997771633D-03  0.1145091769102936D-03  0.1291302615391475D-03
  0.1456182368516747D-03  0.1642114764668853D-03  0.1851787906951983D-03
  0.2088233128472697D-03  0.2354868817573829D-03  0.2655549838948404D-03
  0.2994623264997486D-03  0.3376991223336796D-03  0.3808181768905450D-03
  0.4294428805381961D-03  0.4842762211373605D-03  0.5461109474327114D-03
  0.6158410301573871D-03  0.6944745865436469D-03  0.7831484551000375D-03
  0.8831446313654470D-03  0.9959088022586824D-03  0.1123071246985724D-02
  0.1266470406673610D-02  0.1428179463488079D-02  0.1610536313507384D-02
  0.1816177366666700D-02  0.2048075662454137D-02  0.2309583852393833D-02
  0.2604482670745671D-02  0.2937035594176276D-02  0.3312050480638547D-02
  0.3734949078604661D-02  0.4211845411571161D-02  0.4749634171077161D-02
  0.5356090396168954D-02  0.6039981880420542D-02  0.6811195931626304D-02
  0.7680882316781078D-02  0.8661614458968663D-02  0.9767571216643166D-02
  0.1101474187337102D-01  0.1242115730164965D-01  0.1400715064284196D-01
  0.1579565127198008D-01  0.1781251629741713D-01  0.2008690438795597D-01
  0.2265169733202648D-01  0.2554397542357957D-01  0.2880555354754347D-01
  0.3248358571526167D-01  0.3663124678993526D-01  0.4130850125805861D-01
  0.4658297016130691D-01  0.5253090872247274D-01  0.5923830879940006D-01
  0.6680214210556526D-01  0.7533176217105871D-01  0.8495048531271779D-01
  0.9579737347016193D-01
    1 1000  327
  0.0000000000000000D+00  0.3845218008003134D-14 -0.1955601855988891D-14
 -0.2164911005224531D-15 -0.4753129843082758D-14 -0.2006700719811093D-14
  0.2945734144872607D-16  0.3043690157229921D-14  0.9894950710673731D-16
  0.2817873408324623D-14 -0.2200546316323852D-15  0.1226504486996939D-14
  0.2976501824740328D-14  0.2540608326693723D-14 -0.1321998702679529D-15
 -0.4799737125766897D-14  0.2476100742125790D-14 -0.7201436807386399D-15
 -0.2849747758410163D-14 -0.3384831860658934D-14 -0.3022188706697908D-14
 -0.3502348647088071D-14 -0.2617976310319180D-15  0.5866680131754839D-15
 -0.3832397947678274D-14  0.1924109774602703D-14  0.4616356106446961D-14
 -0.1318876400025666D-14  0.3461803397636804D-14  0.1062015451581227D-14
  0.1116116943066714D-14 -0.3035653966818195D-14  0.1788757753496511D-14
 -0.4445238940483576D-14 -0.2289862570419452D-14 -0.2427076132586887D-14
  0.2101325579049093D-14 -0.3627030926275469D-14 -0.1305489218585056D-14
  0.1533483087574800D-14 -0.2607958769532087D-14 -0.1184108953071789D-14
  0.1035750919322771D-14  0.1241692524557932D-14 -0.5738788586314328D-14
  0.1079611003117846D-14 -0.1285145414363598D-14  0.1197323163917792D-14
 -0.7931519717228307D-17  0.1619725491737796D-14 -0.1054897647031092D-14
 -0.1933029652325013D-14 -0.3520237081711797D-14 -0.4127258039147582D-15
 -0.1084600466137632D-14 -0.2989719162925559D-14 -0.6299757165245562D-14
 -0.2781914336144289D-14 -0.9255123984298592D-15 -0.1546676066603358D-14
  0.1826865625530559D-14 -0.7363008573915846D-14 -0.2475603171363432D-14
 -0.3595923000834262D-14 -0.3605567259863841D-14 -0.8517819141217015D-14
 -0.5592253154312300D-14 -0.4490524616453999D-14 -0.7787061133913466D-14
 -0.1169825602715910D-13 -0.7779830963561592D-14 -0.1186048720257885D-13
 -0.9883046651958758D-14 -0.9259061246383937D-14 -0.1284974769728989D-13
 -0.1796981399314966D-13 -0.1940449173686069D-13 -0.2011201732582877D-13
 -0.2489328502306182D-13 -0.2505414507918551D-13 -0.3176902232382233D-13
 -0.3153722378517032D-13 -0.4094049189619197D-13 -0.3657986944460551D-13
 -0.4407974579386816D-13 -0.5149700533324654D-13 -0.5877178394253319D-13
 -0.6463620638774907D-13 -0.7155317097369091D-13 -0.8369993303379991D-13
 -0.9308122178557578D-13 -0.1090322817324573D-12 -0.1185883854641479D-12
 -0.1359862224430341D-12 -0.1537624006913558D-12 -0.1720854273011031D-12
 -0.1912956565816470D-12 -0.2135735602669703D-12 -0.2427993021333986D-12
 -0.2780239071121989D-12 -0.3083704765832719D-12 -0.3458142512461851D-12
 -0.3949649716131441D-12 -0.4471075217945419D-12 -0.5045862797868502D-12
 -0.5672687450792208D-12 -0.6404534766739399D-12 -0.7156031241748943D-12
 -0.8153008380475919D-12 -0.9124016456724923D-12 -0.1030930656837800D-11
 -0.1163365783405863D-11 -0.1313247316786602D-11 -0.1480407380467242D-11
 -0.1668432600791706D-11 -0.1884321790667230D-11 -0.2119710172506705D-11
 -0.2391001449386774D-11 -0.2695230281468944D-11 -0.3045222703486054D-11
 -0.3430075281054696D-11 -0.3866024972686011D-11 -0.4361928501073918D-11
 -0.4916525582639916D-11 -0.5546932515045060D-11 -0.6257659596999818D-11
 -0.7050703937643710D-11 -0.7953823627708797D-11 -0.8967481329858290D-11
 -0.1011476188149189D-10 -0.1140620790547667D-10 -0.1285938172053074D-10
 -0.1450262787337448D-10 -0.1635513656077710D-10 -0.1844776854650029D-10
 -0.2079760358140977D-10 -0.2345942047511081D-10 -0.2644805559572206D-10
 -0.2982707031507534D-10 -0.3363633319700942D-10 -0.3792822409250559D-10
 -0.4277565849248392D-10 -0.4823590472730830D-10 -0.5439567082428861D-10
 -0.6134506836429542D-10 -0.6917343375760468D-10 -0.7800679016616524D-10
 -0.8796784747520735D-10 -0.9920024771941443D-10 -0.1118641775997506D-09
 -0.1261462027572276D-09 -0.1422564402030638D-09 -0.1604205576217079D-09
 -0.1809018731675571D-09 -0.2040028601317656D-09 -0.2300476255898243D-09
 -0.2594216223406029D-09 -0.2925490331336615D-09 -0.3298981824702192D-09
 -0.3720227111332046D-09 -0.4195242489126291D-09 -0.4730917718664033D-09
 -0.5335024222852679D-09 -0.6016243014000012D-09 -0.6784373931739726D-09
 -0.7650655229987731D-09 -0.8627506508734927D-09 -0.9729112847101325D-09
 -0.1097138250778744D-08 -0.1237223541077585D-08 -0.1395202021709653D-08
 -0.1573347074733345D-08 -0.1774240496054045D-08 -0.2000781759370068D-08
 -0.2256248480012821D-08 -0.2544341737987882D-08 -0.2869213128016851D-08
 -0.3235570725928736D-08 -0.3648700793461567D-08 -0.4114585868709281D-08
 -0.4639957313106067D-08 -0.5232409212195349D-08 -0.5900506851825943D-08
 -0.6653911753502093D-08 -0.7503515656311334D-08 -0.8461598666225805D-08
 -0.9542017679690765D-08 -0.1076038922181853D-07 -0.1213432593635233D-07
 -0.1368369594167320D-07 -0.1543089799215022D-07 -0.1740118999194043D-07
 -0.1962305575340896D-07 -0.2212862280126321D-07 -0.2495411128872209D-07
 -0.2814037413419385D-07 -0.3173347207712910D-07 -0.3578535573623645D-07
 -0.4035460446923338D-07 -0.4550727402573617D-07 -0.5131786114490141D-07
 -0.5787037414907053D-07 -0.6525954347782516D-07 -0.7359219680955641D-07
 -0.8298880405493791D-07 -0.9358521458707835D-07 -0.1055346278942749D-06
 -0.1190097978308490D-06 -0.1342055432831241D-06 -0.1513415556594358D-06
 -0.1706655763407924D-06 -0.1924569811445678D-06 -0.2170308163596143D-06
 -0.2447423594831090D-06 -0.2759922453094321D-06 -0.3112322682182084D-06
 -0.3509719067113164D-06 -0.3957856948104386D-06 -0.4463215236165243D-06
 -0.5033100116509509D-06 -0.5675750631584294D-06 -0.6400457874395603D-06
 -0.7217699252723460D-06 -0.8139289932243696D-06 -0.9178553770413695D-06
 -0.1035051583839822D-05 -0.1167211968472525D-05 -0.1316247228297153D-05
 -0.1484312030153499D-05 -0.1673836156191151D-05 -0.1887559640083872D-05
 -0.2128572368026495D-05 -0.2400358766730149D-05 -0.2706848164334124D-05
 -0.3052471608749185D-05 -0.3442225921948892D-05 -0.3881745950102593D-05
 -0.4377386014670417D-05 -0.4936311798539116D-05 -0.5566603924606135D-05
 -0.6277374792924830D-05 -0.7078900317290998D-05 -0.7982768490711945D-05
 -0.9002046917316865D-05 -0.1015147173502170D-04 -0.1144766066419359D-04
 -0.1290935325424516D-04 -0.1455768181163554D-04 -0.1641647691852279D-04
 -0.1851261196083621D-04 -0.2087639164542626D-04 -0.2354199013512138D-04
 -0.2654794511054020D-04 -0.2993771493193533D-04 -0.3376030693210028D-04
 -0.3807098593643076D-04 -0.4293207325053265D-04 -0.4841384766541697D-04
 -0.5459556150712717D-04 -0.6156658642109974D-04 -0.6942770545630161D-04
 -0.7829257012825349D-04 -0.8828934352638622D-04 -0.9956255322248640D-04
 -0.1122751807663879D-03 -0.1266110179798734D-03 -0.1427773241106800D-03
 -0.1610078222684369D-03 -0.1815660784597205D-03 -0.2047493120691954D-03
 -0.2308926928887699D-03 -0.2603741868076667D-03 -0.2936200202242560D-03
 -0.3311108421831137D-03 -0.3733886733178140D-03 -0.4210647420753454D-03
 -0.4748283215006905D-03 -0.5354566943504057D-03 -0.6038263905964078D-03
 -0.6809258597896245D-03 -0.7678697614926448D-03 -0.8659150803827240D-03
 -0.9764792990117456D-03 -0.1101160890946950D-02 -0.1241762430578974D-02
 -0.1400316653700876D-02 -0.1579115845627937D-02 -0.1780744981731031D-02
 -0.2008119099520389D-02 -0.2264525442570335D-02 -0.2553670985586719D-02
 -0.2879736027706216D-02 -0.3247434628844393D-02 -0.3662082762848822D-02
 -0.4129675172776811D-02 -0.4656972039425079D-02 -0.5251596716118334D-02
 -0.5922145942741643D-02 -0.6678314132440880D-02 -0.7531033527841755D-02
 -0.8492632253096138D-02 -0.9577012546775681D-02 -0.1079985175240132D-01
 -0.1217882897241436D-01 -0.1373388066242079D-01 -0.1548748886094460D-01
 -0.1746500622174493D-01 -0.1969502254783134D-01 -0.2220977812631061D-01
 -0.2504562983982239D-01 -0.2824357679333600D-01 -0.3184985305551100D-01
 -0.3591659608414028D-01 -0.4050260049937835D-01 -0.4567416810237831D-01
 -0.5150606642840952D-01 -0.5808260969266810D-01 -0.6549887775646625D-01
 -0.7386209073691152D-01 -0.8329315913338986D-01 -0.9392843188167674D-01
 -0.1059216676080424D+00 -0.1194462575826029D+00 -0.1346977325100772D+00
 -0.1518965893997084D+00 -0.1712914793835697D+00 -0.1931628025709195D+00
 -0.2178267619109092D+00
