  0.8350000000000000D+01    4
  0.2211313321219523D+01
    1  315    7
  327  327  327  327  327  327  327
  0.1944333373943421D-01  0.0000000000000000D+00  0.0000000000000000D+00
  0.0000000000000000D+00  0.0000000000000000D+00  0.0000000000000000D+00
  0.0000000000000000D+00  0.0000000000000000D+00  0.0000000000000000D+00
  0.0000000000000000D+00  0.0000000000000000D+00  0.0000000000000000D+00
  0.0000000000000000D+00  0.0000000000000000D+00  0.0000000000000000D+00
  0.0000000000000000D+00  0.0000000000000000D+00  0.0000000000000000D+00
  0.0000000000000000D+00  0.0000000000000000D+00  0.0000000000000000D+00
  0.0000000000000000D+00  0.0000000000000000D+00  0.0000000000000000D+00
  0.0000000000000000D+00  0.0000000000000000D+00  0.0000000000000000D+00
  0.0000000000000000D+00  0.0000000000000000D+00  0.0000000000000000D+00
  0.0000000000000000D+00  0.0000000000000000D+00  0.0000000000000000D+00
  0.0000000000000000D+00  0.0000000000000000D+00  0.0000000000000000D+00
  0.0000000000000000D+00  0.0000000000000000D+00  0.0000000000000000D+00
  0.0000000000000000D+00  0.0000000000000000D+00  0.0000000000000000D+00
  0.0000000000000000D+00  0.0000000000000000D+00  0.0000000000000000D+00
  0.0000000000000000D+00  0.0000000000000000D+00  0.0000000000000000D+00
  0.0000000000000000D+00  0.0000000000000000D+00  0.0000000000000000D+00
  0.0000000000000000D+00  0.0000000000000000D+00  0.0000000000000000D+00
  0.0000000000000000D+00  0.0000000000000000D+00  0.0000000000000000D+00
  0.0000000000000000D+00  0.0000000000000000D+00  0.0000000000000000D+00
  0.0000000000000000D+00  0.0000000000000000D+00  0.0000000000000000D+00
  0.0000000000000000D+00  0.0000000000000000D+00  0.0000000000000000D+00
  0.0000000000000000D+00  0.0000000000000000D+00  0.0000000000000000D+00
  0.0000000000000000D+00  0.0000000000000000D+00  0.0000000000000000D+00
  0.0000000000000000D+00  0.0000000000000000D+00  0.0000000000000000D+00
  0.0000000000000000D+00  0.0000000000000000D+00  0.0000000000000000D+00
  0.0000000000000000D+00  0.0000000000000000D+00  0.0000000000000000D+00
  0.0000000000000000D+00  0.0000000000000000D+00  0.0000000000000000D+00
  0.0000000000000000D+00  0.0000000000000000D+00  0.0000000000000000D+00
  0.0000000000000000D+00  0.0000000000000000D+00  0.0000000000000000D+00
  0.0000000000000000D+00  0.0000000000000000D+00  0.0000000000000000D+00
  0.0000000000000000D+00  0.0000000000000000D+00  0.0000000000000000D+00
  0.0000000000000000D+00  0.0000000000000000D+00  0.0000000000000000D+00
  0.0000000000000000D+00  0.0000000000000000D+00  0.0000000000000000D+00
  0.0000000000000000D+00  0.0000000000000000D+00  0.0000000000000000D+00
  0.0000000000000000D+00  0.0000000000000000D+00  0.0000000000000000D+00
  0.0000000000000000D+00  0.0000000000000000D+00  0.0000000000000000D+00
  0.0000000000000000D+00  0.0000000000000000D+00  0.0000000000000000D+00
  0.0000000000000000D+00  0.0000000000000000D+00  0.0000000000000000D+00
  0.0000000000000000D+00  0.0000000000000000D+00  0.0000000000000000D+00
  0.0000000000000000D+00  0.0000000000000000D+00  0.0000000000000000D+00
  0.0000000000000000D+00  0.0000000000000000D+00  0.0000000000000000D+00
  0.0000000000000000D+00  0.0000000000000000D+00  0.0000000000000000D+00
  0.0000000000000000D+00  0.0000000000000000D+00  0.0000000000000000D+00
  0.0000000000000000D+00  0.0000000000000000D+00  0.0000000000000000D+00
  0.0000000000000000D+00  0.0000000000000000D+00  0.0000000000000000D+00
  0.0000000000000000D+00  0.0000000000000000D+00  0.0000000000000000D+00
  0.0000000000000000D+00  0.0000000000000000D+00  0.0000000000000000D+00
  0.0000000000000000D+00  0.0000000000000000D+00  0.0000000000000000D+00
  0.0000000000000000D+00  0.0000000000000000D+00  0.0000000000000000D+00
  0.0000000000000000D+00  0.0000000000000000D+00  0.0000000000000000D+00
  0.0000000000000000D+00  0.0000000000000000D+00  0.0000000000000000D+00
  0.0000000000000000D+00  0.0000000000000000D+00  0.0000000000000000D+00
  0.0000000000000000D+00  0.0000000000000000D+00  0.0000000000000000D+00
  0.0000000000000000D+00  0.0000000000000000D+00  0.0000000000000000D+00
  0.0000000000000000D+00  0.0000000000000000D+00  0.0000000000000000D+00
  0.0000000000000000D+00  0.0000000000000000D+00  0.0000000000000000D+00
  0.0000000000000000D+00  0.0000000000000000D+00  0.0000000000000000D+00
  0.0000000000000000D+00  0.0000000000000000D+00  0.0000000000000000D+00
  0.0000000000000000D+00  0.0000000000000000D+00  0.0000000000000000D+00
  0.0000000000000000D+00  0.0000000000000000D+00  0.0000000000000000D+00
  0.0000000000000000D+00  0.0000000000000000D+00  0.0000000000000000D+00
  0.0000000000000000D+00  0.0000000000000000D+00  0.0000000000000000D+00
  0.0000000000000000D+00  0.0000000000000000D+00  0.0000000000000000D+00
  0.0000000000000000D+00  0.0000000000000000D+00  0.0000000000000000D+00
  0.0000000000000000D+00  0.0000000000000000D+00  0.0000000000000000D+00
  0.0000000000000000D+00  0.0000000000000000D+00  0.0000000000000000D+00
  0.0000000000000000D+00  0.0000000000000000D+00  0.0000000000000000D+00
  0.0000000000000000D+00  0.0000000000000000D+00  0.0000000000000000D+00
  0.0000000000000000D+00  0.0000000000000000D+00  0.0000000000000000D+00
  0.0000000000000000D+00  0.0000000000000000D+00  0.0000000000000000D+00
  0.0000000000000000D+00  0.0000000000000000D+00  0.0000000000000000D+00
  0.0000000000000000D+00  0.0000000000000000D+00  0.0000000000000000D+00
  0.0000000000000000D+00  0.0000000000000000D+00  0.0000000000000000D+00
  0.0000000000000000D+00  0.0000000000000000D+00  0.0000000000000000D+00
  0.0000000000000000D+00  0.0000000000000000D+00  0.0000000000000000D+00
  0.0000000000000000D+00  0.0000000000000000D+00  0.0000000000000000D+00
  0.0000000000000000D+00  0.0000000000000000D+00  0.0000000000000000D+00
  0.0000000000000000D+00  0.0000000000000000D+00  0.0000000000000000D+00
  0.0000000000000000D+00  0.0000000000000000D+00  0.0000000000000000D+00
  0.0000000000000000D+00  0.0000000000000000D+00  0.0000000000000000D+00
  0.0000000000000000D+00  0.0000000000000000D+00  0.0000000000000000D+00
  0.0000000000000000D+00  0.0000000000000000D+00  0.0000000000000000D+00
  0.0000000000000000D+00  0.0000000000000000D+00  0.0000000000000000D+00
  0.0000000000000000D+00  0.0000000000000000D+00  0.0000000000000000D+00
  0.0000000000000000D+00  0.0000000000000000D+00  0.0000000000000000D+00
  0.0000000000000000D+00  0.0000000000000000D+00  0.0000000000000000D+00
  0.0000000000000000D+00  0.0000000000000000D+00  0.0000000000000000D+00
  0.0000000000000000D+00  0.0000000000000000D+00  0.0000000000000000D+00
  0.0000000000000000D+00  0.0000000000000000D+00  0.0000000000000000D+00
  0.0000000000000000D+00  0.0000000000000000D+00  0.0000000000000000D+00
  0.0000000000000000D+00  0.0000000000000000D+00  0.0000000000000000D+00
  0.0000000000000000D+00  0.0000000000000000D+00  0.0000000000000000D+00
  0.0000000000000000D+00  0.0000000000000000D+00  0.0000000000000000D+00
  0.0000000000000000D+00  0.0000000000000000D+00  0.0000000000000000D+00
  0.0000000000000000D+00  0.0000000000000000D+00  0.0000000000000000D+00
  0.0000000000000000D+00  0.0000000000000000D+00  0.0000000000000000D+00
  0.0000000000000000D+00  0.0000000000000000D+00  0.0000000000000000D+00
  0.0000000000000000D+00  0.0000000000000000D+00  0.0000000000000000D+00
  0.0000000000000000D+00  0.0000000000000000D+00  0.0000000000000000D+00
  0.0000000000000000D+00  0.0000000000000000D+00  0.0000000000000000D+00
  0.0000000000000000D+00  0.0000000000000000D+00  0.0000000000000000D+00
  0.0000000000000000D+00  0.0000000000000000D+00  0.0000000000000000D+00
  0.0000000000000000D+00  0.0000000000000000D+00  0.0000000000000000D+00
  0.0000000000000000D+00  0.0000000000000000D+00  0.0000000000000000D+00
  0.0000000000000000D+00  0.1722683770978581D+06  0.1719211425578570D+06
  0.1715733017913520D+06  0.1712248215055480D+06  0.1708756703706310D+06
  0.1705258439081517D+06  0.1701752778290987D+06  0.1698239624842558D+06
  0.1694718424295879D+06  0.1691188845050112D+06  0.1687650469592910D+06
  0.1684102885172666D+06  0.1680545668791410D+06  0.1676978385326615D+06
  0.1673400588914042D+06  0.1669811822294314D+06  0.1666211616505377D+06
  0.1662599490596287D+06  0.1658974951300353D+06  0.1655337492711085D+06
  0.1651686595952734D+06  0.1648021728845017D+06  0.1644342345562846D+06
  0.1640647886290731D+06  0.1636937776871941D+06  0.1633211428452461D+06
  0.1629468237119688D+06  0.1625707583536023D+06  0.1621928832567325D+06
  0.1618131332906341D+06  0.1614314416691280D+06  0.1610477399119540D+06
  0.1606619578056797D+06  0.1602740233641672D+06  0.1598838627886024D+06
  0.1594914004271296D+06  0.1590965587340955D+06  0.1586992582289453D+06
  0.1582994174547970D+06  0.1578969529367240D+06  0.1574917791397927D+06
  0.1570838084268906D+06  0.1566729510163903D+06  0.1562591149397038D+06
  0.1558422059987769D+06  0.1554221277235848D+06  0.1549987813296932D+06
  0.1545720656759507D+06  0.1541418772223918D+06  0.1537081099884290D+06
  0.1532706555114163D+06  0.1528294028056855D+06  0.1523842383221470D+06
  0.1519350459085670D+06  0.1514817067706345D+06  0.1510240994339364D+06
  0.1505620997069793D+06  0.1500955806453902D+06  0.1496244125174480D+06
  0.1491484627711040D+06  0.1486675960026579D+06  0.1481816739272714D+06
  0.1476905553515062D+06  0.1471940961480903D+06  0.1466921492331242D+06
  0.1461845645459563D+06  0.1456711890319651D+06  0.1451518666285022D+06
  0.1446264382542631D+06  0.1440947418023709D+06  0.1435566121374707D+06
  0.1430118810971435D+06  0.1424603774979840D+06  0.1419019271466746D+06
  0.1413363528564361D+06  0.1407634744692323D+06  0.1401831088841339D+06
  0.1395950700922682D+06  0.1389991692187988D+06  0.1383952145723929D+06
  0.1377830117026751D+06  0.1371623634661625D+06  0.1365330701012189D+06
  0.1358949293125802D+06  0.1352477363660182D+06  0.1345912841937518D+06
  0.1339253635112187D+06  0.1332497629458510D+06  0.1325642691785301D+06
  0.1318686670983995D+06  0.1311627399717549D+06  0.1304462696257472D+06
  0.1297190366476447D+06  0.1289808206004449D+06  0.1282314002556189D+06
  0.1274705538438093D+06  0.1266980593243145D+06  0.1259136946741989D+06
  0.1251172381978954D+06  0.1243084688581683D+06  0.1234871666293111D+06
  0.1226531128734715D+06  0.1218060907409789D+06  0.1209458855955642D+06
  0.1200722854653475D+06  0.1191850815204544D+06  0.1182840685781145D+06
  0.1173690456360668D+06  0.1164398164350626D+06  0.1154961900512389D+06
  0.1145379815190639D+06  0.1135650124855302D+06  0.1125771118961934D+06
  0.1115741167135839D+06  0.1105558726684483D+06  0.1095222350441657D+06
  0.1084730694945928D+06  0.1074082528954654D+06  0.1063276742293472D+06
  0.1052312355039769D+06  0.1041188527036910D+06  0.1029904567734208D+06
  0.1018459946345689D+06  0.1006854302318404D+06  0.9950874560987823D+05
  0.9831594201829060D+05  0.9710704104337528D+05  0.9588208576455660D+05
  0.9464114193321970D+05  0.9338429917128589D+05  0.9211167218651161D+05
  0.9082340200109404D+05  0.8951965718976490D+05  0.8820063512311537D+05
  0.8686656321143686D+05  0.8551770014389693D+05  0.8415433711735888D+05
  0.8277679904865602D+05  0.8138544576359211D+05  0.7998067315540012D+05
  0.7856291430484202D+05  0.7713264055356829D+05  0.7569036252179560D+05
  0.7423663106079966D+05  0.7277203813016774D+05  0.7129721758921225D+05
  0.6981284589142808D+05  0.6831964267037818D+05  0.6681837120493769D+05
  0.6530983875140577D+05  0.6379489672963679D+05  0.6227444075003964D+05
  0.6074941046807606D+05  0.5922078925274532D+05  0.5768960365551007D+05
  0.5615692266618884D+05  0.5462385674253802D+05  0.5309155660058778D+05
  0.5156121175327998D+05  0.5003404878561592D+05  0.4851132935535214D+05
  0.4699434790931378D+05  0.4548442910662230D+05  0.4398292494158373D+05
  0.4249121156065427D+05  0.4101068576980806D+05  0.3954276123077542D+05
  0.3808886434700851D+05  0.3665042984286186D+05  0.3522889604234898D+05
  0.3382569985693727D+05  0.3244227149517443D+05  0.3108002891046926D+05
  0.2974037200707172D+05  0.2842467662817291D+05  0.2713428835404981D+05
  0.2587051614227390D+05  0.2463462584613628D+05  0.2342783365157345D+05
  0.2225129947693992D+05  0.2110612038391201D+05  0.1999332405154541D+05
  0.1891386236898032D+05  0.1786860520540545D+05  0.1685833441858125D+05
  0.1588373816539381D+05  0.1494540557948035D+05  0.1404382188184874D+05
  0.1317936399052409D+05  0.1235229669451587D+05  0.1156276945573736D+05
  0.1081081389985877D+05  0.1009634205338596D+05  0.9419145379485597D+04
  0.8778894659204145D+04  0.8175140757743788D+04  0.7607316307381971D+04
  0.7074738329490400D+04  0.6576611807987789D+04  0.6112034215540722D+04
  0.5680000982025071D+04  0.5279411882325293D+04  0.4909078307652891D+04
  0.4567731371411475D+04  0.4254030787447504D+04  0.3966574445551410D+04
  0.3703908596574720D+04  0.3464538546723320D+04  0.3246939784683454D+04
  0.3049569263693641D+04  0.2870877028508331D+04  0.2709317730397748D+04
  0.2563362058660519D+04  0.2431507915203037D+04  0.2312291193369937D+04
  0.2204296025081935D+04  0.2106164365640546D+04  0.2016604793262850D+04
  0.1934400410437560D+04  0.1858415746416628D+04  0.1787602574396909D+04
  0.1721004572978631D+04  0.1657760779044255D+04  0.1597107797974321D+04
  0.1538380756763309D+04  0.1481013005745132D+04  0.1424534594889619D+04
  0.1368569570578610D+04  0.1312832157999414D+04  0.1257121912397594D+04
  0.1201317939021392D+04  0.1145372296307080D+04  0.1089302709379041D+04
  0.1033184731000444D+04  0.9771434944977912D+03  0.9213452077461000D+03
  0.8659885389579745D+03  0.8112960437534972D+03  0.7575057788486579D+03
  0.7048632407999296D+03  0.6536137587500231D+03  0.6039954582537886D+03
  0.5562328992846278D+03  0.5105314757274181D+03  0.4670726463779581D+03
  0.4260100490374297D+03  0.3874665300755298D+03  0.3515321022125243D+03
  0.3182628236227870D+03  0.2876805721826273D+03  0.2597736701718787D+03
  0.2344982973951163D+03  0.2117806149194446D+03  0.1915195009367533D+03
  0.1735898300980774D+03  0.1578461162463998D+03  0.1441264688589770D+03
  0.1322567142592076D+03  0.1220545464838088D+03  0.1133336429365639D+03
  0.1059075850749386D+03  0.9959351690042998D+02  0.9421545257404830D+02
  0.8960716582803600D+02  0.8561461042801879D+02  0.8209783815098565D+02
  0.7893239821495418D+02  0.7601021871149071D+02  0.7323998703868180D+02
  0.7054705964569169D+02  0.6787294576882995D+02  0.6517441819060856D+02
  0.6242231336581919D+02  0.5960008787051836D+02  0.5670220034770242D+02
  0.5373238802742598D+02  0.5070190362453680D+02  0.4762777321789246D+02
  0.4453112845943310D+02  0.4143565780466272D+02  0.3836621189190434D+02
  0.3534758825812988D+02  0.3240351076996163D+02  0.2955580991848449D+02
  0.2682380184410415D+02  0.2422385689512404D+02  0.2176914285109349D+02
  0.1946952372940642D+02  0.1733159232069358D+02  0.1535881316924673D+02
  0.1355175247563018D+02  0.1190837215831376D+02  0.1042436696517790D+02
  0.9093522050207921D+01  0.7908087712416084D+01  0.6859140923924745D+01
  0.5936921423308021D+01  0.5131152933209089D+01  0.4431327970628202D+01
  0.3826956351557528D+01  0.3307775516652755D+01  0.2863922368068062D+01
  0.2486067853934201D+01  0.2165516209172065D+01  0.1894272233322221D+01
  0.1665079605437983D+01  0.1471434574417662D+01  0.1307578666448941D+01
  0.1168474485703840D+01  0.1049768429042240D+01  0.9477437503093566D+00
  0.8592671909906611D+00  0.7817319077110901D+00  0.7129990341773526D+00
  0.6513397823208562D+00  0.5953795765377238D+00  0.5440453490299948D+00
  0.4965167500494489D+00  0.4521818383910717D+00  0.4105972819359380D+00
  0.3714539076206202D+00  0.3345455838652833D+00  0.2997466949647778D+00
  0.2669790887169330D+00  0.2362252535970574D+00  0.2074339640449196D+00
  0.1806806774987924D+00
  0.0000000000000000D+00  0.3566596078723843D-14  0.3641638323524004D-14
  0.3718250877028716D-14  0.3796464045037153D-14  0.3876293819602032D-14
  0.3957984843440467D-14  0.4041427175197825D-14  0.4126884571343861D-14
  0.4214241254365296D-14  0.4303595231389437D-14  0.4394977396713859D-14
  0.4488428999337898D-14  0.4583996633351238D-14  0.4681725665650561D-14
  0.4781663419658767D-14  0.4883858766756674D-14  0.4988361962890122D-14
  0.5095224790193136D-14  0.5204500553616612D-14  0.5316244099274407D-14
  0.5430511842691289D-14  0.5547361792888002D-14  0.5666853579019037D-14
  0.5789048478531012D-14  0.5914009446375949D-14  0.6041801145459544D-14
  0.6172489978189296D-14  0.6306144119032163D-14  0.6442833548008248D-14
  0.6582630085033836D-14  0.6725607425027931D-14  0.6871841173693911D-14
  0.7021408883885269D-14  0.7174390092460947D-14  0.7330866357531213D-14
  0.7490921295991600D-14  0.7654640621235921D-14  0.7822112180935214D-14
  0.7993425994762092D-14  0.8168674291933721D-14  0.8347951548439278D-14
  0.8531354523809820D-14  0.8718982297279613D-14  0.8910936303179354D-14
  0.9107320365391656D-14  0.9308240730688634D-14  0.9513806100760915D-14
  0.9724127662735012D-14  0.9939319117964281D-14  0.1015949670886526D-13
  0.1038477924355722D-13  0.1061528811804879D-13  0.1085114733569994D-13
  0.1109248352367120D-13  0.1133942594605616D-13  0.1159210651337420D-13
  0.1185065978808362D-13  0.1211522298575434D-13  0.1238593597152015D-13
  0.1266294125140920D-13  0.1294638395812876D-13  0.1323641183085793D-13
  0.1353317518857776D-13  0.1383682689644276D-13  0.1414752232467256D-13
  0.1446541929941488D-13  0.1479067804500270D-13  0.1512346111699997D-13
  0.1546393332539918D-13  0.1581226164730329D-13  0.1616861512839207D-13
  0.1653316477243835D-13  0.1690608341810716D-13  0.1728754560223221D-13
  0.1767772740872988D-13  0.1807680630227202D-13  0.1848496094579920D-13
  0.1890237100091838D-13  0.1932921691018651D-13  0.1976567966024053D-13
  0.2021194052469306D-13  0.2066818078566852D-13  0.2113458143281250D-13
  0.2161132283856337D-13  0.2209858440842947D-13  0.2259654420497436D-13
  0.2310537854416558D-13  0.2362526156270103D-13  0.2415636475488463D-13
  0.2469885647757869D-13  0.2525290142172374D-13  0.2581866004887493D-13
  0.2639628799116885D-13  0.2698593541310133D-13  0.2758774633346413D-13
  0.2820185790576351D-13  0.2882839965541973D-13  0.2946749267202816D-13
  0.3011924875495276D-13  0.3078376951051562D-13  0.3146114539904843D-13
  0.3215145473008372D-13  0.3285476260398276D-13  0.3357111979832764D-13
  0.3430056159744978D-13  0.3504310656352023D-13  0.3579875524770122D-13
  0.3656748883994345D-13  0.3734926775611805D-13  0.3814403016130114D-13
  0.3895169042816804D-13  0.3977213752963218D-13  0.4060523336505287D-13
  0.4145081101956243D-13  0.4230867295631868D-13  0.4317858914177022D-13
  0.4406029510434947D-13  0.4495348992736480D-13  0.4585783417726424D-13
  0.4677294776888892D-13  0.4769840776982447D-13  0.4863374614649799D-13
  0.4957844745526630D-13  0.5053194648238340D-13  0.5149362583744924D-13
  0.5246281350571106D-13  0.5343878036541877D-13  0.5442073767734879D-13
  0.5540783455457383D-13  0.5639915542161085D-13  0.5739371747319971D-13
  0.5839046814416263D-13  0.5938828260307846D-13  0.6038596128385981D-13
  0.6138222747076334D-13  0.6237572495388451D-13  0.6336501577378179D-13
  0.6434857807555904D-13  0.6532480409447947D-13  0.6629199829700549D-13
  0.6724837570305196D-13  0.6819206041716845D-13  0.6912108439837334D-13
  0.7003338650037956D-13  0.7092681181601292D-13  0.7179911136168756D-13
  0.7264794213985922D-13  0.7347086761940710D-13  0.7426535867587777D-13
  0.7502879503542206D-13  0.7575846726805682D-13  0.7645157937753607D-13
  0.7710525203659941D-13  0.7771652651762598D-13  0.7828236936972476D-13
  0.7879967789398357D-13  0.7926528646891916D-13  0.7967597377808532D-13
  0.8002847099120977D-13  0.8031947094910979D-13  0.8054563840088467D-13
  0.8070362133946141D-13  0.8079006347835147D-13  0.8080161790843995D-13
  0.8073496196864507D-13  0.8058681335830647D-13  0.8035394751208052D-13
  0.8003321624987424D-13  0.7962156770484406D-13  0.7911606752166915D-13
  0.7851392130507440D-13  0.7781249828491415D-13  0.7700935614893281D-13
  0.7610226697760365D-13  0.7508924419714906D-13  0.7396857044699911D-13
  0.7273882623654101D-13  0.7139891924312488D-13  0.6994811407898304D-13
  0.6838606232911224D-13  0.6671283263541777D-13  0.6492894057471656D-13
  0.6303537804980797D-13  0.6103364188402216D-13  0.5892576128083687D-13
  0.5671432378170939D-13  0.5440249932771178D-13  0.5199406200441991D-13
  0.4949340902542938D-13  0.4690557648853618D-13  0.4423625142080433D-13
  0.4149177961524272D-13  0.3867916875354049D-13  0.3580608630716245D-13
  0.3288085171405829D-13  0.2991242234125376D-13  0.2691037276563626D-13
  0.2388486693725293D-13  0.2084662283226353D-13  0.1780686925711423D-13
  0.1477729453213085D-13  0.1176998686204250D-13  0.8797366293166725D-14
  0.5872108262113375D-14  0.3007058858607658D-14  0.2151420548137520D-15
 -0.2490740705525483D-14 -0.5097818013920258D-14 -0.7593562396345250D-14
 -0.9965809735134059D-14 -0.1220288317309304D-13 -0.1429372028621622D-13
 -0.1622800213856957D-13 -0.1799628266338116D-13 -0.1959011665173968D-13
 -0.2100218447853497D-13 -0.2222641155911525D-13 -0.2325808041487666D-13
 -0.2409393313753120D-13 -0.2473226198640934D-13 -0.2517298583731538D-13
 -0.2541771023146931D-13 -0.2546976885475711D-13 -0.2533424441579048D-13
 -0.2501796708984926D-13 -0.2452948895678674D-13 -0.2387903318477064D-13
 -0.2307841709666483D-13 -0.2214094869816732D-13 -0.2108129674059083D-13
 -0.1991533492834131D-13 -0.1865996145161111D-13 -0.1733289561658529D-13
 -0.1595245394492732D-13 -0.1453730870650617D-13 -0.1310623241827312D-13
 -0.1167783237130975D-13 -0.1027027972056210D-13 -0.8901038071078372D-14
 -0.7586596804757527D-14 -0.6342214597825688D-14 -0.5181678668077675D-14
 -0.4117085250795822D-14 -0.3158646623861903D-14 -0.2314529679223698D-14
 -0.1590730565934249D-14 -0.9909893093507559D-15 -0.5167475457176921D-15
 -0.1671516098647765D-15  0.6089781000746932D-16  0.1726493627431410D-15
  0.1753591847111418D-15  0.7810587116651118D-16 -0.1084341209467558D-15
 -0.3722458201312061D-15 -0.7002639020573069D-15 -0.1078682756067705D-14
 -0.1493280762708154D-14 -0.1929750535688900D-14 -0.2374026588551087D-14
 -0.2812601865793106D-14 -0.3232824828937254D-14 -0.3623169295064780D-14
 -0.3973469969149125D-14 -0.4275117569839096D-14 -0.4521208601739650D-14
 -0.4706646155659321D-14 -0.4828189597062253D-14 -0.4884452596689153D-14
 -0.4875850616079242D-14 -0.4804500620096890D-14 -0.4674077373077686D-14
 -0.4489632105392711D-14 -0.4257380536734164D-14 -0.3984468146319702D-14
 -0.3678721140499200D-14 -0.3348391758663073D-14 -0.3001906376179961D-14
 -0.2647624328997681D-14 -0.2293614540384498D-14 -0.1947455935008647D-14
 -0.1616066350014363D-14 -0.1305563273789756D-14 -0.1021158337587679D-14
 -0.7670861244626118D-15 -0.5465666055812683D-15 -0.3617994141598534D-15
 -0.2139872554857481D-15 -0.1033850458999277D-15 -0.2937087824140141D-16
  0.9465382120936950D-17  0.1522017562019273D-16 -0.9434744927926906D-17
 -0.6136830923443789D-16 -0.1371073436144956D-15 -0.2329515873344611D-15
 -0.3450835134042894D-15 -0.4696704097872325D-15 -0.6029566485682807D-15
 -0.7413445502321901D-15 -0.8814627266596902D-15 -0.1020221254395207D-14
 -0.1154853480890957D-14 -0.1282944692944612D-14 -0.1402448268170178D-14
 -0.1511690273824654D-14 -0.1609363759870526D-14 -0.1694514199865304D-14
 -0.1766517657185944D-14 -0.1825053290652517D-14 -0.1870071770995152D-14
 -0.1901761071713676D-14 -0.1920510945014718D-14 -0.1926877217731038D-14
 -0.1921546861231006D-14 -0.1905304616417434D-14 -0.1879001795742545D-14
 -0.1843527739453632D-14 -0.1799784270827752D-14 -0.1748663370485878D-14
 -0.1691028173407691D-14 -0.1627697270337824D-14 -0.1559432203712719D-14
 -0.1486927875428703D-14 -0.1410805719854931D-14 -0.1331608613729514D-14
 -0.1249798693347990D-14
  0.0000000000000000D+00  0.4237149758923443D-18  0.4421307081524471D-18
  0.4613464833869492D-18  0.4813966084014348D-18  0.5023128844499518D-18
  0.5241817434771277D-18  0.5470138443110393D-18  0.5709063642033806D-18
  0.5958708441001669D-18  0.6219707183334536D-18  0.6492550132940440D-18
  0.6777781804909648D-18  0.7075977720825858D-18  0.7387736120571143D-18
  0.7713685772195844D-18  0.8054485939997360D-18  0.8410828077992189D-18
  0.8783437595521335D-18  0.9173075551728182D-18  0.9580540528614624D-18
  0.1000667056823125D-17  0.1045234522124547D-17  0.1091848770815212D-17
  0.1140606719425589D-17  0.1191610118925996D-17  0.1244965807716322D-17
  0.1300785978379729D-17  0.1359188459009381D-17  0.1420297009918089D-17
  0.1484241636600184D-17  0.1551158919862464D-17  0.1621192364088204D-17
  0.1694492764652295D-17  0.1771218595560814D-17  0.1851536418446549D-17
  0.1935621314113780D-17  0.2023657337890100D-17  0.2115838000111353D-17
  0.2212366773137206D-17  0.2313457626370129D-17  0.2419335590829631D-17
  0.2530237354916531D-17  0.2646411893089046D-17  0.2768121129264036D-17
  0.2895640636852315D-17  0.3029260377437429D-17  0.3169285480212523D-17
  0.3316037064399873D-17  0.3469853106993041D-17  0.3631089358282054D-17
  0.3800120307747905D-17  0.3977340203044366D-17  0.4163164124922519D-17
  0.4358029121096400D-17  0.4562395402198191D-17  0.4776747603126238D-17
  0.5001596113252015D-17  0.5237478479120229D-17  0.5484960883451348D-17
  0.5744639704438050D-17  0.6017143159515442D-17  0.6303133037980328D-17
  0.6603306527037253D-17  0.6918398136057977D-17  0.7249181724056912D-17
  0.7596472635607934D-17  0.7961129950656495D-17  0.8344058853917376D-17
  0.8746213129788881D-17  0.9168597788963069D-17  0.9612271833163591D-17
  0.1007835116470063D-16  0.1056801164779593D-16  0.1108249232889512D-16
  0.1162309882345570D-16  0.1219120687696897D-16  0.1278826610824716D-16
  0.1341580394327966D-16  0.1407542974823281D-16  0.1476883917043567D-16
  0.1549781869645921D-16  0.1626425043665100D-16  0.1707011714573824D-16
  0.1791750748934791D-16  0.1880862156651645D-16  0.1974577669846856D-16
  0.2073141349413193D-16  0.2176810220301511D-16  0.2285854936621496D-16
  0.2400560477641847D-16  0.2521226875783205D-16  0.2648169977699385D-16
  0.2781722239539679D-16  0.2922233557477231D-16  0.3070072134573809D-16
  0.3225625385030237D-16  0.3389300876842499D-16  0.3561527313845479D-16
  0.3742755558078864D-16  0.3933459693351039D-16  0.4134138130806216D-16
  0.4345314757216740D-16  0.4567540126623441D-16  0.4801392695833178D-16
  0.5047480104150220D-16  0.5306440497566907D-16  0.5578943897466743D-16
  0.5865693613697526D-16  0.6167427701651433D-16  0.6484920462742218D-16
  0.6818983987391212D-16  0.7170469739326276D-16  0.7540270179653343D-16
  0.7929320428779889D-16  0.8338599963849937D-16  0.8769134348885060D-16
  0.9221996994318601D-16  0.9698310942050100D-16  0.1019925067153697D-15
  0.1072604392177384D-15  0.1127997352328338D-15  0.1186237923345441D-15
  0.1247465956770854D-15  0.1311827361805032D-15  0.1379474284955966D-15
  0.1450565286430945D-15  0.1525265512103528D-15  0.1603746859764788D-15
  0.1686188138235222D-15  0.1772775217772333D-15  0.1863701170058517D-15
  0.1959166395893861D-15  0.2059378738549114D-15  0.2164553580555471D-15
  0.2274913921518974D-15  0.2390690434349970D-15  0.2512121497090469D-15
  0.2639453197306609D-15  0.2772939305788677D-15  0.2912841216068705D-15
  0.3059427846026270D-15  0.3212975497607372D-15  0.3373767670430620D-15
  0.3542094824800935D-15  0.3718254089394988D-15  0.3902548908626884D-15
  0.4095288624449378D-15  0.4296787987097881D-15  0.4507366589044788D-15
  0.4727348216203601D-15  0.4957060110210059D-15  0.5196832135414832D-15
  0.5446995844055674D-15  0.5707883432939247D-15  0.5979826584862867D-15
  0.6263155187948856D-15  0.6558195926056562D-15  0.6865270733488418D-15
  0.7184695107323277D-15  0.7516776270903138D-15  0.7861811182277469D-15
  0.8220084381783151D-15  0.8591865673417767D-15  0.8977407635262324D-15
  0.9376942954936649D-15  0.9790681586941024D-15  0.1021880772976083D-14
  0.1066147662180273D-14  0.1111881115660143D-14  0.1159089831929947D-14
  0.1207778544816851D-14  0.1257947632692433D-14  0.1309592711579344D-14
  0.1362704213173292D-14  0.1417266949088702D-14  0.1473259662929275D-14
  0.1530654572102444D-14  0.1589416901638905D-14  0.1649504412644898D-14
  0.1710866928404433D-14  0.1773445861559614D-14  0.1837173746227851D-14
  0.1901973779361716D-14  0.1967759376117337D-14  0.2034433744465654D-14
  0.2101889484752739D-14  0.2170008220383770D-14  0.2238660266263241D-14
  0.2307704342062793D-14  0.2376987337798244D-14  0.2446344139568356D-14
  0.2515597523627932D-14  0.2584558127224316D-14  0.2653024504806236D-14
  0.2720783278303329D-14  0.2787609390159095D-14  0.2853266467666348D-14
  0.2917507306888519D-14  0.2980074484040002D-14  0.3040701101633851D-14
  0.3099111675975685D-14  0.3155023171682893D-14  0.3208146187832711D-14
  0.3258186299091217D-14  0.3304845553745690D-14  0.3347824128958826D-14
  0.3386822141784530D-14  0.3421541612534177D-14  0.3451688574956691D-14
  0.3476975325392565D-14  0.3497122800583701D-14  0.3511863071136960D-14
  0.3520941934798767D-14  0.3524121590641278D-14  0.3521183372077232D-14
  0.3511930513298144D-14  0.3496190920365319D-14  0.3473819914850975D-14
  0.3444702914744221D-14  0.3408758014433023D-14  0.3365938423091610D-14
  0.3316234718884247D-14  0.3259676875178952D-14  0.3196336014568079D-14
  0.3126325847016278D-14  0.3049803749972245D-14  0.2966971450831605D-14
  0.2878075275735696D-14  0.2783405933314783D-14  0.2683297807582399D-14
  0.2578127740679524D-14  0.2468313293442940D-14  0.2354310479699114D-14
  0.2236610978607417D-14  0.2115738838126900D-14  0.1992246691577825D-14
  0.1866711518132144D-14  0.1739729986715165D-14  0.1611913431064425D-14
  0.1483882511415430D-14  0.1356261625329898D-14  0.1229673136434077D-14
  0.1104731495195313D-14  0.9820373302561094D-15  0.8621715921997542D-15
  0.7456898338795634D-15  0.6331167125403419D-15  0.5249407988182740D-15
  0.4216097762232501D-15  0.3235261117545097D-15  0.2310432737117472D-15
  0.1444625663454230D-15  0.6403064253559065D-16 -0.1006225498889815D-16
 -0.7768328639239506D-16 -0.1387572192484364D-15 -0.1932658399741569D-15
 -0.2412465860885654D-15 -0.2827904324234456D-15 -0.3180390828599828D-15
 -0.3471815353783886D-15 -0.3704501010713685D-15 -0.3881159663687610D-15
 -0.4004843921646730D-15 -0.4078896443494316D-15 -0.4106897486572392D-15
 -0.4092611599515570D-15 -0.4039934330399237D-15 -0.3952839792577305D-15
 -0.3835329902449240D-15 -0.3691386070296861D-15 -0.3524924080226291D-15
 -0.3339752832031575D-15 -0.3139537532347080D-15 -0.2927767814070613D-15
 -0.2707731133845285D-15 -0.2482491652311493D-15 -0.2254874647668523D-15
 -0.2027456357639178D-15 -0.1802558996325964D-15 -0.1582250558252439D-15
 -0.1368348908582070D-15 -0.1162429571030307D-15 -0.9658365664432926D-16
 -0.7796956266218838D-16 -0.6049291090875278D-16 -0.4422719668480181D-16
 -0.2922881792082494D-16 -0.1553871206709993D-16 -0.3183942975219941D-17
  0.7820796740336370D-17  0.1747179278136419D-16  0.2577504124214942D-16
  0.3274511255685785D-16  0.3840414659632351D-16  0.4278097190598656D-16
  0.4591033746770876D-16  0.4783224244861178D-16  0.4859134811399869D-16
  0.4823645665388357D-16  0.4682004341614157D-16  0.4439783216155766D-16
  0.4102840666839292D-16  0.3677285601109693D-16  0.3169445455471583D-16
  0.2585838064352735D-16  0.1933147982861797D-16  0.1218207908401783D-16
  0.4479858022011802D-17 -0.3704218050663081D-17 -0.1229789972040661D-16
 -0.2122758721307326D-16 -0.3041819424958528D-16 -0.3979293983616382D-16
 -0.4927306549390833D-16 -0.5877747554449596D-16 -0.6822229939325786D-16
 -0.7752037809976685D-16 -0.8658068369114388D-16 -0.9530768934140165D-16
 -0.1036007225513686D-15 -0.1113533518827960D-15 -0.1184528833915958D-15
 -0.1247800692510244D-15 -0.1302091875871393D-15 -0.1346086337140049D-15
 -0.1378424265796934D-15
  0.0000000000000000D+00 -0.2835365212425190D-22 -0.3045580722437334D-22
 -0.3271370783887904D-22 -0.3513881921695634D-22 -0.3774295530503331D-22
 -0.4054806074225441D-22 -0.4356270116724344D-22 -0.4681318402670679D-22
 -0.5031008856231356D-22 -0.5407504663133296D-22 -0.5812821102650559D-22
 -0.6249143777829269D-22 -0.6718875286811041D-22 -0.7224585090867703D-22
 -0.7769048037677467D-22 -0.8355260615260001D-22 -0.8986454662780502D-22
 -0.9666118141868750D-22 -0.1039801554887435D-21 -0.1118620994937757D-21
 -0.1203508720737917D-21 -0.1294938205530736D-21 -0.1393420633369680D-21
 -0.1499507959626283D-21 -0.1613796224435496D-21 -0.1736929141905195D-21
 -0.1869601988399993D-21 -0.2012565815025645D-21 -0.2166632011957471D-21
 -0.2332677254514264D-21 -0.2511648863460118D-21 -0.2704570614848784D-21
 -0.2912549037769325D-21 -0.3136780241672416D-21 -0.3378557318567302D-21
 -0.3639278369302529D-21 -0.3920455207408603D-21 -0.4223722798617984D-21
 -0.4550849499217972D-21 -0.4903748161871183D-21 -0.5284488183494559D-21
 -0.5695308576261372D-21 -0.6138632149827583D-21 -0.6617080900532208D-21
 -0.7133492711633119D-21 -0.7690939477673627D-21 -0.8292746775891609D-21
 -0.8942515218250081D-21 -0.9644143629259062D-21 -0.1040185420735051D-20
 -0.1122021984124913D-20 -0.1210419376764235D-20 -0.1305914177259405D-20
 -0.1409087715667711D-20 -0.1520569870283697D-20 -0.1641043190666861D-20
 -0.1771247375123152D-20 -0.1911984133288811D-20 -0.2064122467109171D-20
 -0.2228604406374576D-20 -0.2406451238089003D-20 -0.2598770272324812D-20
 -0.2806762190880882D-20 -0.3031729029034838D-20 -0.3275082844988356D-20
 -0.3538355136275294D-20 -0.3823207067464417D-20 -0.4131440578974057D-20
 -0.4465010452758757D-20 -0.4826037417064771D-20 -0.5216822379420869D-20
 -0.5639861884575964D-20 -0.6097864902261558D-20 -0.6593771058490634D-20
 -0.7130770433661717D-20 -0.7712325061068714D-20 -0.8342192270585680D-20
 -0.9024450034364454D-20 -0.9763524484418084D-20 -0.1056421978603802D-19
 -0.1143175056618545D-19 -0.1237177711238556D-19 -0.1339044357532979D-19
 -0.1449441942744275D-19 -0.1569094445019684D-19 -0.1698787754506435D-19
 -0.1839374968678711D-19 -0.1991782136323761D-19 -0.2157014487366344D-19
 -0.2336163188666788D-19 -0.2530412669103032D-19 -0.2741048560653192D-19
 -0.2969466305848389D-19 -0.3217180485879844D-19 -0.3485834927834926D-19
 -0.3777213654020846D-19 -0.4093252741126957D-19 -0.4436053162094639D-19
 -0.4807894689024363D-19 -0.5211250941269137D-19 -0.5648805669059314D-19
 -0.6123470369593043D-19 -0.6638403339524189D-19 -0.7197030275203251D-19
 -0.7803066539889327D-19 -0.8460541225467366D-19 -0.9173823144986985D-19
 -0.9947648901596192D-19 -0.1078715318918308D-18 -0.1169790149026804D-18
 -0.1268592534740371D-18 -0.1375776039554435D-18 -0.1492048735452399D-18
 -0.1618177619292543D-18 -0.1754993368720622D-18 -0.1903395461294195D-18
 -0.2064357681841751D-18 -0.2238934044448963D-18 -0.2428265156859853D-18
 -0.2633585056495055D-18 -0.2856228548713117D-18 -0.3097639079363183D-18
 -0.3359377175086147D-18 -0.3643129486199668D-18 -0.3950718468335127D-18
 -0.4284112740258714D-18 -0.4645438156482491D-18 -0.5036989634326986D-18
 -0.5461243776003683D-18 -0.5920872327008663D-18 -0.6418756512618934D-18
 -0.6958002294514470D-18 -0.7541956589463772D-18 -0.8174224491550521D-18
 -0.8858687538523742D-18 -0.9599523061452795D-18 -0.1040122465488491D-17
 -0.1126862380205473D-17 -0.1220691268628519D-17 -0.1322166821544987D-17
 -0.1431887728112489D-17 -0.1550496326772277D-17 -0.1678681381934244D-17
 -0.1817180986314569D-17 -0.1966785587763071D-17 -0.2128341138205511D-17
 -0.2302752360929140D-17 -0.2490986130839598D-17 -0.2694074960494572D-17
 -0.2913120582654120D-17 -0.3149297617759028D-17 -0.3403857312134603D-17
 -0.3678131329797261D-17 -0.3973535577491739D-17 -0.4291574038986920D-17
 -0.4633842590686235D-17 -0.5002032766243138D-17 -0.5397935433095707D-17
 -0.5823444338627627D-17 -0.6280559478013360D-17 -0.6771390229699985D-17
 -0.7298158197912585D-17 -0.7863199694540580D-17 -0.8468967785276273D-17
 -0.9118033816945922D-17 -0.9813088334621059D-17 -0.1055694128835636D-16
 -0.1135252142031597D-16 -0.1220287471368303D-16 -0.1311116177517521D-16
 -0.1408065401330395D-16 -0.1511472846483814D-16 -0.1621686111239727D-16
 -0.1739061852687442D-16 -0.1863964765966294D-16 -0.1996766360165817D-16
 -0.2137843511897809D-16 -0.2287576776958352D-16 -0.2446348440080268D-16
 -0.2614540282553519D-16 -0.2792531047502393D-16 -0.2980693582897452D-16
 -0.3179391642993757D-16 -0.3388976329875384D-16 -0.3609782158202582D-16
 -0.3842122728157944D-16 -0.4086285994029364D-16 -0.4342529118907841D-16
 -0.4611072909676732D-16 -0.4892095830881548D-16 -0.5185727601250456D-16
 -0.5492042382633606D-16 -0.5811051577987722D-16 -0.6142696262783592D-16
 -0.6486839282882788D-16 -0.6843257061523801D-16 -0.7211631168572184D-16
 -0.7591539716600184D-16 -0.7982448660623741D-16 -0.8383703091373732D-16
 -0.8794518625721630D-16 -0.9213973012201719D-16 -0.9640998084323777D-16
 -0.1007437220937594D-15 -0.1051271339545908D-15 -0.1095447323431585D-15
 -0.1139793187181106D-15 -0.1184119421132174D-15 -0.1228218756736832D-15
 -0.1271866099704880D-15 -0.1314818654466143D-15 -0.1356816263954321D-15
 -0.1397581988804101D-15 -0.1436822949661511D-15 -0.1474231455377945D-15
 -0.1509486438289477D-15 -0.1542255215513744D-15 -0.1572195592160158D-15
 -0.1598958318501577D-15 -0.1622189908472208D-15 -0.1641535821335083D-15
 -0.1656644002024545D-15 -0.1667168768560997D-15 -0.1672775027126616D-15
 -0.1673142786976051D-15 -0.1667971938451833D-15 -0.1656987248120086D-15
 -0.1639943515599224D-15 -0.1616630827203967D-15 -0.1586879832269852D-15
 -0.1550566959177167D-15 -0.1507619479890014D-15 -0.1458020324511350D-15
 -0.1401812541182315D-15 -0.1339103291886237D-15 -0.1270067271619999D-15
 -0.1194949437236546D-15 -0.1114066933308515D-15 -0.1027810105877038D-15
 -0.9366425011841379D-16 -0.8410997556787157D-16 -0.7417872959463291D-16
 -0.6393767829144283D-16 -0.5346012538445609D-16 -0.4282489382803456D-16
 -0.3211557502069937D-16 -0.2141964879895731D-16 -0.1082748058127198D-16
 -0.4312054752927442D-18  0.9676487255939945D-17  0.1940365235890472D-16
  0.2866044886700183D-16  0.3736053872951765D-16  0.4542249723244848D-16
  0.5277120647655593D-16  0.5933920178582620D-16  0.6506794044056259D-16
  0.6990896259958551D-16  0.7382491568940841D-16  0.7679041576647849D-16
  0.7879272223945714D-16  0.7983220573036989D-16  0.7992259260300265D-16
  0.7909097382868554D-16  0.7737757043215159D-16  0.7483525291164272D-16
  0.7152881783514968D-16  0.6753403125776727D-16  0.6293645550561943D-16
  0.5783008290051174D-16  0.5231580672323685D-16  0.4649976565615611D-16
  0.4049160266252079D-16  0.3440268238272730D-16  0.2834431241343697D-16
  0.2242601317575648D-16  0.1675387851106742D-16  0.1142906483810315D-16
  0.6546440947490023D-17  0.2193423672747955D-17 -0.1550982814014026D-17
 -0.4616934032099753D-17 -0.6944275974879447D-17 -0.8482863943339658D-17
 -0.9192679683696567D-17 -0.9043761899560331D-17 -0.8015968766696243D-17
 -0.6098593353855067D-17 -0.3289853916675601D-17  0.4037189675278604D-18
  0.4967977308624676D-17  0.1038191299778650D-16  0.1661845962584206D-16
  0.2364532284428480D-16  0.3142582503183006D-16  0.3991975139973230D-16
  0.4908418563120859D-16  0.5887432362520203D-16  0.6924425381670231D-16
  0.8014769231254990D-16  0.9153866044740620D-16  0.1033720920519739D-15
  0.1156043576814682D-15  0.1281936936489145D-15  0.1411005250582596D-15
  0.1542876739839682D-15  0.1677204463146480D-15  0.1813665928164583D-15
  0.1951961412203288D-15  0.2091810956629769D-15  0.2232949973350552D-15
  0.2375123355076443D-15  0.2518077915155210D-15  0.2661552904595269D-15
  0.2805268270201125D-15  0.2948910235968280D-15  0.3092113714189276D-15
  0.3234440984481211D-15  0.3375356016793001D-15  0.3514193751679950D-15
  0.3650123585596602D-15  0.3782106204171106D-15  0.3908842818664034D-15
  0.4028715507966834D-15  0.4139717671356077D-15  0.4239370988751997D-15
  0.4324631245974152D-15
  0.0000000000000000D+00  0.6394288025131946D-24  0.6908523368107935D-24
  0.7463955717395415D-24  0.8063852721020318D-24  0.8711621880566312D-24
  0.9414071235421623D-24  0.1017305652674660D-23  0.1099691726968251D-23
  0.1188816684446621D-23  0.1285325561616325D-23  0.1389818409658279D-23
  0.1502928552004540D-23  0.1625373442272860D-23  0.1757919149407935D-23
  0.1901396029504748D-23  0.2056707221724651D-23  0.2224830598287123D-23
  0.2406826485487928D-23  0.2603844722299614D-23  0.2817131810190036D-23
  0.3048039236511626D-23  0.3298032341351544D-23  0.3568699921053773D-23
  0.3861764713512391D-23  0.4179094767189002D-23  0.4522715790721278D-23
  0.4894824573081784D-23  0.5297803559678043D-23  0.5734236687058462D-23
  0.6206926585510934D-23  0.6718913267528237D-23  0.7273494431405522D-23
  0.7874247520224428D-23  0.8525053688682465D-23  0.9230123843626769D-23
  0.9994026938583268D-23  0.1082172071828609D-22  0.1171858512629536D-22
  0.1269045860733348D-22  0.1374367755611582D-22  0.1488511918633221D-22
  0.1612224811719432D-22  0.1746316700076170D-22  0.1891667154126871D-22
  0.2049231028807555D-22  0.2220044961686412D-22  0.2405234434950621D-22
  0.2606021450187958D-22  0.2823732869105036D-22  0.3059809477894483D-22
  0.3315815837919315D-22  0.3593450990755682D-22  0.3894560091458558D-22
  0.4221147050225003D-22  0.4575388269466290D-22  0.4959647570703661D-22
  0.5376492413719923D-22  0.5828711519076662D-22  0.6319334014497950D-22
  0.6851650235780524D-22  0.7429234323876842D-22  0.8055968771675320D-22
  0.8736071086838096D-22  0.9474122750923325D-22  0.1027510066999416D-21
  0.1114441132808049D-21  0.1208792787230016D-21  0.1311203037725655D-21
  0.1422364955660536D-21  0.1543031421153065D-21  0.1674020272939694D-21
  0.1816219897116406D-21  0.1970595291339247D-21  0.2138194643994323D-21
  0.2320156470993912D-21  0.2517717356232455D-21  0.2732220345359567D-21
  0.2965124046411912D-21  0.3218012495006653D-21  0.3492605846252675D-21
  0.3790771960298644D-21  0.4114538953524296D-21  0.4466108792811959D-21
  0.4847872016124646D-21  0.5262423668781709D-21  0.5712580551381365D-21
  0.6201399882284233D-21  0.6732199484961507D-21  0.7308579618337877D-21
  0.7934446576534678D-21  0.8614038193156509D-21  0.9351951394469009D-21
  0.1015317195549528D-20  0.1102310662321381D-20  0.1196761778166765D-20
  0.1299306084488906D-20  0.1410632457508692D-20  0.1531487453551760D-20
  0.1662679989983465D-20  0.1805086385244420D-20  0.1959655782743535D-20
  0.2127415984694117D-20  0.2309479723323327D-20  0.2507051398237099D-20
  0.2721434310068887D-20  0.2954038421868041D-20  0.3206388680975025D-20
  0.3480133935366956D-20  0.3777056479614752D-20  0.4099082266646502D-20
  0.4448291822428859D-20  0.4826931901424860D-20  0.5237427921221101D-20
  0.5682397214992623D-20  0.6164663140439298D-20  0.6687270083418754D-20
  0.7253499393653784D-20  0.7866886288526671D-20  0.8531237759002560D-20
  0.9250651509052596D-20  0.1002953595646408D-19  0.1087263131850744D-19
  0.1178503180044447D-19  0.1277220889815324D-19  0.1384003581805029D-19
  0.1499481300782093D-19  0.1624329478001955D-19  0.1759271699715350D-19
  0.1905082577116288D-19  0.2062590711199251D-19  0.2232681743892495D-19
  0.2416301484418312D-19  0.2614459097068090D-19  0.2828230333431847D-19
  0.3058760788549397D-19  0.3307269156410190D-19  0.3575050455675565D-19
  0.3863479191382660D-19  0.4174012412662132D-19  0.4508192620108643D-19
  0.4867650469329019D-19  0.5254107209298770D-19  0.5669376785426686D-19
  0.6115367527597586D-19  0.6594083332877261D-19  0.7107624240960902D-19
  0.7658186287771528D-19  0.8248060508813426D-19  0.8879630948911007D-19
  0.9555371518772453D-19  0.1027784152138043D-18  0.1104967965250587D-18
  0.1187359625966443D-18  0.1275236362259664D-18  0.1368880399589164D-18
  0.1468577513075088D-18  0.1574615296819562D-18  0.1687281117039381D-18
  0.1806859713039049D-18  0.1933630407359819D-18  0.2067863883722199D-18
  0.2209818488671079D-18  0.2359736010176154D-18  0.2517836883887106D-18
  0.2684314775353343D-18  0.2859330484362872D-18  0.3043005115716768D-18
  0.3235412459330070D-18  0.3436570521645938D-18  0.3646432150092147D-18
  0.3864874692836624D-18  0.4091688637570901D-18  0.4326565175639431D-18
  0.4569082641735146D-18  0.4818691784806688D-18  0.5074699833003986D-18
  0.5336253324673646D-18  0.5602319688872743D-18  0.5871667572880680D-18
  0.6142845931051634D-18  0.6414161909371166D-18  0.6683657583574769D-18
  0.6949085635968449D-18  0.7207884087470674D-18  0.7457150237170281D-18
  0.7693614002137538D-18  0.7913610895578438D-18  0.8113054931876258D-18
  0.8287411802753036D-18  0.8431672729759908D-18  0.8540329464526500D-18
  0.8607350979504808D-18  0.8626162468036192D-18  0.8589627352987235D-18
  0.8490033087297992D-18  0.8319081616702136D-18  0.8067885463517581D-18
  0.7726970479405055D-18  0.7286286402698285D-18  0.6735226440351092D-18
  0.6062657173409884D-18  0.5256960155520260D-18  0.4306086633238686D-18
  0.3197626861355080D-18  0.1918895512121499D-18  0.4570346798720501D-19
 -0.1200864042773252D-18 -0.3067616999286334D-18 -0.5155784093305675D-18
 -0.7477481422824826D-18 -0.1004416993644088D-17 -0.1286641937108573D-17
 -0.1595364703952463D-17 -0.1931383141082985D-17 -0.2295320087187511D-17
 -0.2687589857507209D-17 -0.3108362486804949D-17 -0.3557525946384637D-17
 -0.4034646624252314D-17 -0.4538928437176189D-17 -0.5069171028759857D-17
 -0.5623727597700303D-17 -0.6200462993920290D-17 -0.6796712815737451D-17
 -0.7409244336886441D-17 -0.8034220185993136D-17 -0.8667165790681400D-17
 -0.9302941681266672D-17 -0.9935721822078857D-17 -0.1055897919872709D-16
 -0.1116547993370053D-16 -0.1174728722701244D-16 -0.1229577641938962D-16
 -0.1280166244891024D-16 -0.1325504091407257D-16 -0.1364544386313858D-16
 -0.1396191129749685D-16 -0.1419307920228859D-16 -0.1432728469771064D-16
 -0.1435268863707349D-16 -0.1425741566174527D-16 -0.1402971135887348D-16
 -0.1365811575741082D-16 -0.1313165194592870D-16 -0.1244002810916592D-16
 -0.1157385076953358D-16 -0.1052484649859222D-16 -0.9286088848997001D-17
 -0.7852226769937061D-17 -0.6219710331499360D-17 -0.4387009219638178D-17
 -0.2354819196668750D-17 -0.1262515721205346D-18  0.2292999291362809D-17
  0.4894515298617397D-17  0.7667045389504807D-17  0.1059643202263471D-16
  0.1366557720487628D-16  0.1685445138857191D-16  0.2014014798934466D-16
  0.2349698562937072D-16  0.2689665945193374D-16  0.3030844192214535D-16
  0.3369943239003501D-16  0.3703485332217479D-16  0.4027838954424533D-16
  0.4339256516321726D-16  0.4633915118148867D-16  0.4907959532294403D-16
  0.5157546440243661D-16  0.5378888880017956D-16  0.5568299832482137D-16
  0.5722233899677876D-16  0.5837326104336563D-16  0.5910426962201676D-16
  0.5938633139451839D-16  0.5919313195808079D-16  0.5850128117593668D-16
  0.5729046551059199D-16  0.5554354841937501D-16  0.5324662160704584D-16
  0.5038901134581285D-16  0.4696324509635654D-16  0.4296498425159865D-16
  0.3839292896778062D-16  0.3324870076717478D-16  0.2753670794629445D-16
  0.2126399788227128D-16  0.1444009919882959D-16  0.7076855547560230D-17
 -0.8117483969096709D-18 -0.9209769114624119D-17 -0.1809949567610600D-16
 -0.2746165183352686D-16 -0.3727561003073655D-16 -0.4751961790987102D-16
 -0.5817103675038716D-16 -0.6920658970281780D-16 -0.8060261561687167D-16
 -0.9233532226470387D-16 -0.1043810304828952D-15 -0.1167163990205889D-15
 -0.1293186185557317D-15 -0.1421655628096270D-15 -0.1552358850419502D-15
 -0.1685090492662831D-15 -0.1819652871219456D-15 -0.1955854727090025D-15
 -0.2093509084442154D-15 -0.2232430142200109D-15 -0.2372429096574738D-15
 -0.2513308749015122D-15 -0.2654856695868988D-15 -0.2796836830765272D-15
 -0.2938978825793792D-15 -0.3080965201425178D-15 -0.3222415553233590D-15
 -0.3362867479226502D-15 -0.3501753746636017D-15 -0.3638375249201027D-15
 -0.3771869340334896D-15 -0.3901173157367794D-15 -0.4024981652694860D-15
 -0.4141699953950129D-15 -0.4249390379406066D-15 -0.4345712327094855D-15
 -0.4427860261749222D-15
  0.0000000000000000D+00  0.2129493195678650D-27  0.2349629374818465D-27
  0.2592502432414400D-27  0.2860451431015153D-27  0.3155997855376055D-27
  0.3482966176637587D-27  0.3843953737167861D-27  0.4243755055178503D-27
  0.4685651664345451D-27  0.5174468425178660D-27  0.5715142749800591D-27
  0.6313193519757936D-27  0.6974767416324483D-27  0.7706650525404608D-27
  0.8516369794460601D-27  0.9412265724522964D-27  0.1040358227089242D-26
  0.1150056724895986D-26  0.1271458183226573D-26  0.1405822374561160D-26
  0.1554546359302359D-26  0.1719179648240496D-26  0.1901441078374106D-26
  0.2103237571794391D-26  0.2326685006495104D-26  0.2574131437937842D-26
  0.2848182937920145D-26  0.3151732352385248D-26  0.3487991312337816D-26
  0.3860525871344445D-26  0.4273296186954481D-26  0.4730700711746577D-26
  0.5237625414192042D-26  0.5799498610383230D-26  0.6422352055687096D-26
  0.7112889021498740D-26  0.7878560167406140D-26  0.8727648114319035D-26
  0.9669361730680849D-26  0.1071394126313318D-25  0.1187277557644773D-25
  0.1315853291689628D-25  0.1458530678040255D-25  0.1616877865395269D-25
  0.1792639960823045D-25  0.1987759295398708D-25  0.2204398043726275D-25
  0.2444963474262678D-25  0.2712136140288954D-25  0.3008901358249761D-25
  0.3338584361482585D-25  0.3704889563614223D-25  0.4111944417713249D-25
  0.4564348415323426D-25  0.5067227834512725D-25  0.5626296918901068D-25
  0.6247926251215667D-25  0.6939219176326516D-25  0.7708097231116183D-25
  0.8563395653269001D-25  0.9514970169605577D-25  0.1057381640861261D-24
  0.1175220344318135D-24  0.1306382315037096D-24  0.1452395727758920D-24
  0.1614966433156157D-24  0.1795998866076851D-24  0.1997619438697334D-24
  0.2222202716070743D-24  0.2472400707326315D-24  0.2751175645847313D-24
  0.3061836676650837D-24  0.3408080919487835D-24  0.3794039432525225D-24
  0.4224328664587167D-24  0.4704108054631438D-24  0.5239144516322932D-24
  0.5835884634260502D-24  0.6501535497738070D-24  0.7244155209159606D-24
  0.8072754228781169D-24  0.8997408856920597D-24  0.1002938831091544D-23
  0.1118129702891034D-23  0.1246723402821327D-23  0.1390297136495821D-23
  0.1550615398689176D-23  0.1729652354533943D-23  0.1929616903924583D-23
  0.2152980750742986D-23  0.2402509836914188D-23  0.2681299544239171D-23
  0.2992814114966248D-23  0.3340930795742681D-23  0.3729989269593411D-23
  0.4164847007637585D-23  0.4650941247191099D-23  0.5194358386623124D-23
  0.5801911680848199D-23  0.6481228225763523D-23  0.7240846336532908D-23
  0.8090324554762605D-23  0.9040363664846743D-23  0.1010294326179042D-22
  0.1129147459354708D-22  0.1262097160242424D-22  0.1410824231476098D-22
  0.1577210297842512D-22  0.1763361762658834D-22  0.1971636605685438D-22
  0.2204674356064280D-22  0.2465429612261734D-22  0.2757209523814956D-22
  0.3083715697301915D-22  0.3449091041896199D-22  0.3857972128694539D-22
  0.4315547703350635D-22  0.4827624064097663D-22  0.5400698097752274D-22
  0.6042038855600072D-22  0.6759778650070767D-22  0.7563014762820976D-22
  0.8461922976350714D-22  0.9467884275762359D-22  0.1059362621604779D-21
  0.1185338061476114D-21  0.1326305941164931D-21  0.1484045073744447D-21
  0.1660543745538380D-21  0.1858024068307953D-21  0.2078969107123769D-21
  0.2326153091171475D-21  0.2602675047295494D-21  0.2911996231863154D-21
  0.3257981775814941D-21  0.3644947000856335D-21  0.4077708911968121D-21
  0.4561643423104351D-21  0.5102748929472150D-21  0.5707716901528325D-21
  0.6384010243182035D-21  0.7139950230075743D-21  0.7984812923666634D-21
  0.8928936043585069D-21  0.9983837374872484D-21  0.1116234588864856D-20
  0.1247874686500559D-20  0.1394894242592520D-20  0.1559062901421553D-20
  0.1742349349230554D-20  0.1946942968260111D-20  0.2175277732937194D-20
  0.2430058563109750D-20  0.2714290367207575D-20  0.3031310027304530D-20
  0.3384821598260886D-20  0.3778935014424347D-20  0.4218208619740762D-20
  0.4707695860518207D-20  0.5252996504434256D-20  0.5860312774576190D-20
  0.6536510813227969D-20  0.7289187916601668D-20  0.8126746008546329D-20
  0.9058471848197139D-20  0.1009462449324690D-19  0.1124653056665988D-19
  0.1252668789976584D-19  0.1394887814826160D-19  0.1552828899911452D-19
  0.1728164660501910D-19  0.1922735889812087D-19  0.2138567044530821D-19
  0.2377882951246454D-19  0.2643126800355163D-19  0.2936979493100917D-19
  0.3262380405529623D-19  0.3622549630195538D-19  0.4021011752268837D-19
  0.4461621211072307D-19  0.4948589290837416D-19  0.5486512775395053D-19
  0.6080404290391977D-19  0.6735724343212450D-19  0.7458415054847349D-19
  0.8254935559234567D-19  0.9132299023852870D-19  0.1009811122031653D-18
  0.1116061054515415D-18  0.1232870935860944D-18  0.1361203647294936D-18
  0.1502098058119843D-18  0.1656673437225447D-18  0.1826133902883862D-18
  0.2011772875058889D-18  0.2214977488579148D-18  0.2437232919176424D-18
  0.2680126567590585D-18  0.2945352039709219D-18  0.3234712853080371D-18
  0.3550125792158093D-18  0.3893623826383598D-18  0.4267358496756517D-18
  0.4673601668030146D-18  0.5114746535216190D-18  0.5593307764887908D-18
  0.6111920644043014D-18  0.6673339102281673D-18  0.7280432467057212D-18
  0.7936180807081508D-18  0.8643668715967838D-18  0.9406077387151105D-18
  0.1022667483247423D-17  0.1110880410072121D-17  0.1205586935921805D-17
  0.1307131971148551D-17  0.1415863063703086D-17  0.1532128295574481D-17
  0.1656273923908778D-17  0.1788641761326051D-17  0.1929566292584948D-17
  0.2079371527692480D-17  0.2238367594817033D-17  0.2406847079924830D-17
  0.2585081123910672D-17  0.2773315292121002D-17  0.2971765235553899D-17
  0.3180612167650938D-17  0.3399998185449564D-17  0.3630021468919402D-17
  0.3870731397537846D-17  0.4122123628534614D-17  0.4384135186714138D-17
  0.4656639621290900D-17  0.4939442290676270D-17  0.5232275841527091D-17
  0.5534795953480427D-17  0.5846577425658175D-17  0.6167110685006831D-17
  0.6495798799528967D-17  0.6831955081102892D-17  0.7174801362432986D-17
  0.7523467030224562D-17  0.7876988891388854D-17  0.8234311940394850D-17
  0.8594291083269128D-17  0.8955693856791951D-17  0.9317204159933809D-17
  0.9677426988652826D-17  0.1003489413543171D-16  0.1038807078260835D-16
  0.1073536288565735D-16  0.1107512521191046D-16  0.1140566987527633D-16
  0.1172527519227773D-16  0.1203219468168485D-16  0.1232466604370246D-16
  0.1260091997926190D-16  0.1285918874715301D-16  0.1309771439225972D-16
  0.1331475660259871D-16  0.1350860015871627D-16  0.1367756191152116D-16
  0.1381999717343133D-16  0.1393430533382697D-16  0.1401893443319568D-16
  0.1407238436666881D-16  0.1409320835252575D-16  0.1408001230411702D-16
  0.1403145178656313D-16  0.1394622631869559D-16  0.1382307088731180D-16
  0.1366074466508963D-16  0.1345801705405800D-16  0.1321365130403768D-16
  0.1292638607088137D-16  0.1259491537578680D-16  0.1221786749897310D-16
  0.1179378338462438D-16  0.1132109514701676D-16  0.1079810524922931D-16
  0.1022296687634094D-16  0.9593665946242198D-17  0.8908005095873611D-17
  0.8163589852427588D-17  0.7357817052063187D-17  0.6487865407774616D-17
  0.5550687958489791D-17  0.4543005958962839D-17  0.3461303600779803D-17
  0.2301822795584817D-17  0.1060557109853613D-17 -0.2667561757859142D-18
 -0.1684646992015612D-17 -0.3197927541099057D-17 -0.4811712629614585D-17
 -0.6531446339260314D-17 -0.8362935977531945D-17 -0.1031239404501963D-16
 -0.1238648872424149D-16 -0.1459240308981545D-16 -0.1693790294039274D-16
 -0.1943141284826013D-16 -0.2208209975210473D-16 -0.2489996319737131D-16
 -0.2789593112653585D-16 -0.3108195990016311D-16 -0.3447113683581633D-16
 -0.3807778284978636D-16 -0.4191755150541460D-16 -0.4600751869100552D-16
 -0.5036625399255702D-16 -0.5501386032992923D-16 -0.5997196233183206D-16
 -0.6526361589579800D-16 -0.7091310100102419D-16 -0.7694554651544117D-16
 -0.8338631864038178D-16 -0.9026008265846937D-16 -0.9758941924709748D-16
 -0.1053928399568058D-15 -0.1136819982110325D-15 -0.1224578309026097D-15
 -0.1317052789770660D-15 -0.1413861465713350D-15 -0.1514294454064903D-15
 -0.1617186075460707D-15
  0.0000000000000000D+00  0.1140901584344761D-27  0.1260813531793187D-27
  0.1393304478156696D-27  0.1539687097565063D-27  0.1701380256218195D-27
  0.1880667643043247D-27  0.2078860762803896D-27  0.2298854386240625D-27
  0.2542348932021452D-27  0.2812104262942700D-27  0.3110933852238810D-27
  0.3441929160784507D-27  0.3808586580293052D-27  0.4214757153984503D-27
  0.4664713740623938D-27  0.5163203471900709D-27  0.5715491070729568D-27
  0.6327419558564320D-27  0.7005474468800510D-27  0.7756854291881965D-27
  0.8589550062203226D-27  0.9512433471476987D-27  0.1053535488028007D-26
  0.1166925250005555D-26  0.1292627386083945D-26  0.1431991102562527D-26
  0.1586515113037904D-26  0.1757864399373501D-26  0.1947888876363731D-26
  0.2158644178958887D-26  0.2392414816388486D-26  0.2651739966174110D-26
  0.2939442212797885D-26  0.3258659571425866D-26  0.3612881176915709D-26
  0.4005987062859084D-26  0.4442292505209460D-26  0.4926597460738636D-26
  0.5464241692856598D-26  0.6061166247008854D-26  0.6723982015814285D-26
  0.7460046221312318D-26  0.8277547739259020D-26  0.9185602299586279D-26
  0.1019435871930425D-25  0.1131511746084092D-25  0.1256046296181416D-25
  0.1394441135347131D-25  0.1548257537669485D-25  0.1719234851900461D-25
  0.1909311063612659D-25  0.2120645759051800D-25  0.2355645774016614D-25
  0.2616993844787017D-25  0.2907680615837275D-25  0.3231040401295902D-25
  0.3590791144388579D-25  0.3991079072028667D-25  0.4436528600979586D-25
  0.4932298118361630D-25  0.5484142333561309D-25  0.6098481981773616D-25
  0.6782481752528743D-25  0.7544137420814515D-25  0.8392373275134174D-25
  0.9337151067524920D-25  0.1038959185687101D-24  0.1156211228063918D-24
  0.1286857697352639D-24  0.1432446905677099D-24  0.1594708085164230D-24
  0.1775572722780170D-24  0.1977198428507872D-24  0.2201995638935910D-24
  0.2452657494381240D-24  0.2732193268012366D-24  0.3043965770581926D-24
  0.3391733204884629D-24  0.3779696000560671D-24  0.4212549223071358D-24
  0.4695541221371377D-24  0.5234539257868143D-24  0.5836102952674845D-24
  0.6507566473021839D-24  0.7257130509209659D-24  0.8093965202025159D-24
  0.9028325324610583D-24  0.1007167917606139D-23  0.1123685281640727D-23
  0.1253819146518825D-23  0.1399174010090179D-23  0.1561544553874586D-23
  0.1742938253219257D-23  0.1945600674319009D-23  0.2172043775974833D-23
  0.2425077571225875D-23  0.2707845545549521D-23  0.3023864274668752D-23
  0.3377067736672827D-23  0.3771856870741184D-23  0.4213154998921124D-23
  0.4706469798876879D-23  0.5257962595106848D-23  0.5874525824711187D-23
  0.6563869632366382D-23  0.7334618658815814D-23  0.8196420209115088D-23
  0.9160065122398516D-23  0.1023762281551531D-22  0.1144259214012261D-22
  0.1279006987847469D-22  0.1429693890915029D-22  0.1598207830243064D-22
  0.1786659785830204D-22  0.1997409988065588D-22  0.2233097129196875D-22
  0.2496670953660886D-22  0.2791428610123352D-22  0.3121055190112452D-22
  0.3489668924566469D-22  0.3901871560874413D-22  0.4362804499529229D-22
  0.4878211331835377D-22  0.5454507488750676D-22  0.6098857786477136D-22
  0.6819262737464873D-22  0.7624654586723422D-22  0.8525004133455684D-22
  0.9531439507795506D-22  0.1065637819264320D-21  0.1191367371210158D-21
  0.1331877855170598D-21  0.1488892503245317D-21  0.1664332603153096D-21
  0.1860339762864104D-21  0.2079300595892243D-21  0.2323874077276581D-21
  0.2597021844032579D-21  0.2902041739532618D-21  0.3242604928984837D-21
  0.3622796943017428D-21  0.4047163038433135D-21  0.4520758299558555D-21
  0.5049202940341850D-21  0.5638743306502767D-21  0.6296319118638337D-21
  0.7029637541237627D-21  0.7847254709025736D-21  0.8758665390866085D-21
  0.9774401522475271D-21  0.1090614039226088D-20  0.1216682331942269D-20
  0.1357078571972306D-20  0.1513389951159187D-20  0.1687372887293730D-20
  0.1880970041650169D-20  0.2096328890799780D-20  0.2335821970558461D-20
  0.2602068915028769D-20  0.2897960418332113D-20  0.3226684250625291D-20
  0.3591753463162868D-20  0.3997036919276821D-20  0.4446792288937330D-20
  0.4945701643735572D-20  0.5498909786350837D-20  0.6112065443445268D-20
  0.6791365443035785D-20  0.7543601986237736D-20  0.8376213108314851D-20
  0.9297336404602408D-20  0.1031586607243111D-19  0.1144151328993541D-19
  0.1268486991579024D-19  0.1405747544961689D-19  0.1557188714010712D-19
  0.1724175306584178D-19  0.1908188794127345D-19  0.2110835131630106D-19
  0.2333852774113800D-19  0.2579120835758849D-19  0.2848667325220218D-19
  0.3144677376489141D-19  0.3469501378730151D-19  0.3825662890742671D-19
  0.4215866205964889D-19  0.4643003412167273D-19  0.5110160766103794D-19
  0.5620624177355245D-19  0.6177883567393717D-19  0.6785635839540050D-19
  0.7447786163040176D-19  0.8168447240065931D-19  0.8951936188228574D-19
  0.9802768633423845D-19  0.1072564956883694D-18  0.1172546049614338D-18
  0.1280724232487977D-18  0.1397617346627199D-18  0.1523754251928807D-18
  0.1659671491026113D-18  0.1805909281421973D-18  0.1963006765736086D-18
  0.2131496447741178D-18  0.2311897740367177D-18  0.2504709551325564D-18
  0.2710401832665462D-18  0.2929406022658057D-18  0.3162104312172595D-18
  0.3408817673424282D-18  0.3669792596923662D-18  0.3945186492883325D-18
  0.4235051726542582D-18  0.4539318273018905D-18  0.4857774996649017D-18
  0.5190049582438658D-18  0.5535587173337273D-18  0.5893627796633431D-18
  0.6263182695835046D-18  0.6643009720906599D-18  0.7031587969577953D-18
  0.7427091915448885D-18  0.7827365304556085D-18  0.8229895150630826D-18
  0.8631786210055202D-18  0.9029736370016134D-18  0.9420013436943770D-18
  0.9798433866256336D-18  0.1016034402783130D-17  0.1050060465343589D-17
  0.1081357916136515D-17  0.1109312659834192D-17  0.1133259997772382D-17
  0.1152485082440485D-17  0.1166224075844162D-17  0.1173666095910151D-17
  0.1173956034624747D-17  0.1166198329410651D-17  0.1149461765080454D-17
  0.1122785377289812D-17  0.1085185519500329D-17  0.1035664143841482D-17
  0.9732183317899271D-18  0.8968510932184381D-18  0.8055834321930083D-18
  0.6984676551709375D-18  0.5746018724290965D-18  0.4331456173028158D-18
  0.2733364810327239D-18  0.9450763477476155D-19 -0.1038939141905370D-18
 -0.3222885066548507D-18 -0.5609446485176262D-18 -0.8199596666189613D-18
 -0.1099240418749976D-17 -0.1398484279459174D-17 -0.1717160628198886D-17
 -0.2054493071639442D-17 -0.2409442639477134D-17 -0.2780692202414697D-17
 -0.3166632369441888D-17 -0.3565349124583397D-17 -0.3974613452239971D-17
 -0.4391873169176955D-17 -0.4814247123627176D-17 -0.5238521837600586D-17
 -0.5661150561036864D-17 -0.6078254584311762D-17 -0.6485626529900368D-17
 -0.6878735226333588D-17 -0.7252731668632156D-17 -0.7602455497437631D-17
 -0.7922441390094690D-17 -0.8206924753715691D-17 -0.8449846143451504D-17
 -0.8644853896512600D-17 -0.8785304569623592D-17 -0.8864260888126736D-17
 -0.8874487050615139D-17 -0.8808441374308341D-17 -0.8658266402937836D-17
 -0.8415776719996723D-17 -0.8072444805384982D-17 -0.7619385333163052D-17
 -0.7047338324183354D-17 -0.6346651533649327D-17 -0.5507262366525536D-17
 -0.4518679472561105D-17 -0.3369963980320460D-17 -0.2049710092753512D-17
 -0.5460244964423294D-18  0.1153496251794376D-17  0.3061791483683955D-17
  0.5192366706242084D-17  0.7559330006976244D-17  0.1017743628151426D-16
  0.1306214099096944D-16  0.1622966502234975D-16  0.1969707189224383D-16
  0.2348235808000251D-16  0.2760455658382758D-16  0.3208385301258509D-16
  0.3694171261773687D-16  0.4220101571991907D-16  0.4788619803969199D-16
  0.5402339147403426D-16  0.6064055983588222D-16  0.6776762274220421D-16
  0.7543655897319106D-16  0.8368147774096257D-16  0.9253864200335084D-16
  0.1020464217413999D-15  0.1122451465553135D-15  0.1231768156633368D-15
  0.1348846089848691D-15  0.1474121250070959D-15  0.1608022489151958D-15
  0.1750955270958029D-15  0.1903278903549568D-15  0.2065275261888694D-15
  0.2237106481829387D-15  0.2418758434669209D-15  0.2609965971668612D-15
  0.2810114737724320D-15  0.3018113344960016D-15  0.3232226338848535D-15
  0.3449860777231901D-15
