    1
  315
 -0.6482494166938094D+00  0.4055770248947770D+00 -0.3256095892098076D+00
  0.1719969234062623D+01 -0.7421806200310382D+00 -0.7179591446407846D+00
 -0.3903502084651194D+00  0.1305091286946037D+00  0.4204722196124250D+00
 -0.6670660902641846D-01  0.4161895514741241D+00 -0.2605540569042248D+00
  0.2424328559074010D+00 -0.1586982057337908D+00  0.3212848200702446D+00
 -0.5863177764240858D-01 -0.8790624051350814D-01  0.3761944514748826D+00
 -0.5583554015625192D-01 -0.2569454771567047D+00  0.1210246420181393D+00
 -0.1384871013547318D+00 -0.1640856914483969D+00  0.4759341414014936D-01
  0.4759341414014877D-01 -0.4701880902922177D-01  0.1634409667543819D-01
 -0.1834361758347311D+00  0.1361233178751959D+00 -0.7837278979851152D-01
  0.4773477834824015D-01  0.4773477834824091D-01  0.6851692969396508D-01
  0.5499507052438586D-01 -0.1811551067037383D-01 -0.5472629688423833D-01
  0.1182419113896356D+00  0.9603711781550738D-02  0.2125288047614452D-02
 -0.8562752607058741D-01 -0.5665799136716011D-01  0.5768763927273851D-01
  0.4154403304556578D-01 -0.5514936355270015D-02  0.3612065567434117D-01
  0.1177873353626866D-01 -0.3319576982349676D-01 -0.3319576982349710D-01
  0.7842974818491173D-02 -0.3088086383785335D-01 -0.2647913849660638D-01
  0.5043725752613869D-01 -0.1765715894907409D-01  0.5192637511833677D-01
 -0.6910809708808020D-02 -0.2092741787205251D-01  0.4535888755682792D-01
 -0.4182394945295580D-01 -0.8236744836062274D-02 -0.1952139245188610D-01
 -0.3350290279354152D-01  0.1597316716059674D-01 -0.3704380265431730D-01
 -0.2244795664881401D-01  0.4661006065192414D-02  0.1330622764258135D-01
  0.1330622764258075D-01 -0.6676462870698624D-02  0.4739738370184829D-02
  0.1582616641015560D-02  0.1582616641015475D-02 -0.5273638351348432D-02
 -0.2503227879049278D-01  0.2050623672167385D-01  0.1471855038327816D-01
  0.1471855038327883D-01  0.2128715185357586D-01  0.1801156613766937D-01
 -0.1420022716508555D-02 -0.8607770824789295D-02  0.9339085304209483D-02
  0.1529504170055207D-02  0.5666756183740863D-02  0.2044048522871634D-02
 -0.6812006413763263D-02 -0.6946438918519704D-02 -0.7697858800541352D-02
 -0.4673948321440455D-02  0.6893400554989637D-02  0.5551159699736570D-02
 -0.1840089686876249D-02  0.1210532612959483D-01  0.1983122381063209D-02
 -0.1120129898354574D-01 -0.1120129898354596D-01  0.3674164328513756D-02
 -0.3892822109452368D-02 -0.1049361675081472D-01 -0.9011354912355102D-02
  0.4301342336665355D-02 -0.6064838613026591D-02  0.6182614982273891D-02
  0.8944893556434276D-02  0.3784725961423800D-02  0.3784725961423873D-02
 -0.1193818209363125D-02 -0.1809342976365189D-02  0.7853253529215374D-02
 -0.1097406025749741D-02  0.4766339909316281D-02 -0.2864914412228563D-02
 -0.2524741553766550D-02 -0.3402215594372511D-02 -0.5842778985332087D-02
  0.5576950756149547D-02 -0.3929360250266361D-02  0.4901801604498692D-02
 -0.2342357220471117D-02 -0.4260483272419339D-02  0.4160487103861916D-03
 -0.4698555578015367D-02  0.5558226063942928D-03  0.5558226063942038D-03
 -0.9260961312683823D-03 -0.3264321235505047D-02 -0.4396347077354420D-02
  0.3601083638181360D-02 -0.2089088006016271D-02  0.9374794191201124D-03
  0.1866526674951059D-02  0.7512499767541182D-03  0.7512499767540342D-03
 -0.4976408095899344D-03 -0.1507752226735575D-02  0.3270037357420923D-02
  0.5349396139776308D-03  0.1980687650301135D-02 -0.1189680294827880D-02
 -0.2420723925684576D-02 -0.2676235685496020D-02  0.6003068425581327D-03
 -0.1620751622321492D-02  0.8257416603326286D-03  0.8257416603327255D-03
  0.2385145679865738D-02  0.9596117462650403D-03  0.9596117462649616D-03
  0.1107419142271814D-02 -0.8732011223713193D-03 -0.8732011223713307D-03
  0.3405924133722418D-03  0.6301404318245211D-03  0.2270925691922405D-03
 -0.1332846549029171D-02 -0.8954464892269107D-03  0.1463385228863735D-02
  0.7600480104538535D-03  0.1043506942022853D-02  0.1043506942022944D-02
  0.1505183791088587D-02 -0.4691505546577548D-04  0.1272088447845886D-02
  0.1272088447845960D-02  0.6984401380467424D-03 -0.2000830087292756D-03
 -0.6055581840633028D-03  0.1311403582213317D-02 -0.1098016302386830D-02
 -0.6027587131857688D-03 -0.6027587131858021D-03  0.7907208584914407D-03
 -0.2370915266277984D-03 -0.4176435833870777D-03 -0.1120200660878375D-02
 -0.9600834327660794D-03 -0.6368566567140272D-03 -0.1744888890315682D-03
  0.8658069411651110D-03  0.1317854218853593D-03 -0.7419356539044615D-03
 -0.7419356539044922D-03 -0.2914396793129958D-03 -0.5132201210480194D-03
 -0.6864731318793988D-03  0.5583043810170205D-03 -0.3222081512120062D-03
 -0.3191333174405580D-03  0.2885855736996082D-03  0.5656607184618761D-03
  0.4772222883260567D-03  0.2270460969966220D-03 -0.7478555628211030D-04
 -0.3739277814103737D-04 -0.2258742764717535D-03  0.4877733143066421D-03
  0.2438866571533120D-03  0.1457781739846911D-03  0.2619816889415754D-04
  0.2619816889414633D-04 -0.1743096618946714D-03 -0.3495894999674013D-03
 -0.1747947499837150D-03 -0.1887236244910128D-03  0.8528468702664260D-04
 -0.2277765605094878D-03 -0.1138882802547481D-03  0.2315682605022385D-03
 -0.3090207971210979D-04 -0.3090207971211164D-04  0.3065690745126080D-03
 -0.4363185273045947D-04  0.2834176180403344D-03 -0.1312999201006644D-04
 -0.2365024645427054D-03 -0.2365024645427151D-03  0.4573573609541388D-04
  0.1681679351179142D-03  0.3016952526894700D-04  0.3016952526893733D-04
 -0.8820221776128556D-04 -0.2338256812452169D-03 -0.1994906217505546D-03
  0.1883757643901711D-03  0.9418788219508737D-04 -0.2135484201086167D-03
  0.9642760925286946D-04 -0.1279629207929604D-03  0.1850379800733793D-03
 -0.3442229092109975D-04  0.8534783785871339D-04 -0.7273151463650967D-04
 -0.3636575731824690D-04 -0.7227076967521740D-05 -0.1397144512075992D-03
  0.9158080771433384D-04  0.2317850365662347D-04 -0.5438858241685880D-04
 -0.9557937093905120D-04  0.1002762596407554D-03 -0.1141631927467956D-03
  0.3998991357970836D-04  0.3998991357971483D-04  0.3804405532261340D-04
  0.3804405532260551D-04  0.8774020070183595D-04 -0.3693207859888302D-04
 -0.7283176386705797D-05 -0.6530186533010667D-04  0.1244863291042884D-04
  0.6224316455217538D-05  0.6843440170284518D-04 -0.4681957838143180D-04
 -0.6056037828835549D-04 -0.5258240968452210D-04  0.1182657467430138D-04
  0.3068259668448115D-04  0.3068259668448797D-04  0.4254866000727579D-04
  0.2127433000363574D-04  0.3534829093085386D-04  0.3534829093085812D-04
 -0.5360000751409347D-05  0.3340289863509958D-04  0.5119477631692768D-05
  0.5547837156272365D-05  0.1831358279401868D-04  0.3221585028696356D-05
 -0.1060361757292315D-04 -0.1910959154074742D-04 -0.1864657558421213D-04
 -0.9105570641236575D-05  0.8130587154908090D-05 -0.9802182819899849D-05
  0.1269480971416247D-04 -0.2269893894476191D-05 -0.2269893894476611D-05
  0.4868284641634585D-05  0.4868284641633920D-05  0.5596992933476632D-05
 -0.7266783586420369D-06  0.4080489466072470D-05 -0.7418056936788936D-06
  0.1140009808026093D-05 -0.5359227435833082D-05 -0.5359227435833635D-05
  0.2418188969757530D-05  0.2418188969757594D-05 -0.3025303393279562D-05
 -0.2621103532201409D-05 -0.1310551766100890D-05 -0.8859505909649989D-06
  0.9384767175691772D-06  0.1230096290596142D-06 -0.1388038102635942D-06
  0.5354952662956025D-06 -0.1277856512180198D-05 -0.1277856512180389D-05
  0.1178603364979610D-05 -0.3116042790846467D-05  0.5604287545319963D-06
  0.1898812181630294D-05 -0.4709437520976045D-05  0.2241654267726415D-06
  0.2132353829509901D-05  0.2132353829510126D-05 -0.2149110462718285D-05
 -0.3929622189315859D-05 -0.6369167123822146D-05  0.2581569509496621D-05
  0.1290784754748352D-05  0.7310628475159822D-05  0.6622933180587883D-05
 -0.3431967430621830D-05  0.6078399603406603D-05  0.4283331181830388D-05
    7
    1    1  327
  0.0000000000000000D+00 -0.2679770724424845D+07 -0.2600423376291289D+07
 -0.2523424298828827D+07 -0.2448703995137561D+07 -0.2376195025072750D+07
 -0.2305831944390984D+07 -0.2237551245627921D+07 -0.2171291300849999D+07
 -0.2106992305968012D+07 -0.2044596226802395D+07 -0.1984046746684007D+07
 -0.1925289215630057D+07 -0.1868270601017774D+07 -0.1812939439718624D+07
 -0.1759245791649382D+07 -0.1707141194697662D+07 -0.1656578620981461D+07
 -0.1607512434403249D+07 -0.1559898349460175D+07 -0.1513693391273301D+07
 -0.1468855856799805D+07 -0.1425345277193032D+07 -0.1383122381276581D+07
 -0.1342149060099294D+07 -0.1302388332539318D+07 -0.1263804311926018D+07
 -0.1226362173649794D+07 -0.1190028123730450D+07 -0.1154769368315775D+07
 -0.1120554084082814D+07 -0.1087351389515123D+07 -0.1055131317030058D+07
 -0.1023864785930974D+07 -0.9935235761598778D+06 -0.9640803028268870D+06
 -0.9355083914934925D+06 -0.9077820541872880D+06 -0.8808762661265780D+06
 -0.8547667431337931D+06 -0.8294299197173627D+06 -0.8048429278022674D+06
 -0.7809835760900454D+06 -0.7578303300296494D+06 -0.7353622923810638D+06
 -0.7135591843541473D+06 -0.6924013273056668D+06 -0.6718696249780230D+06
 -0.6519455462636054D+06 -0.6326111084792545D+06 -0.6138488611357119D+06
 -0.5956418701874275D+06 -0.5779737027484783D+06 -0.5608284122608482D+06
 -0.5441905241016470D+06 -0.5280450216162819D+06 -0.5123773325650002D+06
 -0.4971733159705419D+06 -0.4824192493550486D+06 -0.4681018163547044D+06
 -0.4542080947009270D+06 -0.4407255445572739D+06 -0.4276419972015156D+06
 -0.4149456440426881D+06 -0.4026250259631872D+06 -0.3906690229763023D+06
 -0.3790668441898454D+06 -0.3678080180668285D+06 -0.3568823829743839D+06
 -0.3462800780124104D+06 -0.3359915341136637D+06 -0.3260074654072590D+06
 -0.3163188608377864D+06 -0.3069169760324896D+06 -0.2977933254091477D+06
 -0.2889396745175566D+06 -0.2803480326076832D+06 -0.2720106454178003D+06
 -0.2639199881760731D+06 -0.2560687588093081D+06 -0.2484498713527087D+06
 -0.2410564495547081D+06 -0.2338818206711016D+06 -0.2269195094428795D+06
 -0.2201632322523187D+06 -0.2136068914520753D+06 -0.2072445698621394D+06
 -0.2010705254297071D+06 -0.1950791860471312D+06 -0.1892651445232900D+06
 -0.1836231537038244D+06 -0.1781481217358497D+06 -0.1728351074728574D+06
 -0.1676793160156707D+06 -0.1626760943854251D+06 -0.1578209273246656D+06
 -0.1531094332227786D+06 -0.1485373601620768D+06 -0.1441005820809645D+06
 -0.1397950950507325D+06 -0.1356170136626098D+06 -0.1315625675218159D+06
 -0.1276280978454527D+06 -0.1238100541611588D+06 -0.1201049911035498D+06
 -0.1165095653055520D+06 -0.1130205323818200D+06 -0.1096347440015217D+06
 -0.1063491450478367D+06 -0.1031607708616109D+06 -0.1000667445666790D+06
 -0.9706427447442635D+05 -0.9415065156526129D+05 -0.9132324704471056D+05
 -0.8857950997193203D+05 -0.8591696495850215D+05 -0.8333320993539484D+05
 -0.8082591398613183D+05 -0.7839281524414574D+05 -0.7603171885244749D+05
 -0.7374049498375642D+05 -0.7151707691929441D+05 -0.6935945918450251D+05
 -0.6726569573999230D+05 -0.6523389822608659D+05 -0.6326223425935587D+05
 -0.6134892577960407D+05 -0.5949224744579642D+05 -0.5769052507947336D+05
 -0.5594213415422753D+05 -0.5424549832986975D+05 -0.5259908802994414D+05
 -0.5100141906129094D+05 -0.4945105127439592D+05 -0.4794658726329702D+05
 -0.4648667110385689D+05 -0.4506998712924057D+05 -0.4369525874147335D+05
 -0.4236124725798413D+05 -0.4106675079206791D+05 -0.3981060316623680D+05
 -0.3859167285745117D+05 -0.3740886197325648D+05 -0.3626110525787507D+05
 -0.3514736912733055D+05 -0.3406665073270926D+05 -0.3301797705068695D+05
 -0.3200040400047530D+05 -0.3101301558636812D+05 -0.3005492306508825D+05
 -0.2912526413716449D+05 -0.2822320216158673D+05 -0.2734792539301436D+05
 -0.2649864624083450D+05 -0.2567460054938908D+05 -0.2487504689871462D+05
 -0.2409926592516032D+05 -0.2334655966127212D+05 -0.2261625089435684D+05
 -0.2190768254315983D+05 -0.2122021705211703D+05 -0.2055323580266346D+05
 -0.1990613854110640D+05 -0.1927834282259443D+05 -0.1866928347074136D+05
 -0.1807841205248511D+05 -0.1750519636779317D+05 -0.1694911995384675D+05
 -0.1640968160336722D+05 -0.1588639489677131D+05 -0.1537878774787110D+05
 -0.1488640196286118D+05 -0.1440879281236105D+05 -0.1394552861630875D+05
 -0.1349619034152698D+05 -0.1306037121180760D+05 -0.1263767633038440D+05
 -0.1222772231468565D+05 -0.1183013694327720D+05 -0.1144455881492457D+05
 -0.1107063701971286D+05 -0.1070803082217517D+05 -0.1035640935637876D+05
 -0.1001545133291844D+05 -0.9684844757750268D+04 -0.9364286662780001D+04
 -0.9053482848085265D+04 -0.8752147635604568D+04 -0.8460003634063150D+04
 -0.8176781514825378D+04 -0.7902219798262495D+04 -0.7636064650101167D+04
 -0.7378069687070371D+04 -0.7127995790991391D+04 -0.6885610930257877D+04
 -0.6650689987433089D+04 -0.6423014591456073D+04 -0.6202372952707872D+04
 -0.5988559698960921D+04 -0.5781375710042237D+04 -0.5580627948921011D+04
 -0.5386129286921542D+04 -0.5197698320917239D+04 -0.5015159180732148D+04
 -0.4838341325612582D+04 -0.4667079329568041D+04 -0.4501212656619466D+04
 -0.4340585428488988D+04 -0.4185046188906498D+04 -0.4034447670582688D+04
 -0.3888646570775199D+04 -0.3747503345834312D+04 -0.3610882030218137D+04
 -0.3478650088198527D+04 -0.3350678302981418D+04 -0.3226840705347505D+04
 -0.3107014540502090D+04 -0.2991080268321832D+04 -0.2878921589107315D+04
 -0.2770425484737261D+04 -0.2665482264058870D+04 -0.2563985601520208D+04
 -0.2465832559328077D+04 -0.2370923585519833D+04 -0.2279162482911308D+04
 -0.2190456346569138D+04 -0.2104715469958475D+04 -0.2021853222034697D+04
 -0.1941785899178204D+04 -0.1864432556997056D+04 -0.1789714827684788D+04
 -0.1717556728895710D+04 -0.1647884470074224D+04 -0.1580626261929543D+04
 -0.1515712134351810D+04 -0.1453073767571704D+04 -0.1392644340808196D+04
 -0.1334358402049018D+04 -0.1278151761974763D+04 -0.1223961414370739D+04
 -0.1171725484665131D+04 -0.1121383207476508D+04 -0.1072874933233341D+04
 -0.1026142163023642D+04 -0.9811276098209170D+03 -0.9377752830862810D+03
 -0.8960305924383463D+03 -0.8558404645888096D+03 -0.8171534660578458D+03
 -0.7799199223438134D+03 -0.7440920223372605D+03 -0.7096238950759569D+03
 -0.6764716448538387D+03 -0.6445933308640537D+03 -0.6139488794192868D+03
 -0.5844999243996883D+03 -0.5562095747883404D+03 -0.5290421277843780D+03
 -0.5029627550171120D+03 -0.4779372018858932D+03 -0.4539315511806421D+03
 -0.4309120907131995D+03 -0.4088453142612032D+03 -0.3876980574877306D+03
 -0.3674377432954312D+03 -0.3480326894562110D+03 -0.3294524218871391D+03
 -0.3116679411168349D+03 -0.2946519040251997D+03 -0.2783787021950199D+03
 -0.2628244363333459D+03 -0.2479668000912632D+03 -0.2337848943143564D+03
 -0.2202589956632047D+03 -0.2073703025254478D+03 -0.1951006780074694D+03
 -0.1834324058118259D+03 -0.1723479706747192D+03 -0.1618298713175649D+03
 -0.1518604706782511D+03 -0.1424218855794398D+03 -0.1334959159123107D+03
 -0.1250640117911335D+03 -0.1171072758942146D+03 -0.1096064972873430D+03
 -0.1025422123769658D+03 -0.9589478822197441D+02 -0.8964452321251494D+02
 -0.8377176007301472D+02 -0.7825700623770631D+02 -0.7308105685400507D+02
 -0.6822511596557047D+02 -0.6367091178650270D+02 -0.5940080241974263D+02
 -0.5539786719214091D+02 -0.5164598626349075D+02 -0.4812990023965063D+02
 -0.4483524534234630D+02 -0.4174857192817560D+02 -0.3885733860310746D+02
 -0.3614988333198271D+02 -0.3361537238983283D+02 -0.3124372936015614D+02
 -0.2902554834696747D+02 -0.2695199722013730D+02 -0.2501471925739173D+02
 -0.2320574178649648D+02 -0.2151740141640487D+02 -0.1994229268350829D+02
 -0.1847324390201701D+02 -0.1710331934922820D+02 -0.1582584219489734D+02
 -0.1463442956545066D+02 -0.1352302987163674D+02 -0.1248595364709869D+02
 -0.1151789179448142D+02 -0.1061391842971955D+02 -0.9769478586558446D+01
 -0.8980363137307323D+01 -0.8242674775596150D+01 -0.7552788224450572D+01
 -0.6907311037046167D+01 -0.6303040829237828D+01 -0.5736943458065566D+01
 -0.5206069896396785D+01 -0.4707680785869208D+01 -0.4238804594563166D+01
 -0.3797184672478839D+01
    1 1000  327
  0.0000000000000000D+00  0.3132974649075093D-04  0.3228522483600869D-04
  0.3326984286352972D-04  0.3428448925395638D-04  0.3533007980425558D-04
  0.3640755823837594D-04  0.3751789704202288D-04  0.3866209838676701D-04
  0.3984119498695895D-04  0.4105625106480392D-04  0.4230836329381085D-04
  0.4359866179258481D-04  0.4492831113706689D-04  0.4629851144743321D-04
  0.4771049941019390D-04  0.4916554945162974D-04  0.5066497485601046D-04
  0.5221012895046531D-04  0.5380240634523564D-04  0.5544324421324600D-04
  0.5713412347675839D-04  0.5887657031077594D-04  0.6067215738577666D-04
  0.6252250534462232D-04  0.6442928423995499D-04  0.6639421510391119D-04
  0.6841907139556669D-04  0.7050568072055468D-04  0.7265592636595164D-04
  0.7487174908133028D-04  0.7715514881616913D-04  0.7950818647661660D-04
  0.8193298586489855D-04  0.8443173552558477D-04  0.8700669075382331D-04
  0.8966017564062611D-04  0.9239458512258254D-04  0.9521238720745705D-04
  0.9811612515753360D-04  0.1011084197973997D-03  0.1041919718806579D-03
  0.1073695645523186D-03  0.1106440657756906D-03  0.1140184310494932D-03
  0.1174957059596818D-03  0.1210790290056189D-03  0.1247716343549405D-03
  0.1285768548743448D-03  0.1324981250402566D-03  0.1365389840640998D-03
  0.1407030791077133D-03  0.1449941685569520D-03  0.1494161254286793D-03
  0.1539729408402975D-03  0.1586687276502209D-03  0.1635077241194202D-03
  0.1684942977964409D-03  0.1736329493876139D-03  0.1789283169452758D-03
  0.1843851798451274D-03  0.1900084633278379D-03  0.1958032427883370D-03
  0.2017747484221533D-03  0.2079283699374445D-03  0.2142696614056204D-03
  0.2208043462895412D-03  0.2275383225957993D-03  0.2344776682130990D-03
  0.2416286463938755D-03  0.2489977113960685D-03  0.2565915143166924D-03
  0.2644169090911117D-03  0.2724809586989610D-03  0.2807909415019666D-03
  0.2893543578467132D-03  0.2981789368107300D-03  0.3072726432058940D-03
  0.3166436847438218D-03  0.3263005194368704D-03  0.3362518632509075D-03
  0.3465066979922763D-03  0.3570742793528290D-03  0.3679641453335827D-03
  0.3791861247785204D-03  0.3907503463392208D-03  0.4026672475201000D-03
  0.4149475841637121D-03  0.4276024401381897D-03  0.4406432373427986D-03
  0.4540817460060672D-03  0.4679300953259887D-03  0.4822007844171759D-03
  0.4969066935762356D-03  0.5120610959131179D-03  0.5276776693497622D-03
  0.5437705089337632D-03  0.5603541395748494D-03  0.5774435291875654D-03
  0.5950541021173845D-03  0.6132017531744792D-03  0.6319028618519856D-03
  0.6511743072480596D-03  0.6710334831662270D-03  0.6914983139223507D-03
  0.7125872704668531D-03  0.7343193870585115D-03  0.7567142784516549D-03
  0.7797921576233437D-03  0.8035738539657234D-03  0.8280808321356580D-03
  0.8533352114009678D-03  0.8793597856174265D-03  0.9061780437866732D-03
  0.9338141912614978D-03  0.9622931716191053D-03  0.9916406891308579D-03
  0.1021883231993845D-02  0.1053048096224544D-02  0.1085163410310102D-02
  0.1118258160563300D-02  0.1152362217335885D-02  0.1187506361910115D-02
  0.1223722314368483D-02  0.1261042762132326D-02  0.1299501389544385D-02
  0.1339132908208441D-02  0.1379973088344076D-02  0.1422058791091308D-02
  0.1465428001752198D-02  0.1510119864081573D-02  0.1556174715614901D-02
  0.1603634124105413D-02  0.1652540924989961D-02  0.1702939260095366D-02
  0.1754874617466333D-02  0.1808393872394279D-02  0.1863545329768335D-02
  0.1920378767655915D-02  0.1978945482224127D-02  0.2039298334048399D-02
  0.2101491795808627D-02  0.2165582001469389D-02  0.2231626796953411D-02
  0.2299685792311940D-02  0.2369820415578725D-02  0.2442093968167815D-02
  0.2516571682037149D-02  0.2593320778564715D-02  0.2672410529178879D-02
  0.2753912317941988D-02  0.2837899705947144D-02  0.2924448497704150D-02
  0.3013636809569567D-02  0.3105545140261248D-02  0.3200256443508957D-02
  0.3297856202905370D-02  0.3398432509087069D-02  0.3502076139236668D-02
  0.3608880639004141D-02  0.3718942406953639D-02  0.3832360781558270D-02
  0.3949238130857433D-02  0.4069679944873249D-02  0.4193794930796178D-02
  0.4321695111120108D-02  0.4453495924730800D-02  0.4589316331128020D-02
  0.4729278917751566D-02  0.4873510010682760D-02  0.5022139788590696D-02
  0.5175302400303305D-02  0.5333136085814264D-02  0.5495783301121121D-02
  0.5663390846750671D-02  0.5836110000284059D-02  0.6014096652882368D-02
  0.6197511450000867D-02  0.6386519936364392D-02  0.6581292705413848D-02
  0.6782005553250096D-02  0.6988839637296392D-02  0.7201981639852638D-02
  0.7421623936535816D-02  0.7647964769942648D-02  0.7881208428567408D-02
  0.8121565431187786D-02  0.8369252716876533D-02  0.8624493840804258D-02
  0.8887519176002586D-02  0.9158566121305176D-02  0.9437879315620011D-02
  0.9725710858707782D-02  0.1002232053875486D-01  0.1032797606681289D-01
  0.1064295331847123D-01  0.1096753658280576D-01  0.1130201881901096D-01
  0.1164670192078594D-01  0.1200189698883757D-01  0.1236792461165180D-01
  0.1274511515485751D-01  0.1313380905941017D-01  0.1353435714884672D-01
  0.1394712094594447D-01  0.1437247299901420D-01  0.1481079721814871D-01
  0.1526248922173658D-01  0.1572795669352205D-01  0.1620761975058643D-01
  0.1670191132251837D-01  0.1721127754216572D-01  0.1773617814831140D-01
  0.1827708690060681D-01  0.1883449200718282D-01  0.1940889656528690D-01
  0.2000081901536638D-01  0.2061079360899130D-01  0.2123937089106712D-01
  0.2188711819672432D-01  0.2255462016339081D-01  0.2324247925846169D-01
  0.2395131632306615D-01  0.2468177113242951D-01  0.2543450297330573D-01
  0.2621019123903421D-01  0.2700953604274555D-01  0.2783325884925080D-01
  0.2868210312621771D-01  0.2955683501521336D-01  0.3045824402318546D-01
  0.3138714373505946D-01  0.3234437254804768D-01  0.3333079442836832D-01
  0.3434729969102977D-01  0.3539480580340940D-01  0.3647425821332629D-01
  0.3758663120237329D-01  0.3873292876527730D-01  0.3991418551608424D-01
  0.4113146762195114D-01  0.4238587376545332D-01  0.4367853613621578D-01
  0.4501062145279101D-01  0.4638333201571576D-01  0.4779790679265795D-01
  0.4925562253667872D-01  0.5075779493859507D-01  0.5230577981447704D-01
  0.5390097432936742D-01  0.5554481825832725D-01  0.5723879528592377D-01
  0.5898443434537202D-01  0.6078331099849605D-01  0.6263704885778472D-01
  0.6454732105181928D-01  0.6651585173538742D-01  0.6854441764565392D-01
  0.7063484970579233D-01  0.7278903467751968D-01  0.7500891686403115D-01
  0.7729649986487452D-01  0.7965384838433079D-01  0.8208309009496588D-01
  0.8458641755799608D-01  0.8716609020223057D-01  0.8982443636336708D-01
  0.9256385538547607D-01  0.9538681978657637D-01  0.9829587749025917D-01
  0.1012936541253656D+00  0.1043828553958008D+00  0.1075662695226279D+00
  0.1108467697606176D+00  0.1142273169915874D+00  0.1177109623967802D+00
  0.1213008502107816D+00  0.1250002205594143D+00  0.1288124123841760D+00
  0.1327408664558652D+00  0.1367891284801253D+00  0.1409608522976868D+00
  0.1452598031822203D+00  0.1496898612387543D+00  0.1542550249057474D+00
  0.1589594145639605D+00  0.1638072762553846D+00  0.1688029855155967D+00
  0.1739510513229851D+00  0.1792561201684189D+00  0.1847229802490350D+00
  0.1903565657899199D+00  0.1961619614975941D+00  0.2021444071493180D+00
  0.2083093023223603D+00  0.2146622112674896D+00  0.2212088679311084D+00
  0.2279551811305378D+00  0.2349072398871451D+00  0.2420713189221050D+00
  0.2494538843197825D+00  0.2570615993638283D+00  0.2649013305512551D+00
  0.2729801537899385D+00  0.2813053607851169D+00  0.2898844656206701D+00
  0.2987252115411089D+00  0.3078355779403895D+00  0.3172237875638855D+00
  0.3268983139299896D+00  0.3368678889780600D+00  0.3471415109496014D+00
  0.3577284525098238D+00  0.3686382691168615D+00  0.3798808076462520D+00
  0.3914662152784289D+00  0.4034049486572666D+00  0.4157077833279358D+00
  0.4283858234625866D+00  0.4414505118826492D+00  0.4549136403867775D+00
  0.4687873603937809D+00  0.4830841939101294D+00  0.4978170448319427D+00
  0.5129992105916690D+00  0.5286443941599424D+00  0.5447667164134822D+00
  0.5613807288801782D+00
    1 1000  327
  0.0000000000000000D+00  0.3073108444199193D-09  0.3263402985250080D-09
  0.3465494738108348D-09  0.3680097288297726D-09  0.3907996209772474D-09
  0.4149989978543755D-09  0.4406979501720560D-09  0.4679878705798819D-09
  0.4969683604083959D-09  0.5277470776694068D-09  0.5604253306072475D-09
  0.5951301647500078D-09  0.6319803061731205D-09  0.6711178612241053D-09
  0.7126763173244730D-09  0.7568061529254870D-09  0.8036751125514398D-09
  0.8534439955557619D-09  0.9062924554500755D-09  0.9624124421177611D-09
  0.1022011458435328D-08  0.1085301151613319D-08  0.1152509366042150D-08
  0.1223874423937068D-08  0.1299661298454697D-08  0.1380144813890002D-08
  0.1465610530685057D-08  0.1556371288591898D-08  0.1652744326371142D-08
  0.1755095724564692D-08  0.1863776699012273D-08  0.1979196350948144D-08
  0.2101753279347725D-08  0.2231904365654721D-08  0.2370115674443895D-08
  0.2516885692216979D-08  0.2672741056653381D-08  0.2838250384382481D-08
  0.3014010422857162D-08  0.3200655848850815D-08  0.3398855723672661D-08
  0.3609331350520832D-08  0.3832836577914271D-08  0.4070186025212721D-08
  0.4322231227587338D-08  0.4589887443829553D-08  0.4874116225622076D-08
  0.5175943378591700D-08  0.5496466355384259D-08  0.5836838099182969D-08
  0.6198281163187977D-08  0.6582108409738406D-08  0.6989705920414858D-08
  0.7422546544177692D-08  0.7882187423710258D-08  0.8370291052309122D-08
  0.8888624685791089D-08  0.9439049953576335D-08  0.1002356532808868D-07
  0.1064427311456573D-07  0.1130342373039931D-07  0.1200338514978889D-07
  0.1274669791340398D-07  0.1353603585432067D-07  0.1437425668952043D-07
  0.1526438561510921D-07  0.1620963248848195D-07  0.1721341170631656D-07
  0.1827935721078470D-07  0.1941130577328279D-07  0.2061335205833150D-07
  0.2188983543535469D-07  0.2324536222470442D-07  0.2468483412264754D-07
  0.2621344332122957D-07  0.2783671312527788D-07  0.2956050277275498D-07
  0.3139103913482378D-07  0.3333492963692447D-07  0.3539919912133301D-07
  0.3759129649898256D-07  0.3991913934510026D-07  0.4239113453085547D-07
  0.4501620658785835D-07  0.4780383690323513D-07  0.5076409300365047D-07
  0.5390766239277237D-07  0.5724590001946115D-07  0.6079085103952651D-07
  0.6455532994361944D-07  0.6855292311639713D-07  0.7279806863522190D-07
  0.7730609059083125D-07  0.8209327475545567D-07  0.8717690526527427D-07
  0.9257533905608628D-07  0.9830807345805565D-07  0.1043958045240813D-06
  0.1108605229382696D-06  0.1177255681543482D-06  0.1250157275979190D-06
  0.1327573341546793D-06  0.1409783422876294D-06  0.1497084326872694D-06
  0.1589791379080189D-06  0.1688239284399209D-06  0.1792783619369145D-06
  0.1903801820103487D-06  0.2021694865180213D-06  0.2146888416348113D-06
  0.2279834647630472D-06  0.2421013502767591D-06  0.2570934906009900D-06
  0.2730140205096326D-06  0.2899204327018083D-06  0.3078737707033633D-06
  0.3269388688927008D-06  0.3471845790585940D-06  0.3686840041282243D-06
  0.3915147813834887D-06  0.4157593556144934D-06  0.4415052797720606D-06
  0.4688455186525899D-06  0.4978788053875411D-06  0.5287099794348108D-06
  0.5614503741148101D-06  0.5962182221211712D-06  0.6331390701410909D-06
  0.6723462410163561D-06  0.7139813218423508D-06  0.7581946568204551D-06
  0.8051459069338064D-06  0.8550046143069279D-06  0.9079508226500530D-06
  0.9641757284033281D-06  0.1023882366604372D-05  0.1087286341191018D-05
  0.1154616612712570D-05  0.1226116309985984D-05  0.1302043636370166D-05
  0.1382672764183422D-05  0.1468294854659074D-05  0.1559219097798331D-05
  0.1655773829823936D-05  0.1758307720423456D-05  0.1867191027133269D-05
  0.1982816941050771D-05  0.2105602992425560D-05  0.2235992583862664D-05
  0.2374456552570131D-05  0.2521494912798996D-05  0.2677638630308666D-05
  0.2843451555886517D-05  0.3019532459845955D-05  0.3206517181958117D-05
  0.3405080943517323D-05  0.3615940778822897D-05  0.3839858122021148D-05
  0.4077641555548881D-05  0.4330149745004246D-05  0.4598294519845487D-05
  0.4883044173986908D-05  0.5185426967419047D-05  0.5506534832099079D-05
  0.5847527320453956D-05  0.6209635789842926D-05  0.6594167845874077D-05
  0.7002512068951300D-05  0.7436143034947477D-05  0.7896626621526618D-05
  0.8385625685131070D-05  0.8904906037703364D-05  0.9456342861096887D-05
  0.1004192744016717D-04  0.1066377438004419D-04  0.1132412922385228D-04
  0.1202537658390109D-04  0.1277004872374577D-04  0.1356083472996918D-04
  0.1440059020708541D-04  0.1529234758956897D-04  0.1623932709898316D-04
  0.1724494836916874D-04  0.1831284279648617D-04  0.1944686664681576D-04
  0.2065111498950277D-04  0.2192993648163521D-04  0.2328794906851320D-04
  0.2473005666186390D-04  0.2626146685416123D-04  0.2788770970824907D-04
  0.2961465774893617D-04  0.3144854714483281D-04  0.3339600024718375D-04
  0.3546404949560375D-04  0.3766016281443175D-04  0.3999227057707501D-04
  0.4246879424798382D-04  0.4509867679145620D-04  0.4789141496359072D-04
  0.5085709360759892D-04  0.5400642207404236D-04  0.5735077288855987D-04
  0.6090222282043018D-04  0.6467359649553973D-04  0.6867851270356542D-04
  0.7293143358010794D-04  0.7744771682710201D-04  0.8224367117665327D-04
  0.8733661527649945D-04  0.9274494023468806D-04  0.9848817602969892D-04
  0.1045870620326248D-03  0.1110636219053221D-03  0.1179412431228455D-03
  0.1252447614334384D-03  0.1330005505368758D-03  0.1412366173313125D-03
  0.1499827030376078D-03  0.1592703906087911D-03  0.1691332187692406D-03
  0.1796068031359688D-03  0.1907289648204369D-03  0.2025398670110640D-03
  0.2150821600037458D-03  0.2284011352169444D-03  0.2425448887407539D-03
  0.2575644950213039D-03  0.2735141912899526D-03  0.2904515734240770D-03
  0.3084378039272095D-03  0.3275378327952185D-03  0.3478206320584309D-03
  0.3693594448390593D-03  0.3922320498492445D-03  0.4165210422489093D-03
  0.4423141319097779D-03  0.4697044601406468D-03  0.4987909360335635D-03
  0.5296785936307060D-03  0.5624789712131143D-03  0.5973105140767473D-03
  0.6342990022484281D-03  0.6735780046930586D-03  0.7152893616379519D-03
  0.7595836967771287D-03  0.8066209611848028D-03  0.8565710109147069D-03
  0.9096142203661754D-03  0.9659421336351908D-03  0.1025758156194526D-02
  0.1089278289414584D-02  0.1156731910562981D-02  0.1228362601106788D-02
  0.1304429026310430D-02  0.1385205869299356D-02  0.1470984822967590D-02
  0.1562075643309583D-02  0.1658807267975410D-02  0.1761529004100409D-02
  0.1870611789683062D-02  0.1986449533079309D-02  0.2109460535443591D-02
  0.2240089001251953D-02  0.2378806642370038D-02  0.2526114381446841D-02
  0.2682544160796554D-02  0.2848660863290316D-02  0.3025064352204068D-02
  0.3212391637384421D-02  0.3411319175548228D-02  0.3622565313032238D-02
  0.3846892879810266D-02  0.4085111944152793D-02  0.4338082737847064D-02
  0.4606718762592437D-02  0.4891990088723817D-02  0.5194926858244855D-02
  0.5516623004761451D-02  0.5858240203778815D-02  0.6221012067627200D-02
  0.6606248600151184D-02  0.7015340927259570D-02  0.7449766320413021D-02
  0.7911093531193562D-02  0.8400988456215296D-02  0.8921220152837243D-02
  0.9473667227397162D-02  0.1006032461903941D-01  0.1068331080363042D-01
  0.1134487544377698D-01  0.1204740751257335D-01  0.1279344392041115D-01
  0.1358567867600451D-01  0.1442697261471336D-01  0.1532036372929316D-01
  0.1626907814037630D-01  0.1727654174630236D-01  0.1834639259436438D-01
  0.1948249401814328D-01  0.2068894858837690D-01  0.2197011292773412D-01
  0.2333061344299370D-01  0.2477536303144245D-01  0.2630957882181572D-01
  0.2793880101384866D-01  0.2966891288446580D-01  0.3150616203285541D-01
  0.3345718294114772D-01  0.3552902093216209D-01  0.3772915761074290D-01
  0.4006553788054685D-01  0.4254659863384969D-01  0.4518129921796962D-01
  0.4797915378832737D-01  0.5095026566496849D-01  0.5410536381661656D-01
  0.5745584160400582D-01  0.6101379792239323D-01  0.6479208089182539D-01
  0.6880433425292576D-01  0.7306504663574755D-01  0.7758960387959792D-01
  0.8239434459277446D-01  0.8749661915283984D-01  0.9291485236049085D-01
  0.9866860997327649D-01
    1 1000  327
  0.0000000000000000D+00 -0.4797532629739822D-13 -0.4489078468272410D-13
 -0.5349158542235424D-13 -0.6289395094905630D-13 -0.6413169683187326D-13
 -0.7534715223693760D-13 -0.7731375029775207D-13 -0.7626728223423920D-13
 -0.9679568783370639D-13 -0.9618164065480020D-13 -0.1138825025395779D-12
 -0.1102830616473701D-12 -0.1094640097824728D-12 -0.1370867021278685D-12
 -0.1552151169589422D-12 -0.1637503323044027D-12 -0.1781059633279413D-12
 -0.2018028508209233D-12 -0.2105303608890269D-12 -0.2459252157922035D-12
 -0.2528081802359775D-12 -0.2799014000558492D-12 -0.3080550933519619D-12
 -0.3544779851300631D-12 -0.3715732524558710D-12 -0.3920903757193617D-12
 -0.4389120865433975D-12 -0.4718352732295736D-12 -0.5330323216062258D-12
 -0.5762347417083209D-12 -0.6152056327435336D-12 -0.6804547206576659D-12
 -0.7447224125430498D-12 -0.8223750314899642D-12 -0.8907771578665583D-12
 -0.9695009973054493D-12 -0.1059546899647901D-11 -0.1183358053112734D-11
 -0.1270434772645309D-11 -0.1400661607256885D-11 -0.1545426612279922D-11
 -0.1665788199523254D-11 -0.1839578911623136D-11 -0.2017486312269637D-11
 -0.2192078221869980D-11 -0.2393966743075734D-11 -0.2624711931875790D-11
 -0.2868706792391432D-11 -0.3138653509189047D-11 -0.3431875013148126D-11
 -0.3771596172123904D-11 -0.4116941284077790D-11 -0.4502335822924512D-11
 -0.4938082966342476D-11 -0.5401664202638466D-11 -0.5906750926760684D-11
 -0.6471042317038427D-11 -0.7055313757058900D-11 -0.7723561471216497D-11
 -0.8451641743900688D-11 -0.9252177940039475D-11 -0.1012985782506848D-10
 -0.1108034847803953D-10 -0.1212673265759489D-10 -0.1327857977372254D-10
 -0.1453147463804760D-10 -0.1590195188366340D-10 -0.1741826483416913D-10
 -0.1904812350731154D-10 -0.2083237315905249D-10 -0.2280746537820925D-10
 -0.2495278034825932D-10 -0.2732040373696227D-10 -0.2987101685564850D-10
 -0.3269931528192222D-10 -0.3579838639552002D-10 -0.3917700518850073D-10
 -0.4286894480580494D-10 -0.4690474842465325D-10 -0.5132502676898863D-10
 -0.5616482592063827D-10 -0.6146776966905252D-10 -0.6726817316913998D-10
 -0.7359829615009891D-10 -0.8053240502960815D-10 -0.8812713182667134D-10
 -0.9645679170350090D-10 -0.1055539000603237D-09 -0.1155011118834925D-09
 -0.1263959311901336D-09 -0.1383181652886002D-09 -0.1513559127080875D-09
 -0.1656378020734382D-09 -0.1812488007328172D-09 -0.1983414995530608D-09
 -0.2170504361346876D-09 -0.2375328178883541D-09 -0.2599444967162892D-09
 -0.2844424384399442D-09 -0.3112574634085632D-09 -0.3406090560766089D-09
 -0.3727316782955952D-09 -0.4078944610421830D-09 -0.4463760332569448D-09
 -0.4884590217757999D-09 -0.5345293104769326D-09 -0.5849502563578059D-09
 -0.6401268999665673D-09 -0.7004837251631134D-09 -0.7665443237068560D-09
 -0.8388378962959019D-09 -0.9179429014379809D-09 -0.1004500445878351D-08
 -0.1099252218079817D-08 -0.1202913925022244D-08 -0.1316390849585832D-08
 -0.1440532030264189D-08 -0.1576392630685491D-08 -0.1725070377042974D-08
 -0.1887764649813922D-08 -0.2065792584344242D-08 -0.2260613513547519D-08
 -0.2473822999121609D-08 -0.2707115983506340D-08 -0.2962441257156379D-08
 -0.3241817815983693D-08 -0.3547566884960802D-08 -0.3882149776432823D-08
 -0.4248259404563960D-08 -0.4648931689448538D-08 -0.5087374012079423D-08
 -0.5567173073666157D-08 -0.6092209863637498D-08 -0.6666778732919269D-08
 -0.7295536743955763D-08 -0.7983606745592540D-08 -0.8736523011995789D-08
 -0.9560472572753456D-08 -0.1046213114971292D-07 -0.1144881647053717D-07
 -0.1252858204092877D-07 -0.1371016922713057D-07 -0.1500318447691980D-07
 -0.1641813738847372D-07 -0.1796656777070966D-07 -0.1966100452745020D-07
 -0.2151524194996536D-07 -0.2354438069513512D-07 -0.2576488160858826D-07
 -0.2819479467154101D-07 -0.3085386850004455D-07 -0.3376373103839944D-07
 -0.3694803166150843D-07 -0.4043265783103423D-07 -0.4424588397504750D-07
 -0.4841877326299387D-07 -0.5298519248972868D-07 -0.5798228739047675D-07
 -0.6345066390374665D-07 -0.6943476285161731D-07 -0.7598322311258761D-07
 -0.8314929199861472D-07 -0.9099118728385828D-07 -0.9957266590499223D-07
 -0.1089634873192245D-06 -0.1192399449551260D-06 -0.1304855996270107D-06
 -0.1427918332200259D-06 -0.1562586941476084D-06 -0.1709956120892892D-06
 -0.1871224019644974D-06 -0.2047701300930311D-06 -0.2240822143780715D-06
 -0.2452156548777439D-06 -0.2683422112951365D-06 -0.2936498534136341D-06
 -0.3213442995859212D-06 -0.3516506283201269D-06 -0.3848151885548245D-06
 -0.4211075295287075D-06 -0.4608226441900853D-06 -0.5042833348961653D-06
 -0.5518428494726001D-06 -0.6038877535741000D-06 -0.6608410741322159D-06
 -0.7231657119240225D-06 -0.7913682646519907D-06 -0.8660030788221221D-06
 -0.9476767725134175D-06 -0.1037053208505078D-05 -0.1134858839541418D-05
 -0.1241888617622291D-05 -0.1359012495662922D-05 -0.1487182455788251D-05
 -0.1627440263919916D-05 -0.1780925942719326D-05 -0.1948887022923278D-05
 -0.2132688694551678D-05 -0.2333824904211747D-05 -0.2553930487923174D-05
 -0.2794794474365182D-05 -0.3058374609085911D-05 -0.3346813271717198D-05
 -0.3662454901297872D-05 -0.4007865045368791D-05 -0.4385851189965682D-05
 -0.4799485629716630D-05 -0.5252130379354736D-05 -0.5747464558035476D-05
 -0.6289514248535220D-05 -0.6882685231303865D-05 -0.7531798828416650D-05
 -0.8242131039603315D-05 -0.9019455456996797D-05 -0.9870090192925210D-05
 -0.1080094922924723D-04 -0.1181959859865406D-04 -0.1293431790844544D-04
 -0.1415416762040025D-04 -0.1548906269319188D-04 -0.1694985318422477D-04
 -0.1854841243229765D-04 -0.2029773355362868D-04 -0.2221203507378010D-04
 -0.2430687646941439D-04 -0.2659928464618040D-04 -0.2910789236307903D-04
 -0.3185308961583105D-04 -0.3485718944497828D-04 -0.3814460921694116D-04
 -0.4174206915571746D-04 -0.4567880948654757D-04 -0.4998682811945328D-04
 -0.5470114071084805D-04 -0.5986006529791258D-04 -0.6550553371592733D-04
 -0.7168343245915583D-04 -0.7844397561115588D-04 -0.8584211299914355D-04
 -0.9393797684006960D-04 -0.1027973704786139D-03 -0.1124923032550071D-03
 -0.1231015757754356D-03 -0.1347114204226959D-03 -0.1474162022545470D-03
 -0.1613191859971175D-03 -0.1765333753923110D-03 -0.1931824316743673D-03
 -0.2114016787156371D-03 -0.2313392029334173D-03 -0.2531570569301015D-03
 -0.2770325766728599D-03 -0.3031598228733148D-03 -0.3317511583193400D-03
 -0.3630389739764783D-03 -0.3972775778504105D-03 -0.4347452620132842D-03
 -0.4757465645710589D-03 -0.5206147449481805D-03 -0.5697144926360553D-03
 -0.6234448913874662D-03 -0.6822426629867174D-03 -0.7465857169225269D-03
 -0.8169970348573146D-03 -0.8940489214253656D-03 -0.9783676559371171D-03
 -0.1070638582794211D-02 -0.1171611681981051D-02 -0.1282107664915978D-02
 -0.1403024645209281D-02 -0.1535345438556711D-02 -0.1680145551073163D-02
 -0.1838601921039994D-02 -0.2012002485079124D-02 -0.2201756646524537D-02
 -0.2409406731088841D-02 -0.2636640522911075D-02 -0.2885304982905410D-02
 -0.3157421260897310D-02 -0.3455201123565263D-02 -0.3781064931731764D-02
 -0.4137661313104881D-02 -0.4527888690378106D-02 -0.4954918839661915D-02
 -0.5422222670759135D-02 -0.5933598438777607D-02 -0.6493202616436168D-02
 -0.7105583677949339D-02 -0.7775719069131255D-02 -0.8509055664163292D-02
 -0.9311554037909946D-02 -0.1018973691359112D-01 -0.1115074217960556D-01
 -0.1220238090644014D-01 -0.1335320083520143D-01 -0.1461255585384373D-01
 -0.1599068202575178D-01 -0.1749878078867603D-01 -0.1914911000025057D-01
 -0.2095508357010669D-01 -0.2293138048840990D-01 -0.2509406413698970D-01
 -0.2746071285283509D-01 -0.3005056280518197D-01 -0.3288466434748654D-01
 -0.3598605311513067D-01 -0.3937993725953810D-01 -0.4309390234054727D-01
 -0.4715813554240247D-01 -0.5160567103580993D-01 -0.5647265848035223D-01
 -0.6179865684966080D-01 -0.6762695596756478D-01 -0.7400492836866630D-01
 -0.8098441434327135D-01 -0.8862214329633124D-01 -0.9698019484520780D-01
 -0.1061265034040735D+00 -0.1161354103562257D+00 -0.1270882683023669D+00
 -0.1390741022962110D+00 -0.1521903334419498D+00 -0.1665435707349719D+00
 -0.1822504775819702D+00 -0.1994387200434966D+00 -0.2182480045063150D+00
 -0.2388312132197826D+00
    1 1000  327
  0.0000000000000000D+00  0.4146266052403830D-13  0.4231112496322017D-13
  0.4662478817449821D-13  0.5505229475278637D-13  0.6252559365426535D-13
  0.6776238601080970D-13  0.7200926669127999D-13  0.7853398389221430D-13
  0.8401623593495058D-13  0.9250228488372151D-13  0.1054379489205626D-12
  0.1153975186583185D-12  0.1204457064990608D-12  0.1376899686269125D-12
  0.1462416528907281D-12  0.1645734474792851D-12  0.1771146887557939D-12
  0.1964996850274957D-12  0.2159955093935792D-12  0.2373861484109906D-12
  0.2599185725520613D-12  0.2839574819343417D-12  0.3064703538603930D-12
  0.3396211575220214D-12  0.3707175244711774D-12  0.4062246954572448D-12
  0.4429212572884860D-12  0.4844540427222723D-12  0.5301033759289690D-12
  0.5808789069210124D-12  0.6382162005951835D-12  0.7019490662961775D-12
  0.7680953902618657D-12  0.8383952216370030D-12  0.9184240779885110D-12
  0.1005535753785084D-11  0.1102752180340198D-11  0.1200168327992144D-11
  0.1314054743597033D-11  0.1438604158826808D-11  0.1573960534184531D-11
  0.1723451079022670D-11  0.1887067734638099D-11  0.2066387937199714D-11
  0.2263923713435057D-11  0.2476742394930869D-11  0.2706135400158933D-11
  0.2963573414973840D-11  0.3246432985463962D-11  0.3551257292757409D-11
  0.3890657266138920D-11  0.4252295291813342D-11  0.4653382604885592D-11
  0.5091249224840947D-11  0.5574685215251836D-11  0.6100408177428686D-11
  0.6672516555100989D-11  0.7303469418087325D-11  0.7997041552424338D-11
  0.8744942217043023D-11  0.9573747292525050D-11  0.1047465276477820D-10
  0.1146481677895759D-10  0.1254553448875605D-10  0.1372679516959609D-10
  0.1502568473731220D-10  0.1644172596454658D-10  0.1799082136257897D-10
  0.1968590985583098D-10  0.2154587731027686D-10  0.2357318441584196D-10
  0.2579869862895605D-10  0.2823135287208603D-10  0.3089680436386280D-10
  0.3380624348326753D-10  0.3699886469537693D-10  0.4048873882434439D-10
  0.4430607648552277D-10  0.4848765465914505D-10  0.5305776014258368D-10
  0.5806339098691146D-10  0.6354146495790441D-10  0.6953191523728896D-10
  0.7609166081813128D-10  0.8326349474798562D-10  0.9112070535280788D-10
  0.9971504479863548D-10  0.1091185869760599D-09  0.1194099047207240D-09
  0.1306707104321083D-09  0.1429914320514489D-09  0.1564808836668620D-09
  0.1712372182042732D-09  0.1873864905111980D-09  0.2050599472740327D-09
  0.2243982792153145D-09  0.2455649096687911D-09  0.2687252896403218D-09
  0.2940651769042267D-09  0.3218010852488474D-09  0.3521497221077873D-09
  0.3853611585456890D-09  0.4217056092754730D-09  0.4614801858109088D-09
  0.5049998975514442D-09  0.5526290811355065D-09  0.6047498763924332D-09
  0.6617820969590474D-09  0.7241986785793536D-09  0.7924931515948780D-09
  0.8672373231761860D-09  0.9490259287084975D-09  0.1038531317120025D-08
  0.1136476636251047D-08  0.1243657846370058D-08  0.1360948799701811D-08
  0.1489300450267573D-08  0.1629761427183327D-08  0.1783464153344917D-08
  0.1951663684967924D-08  0.2135729145913037D-08  0.2337152475525053D-08
  0.2557569299355707D-08  0.2798778658624878D-08  0.3062736472079744D-08
  0.3351587679752701D-08  0.3667676051149794D-08  0.4013583548289295D-08
  0.4392106456004538D-08  0.4806330035312530D-08  0.5259622332641960D-08
  0.5755662547633203D-08  0.6298483838582834D-08  0.6892499975179879D-08
  0.7542540703723908D-08  0.8253885245722106D-08  0.9032320074311233D-08
  0.9884167368968665D-08  0.1081635497277246D-07  0.1183645775535626D-07
  0.1295276753239327D-07  0.1417435823476997D-07  0.1551115561409015D-07
  0.1697402997811839D-07  0.1857487025084411D-07  0.2032668498678575D-07
  0.2224371843685013D-07  0.2434154704125696D-07  0.2663722781899547D-07
  0.2914941299522949D-07  0.3189852635653906D-07  0.3490691409694521D-07
  0.3819902167986516D-07  0.4180161636698315D-07  0.4574397002013160D-07
  0.5005813551878818D-07  0.5477917313145184D-07  0.5994545361743731D-07
  0.6559897713786376D-07  0.7178569027893202D-07  0.7855587792830046D-07
  0.8596456962764063D-07  0.9407198416010325D-07  0.1029440126364831D-06
  0.1126527789530549D-06  0.1232771828832899D-06  0.1349035899562905D-06
  0.1476264973323090D-06  0.1615493138434815D-06  0.1767852036881673D-06
  0.1934580132053662D-06  0.2117032492406493D-06  0.2316692152476109D-06
  0.2535181932306281D-06  0.2774277737145728D-06  0.3035922915805781D-06
  0.3322244135424957D-06  0.3635568620670780D-06  0.3978443079859418D-06
  0.4353654419144797D-06  0.4764252333553211D-06  0.5213574205478586D-06
  0.5705272102248701D-06  0.6243342599362949D-06  0.6832159078207937D-06
  0.7476507515723585D-06  0.8181625123360805D-06  0.8953243148682172D-06
  0.9797633325157561D-06  0.1072165888887360D-05  0.1173283030840083D-05
  0.1283936639070613D-05  0.1405026114663589D-05  0.1537535666678806D-05
  0.1682542342794802D-05  0.1841224755817717D-05  0.2014872683016618D-05
  0.2204897535888307D-05  0.2412843841953738D-05  0.2640401791272618D-05
  0.2889420981022136D-05  0.3161925443180307D-05  0.3460130101189898D-05
  0.3786458765251412D-05  0.4143563845840909D-05  0.4534347898777199D-05
  0.4961987222336691D-05  0.5429957679296648D-05  0.5942062945574612D-05
  0.6502465419797739D-05  0.7115720067446208D-05  0.7786811431755416D-05
  0.8521194159608774D-05  0.9324837328230651D-05  0.1020427296640876D-04
  0.1116664914396368D-04  0.1221978807408760D-04  0.1337224969186775D-04
  0.1463340122882089D-04  0.1601349335000219D-04  0.1752374347497124D-04
  0.1917642694507269D-04  0.2098497680596690D-04  0.2296409298808381D-04
  0.2512986178845016D-04  0.2749988661967286D-04  0.3009343109315809D-04
  0.3293157559064528D-04  0.3603738860922891D-04  0.3943611426056028D-04
  0.4315537745575209D-04  0.4722540844338204D-04  0.5167928851905099D-04
  0.5655321890846339D-04  0.6188681501959937D-04  0.6772342843115140D-04
  0.7411049925668713D-04  0.8109994173801513D-04  0.8874856620641397D-04
  0.9711854083751175D-04  0.1062778969591497D-03  0.1163010820042598D-03
  0.1272695646246229D-03  0.1392724968738698D-03  0.1524074388304054D-03
  0.1667811515706036D-03  0.1825104649269261D-03  0.1997232270800099D-03
  0.2185593437134943D-03  0.2391719151689760D-03  0.2617284808499745D-03
  0.2864123809836034D-03  0.3134242468161901D-03  0.3429836313457631D-03
  0.3753307938559487D-03  0.4107286527458760D-03  0.4494649225374705D-03
  0.4918544524256642D-03  0.5382417853765554D-03  0.5890039585828776D-03
  0.6445535680286352D-03  0.7053421220761849D-03  0.7718637113384202D-03
  0.8446590246555876D-03  0.9243197438245261D-03  0.1011493352802746D-02
  0.1106888400469330D-02  0.1211280259725586D-02  0.1325517429741879D-02
  0.1450528432574995D-02  0.1587329360217395D-02  0.1737032133409879D-02
  0.1900853539360349D-02  0.2080125121809921D-02  0.2276304003853479D-02
  0.2490984731462545D-02  0.2725912233987780D-02  0.2982996006981064D-02
  0.3264325632615251D-02  0.3572187763849048D-02  0.3909084710390630D-02
  0.4277754777521720D-02  0.4681194523099038D-02  0.5122683113637299D-02
  0.5605808977442860D-02  0.6134498971431801D-02  0.6713050298703664D-02
  0.7346165436295465D-02  0.8038990357013375D-02  0.8797156356002696D-02
  0.9626825822031594D-02  0.1053474232551261D-01  0.1152828543038120D-01
  0.1261553067534337D-01  0.1380531521201797D-01  0.1510730963348806D-01
  0.1653209657707750D-01  0.1809125674024564D-01  0.1979746300873239D-01
  0.2166458346203333D-01  0.2370779409343428D-01  0.2594370216079502D-01
  0.2839048117068167D-01  0.3106801859299974D-01  0.3399807750675757D-01
  0.3720447349081781D-01  0.4071326819741025D-01  0.4455298118177536D-01
  0.4875482170969247D-01  0.5335294242703183D-01  0.5838471695316007D-01
  0.6389104365448312D-01  0.6991667806720600D-01  0.7651059667124986D-01
  0.8372639497207955D-01  0.9162272312607493D-01  0.1002637626501990D+00
  0.1097197480906831D+00  0.1200675378908606D+00  0.1313912390981639D+00
  0.1437828909879309D+00  0.1573432131605197D+00  0.1721824241922827D+00
  0.1884211374944149D+00  0.2061913416612269D+00  0.2256374732761431D+00
  0.2469175908952156D+00
    1 1000  327
  0.0000000000000000D+00  0.1807519712612135D-14 -0.8045836899958816D-15
  0.9651202961309880D-15 -0.1954330900686167D-14 -0.1003762099488561D-14
  0.1210717461119885D-14 -0.2750998422420704D-14  0.1728966653671421D-14
 -0.5844204357830735D-15 -0.1938827970883422D-14 -0.5173920802981497D-15
 -0.1371103734706404D-14 -0.8556706822553230D-15  0.2687999742820709D-14
 -0.5154903876840862D-15 -0.1392201305821133D-14 -0.1462089026014241D-14
 -0.2085345183813546D-14  0.2389401849937063D-14 -0.1501337130610963D-15
 -0.1549850448143085D-14 -0.1113206243323608D-14 -0.5719952036033307D-15
  0.2945643998874377D-14  0.2155903175443874D-14  0.6116185513334815D-15
  0.8075002316033134D-15 -0.4875585717186719D-14 -0.1219946859493604D-14
 -0.6103990400021987D-15  0.2845380292629254D-14 -0.2030599785924917D-14
 -0.1055003553823328D-14  0.3259697289272638D-14 -0.1334481533867270D-14
 -0.1887649272791495D-14  0.3624851911347823D-15  0.1573824433546686D-14
  0.1422691243754138D-14  0.3932772692713669D-14 -0.5216353998860726D-15
 -0.9146473619668563D-15 -0.4201397157620636D-14  0.1964261207110398D-15
  0.1243546087355428D-14 -0.2933750543648790D-14 -0.3499155799052499D-15
  0.3224871626078094D-14 -0.4147533767978339D-15 -0.2763255861102393D-14
  0.8081940735941308D-15  0.1686534701229822D-14  0.4093989061452892D-14
 -0.9171611583134886D-15 -0.3838849985991091D-14  0.3409646452294787D-14
  0.9067747768391332D-15  0.5466072722756045D-15  0.2314487882520063D-14
  0.3821290972269195D-15 -0.1601828560389572D-14  0.2232985145419911D-14
  0.8676585452219977D-15  0.2600585138066478D-14  0.3021375664558057D-14
  0.1216146459943806D-14  0.1884140559135366D-14  0.1484804198870799D-14
  0.8751687760922728D-15  0.4336825410017497D-14  0.6103910875568617D-14
  0.1704481288226855D-14  0.4588885009059488D-14  0.2312670907605259D-14
  0.6999831065022699D-14  0.8427095478781574D-14  0.1013805724259616D-13
  0.1031808124810506D-13  0.7366354236801157D-14  0.1128216489547041D-13
  0.1414372158847701D-13  0.1672574796871545D-13  0.1650769698926934D-13
  0.1846986957126652D-13  0.2101166957897200D-13  0.2672463433785058D-13
  0.2596894627188065D-13  0.3033127805650225D-13  0.3582394695290680D-13
  0.3952179474487312D-13  0.4780423732806818D-13  0.4948808989500919D-13
  0.6040399806206890D-13  0.6673434575162756D-13  0.7480240529774612D-13
  0.8334227339450034D-13  0.9467842616197139D-13  0.1095074489389750D-12
  0.1202449651907467D-12  0.1363958196963233D-12  0.1539072614691171D-12
  0.1709822583988898D-12  0.1942849523504721D-12  0.2202402739638723D-12
  0.2503786444888222D-12  0.2811596104147517D-12  0.3151604946106557D-12
  0.3556145439932363D-12  0.4007272756098335D-12  0.4551322614071342D-12
  0.5099349916014610D-12  0.5754368792086078D-12  0.6495101979439426D-12
  0.7319968080310825D-12  0.8289321634036632D-12  0.9330387281560488D-12
  0.1052842196252932D-11  0.1185327554996321D-11  0.1337097685859123D-11
  0.1509273614400767D-11  0.1702126255481481D-11  0.1918602215052597D-11
  0.2164330959908721D-11  0.2440947206187525D-11  0.2750286030343540D-11
  0.3102684336146860D-11  0.3495265884305308D-11  0.3944500384819181D-11
  0.4448036483471183D-11  0.5015398214311863D-11  0.5655108821663816D-11
  0.6380497779370899D-11  0.7192814415702397D-11  0.8112023869687351D-11
  0.9147297992623452D-11  0.1031829151470604D-10  0.1163182506169828D-10
  0.1311888527345208D-10  0.1479140163656052D-10  0.1668084057256170D-10
  0.1881235877707573D-10  0.2121247607898826D-10  0.2391986437595765D-10
  0.2697826321019021D-10  0.3042373880681588D-10  0.3430585614859184D-10
  0.3868829649834293D-10  0.4362716918326633D-10  0.4919852091575608D-10
  0.5547511277064515D-10  0.6256097138764038D-10  0.7054834677738840D-10
  0.7955633941063644D-10  0.8971856492290133D-10  0.1011716415541525D-09
  0.1140908278128441D-09  0.1286576242668169D-09  0.1450832319551002D-09
  0.1636118120695649D-09  0.1845037308582081D-09  0.2080582646840270D-09
  0.2346264406775527D-09  0.2645834461680540D-09  0.2983668166031159D-09
  0.3364637669132013D-09  0.3794269139413882D-09  0.4278744264124171D-09
  0.4825058666496179D-09  0.5441149221580446D-09  0.6135902776338532D-09
  0.6919366080541359D-09  0.7802880502327573D-09  0.8799187541982412D-09
  0.9922711015816213D-09  0.1118965590838851D-08  0.1261843906267824D-08
  0.1422962664169680D-08  0.1604653110011574D-08  0.1809540846184969D-08
  0.2040593111133976D-08  0.2301146057355288D-08  0.2594966890198344D-08
  0.2926305814980817D-08  0.3299948850066250D-08  0.3721302708096377D-08
  0.4196457644564827D-08  0.4732281164987187D-08  0.5336521365918241D-08
  0.6017913522161204D-08  0.6786310646459930D-08  0.7652819500806085D-08
  0.8629967869947898D-08  0.9731883776685312D-08  0.1097450017962386D-07
  0.1237577605127454D-07  0.1395597416797295D-07  0.1573794020281829D-07
  0.1774743657405315D-07  0.2001351512167130D-07  0.2256893782116175D-07
  0.2545064815046861D-07  0.2870031094423071D-07  0.3236490445623141D-07
  0.3649741174015988D-07  0.4115757686499890D-07  0.4641277526472383D-07
  0.5233898265185473D-07  0.5902187642320028D-07  0.6655807631176266D-07
  0.7505653184762099D-07  0.8464011248502784D-07  0.9544737076457822D-07
  0.1076345519377063D-06  0.1213778513688350D-06  0.1368759618924839D-06
  0.1543529448670587D-06  0.1740614739353234D-06  0.1962864842730277D-06
  0.2213492894680246D-06  0.2496122362214158D-06  0.2814839319240257D-06
  0.3174251593837915D-06  0.3579555367910366D-06  0.4036610282718046D-06
  0.4552024170175231D-06  0.5133248593355303D-06  0.5788686567123511D-06
  0.6527814023138975D-06  0.7361316827114377D-06  0.8301245309856312D-06
  0.9361188393709572D-06  0.1055647013151503D-05  0.1190437120951465D-05
  0.1342437880774189D-05  0.1513846831654942D-05  0.1707142105614306D-05
  0.1925118251829525D-05  0.2170926646564711D-05  0.2448121042953664D-05
  0.2760708958482476D-05  0.3113209608635376D-05  0.3510719243950747D-05
  0.3958984829106806D-05  0.4464487128612679D-05  0.5034534402142113D-05
  0.5677368064997813D-05  0.6402281832939972D-05  0.7219756091834831D-05
  0.8141609410804723D-05  0.9181169412952571D-05  0.1035346545581632D-04
  0.1167544591869410D-04  0.1316622322956629D-04  0.1484735018529210D-04
  0.1674313154920385D-04  0.1888097543190896D-04  0.2129178954417200D-04
  0.2401042804222053D-04  0.2707619543181958D-04  0.3053341480500117D-04
  0.3443206864116224D-04  0.3882852142434939D-04  0.4378633452765675D-04
  0.4937718514714845D-04  0.5568190256986827D-04  0.6279163675619903D-04
  0.7080917613335872D-04  0.7985043365175549D-04  0.9004612258772765D-04
  0.1015436463168209D-03  0.1145092293931923D-03  0.1291303207221048D-03
  0.1456183035919277D-03  0.1642115517286672D-03  0.1851788755666442D-03
  0.2088234085557588D-03  0.2354869896865940D-03  0.2655551056043788D-03
  0.2994624637502269D-03  0.3376992771092920D-03  0.3808183514285313D-03
  0.4294430773617964D-03  0.4842764430922998D-03  0.5461111977282143D-03
  0.6158413124116793D-03  0.6944749048376893D-03  0.7831488140355057D-03
  0.8831450361313107D-03  0.9959092587069982D-03  0.1123071761715531D-02
  0.1266470987126239D-02  0.1428180118056434D-02  0.1610537051653780D-02
  0.1816178199063296D-02  0.2048076601135014D-02  0.2309584910930030D-02
  0.2604483864440969D-02  0.2937036940288098D-02  0.3312051998628532D-02
  0.3734950790418838D-02  0.4211847341958314D-02  0.4749636347945342D-02
  0.5356092850990074D-02  0.6039984648684863D-02  0.6811199053355929D-02
  0.7680885837108583D-02  0.8661618428788865D-02  0.9767575693349054D-02
  0.1101474692168398D-01  0.1242116299455562D-01  0.1400715706264548D-01
  0.1579565851149519D-01  0.1781252446130871D-01  0.2008691359425289D-01
  0.2265170771382774D-01  0.2554398713097914D-01  0.2880556674980037D-01
  0.3248360060324636D-01  0.3663126357888994D-01  0.4130852019070792D-01
  0.4658299151136838D-01  0.5253093279861307D-01  0.5923833594969806D-01
  0.6680217272254459D-01  0.7533179669736163D-01  0.8495052424750589D-01
  0.9579741737633195D-01
    1 1000  327
  0.0000000000000000D+00 -0.8328877605972664D-15  0.7261261223303762D-16
 -0.8270067487555684D-14  0.1342771345554766D-14 -0.3601821785402077D-14
 -0.2602355709718424D-14 -0.4762822348887417D-16 -0.3224608374480022D-14
 -0.5281676895171080D-14  0.3057085892229770D-15  0.1715482937492841D-14
  0.9436357502254614D-15  0.6518668617844364D-15 -0.1376822619838900D-14
  0.1949056976291352D-16 -0.6195610464206726D-15 -0.9653449341188904D-15
 -0.5006171786811586D-15  0.4832751707787875D-16 -0.2804000889906146D-14
 -0.3698336841429416D-14 -0.1138486986109026D-14 -0.1022437120080663D-14
 -0.2188674829696326D-15 -0.5523219342884703D-14 -0.6757100735847802D-14
 -0.1878613427710813D-14 -0.1147807543090559D-14  0.4593202038690435D-15
  0.2217587569109372D-14 -0.1991165209368483D-14 -0.5479503984972129D-14
 -0.2247227144655931D-14  0.3049946234969526D-14  0.1612905756425263D-14
  0.2184005081248905D-14 -0.1106968623930850D-14 -0.4069957834518594D-14
 -0.2324784755156487D-14 -0.4254876523804362D-14 -0.1745900346265410D-14
  0.1685008525940045D-14 -0.3801094524027745D-14 -0.2014734883857505D-14
 -0.3094427780165577D-14  0.4074703549828807D-14 -0.2233716536821019D-14
 -0.1551167463865551D-14 -0.9636666992246015D-15  0.5178078928340132D-15
 -0.3262283399831254D-14 -0.1166039472527595D-14 -0.2383206089333751D-14
 -0.1708640706979789D-14  0.1232804364078042D-14 -0.5490380123364975D-15
 -0.1366552918195477D-14 -0.1513251347086408D-14  0.9607323489414722D-15
 -0.2798318405647760D-14 -0.3065226617790147D-14 -0.3711294172038659D-14
 -0.6383191696788121D-14 -0.4336482912981083D-14  0.6970522929737394D-15
 -0.1131571144140725D-13 -0.5787662829846539D-14 -0.5853592356783757D-14
 -0.5217096918874875D-14 -0.1036695478815408D-13 -0.1021634521770555D-13
 -0.1343488132253384D-13 -0.1284898886530362D-13 -0.1542254570022405D-13
 -0.1667310797023536D-13 -0.2253305902620270D-13 -0.2205486256305588D-13
 -0.2396361498651662D-13 -0.2518329374475227D-13 -0.3318915473725458D-13
 -0.3436210485163132D-13 -0.4060370908422039D-13 -0.4142523305166020D-13
 -0.4802729597445137D-13 -0.5288260790159776D-13 -0.5626868819529148D-13
 -0.6825112579487726D-13 -0.7451025458542319D-13 -0.8217422906406927D-13
 -0.9052889683975058D-13 -0.1060309776814385D-12 -0.1177807084410415D-12
 -0.1354183951558218D-12 -0.1501969517647381D-12 -0.1697264183608568D-12
 -0.1902237381880207D-12 -0.2176890306623365D-12 -0.2430055077636825D-12
 -0.2729028386938882D-12 -0.3142427193958724D-12 -0.3492737256463273D-12
 -0.3963902430640044D-12 -0.4422776580415565D-12 -0.5010522976447858D-12
 -0.5686240320832743D-12 -0.6360057087938174D-12 -0.7196611552013476D-12
 -0.8100416682829796D-12 -0.9102250847660506D-12 -0.1030890105567704D-11
 -0.1167266778501890D-11 -0.1308486257991146D-11 -0.1476835685478375D-11
 -0.1664631947225224D-11 -0.1876841050440478D-11 -0.2121243964811994D-11
 -0.2390437265560312D-11 -0.2696885611526730D-11 -0.3039736062668460D-11
 -0.3428632236914802D-11 -0.3869046279135757D-11 -0.4361606771407005D-11
 -0.4914474192298632D-11 -0.5545299407805448D-11 -0.6251449047603198D-11
 -0.7050558274208355D-11 -0.7949711858427549D-11 -0.8970058517789672D-11
 -0.1011694035661910D-10 -0.1140888375475013D-10 -0.1286552121171164D-10
 -0.1450677130527153D-10 -0.1635472873002728D-10 -0.1844219952116709D-10
 -0.2080259626013581D-10 -0.2345633044045419D-10 -0.2644916716750235D-10
 -0.2983002856211966D-10 -0.3363909338528263D-10 -0.3793365865375240D-10
 -0.4277728237831547D-10 -0.4824041222370471D-10 -0.5439671017992944D-10
 -0.6134270807777874D-10 -0.6917317381074559D-10 -0.7800505721512965D-10
 -0.8796845938797700D-10 -0.9919911629936621D-10 -0.1118663983473708D-09
 -0.1261505762377572D-09 -0.1422580030144591D-09 -0.1604221183035708D-09
 -0.1809029925638626D-09 -0.2039998908968275D-09 -0.2300526414187305D-09
 -0.2594227901868051D-09 -0.2925491656485868D-09 -0.3299006492403220D-09
 -0.3720229834370656D-09 -0.4195252984478264D-09 -0.4730933234490636D-09
 -0.5335010637669817D-09 -0.6016208803951541D-09 -0.6784380460823231D-09
 -0.7650617485614811D-09 -0.8627509859244977D-09 -0.9729105825937762D-09
 -0.1097138140455940D-08 -0.1237226375241548D-08 -0.1395202387311175D-08
 -0.1573346727039144D-08 -0.1774239005186732D-08 -0.2000781792773899D-08
 -0.2256252506554442D-08 -0.2544342468303442D-08 -0.2869214347253288D-08
 -0.3235570282711681D-08 -0.3648703127858027D-08 -0.4114587274314327D-08
 -0.4639956585882927D-08 -0.5232410102737133D-08 -0.5900512167349623D-08
 -0.6653914467466031D-08 -0.7503519258050819D-08 -0.8461604744002537D-08
 -0.9542021630766861D-08 -0.1076039196452616D-07 -0.1213433264893396D-07
 -0.1368370266295911D-07 -0.1543090288881047D-07 -0.1740119527040653D-07
 -0.1962306661709327D-07 -0.2212863284039272D-07 -0.2495412567407032D-07
 -0.2814038848398756D-07 -0.3173348824504327D-07 -0.3578537039437270D-07
 -0.4035462191600392D-07 -0.4550729501149073D-07 -0.5131788622777977D-07
 -0.5787040088449460D-07 -0.6525957390852171D-07 -0.7359223089387878D-07
 -0.8298884054857573D-07 -0.9358525728244244D-07 -0.1055346746564935D-06
 -0.1190098521321556D-06 -0.1342056040585769D-06 -0.1513416247214358D-06
 -0.1706656553277719D-06 -0.1924570678776649D-06 -0.2170309165431876D-06
 -0.2447424710521586D-06 -0.2759923711648377D-06 -0.3112324105198633D-06
 -0.3509720675880330D-06 -0.3957858758155003D-06 -0.4463217277822803D-06
 -0.5033102399886703D-06 -0.5675753224825219D-06 -0.6400460808142550D-06
 -0.7217702540117190D-06 -0.8139293656947297D-06 -0.9178557984694221D-06
 -0.1035052057879047D-05 -0.1167212503002961D-05 -0.1316247829665072D-05
 -0.1484312710268563D-05 -0.1673836923134259D-05 -0.1887560504005918D-05
 -0.2128573343991540D-05 -0.2400359865947136D-05 -0.2706849404252479D-05
 -0.3052473007167508D-05 -0.3442227499822202D-05 -0.3881747729011275D-05
 -0.4377388022513519D-05 -0.4936314060904613D-05 -0.5566606476046860D-05
 -0.6277377670216540D-05 -0.7078903561629084D-05 -0.7982772150120121D-05
 -0.9002051043042681D-05 -0.1015147638847472D-04 -0.1144766591161735D-04
 -0.1290935917106553D-04 -0.1455768848413793D-04 -0.1641648444282538D-04
 -0.1851262044506850D-04 -0.2087640121409142D-04 -0.2354200092456337D-04
 -0.2654795727859671D-04 -0.2993772865287065D-04 -0.3376032240486415D-04
 -0.3807100338521918D-04 -0.4293209292753494D-04 -0.4841386985469744D-04
 -0.5459558652887975D-04 -0.6156661463826959D-04 -0.6942773727620876D-04
 -0.7829260601156118D-04 -0.8828938399111031D-04 -0.9956259885433563D-04
 -0.1122752322249236D-03 -0.1266110760086681D-03 -0.1427773895487808D-03
 -0.1610078960623659D-03 -0.1815661616761302D-03 -0.2047494059108199D-03
 -0.2308927987124985D-03 -0.2603743061428181D-03 -0.2936201547974186D-03
 -0.3311109939387181D-03 -0.3733888444508481D-03 -0.4210649350592451D-03
 -0.4748285391254435D-03 -0.5354569397627030D-03 -0.6038266673440554D-03
 -0.6809261718736294D-03 -0.7678701134250100D-03 -0.8659154772519437D-03
 -0.9764797465548040D-03 -0.1101161395634599D-02 -0.1241762999707479D-02
 -0.1400317295498570D-02 -0.1579116569373388D-02 -0.1780745797888185D-02
 -0.2008120019888533D-02 -0.2264526480455068D-02 -0.2553672155993621D-02
 -0.2879737347556430D-02 -0.3247436117219348D-02 -0.3662084441266563D-02
 -0.4129677065503104D-02 -0.4656974173823977D-02 -0.5251599123047528D-02
 -0.5922148656999474D-02 -0.6678317193267945D-02 -0.7531036979490208D-02
 -0.8492636145467610D-02 -0.9577016936143925D-02 -0.1079985670222527D-01
 -0.1217883455425552D-01 -0.1373388695697854D-01 -0.1548749595922176D-01
 -0.1746501422636453D-01 -0.1969503157451957D-01 -0.2220978830556982D-01
 -0.2504564131881879D-01 -0.2824358973802578D-01 -0.3184986765304119D-01
 -0.3591661254555351D-01 -0.4050261906266427D-01 -0.4567418903591471D-01
 -0.5150609003484080D-01 -0.5808263631328252D-01 -0.6549890777612916D-01
 -0.7386212458962993D-01 -0.8329319730858695D-01 -0.9392847493126705D-01
 -0.1059217161544126D+00 -0.1194463123276074D+00 -0.1346977942451884D+00
 -0.1518966590174567D+00 -0.1712915578904493D+00 -0.1931628911019359D+00
 -0.2178268617459931D+00
