  0.8350000000000000D+01    4
  0.2211313321219523D+01
    1  315    7
  327  327  327  327  327  327  327
  0.1944332001354901D-01  0.0000000000000000D+00  0.0000000000000000D+00
  0.0000000000000000D+00  0.0000000000000000D+00  0.0000000000000000D+00
  0.0000000000000000D+00  0.0000000000000000D+00  0.0000000000000000D+00
  0.0000000000000000D+00  0.0000000000000000D+00  0.0000000000000000D+00
  0.0000000000000000D+00  0.0000000000000000D+00  0.0000000000000000D+00
  0.0000000000000000D+00  0.0000000000000000D+00  0.0000000000000000D+00
  0.0000000000000000D+00  0.0000000000000000D+00  0.0000000000000000D+00
  0.0000000000000000D+00  0.0000000000000000D+00  0.0000000000000000D+00
  0.0000000000000000D+00  0.0000000000000000D+00  0.0000000000000000D+00
  0.0000000000000000D+00  0.0000000000000000D+00  0.0000000000000000D+00
  0.0000000000000000D+00  0.0000000000000000D+00  0.0000000000000000D+00
  0.0000000000000000D+00  0.0000000000000000D+00  0.0000000000000000D+00
  0.0000000000000000D+00  0.0000000000000000D+00  0.0000000000000000D+00
  0.0000000000000000D+00  0.0000000000000000D+00  0.0000000000000000D+00
  0.0000000000000000D+00  0.0000000000000000D+00  0.0000000000000000D+00
  0.0000000000000000D+00  0.0000000000000000D+00  0.0000000000000000D+00
  0.0000000000000000D+00  0.0000000000000000D+00  0.0000000000000000D+00
  0.0000000000000000D+00  0.0000000000000000D+00  0.0000000000000000D+00
  0.0000000000000000D+00  0.0000000000000000D+00  0.0000000000000000D+00
  0.0000000000000000D+00  0.0000000000000000D+00  0.0000000000000000D+00
  0.0000000000000000D+00  0.0000000000000000D+00  0.0000000000000000D+00
  0.0000000000000000D+00  0.0000000000000000D+00  0.0000000000000000D+00
  0.0000000000000000D+00  0.0000000000000000D+00  0.0000000000000000D+00
  0.0000000000000000D+00  0.0000000000000000D+00  0.0000000000000000D+00
  0.0000000000000000D+00  0.0000000000000000D+00  0.0000000000000000D+00
  0.0000000000000000D+00  0.0000000000000000D+00  0.0000000000000000D+00
  0.0000000000000000D+00  0.0000000000000000D+00  0.0000000000000000D+00
  0.0000000000000000D+00  0.0000000000000000D+00  0.0000000000000000D+00
  0.0000000000000000D+00  0.0000000000000000D+00  0.0000000000000000D+00
  0.0000000000000000D+00  0.0000000000000000D+00  0.0000000000000000D+00
  0.0000000000000000D+00  0.0000000000000000D+00  0.0000000000000000D+00
  0.0000000000000000D+00  0.0000000000000000D+00  0.0000000000000000D+00
  0.0000000000000000D+00  0.0000000000000000D+00  0.0000000000000000D+00
  0.0000000000000000D+00  0.0000000000000000D+00  0.0000000000000000D+00
  0.0000000000000000D+00  0.0000000000000000D+00  0.0000000000000000D+00
  0.0000000000000000D+00  0.0000000000000000D+00  0.0000000000000000D+00
  0.0000000000000000D+00  0.0000000000000000D+00  0.0000000000000000D+00
  0.0000000000000000D+00  0.0000000000000000D+00  0.0000000000000000D+00
  0.0000000000000000D+00  0.0000000000000000D+00  0.0000000000000000D+00
  0.0000000000000000D+00  0.0000000000000000D+00  0.0000000000000000D+00
  0.0000000000000000D+00  0.0000000000000000D+00  0.0000000000000000D+00
  0.0000000000000000D+00  0.0000000000000000D+00  0.0000000000000000D+00
  0.0000000000000000D+00  0.0000000000000000D+00  0.0000000000000000D+00
  0.0000000000000000D+00  0.0000000000000000D+00  0.0000000000000000D+00
  0.0000000000000000D+00  0.0000000000000000D+00  0.0000000000000000D+00
  0.0000000000000000D+00  0.0000000000000000D+00  0.0000000000000000D+00
  0.0000000000000000D+00  0.0000000000000000D+00  0.0000000000000000D+00
  0.0000000000000000D+00  0.0000000000000000D+00  0.0000000000000000D+00
  0.0000000000000000D+00  0.0000000000000000D+00  0.0000000000000000D+00
  0.0000000000000000D+00  0.0000000000000000D+00  0.0000000000000000D+00
  0.0000000000000000D+00  0.0000000000000000D+00  0.0000000000000000D+00
  0.0000000000000000D+00  0.0000000000000000D+00  0.0000000000000000D+00
  0.0000000000000000D+00  0.0000000000000000D+00  0.0000000000000000D+00
  0.0000000000000000D+00  0.0000000000000000D+00  0.0000000000000000D+00
  0.0000000000000000D+00  0.0000000000000000D+00  0.0000000000000000D+00
  0.0000000000000000D+00  0.0000000000000000D+00  0.0000000000000000D+00
  0.0000000000000000D+00  0.0000000000000000D+00  0.0000000000000000D+00
  0.0000000000000000D+00  0.0000000000000000D+00  0.0000000000000000D+00
  0.0000000000000000D+00  0.0000000000000000D+00  0.0000000000000000D+00
  0.0000000000000000D+00  0.0000000000000000D+00  0.0000000000000000D+00
  0.0000000000000000D+00  0.0000000000000000D+00  0.0000000000000000D+00
  0.0000000000000000D+00  0.0000000000000000D+00  0.0000000000000000D+00
  0.0000000000000000D+00  0.0000000000000000D+00  0.0000000000000000D+00
  0.0000000000000000D+00  0.0000000000000000D+00  0.0000000000000000D+00
  0.0000000000000000D+00  0.0000000000000000D+00  0.0000000000000000D+00
  0.0000000000000000D+00  0.0000000000000000D+00  0.0000000000000000D+00
  0.0000000000000000D+00  0.0000000000000000D+00  0.0000000000000000D+00
  0.0000000000000000D+00  0.0000000000000000D+00  0.0000000000000000D+00
  0.0000000000000000D+00  0.0000000000000000D+00  0.0000000000000000D+00
  0.0000000000000000D+00  0.0000000000000000D+00  0.0000000000000000D+00
  0.0000000000000000D+00  0.0000000000000000D+00  0.0000000000000000D+00
  0.0000000000000000D+00  0.0000000000000000D+00  0.0000000000000000D+00
  0.0000000000000000D+00  0.0000000000000000D+00  0.0000000000000000D+00
  0.0000000000000000D+00  0.0000000000000000D+00  0.0000000000000000D+00
  0.0000000000000000D+00  0.0000000000000000D+00  0.0000000000000000D+00
  0.0000000000000000D+00  0.0000000000000000D+00  0.0000000000000000D+00
  0.0000000000000000D+00  0.0000000000000000D+00  0.0000000000000000D+00
  0.0000000000000000D+00  0.0000000000000000D+00  0.0000000000000000D+00
  0.0000000000000000D+00  0.0000000000000000D+00  0.0000000000000000D+00
  0.0000000000000000D+00  0.0000000000000000D+00  0.0000000000000000D+00
  0.0000000000000000D+00  0.0000000000000000D+00  0.0000000000000000D+00
  0.0000000000000000D+00  0.0000000000000000D+00  0.0000000000000000D+00
  0.0000000000000000D+00  0.0000000000000000D+00  0.0000000000000000D+00
  0.0000000000000000D+00  0.0000000000000000D+00  0.0000000000000000D+00
  0.0000000000000000D+00  0.0000000000000000D+00  0.0000000000000000D+00
  0.0000000000000000D+00  0.0000000000000000D+00  0.0000000000000000D+00
  0.0000000000000000D+00  0.0000000000000000D+00  0.0000000000000000D+00
  0.0000000000000000D+00  0.0000000000000000D+00  0.0000000000000000D+00
  0.0000000000000000D+00  0.0000000000000000D+00  0.0000000000000000D+00
  0.0000000000000000D+00  0.0000000000000000D+00  0.0000000000000000D+00
  0.0000000000000000D+00  0.0000000000000000D+00  0.0000000000000000D+00
  0.0000000000000000D+00  0.0000000000000000D+00  0.0000000000000000D+00
  0.0000000000000000D+00  0.0000000000000000D+00  0.0000000000000000D+00
  0.0000000000000000D+00  0.0000000000000000D+00  0.0000000000000000D+00
  0.0000000000000000D+00  0.0000000000000000D+00  0.0000000000000000D+00
  0.0000000000000000D+00  0.0000000000000000D+00  0.0000000000000000D+00
  0.0000000000000000D+00  0.0000000000000000D+00  0.0000000000000000D+00
  0.0000000000000000D+00  0.0000000000000000D+00  0.0000000000000000D+00
  0.0000000000000000D+00  0.0000000000000000D+00  0.0000000000000000D+00
  0.0000000000000000D+00  0.0000000000000000D+00  0.0000000000000000D+00
  0.0000000000000000D+00  0.0000000000000000D+00  0.0000000000000000D+00
  0.0000000000000000D+00  0.0000000000000000D+00  0.0000000000000000D+00
  0.0000000000000000D+00  0.0000000000000000D+00  0.0000000000000000D+00
  0.0000000000000000D+00  0.0000000000000000D+00  0.0000000000000000D+00
  0.0000000000000000D+00  0.0000000000000000D+00  0.0000000000000000D+00
  0.0000000000000000D+00  0.1722683769049791D+06  0.1719211423653654D+06
  0.1715733015992483D+06  0.1712248213138331D+06  0.1708756701793054D+06
  0.1705258437172162D+06  0.1701752776385542D+06  0.1698239622941032D+06
  0.1694718422398283D+06  0.1691188843156454D+06  0.1687650467703202D+06
  0.1684102883286918D+06  0.1680545666909634D+06  0.1676978383448822D+06
  0.1673400587040246D+06  0.1669811820424525D+06  0.1666211614639611D+06
  0.1662599488734555D+06  0.1658974949442669D+06  0.1655337490857466D+06
  0.1651686594103194D+06  0.1648021726999573D+06  0.1644342343721513D+06
  0.1640647884453525D+06  0.1636937775038883D+06  0.1633211426623568D+06
  0.1629468235294979D+06  0.1625707581715517D+06  0.1621928830751043D+06
  0.1618131331094304D+06  0.1614314414883511D+06  0.1610477397316061D+06
  0.1606619576257632D+06  0.1602740231846842D+06  0.1598838626095557D+06
  0.1594914002485217D+06  0.1590965585559291D+06  0.1586992580512232D+06
  0.1582994172775219D+06  0.1578969527598991D+06  0.1574917789634207D+06
  0.1570838082509749D+06  0.1566729508409341D+06  0.1562591147647105D+06
  0.1558422058242498D+06  0.1554221275495276D+06  0.1549987811561095D+06
  0.1545720655028444D+06  0.1541418770497668D+06  0.1537081098162892D+06
  0.1532706553397660D+06  0.1528294026345289D+06  0.1523842381514885D+06
  0.1519350457384112D+06  0.1514817066009860D+06  0.1510240992648000D+06
  0.1505620995383600D+06  0.1500955804772931D+06  0.1496244123498783D+06
  0.1491484626040672D+06  0.1486675958361595D+06  0.1481816737613171D+06
  0.1476905551861019D+06  0.1471940959832420D+06  0.1466921490688381D+06
  0.1461845643822388D+06  0.1456711888688228D+06  0.1451518664659418D+06
  0.1446264380922915D+06  0.1440947416409954D+06  0.1435566119766983D+06
  0.1430118809369817D+06  0.1424603773384405D+06  0.1419019269877575D+06
  0.1413363526981533D+06  0.1407634743115921D+06  0.1401831087271448D+06
  0.1395950699359389D+06  0.1389991690631382D+06  0.1383952144174103D+06
  0.1377830115483797D+06  0.1371623633125638D+06  0.1365330699483269D+06
  0.1358949291604049D+06  0.1352477362145699D+06  0.1345912840430410D+06
  0.1339253633612562D+06  0.1332497627966477D+06  0.1325642690300974D+06
  0.1318686669507487D+06  0.1311627398248979D+06  0.1304462694796958D+06
  0.1297190365024111D+06  0.1289808204560418D+06  0.1282314001120588D+06
  0.1274705537011054D+06  0.1266980591824799D+06  0.1259136945332471D+06
  0.1251172380578400D+06  0.1243084687190234D+06  0.1234871664910910D+06
  0.1226531127361906D+06  0.1218060906046518D+06  0.1209458854602058D+06
  0.1200722853309732D+06  0.1191850813870795D+06  0.1182840684457546D+06
  0.1173690455047378D+06  0.1164398163047805D+06  0.1154961899220200D+06
  0.1145379813909246D+06  0.1135650123584872D+06  0.1125771117702636D+06
  0.1115741165887842D+06  0.1105558725447959D+06  0.1095222349216779D+06
  0.1084730693732871D+06  0.1074082527753592D+06  0.1063276741104583D+06
  0.1052312353863230D+06  0.1041188525872899D+06  0.1029904566582903D+06
  0.1018459945207271D+06  0.1006854301193049D+06  0.9950874549866702D+05
  0.9831594190842153D+05  0.9710704093486606D+05  0.9588208565742489D+05
  0.9464114182748301D+05  0.9338429906696154D+05  0.9211167208361682D+05
  0.9082340189964566D+05  0.8951965708977966D+05  0.8820063502460963D+05
  0.8686656311442671D+05  0.8551770004839796D+05  0.8415433702338632D+05
  0.8277679895622467D+05  0.8138544567271617D+05  0.7998067306609325D+05
  0.7856291421711732D+05  0.7713264046743813D+05  0.7569036243727166D+05
  0.7423663097789284D+05  0.7277203804888813D+05  0.7129721750956903D+05
  0.6981284581342946D+05  0.6831964259403149D+05  0.6681837113024916D+05
  0.6530983867838040D+05  0.6379489665827848D+05  0.6227444068035110D+05
  0.6074941040005856D+05  0.5922078918639894D+05  0.5768960359083339D+05
  0.5615692260317891D+05  0.5462385668119043D+05  0.5309155654089653D+05
  0.5156121169523741D+05  0.5003404872921268D+05  0.4851132930057717D+05
  0.4699434785615417D+05  0.4548442905506340D+05  0.4398292489160896D+05
  0.4249121151224520D+05  0.4101068572294434D+05  0.3954276118543476D+05
  0.3808886430316670D+05  0.3665042980049276D+05  0.3522889600142441D+05
  0.3382569981742722D+05  0.3244227145704695D+05  0.3108002887369046D+05
  0.2974037197160598D+05  0.2842467659398274D+05  0.2713428832109605D+05
  0.2587051611051570D+05  0.2463462581553124D+05  0.2342783362207774D+05
  0.2225129944850835D+05  0.2110612035649813D+05  0.1999332402510175D+05
  0.1891386234345844D+05  0.1786860518075614D+05  0.1685833439475473D+05
  0.1588373814233988D+05  0.1494540555714862D+05  0.1404382186018884D+05
  0.1317936396948585D+05  0.1235229667404961D+05  0.1156276943579408D+05
  0.1081081388039042D+05  0.1009634203434568D+05  0.9419145360827950D+04
  0.8778894640885392D+04  0.8175140739722126D+04  0.7607316289617766D+04
  0.7074738311946440D+04  0.6576611790629499D+04  0.6112034198336381D+04
  0.5680000964946012D+04  0.5279411865346072D+04  0.4909078290751459D+04
  0.4567731354569295D+04  0.4254030770649675D+04  0.3966574428786726D+04
  0.3703908579835712D+04  0.3464538530056652D+04  0.3246939767833680D+04
  0.3049569246695070D+04  0.2870877011396153D+04  0.2709317713207910D+04
  0.2563362041429668D+04  0.2431507897968367D+04  0.2312291176169023D+04
  0.2204296007952543D+04  0.2106164348620393D+04  0.2016604776389348D+04
  0.1934400393747527D+04  0.1858415729945977D+04  0.1787602558180320D+04
  0.1721004557049194D+04  0.1657760763433120D+04  0.1597107782710337D+04
  0.1538380741872667D+04  0.1481012991251016D+04  0.1424534580811886D+04
  0.1368569556933480D+04  0.1312832144799212D+04  0.1257121899650527D+04
  0.1201317926731379D+04  0.1145372284473636D+04  0.1089302697997240D+04
  0.1033184720060936D+04  0.9771434839869052D+03  0.9213451976460229D+03
  0.8659885292470129D+03  0.8112960344064124D+03  0.7575057698370849D+03
  0.7048632320928664D+03  0.6536137503143899D+03  0.6039954500550429D+03
  0.5562328912874312D+03  0.5105314678963391D+03  0.4670726386781991D+03
  0.4260100414355600D+03  0.3874665225402130D+03  0.3515320947152176D+03
  0.3182628161383995D+03  0.2876805646901165D+03  0.2597736626547703D+03
  0.2344982898419294D+03  0.2117806073240034D+03  0.1915194932987211D+03
  0.1735898224223193D+03  0.1578461085432973D+03  0.1441264611442239D+03
  0.1322567065534686D+03  0.1220545388122484D+03  0.1133336353282530D+03
  0.1059075775621547D+03  0.9959350951786679D+02  0.9421544535795721D+02
  0.8960715881532128D+02  0.8561460365531316D+02  0.8209783165373186D+02
  0.7893239202651941D+02  0.7601021286234032D+02  0.7323998155563602D+02
  0.7054705455128754D+02  0.6787294108080731D+02  0.6517441392153390D+02
  0.6242230952285760D+02  0.5960008445535786D+02  0.5670219735662975D+02
  0.5373238545154784D+02  0.5070190145013503D+02  0.4762777142689696D+02
  0.4453112702999326D+02  0.4143565671179372D+02  0.3836621110818416D+02
  0.3534758775442106D+02  0.3240351051613278D+02  0.2955580988410735D+02
  0.2682380199910478D+02  0.2422385721036962D+02  0.2176914329889983D+02
  0.1946952428395582D+02  0.1733159295835636D+02  0.1535881386880448D+02
  0.1355175321840266D+02  0.1190837292819477D+02  0.1042436774858876D+02
  0.9093522835999625D+01  0.7908088491692071D+01  0.6859141689753224D+01
  0.5936922170519513D+01  0.5131153658128464D+01  0.4431328670803227D+01
  0.3826957025495616D+01  0.3307776163575872D+01  0.2863922987693624D+01
  0.2486068446287685D+01  0.2165516774434699D+01  0.1894272771715022D+01
  0.1665080117141302D+01  0.1471435059523746D+01  0.1307579124943563D+01
  0.1168474917472072D+01  0.1049768833892867D+01  0.9477441280122526D+00
  0.8592675413216384D+00  0.7817322304992299D+00  0.7129993293505373D+00
  0.6513400499460900D+00  0.5953798168537499D+00  0.5440455624706604D+00
  0.4965169372571360D+00  0.4521820002203302D+00  0.4105974194480564D+00
  0.3714540220706166D+00  0.3345456766826108D+00  0.2997467677305467D+00
  0.2669791431359603D+00  0.2362252914766974D+00  0.2074339872553255D+00
  0.1806806879747342D+00
  0.0000000000000000D+00  0.3566607753055576D-14  0.3641650243487162D-14
  0.3718263047763304D-14  0.3796476471782373D-14  0.3876306507649332D-14
  0.3957997798882005D-14  0.4041440403766091D-14  0.4126898079634668D-14
  0.4214255048595466D-14  0.4303609318096610D-14  0.4394991782536786D-14
  0.4488443691050361D-14  0.4584011637879516D-14  0.4681740990069440D-14
  0.4781679071197948D-14  0.4883874752805791D-14  0.4988378291003327D-14
  0.5095241468094077D-14  0.5204517589203415D-14  0.5316261500624725D-14
  0.5430529618067432D-14  0.5547379950742155D-14  0.5666872127998581D-14
  0.5789067427483890D-14  0.5914028804356160D-14  0.6041820921732773D-14
  0.6172510182238562D-14  0.6306164760563636D-14  0.6442854636957152D-14
  0.6582651631570500D-14  0.6725629439563883D-14  0.6871863666888176D-14
  0.7021431866650709D-14  0.7174413575970770D-14  0.7330890353225581D-14
  0.7490945815584383D-14  0.7654665676721548D-14  0.7822137784595658D-14
  0.7993452159173988D-14  0.8168701029975590D-14  0.8347978873298874D-14
  0.8531382448991632D-14  0.8719010836612437D-14  0.8910965470824004D-14
  0.9107350175848789D-14  0.9308271198806662D-14  0.9513837241744077D-14
  0.9724159492151482D-14  0.9939351651754417D-14  0.1015952996334992D-13
  0.1038481323544612D-13  0.1061532286444904D-13  0.1085118285412450D-13
  0.1109251983204756D-13  0.1133946306273492D-13  0.1159214445713772D-13
  0.1185069857815472D-13  0.1211526264180495D-13  0.1238597651368010D-13
  0.1266298270027472D-13  0.1294642633477114D-13  0.1323645515683208D-13
  0.1353321948593058D-13  0.1383687218772155D-13  0.1414756863293319D-13
  0.1446546664822985D-13  0.1479072645846892D-13  0.1512351061974649D-13
  0.1546398394259447D-13  0.1581231340466241D-13  0.1616866805218341D-13
  0.1653321888949004D-13  0.1690613875581315D-13  0.1728760218855768D-13
  0.1767778527221641D-13  0.1807686547204209D-13  0.1848502145156011D-13
  0.1890243287296550D-13  0.1932928017940594D-13  0.1976574435811071D-13
  0.2021200668328583D-13  0.2066824843764912D-13  0.2113465061143861D-13
  0.2161139357768311D-13  0.2209865674247821D-13  0.2259661816897034D-13
  0.2310545417370416D-13  0.2362533889394768D-13  0.2415644382456610D-13
  0.2469893732297293D-13  0.2525298408064771D-13  0.2581874455967095D-13
  0.2639637439268861D-13  0.2698602374468820D-13  0.2758783663493285D-13
  0.2820195021737788D-13  0.2882849401786752D-13  0.2946758912639354D-13
  0.3011934734268597D-13  0.3078387027339963D-13  0.3146124837916214D-13
  0.3215155996976269D-13  0.3285487014577558D-13  0.3357122968494921D-13
  0.3430067387173069D-13  0.3504322126835188D-13  0.3579887242597689D-13
  0.3656760853449498D-13  0.3734939000964793D-13  0.3814415501630950D-13
  0.3895181792687499D-13  0.3977226771389446D-13  0.4060536627627544D-13
  0.4145094669860402D-13  0.4230881144339171D-13  0.4317873047633428D-13
  0.4406043932499872D-13  0.4495363707170878D-13  0.4585798428180161D-13
  0.4677310086887455D-13  0.4769856389912902D-13  0.4863390533746055D-13
  0.4957860973853923D-13  0.5053211188676920D-13  0.5149379438973004D-13
  0.5246298523046952D-13  0.5343895528485159D-13  0.5442091581107134D-13
  0.5540801591941678D-13  0.5639934003140848D-13  0.5739390533856992D-13
  0.5839065927227868D-13  0.5938847699743224D-13  0.6038615894401752D-13
  0.6138242839211275D-13  0.6237592912737504D-13  0.6336522318565679D-13
  0.6434878870708129D-13  0.6532501792164975D-13  0.6629221529027626D-13
  0.6724859582703310D-13  0.6819228363033128D-13  0.6912131065274800D-13
  0.7003361574125067D-13  0.7092704398161280D-13  0.7179934638288819D-13
  0.7264817993986459D-13  0.7347110811344728D-13  0.7426560177090555D-13
  0.7502904062981478D-13  0.7575871525132478D-13  0.7645182963003892D-13
  0.7710550442927361D-13  0.7771678091172471D-13  0.7828262561657373D-13
  0.7879993583475399D-13  0.7926554593442191D-13  0.7967623458858899D-13
  0.8002873295628438D-13  0.8031973386750189D-13  0.8054590206042526D-13
  0.8070388551701093D-13  0.8079032793978571D-13  0.8080188240868061D-13
  0.8073522625173895D-13  0.8058707715755789D-13  0.8035421055023965D-13
  0.8003347823938689D-13  0.7962182834816703D-13  0.7911632651165407D-13
  0.7851417832542622D-13  0.7781275301072585D-13  0.7700960824730202D-13
  0.7610251610833375D-13  0.7508949001353909D-13  0.7396881259672392D-13
  0.7273906436262590D-13  0.7139915298501554D-13  0.6994834307371334D-13
  0.6838628621257002D-13  0.6671305104370888D-13  0.6492915314562707D-13
  0.6303558442436218D-13  0.6103384170813394D-13  0.5892595420705158D-13
  0.5671450947102940D-13  0.5440267745150239D-13  0.5199423224638522D-13
  0.4949357108365005D-13  0.4690573007755986D-13  0.4423639627377428D-13
  0.4149191548605304D-13  0.3867929541900108D-13  0.3580620356915702D-13
  0.3288095940167720D-13  0.2991252031288067D-13  0.2691046091096730D-13
  0.2388494517922475D-13  0.2084669112886570D-13  0.1780692760306085D-13
  0.1477734296036411D-13  0.1177002544504142D-13  0.8797395144033526D-14
  0.5872127535410092D-14  0.3007068750915685D-14  0.2151428049903238D-15
 -0.2490748816419002D-14 -0.5097834663041368D-14 -0.7593587219865575D-14
 -0.9965842329424523D-14 -0.1220292309631411D-13 -0.1429376706032335D-13
 -0.1622805525174074D-13 -0.1799634157286682D-13 -0.1959018078713112D-13
 -0.2100225324544014D-13 -0.2222648434322475D-13 -0.2325815658639631D-13
 -0.2409401205594887D-13 -0.2473234300555837D-13 -0.2517306831068764D-13
 -0.2541779351772469D-13 -0.2546985232336879D-13 -0.2533432745275860D-13
 -0.2501804910341020D-13 -0.2452956938303918D-13 -0.2387911149313636D-13
 -0.2307849279509892D-13 -0.2214102133803137D-13 -0.2108136592110269D-13
 -0.1991540030051712D-13 -0.1866002272161939D-13 -0.1733295254843802D-13
 -0.1595250636244137D-13 -0.1453735649447798D-13 -0.1310627552282044D-13
 -0.1167787079934823D-13 -0.1027031353839916D-13 -0.8901067402122043D-14
 -0.7586621826356483D-14 -0.6342235537272829D-14 -0.5181695797828833D-14
 -0.4117098882972336D-14 -0.3158657104123503D-14 -0.2314537380114021D-14
 -0.1590735879816244D-14 -0.9909926410617453D-15 -0.5167493050841318D-15
 -0.1671522042238735D-15  0.6089798312807930D-16  0.1726499226362749D-15
  0.1753597740437007D-15  0.7810616193571055D-16 -0.1084344221830351D-15
 -0.3722469678628608D-15 -0.7002661083630119D-15 -0.1078686188159956D-14
 -0.1493285541529032D-14 -0.1929756735576670D-14 -0.2374034237970240D-14
 -0.2812610949092819D-14 -0.3232835289076466D-14 -0.3623181037216837D-14
 -0.3973482865076162D-14 -0.4275131462906424D-14 -0.4521223312424450D-14
 -0.4706661487396075D-14 -0.4828205342260189D-14 -0.4884468542755216D-14
 -0.4875866551283214D-14 -0.4804516339124227D-14 -0.4674092682129198D-14
 -0.4489646826708664D-14 -0.4257394512442418D-14 -0.3984481241532736D-14
 -0.3678733245611593D-14 -0.3348402790828563D-14 -0.3001916279974243D-14
 -0.2647633076298268D-14 -0.2293622129521958D-14 -0.1947462389262478D-14
 -0.1616071715542354D-14 -0.1305567617090660D-14 -0.1021161742603583D-14
 -0.7670886894299209D-15 -0.5465684397375800D-15 -0.3618006344091616D-15
 -0.2139879831165078D-15 -0.1033854034405097D-15 -0.2937098652578061D-16
  0.9465406617035001D-17  0.1522022312555013D-16 -0.9434775485467626D-17
 -0.6136850860662787D-16 -0.1371077909941655D-15 -0.2329523494985339D-15
 -0.3450846442271705D-15 -0.4696719501047816D-15 -0.6029586263651332D-15
 -0.7413469811190423D-15 -0.8814656146022732D-15 -0.1020224592653040D-14
 -0.1154857253121668D-14 -0.1282948874428649D-14 -0.1402452827111007D-14
 -0.1511695172681331D-14 -0.1609368956682499D-14 -0.1694519649533492D-14
 -0.1766523312679457D-14 -0.1825059104116192D-14 -0.1870077694739444D-14
 -0.1901767059074563D-14 -0.1920516951077158D-14 -0.1926883199914565D-14
 -0.1921552779740482D-14 -0.1905310434565511D-14 -0.1879007480153214D-14
 -0.1843533260158455D-14 -0.1799789601268034D-14 -0.1748668487435294D-14
 -0.1691033056830665D-14 -0.1627701903199317D-14 -0.1559436571755190D-14
 -0.1486931966930627D-14 -0.1410809525386719D-14 -0.1331612125912412D-14
 -0.1249801906641781D-14
  0.0000000000000000D+00  0.4237169303318431D-18  0.4421327485296172D-18
  0.4613486134831754D-18  0.4813988321624984D-18  0.5023152059746174D-18
  0.5241841672838565D-18  0.5470163749622000D-18  0.5709090067348286D-18
  0.5958736035970006D-18  0.6219736001866530D-18  0.6492580231303830D-18
  0.6777813241977753D-18  0.7076010558242001D-18  0.7387770422855113D-18
  0.7713721606892877D-18  0.8054523377827962D-18  0.8410867193008800D-18
  0.8783478465274154D-18  0.9173118257439269D-18  0.9580585155361128D-18
  0.1000671720513811D-17  0.1045239396168821D-17  0.1091853864997018D-17
  0.1140612043997717D-17  0.1191615684633714D-17  0.1244971625822249D-17
  0.1300792060690017D-17  0.1359194817901284D-17  0.1420303658368988D-17
  0.1484248588218149D-17  0.1551166188918440D-17  0.1621199965549911D-17
  0.1694500714219940D-17  0.1771226909704695D-17  0.1851545114446685D-17
  0.1935630410101660D-17  0.2023666852892677D-17  0.2115847954097389D-17
  0.2212377187066120D-17  0.2313468522243481D-17  0.2419346991745380D-17
  0.2530249285126218D-17  0.2646424378058085D-17  0.2768134195735251D-17
  0.2895654312912929D-17  0.3029274692589687D-17  0.3169300465448150D-17
  0.3316052752278567D-17  0.3469869531725235D-17  0.3631106555816194D-17
  0.3800138315862437D-17  0.3977359061444790D-17  0.4163183875343645D-17
  0.4358049807410255D-17  0.4562417070527728D-17  0.4776770301965292D-17
  0.5001619893591753D-17  0.5237503394582493D-17  0.5484986990429223D-17
  0.5744667062244161D-17  0.6017171830538185D-17  0.6303163087848691D-17
  0.6603338024794545D-17  0.6918431154344934D-17  0.7249216339304806D-17
  0.7596508928242039D-17  0.7961168005310614D-17  0.8344098759659886D-17
  0.8746254980361049D-17  0.9168641683030060D-17  0.9612317874579065D-17
  0.1007839946278548D-16  0.1056806231763190D-16  0.1108254549163411D-16
  0.1162315460664557D-16  0.1219126541489661D-16  0.1278832754229979D-16
  0.1341586842232512D-16  0.1407549742901991D-16  0.1476891021801569D-16
  0.1549789328462920D-16  0.1626432874842037D-16  0.1707019937381961D-16
  0.1791759383667333D-16  0.1880871224678001D-16  0.1974587193669715D-16
  0.2073151352728491D-16  0.2176820728061466D-16  0.2285865975100804D-16
  0.2400572074507222D-16  0.2521239060166407D-16  0.2648182780273852D-16
  0.2781735692600954D-16  0.2922247695027336D-16  0.3070086992409740D-16
  0.3225641000836718D-16  0.3389317290289203D-16  0.3561544566688861D-16
  0.3742773694268810D-16  0.3933478759142500D-16  0.4134158174876021D-16
  0.4345335830785734D-16  0.4567562283584206D-16  0.4801415992883433D-16
  0.5047504600932173D-16  0.5306466256812669D-16  0.5578970985150027D-16
  0.5865722099191836D-16  0.6167457657894780D-16  0.6484951966408736D-16
  0.6819017119069658D-16  0.7170504583705612D-16  0.7540306825715559D-16
  0.7929358970000232D-16  0.8338640498404471D-16  0.8769176979865858D-16
  0.9222041829956497D-16  0.9698358095945053D-16  0.1019930026289619D-15
  0.1072609607565733D-15  0.1128002837085724D-15  0.1186243691225152D-15
  0.1247472022189652D-15  0.1311833739870668D-15  0.1379480991495386D-15
  0.1450572338019137D-15  0.1525272926093007D-15  0.1603754654315644D-15
  0.1686196332345688D-15  0.1772783831309814D-15  0.1863710223791018D-15
  0.1959175911521692D-15  0.2059388738736851D-15  0.2164564088963987D-15
  0.2274924962837470D-15  0.2390702034327887D-15  0.2512133682569091D-15
  0.2639465996250206D-15  0.2772952747315061D-15  0.2912855330478902D-15
  0.3059442664833194D-15  0.3212991053563185D-15  0.3373783997552577D-15
  0.3542111958395377D-15  0.3718272066079239D-15  0.3902567766348659D-15
  0.4095308402503416D-15  0.4296808726139336D-15  0.4507388331099063D-15
  0.4727371004672152D-15  0.4957083989871608D-15  0.5196857152421673D-15
  0.5447022045924417D-15  0.5707910868535464D-15  0.5979855304379120D-15
  0.6263185242875420D-15  0.6558227369144248D-15  0.6865303618702823D-15
  0.7184729489789743D-15  0.7516812206841776D-15  0.7861848728927413D-15
  0.8220123597315386D-15  0.8591906616835709D-15  0.8977450366289431D-15
  0.9376987533890242D-15  0.9790728074591532D-15  0.1021885618717576D-14
  0.1066152711017462D-14  0.1111886373705892D-14  0.1159095305270108D-14
  0.1207784239487820D-14  0.1257953554656845D-14  0.1309598866699850D-14
  0.1362710607184392D-14  0.1417273587566562D-14  0.1473266551259561D-14
  0.1530661715446126D-14  0.1589424304896059D-14  0.1649512080416549D-14
  0.1710874864952426D-14  0.1773454070764658D-14  0.1837182231545770D-14
  0.1901982543778051D-14  0.1967768422100441D-14  0.2034443073918447D-14
  0.2101899098963321D-14  0.2170018119975169D-14  0.2238670451142533D-14
  0.2307714811369939D-14  0.2376998089854954D-14  0.2446355171827435D-14
  0.2515608832623456D-14  0.2584569708523202D-14  0.2653036352961632D-14
  0.2720795386810427D-14  0.2787621751413909D-14  0.2853279072928123D-14
  0.2917520146246367D-14  0.2980087546384454D-14  0.3040714374634034D-14
  0.3099125146062806D-14  0.3155036824040728D-14  0.3208160006395884D-14
  0.3258200266551817D-14  0.3304859651569068D-14  0.3347838337409096D-14
  0.3386836439960420D-14  0.3421555978415761D-14  0.3451702985463488D-14
  0.3476989756453223D-14  0.3497137227217934D-14  0.3511877467549439D-14
  0.3520956274485467D-14  0.3524135846507837D-14  0.3521197516569220D-14
  0.3511944518542821D-14  0.3496204758324183D-14  0.3473833557482380D-14
  0.3444716334174985D-14  0.3408771183137862D-14  0.3365951314078881D-14
  0.3316247305886442D-14  0.3259689132846034D-14  0.3196347918661591D-14
  0.3126337374602097D-14  0.3049814879609530D-14  0.2966982162755488D-14
  0.2878085552031164D-14  0.2783415758079108D-14  0.2683307167073556D-14
  0.2578136623447971D-14  0.2468321690444430D-14  0.2354318384386111D-14
  0.2236618386997173D-14  0.2115745748844253D-14  0.1992253105871369D-14
  0.1866717439862512D-14  0.1739735422314789D-14  0.1611918389468477D-14
  0.1483887003964129D-14  0.1356265665642886D-14  0.1229676740258089D-14
  0.1104734680226782D-14  0.9820401159409829D-15  0.8621739995131625D-15
  0.7456918850884590D-15  0.6331184309526332D-15  0.5249422085223235D-15
  0.4216109018218450D-15  0.3235269780976721D-15  0.2310439056327683D-15
  0.1444629884046067D-15  0.6403087877603543D-16 -0.1006218126932161D-16
 -0.7768335284903191D-16 -0.1387574046743727D-15 -0.1932661244583870D-15
 -0.2412469511454808D-15 -0.2827908610920342D-15 -0.3180395597718426D-15
 -0.3471820467944106D-15 -0.3704506348877263D-15 -0.3881165120935536D-15
 -0.4004849408672725D-15 -0.4078901885852069D-15 -0.4106902823708299D-15
 -0.4092616783623673D-15 -0.4039939325137197D-15 -0.3952844571685276D-15
 -0.3835334448313616D-15 -0.3691390372500467D-15 -0.3524928134124629D-15
 -0.3339756637392188D-15 -0.3139541092084331D-15 -0.2927771133103890D-15
 -0.2707734218102450D-15 -0.2482494507893475D-15 -0.2254877280184801D-15
 -0.2027458771716931D-15 -0.1802561195290587D-15 -0.1582252543970802D-15
 -0.1368350681455654D-15 -0.1162431130121002D-15 -0.9658379097119707D-16
 -0.7796967512574332D-16 -0.6049300119030616D-16 -0.4422726447207330D-16
 -0.2922886295399155D-16 -0.1553873418473157D-16 -0.3183942158121757D-17
  0.7820820329132964D-17  0.1747183876194434D-16  0.2577510898958666D-16
  0.3274520118050488D-16  0.3840425492710662D-16  0.4278109849198441D-16
  0.4591048057800776D-16  0.4783240008516008D-16  0.4859151803093363D-16
  0.4823663638359658D-16  0.4682023030116741D-16  0.4439802339124047D-16
  0.4102859931919943D-16  0.3677304708941468D-16  0.3169464104099589D-16
  0.2585855953670425D-16  0.1933164818985851D-16  0.1218223407900914D-16
  0.4479996961164285D-17 -0.3704097674528204D-17 -0.1229780019715003D-16
 -0.2122751058321441D-16 -0.3041814227513423D-16 -0.3979291397415360D-16
 -0.4927306687239376D-16 -0.5877750494069210D-16 -0.6822235721343555D-16
 -0.7752046436050952D-16 -0.8658079800156168D-16 -0.9530783088601011D-16
 -0.1036008900734949D-15 -0.1113535436686791D-15 -0.1184530972557976D-15
 -0.1247803025243402D-15 -0.1302094371091810D-15 -0.1346088958329758D-15
 -0.1378426971650342D-15
  0.0000000000000000D+00 -0.2835375351553300D-22 -0.3045591613194186D-22
 -0.3271382481953467D-22 -0.3513894486848245D-22 -0.3774309026743930D-22
 -0.4054820573397727D-22 -0.4356285693735854D-22 -0.4681335141830841D-22
 -0.5031026845632282D-22 -0.5407523998599015D-22 -0.5812841887208274D-22
 -0.6249166122318602D-22 -0.6718899310659138D-22 -0.7224610922685732D-22
 -0.7769075815994633D-22 -0.8355290489315570D-22 -0.8986486793364976D-22
 -0.9666152702239124D-22 -0.1039805272574238D-21 -0.1118624994397678D-21
 -0.1203513023661845D-21 -0.1294942835301763D-21 -0.1393425615197876D-21
 -0.1499513320694377D-21 -0.1613801994056441D-21 -0.1736935351692514D-21
 -0.1869608672452049D-21 -0.2012573010124938D-21 -0.2166639757786271D-21
 -0.2332685593887899D-21 -0.2511657842579422D-21 -0.2704580283573302D-21
 -0.2912559449913010D-21 -0.3136791455323755D-21 -0.3378569396435844D-21
 -0.3639291379094118D-21 -0.3920469222231717D-21 -0.4223737897423772D-21
 -0.4550865767276910D-21 -0.4903765691289391D-21 -0.5284507073773157D-21
 -0.5695328934902527D-21 -0.6138654092991306D-21 -0.6617104553748018D-21
 -0.7133518210571470D-21 -0.7690966968982032D-21 -0.8292776418101084D-21
 -0.8942547182757914D-21 -0.9644178101394228D-21 -0.1040189138752924D-20
 -0.1122025994622783D-20 -0.1210423703187665D-20 -0.1305918844971284D-20
 -0.1409092752108148D-20 -0.1520575305143487D-20 -0.1641049056075671D-20
 -0.1771253705853720D-20 -0.1911990966978503D-20 -0.2064129844500413D-20
 -0.2228612371575779D-20 -0.2406459838857739D-20 -0.2598779560375168D-20
 -0.2806772222217075D-20 -0.3031739864313329D-20 -0.3275094549910953D-20
 -0.3538367782015898D-20 -0.3823220731132305D-20 -0.4131455344116850D-20
 -0.4465026409908521D-20 -0.4826054664330907D-20 -0.5216841023133859D-20
 -0.5639882039986377D-20 -0.6097886694298990D-20 -0.6593794622587838D-20
 -0.7130795916649445D-20 -0.7712352622147327D-20 -0.8342222082380228D-20
 -0.9024482284070292D-20 -0.9763559375044793D-20 -0.1056425753776010D-19
 -0.1143179141780880D-19 -0.1237182132293984D-19 -0.1339049142579714D-19
 -0.1449447122263479D-19 -0.1569100052079222D-19 -0.1698793824982099D-19
 -0.1839381541494330D-19 -0.1991789253711864D-19 -0.2157022195151064D-19
 -0.2336171536570920D-19 -0.2530421711081243D-19 -0.2741058355253636D-19
 -0.2969476916605058D-19 -0.3217191981738246D-19 -0.3485847383613894D-19
 -0.3777227150913475D-19 -0.4093267367243898D-19 -0.4436069013053300D-19
 -0.4807911868587774D-19 -0.5211269562038618D-19 -0.5648825853225306D-19
 -0.6123492249748902D-19 -0.6638427059548059D-19 -0.7197055991213575D-19
 -0.7803094421279914D-19 -0.8460571456028435D-19 -0.9173855924119161D-19
 -0.9947684445624779D-19 -0.1078719173278060D-18 -0.1169794328799369D-18
 -0.1268597067536882D-18 -0.1375780955321385D-18 -0.1492054066666436D-18
 -0.1618183401171050D-18 -0.1754999639449293D-18 -0.1903402262272914D-18
 -0.2064365057950165D-18 -0.2238942044333206D-18 -0.2428273833242037D-18
 -0.2633594466507194D-18 -0.2856238754257275D-18 -0.3097650147499797D-18
 -0.3359389178452488D-18 -0.3643142503460662D-18 -0.3950732584668778D-18
 -0.4284128047878580D-18 -0.4645454755199719D-18 -0.5037007632154690D-18
 -0.5461263289806421D-18 -0.5920893483200053D-18 -0.6418779447910546D-18
 -0.6958027156719337D-18 -0.7541983538357756D-18 -0.8174253699795550D-18
 -0.8858719192656121D-18 -0.9599557362940917D-18 -0.1040126182126014D-17
 -0.1126866406811966D-17 -0.1220695630540358D-17 -0.1322171546092257D-17
 -0.1431892844765601D-17 -0.1550501867298102D-17 -0.1678687380562161D-17
 -0.1817187479912928D-17 -0.1966792616026472D-17 -0.2128348743853382D-17
 -0.2302760589916005D-17 -0.2490995032577467D-17 -0.2694084588087809D-17
 -0.2913130993147162D-17 -0.3149308872397255D-17 -0.3403869476638620D-17
 -0.3678144474650760D-17 -0.3973549778243107D-17 -0.4291589376564619D-17
 -0.4633859151727872D-17 -0.5002050643438078D-17 -0.5397954725540907D-17
 -0.5823465152196240D-17 -0.6280581925735491D-17 -0.6771414432154733D-17
 -0.7298184283630418D-17 -0.7863227800414657D-17 -0.8468998056981293D-17
 -0.9118066409362515D-17 -0.9813123412263730D-17 -0.1055697902580229D-16
 -0.1135256200263185D-16 -0.1220291833684660D-16 -0.1311120864648768D-16
 -0.1408070435178899D-16 -0.1511478250162271D-16 -0.1621691909106885D-16
 -0.1739068070380869D-16 -0.1863971430431530D-16 -0.1996773499681197D-16
 -0.2137851156094141D-16 -0.2287584956832611D-16 -0.2446357188002361D-16
 -0.2614549632265117D-16 -0.2792541034106753D-16 -0.2980704242839062D-16
 -0.3179403014026611D-16 -0.3388988451018597D-16 -0.3609795069681966D-16
 -0.3842136471332191D-16 -0.4086300611299358D-16 -0.4342544653607636D-16
 -0.4611089405944677D-16 -0.4892113333510072D-16 -0.5185746155512983D-16
 -0.5492062034087201D-16 -0.5811072372249967D-16 -0.6142718245282461D-16
 -0.6486862498578295D-16 -0.6843281554600306D-16 -0.7211656982100611D-16
 -0.7591566892169384D-16 -0.7982477237940742D-16 -0.8383733107832767D-16
 -0.8794550115942256D-16 -0.9214006007536848D-16 -0.9641032612338709D-16
 -0.1007440829330020D-15 -0.1051275105361343D-15 -0.1095451247951733D-15
 -0.1139797271075948D-15 -0.1184123664397260D-15 -0.1228223158629665D-15
 -0.1271870658680964D-15 -0.1314823368115504D-15 -0.1356821128939080D-15
 -0.1397587000798136D-15 -0.1436828103292993D-15 -0.1474236744175846D-15
 -0.1509491854635107D-15 -0.1542260750598482D-15 -0.1572201235950599D-15
 -0.1598964059713344D-15 -0.1622195734553724D-15 -0.1641541718462597D-15
 -0.1656649955109685D-15 -0.1667174761272091D-15 -0.1672781041924955D-15
 -0.1673148805168187D-15 -0.1667977940258813D-15 -0.1656993212764456D-15
 -0.1639949421410356D-15 -0.1616636651742092D-15 -0.1586885552468891D-15
 -0.1550572551506178D-15 -0.1507624920532718D-15 -0.1458025589562902D-15
 -0.1401817606862072D-15 -0.1339108134764911D-15 -0.1270071868859188D-15
 -0.1194953766838210D-15 -0.1114070974371607D-15 -0.1027813838858072D-15
 -0.9366459081581285D-16 -0.8411028205966038D-16 -0.7417900048847118D-16
 -0.6393791243131391D-16 -0.5346032187275573D-16 -0.4282505204552035D-16
 -0.3211569464383280D-16 -0.2141972981418372D-16 -0.1082752329580193D-16
 -0.4312105239837704D-18  0.9676518907955851D-17  0.1940371941814454D-16
  0.2866054971833035D-16  0.3736067144776493D-16  0.4542265959899538D-16
  0.5277139600083972D-16  0.5933941573161039D-16  0.6506817585671195D-16
  0.6990921635497997D-16  0.7382518451152992D-16  0.7679069628311195D-16
  0.7879301102286433D-16  0.7983249934322168D-16  0.7992288764529573D-16
  0.7909126698482847D-16  0.7737785851737053D-16  0.7483553291684924D-16
  0.7152908696942107D-16  0.6753428698762078D-16  0.6293669559031420D-16
  0.5783030542269661D-16  0.5231601011435765D-16  0.4649994871616454D-16
  0.4049176457356235D-16  0.3440282271663649D-16  0.2834443113302266D-16
  0.2242611063001472D-16  0.1675395542459799D-16  0.1142912229514136D-16
  0.6546480371073042D-17  0.2193446799621066D-17 -0.1550973962081057D-17
 -0.4616937179880603D-17 -0.6944288627428453D-17 -0.8482883421191675D-17
 -0.9192703158857431D-17 -0.9043786431660369D-17 -0.8015991338739836D-17
 -0.6098610907063220D-17 -0.3289863383986829D-17  0.4037206296659920D-18
  0.4967993090479007D-17  0.1038194580882554D-16  0.1661851226968728D-16
  0.2364539799628503D-16  0.3142592521938310D-16  0.3991987898545012D-16
  0.4908434279899339D-16  0.5887451236927755D-16  0.6924447593361151D-16
  0.8014794939609757D-16  0.9153895388647802D-16  0.1033724230311079D-15
  0.1156047271839827D-15  0.1281941024623232D-15  0.1411009737816117D-15
  0.1542881630366656D-15  0.1677209759462065D-15  0.1813671631166138D-15
  0.1951967521288316D-15  0.2091817469783868D-15  0.2232956887218224D-15
  0.2375130665007466D-15  0.2518085615218913D-15  0.2661560987554488D-15
  0.2805276727436931D-15  0.2948919057345328D-15  0.3092122887850406D-15
  0.3234450496558736D-15  0.3375365851022727D-15  0.3514203888903632D-15
  0.3650134003138260D-15  0.3782116875073744D-15  0.3908853710775965D-15
  0.4028726582868417D-15  0.4139728883129700D-15  0.4239382282581034D-15
  0.4324642556630965D-15
  0.0000000000000000D+00  0.6394309447620102D-24  0.6908546512740296D-24
  0.7463980722090378D-24  0.8063879734632247D-24  0.8711651063352343D-24
  0.9414102770415774D-24  0.1017309060320276D-23  0.1099695410475380D-23
  0.1188820666372362D-23  0.1285329866676188D-23  0.1389823064575651D-23
  0.1502933585622236D-23  0.1625378885834396D-23  0.1757925036720212D-23
  0.1901402397153137D-23  0.2056714109316442D-23  0.2224838048701539D-23
  0.2406834545151954D-23  0.2603853441487428D-23  0.2817141243346366D-23
  0.3048049442602930D-23  0.3298043384246852D-23  0.3568711869937676D-23
  0.3861777643333046D-23  0.4179108759144181D-23  0.4522730932785761D-23
  0.4894840960579578D-23  0.5297821295903380D-23  0.5734255883949720D-23
  0.6206947364382163D-23  0.6718935759863097D-23  0.7273518779719194D-23
  0.7874273878999224D-23  0.8525082225383667D-23  0.9230154739805499D-23
  0.9994060391074020D-23  0.1082175694050700D-22  0.1171862434966032D-22
  0.1269050108278553D-22  0.1374372355579258D-22  0.1488516900537451D-22
  0.1612230207571076D-22  0.1746322544596252D-22  0.1891673484978349D-22
  0.2049237886847107D-22  0.2220052391237927D-22  0.2405242484102334D-22
  0.2606030171115230D-22  0.2823742318421024D-22  0.3059819717031141D-22
  0.3315826933541298D-22  0.3593463015210104D-22  0.3894573123263572D-22
  0.4221161174600746D-22  0.4575403578911697D-22  0.4959664165623199D-22
  0.5376510403104597D-22  0.5828731021243906D-22  0.6319355157895605D-22
  0.6851673159860266D-22  0.7429259180043302D-22  0.8055995724317172D-22
  0.8736100314448353D-22  0.9474154447316511D-22  0.1027513504562857D-21
  0.1114444861149472D-21  0.1208796831167358D-21  0.1311207424210453D-21
  0.1422369713962049D-21  0.1543036583058285D-21  0.1674025872970549D-21
  0.1816225972765690D-21  0.1970601883326789D-21  0.2138201796545176D-21
  0.2320164232140412D-21  0.2517725778142149D-21  0.2732229484691225D-21
  0.2965133964701965D-21  0.3218023259088608D-21  0.3492617528712314D-21
  0.3790784639967936D-21  0.4114552716017292D-21  0.4466123731106163D-21
  0.4847888231191592D-21  0.5262441270270848D-21  0.5712599658361607D-21
  0.6201420624047925D-21  0.6732222001895941D-21  0.7308604062869747D-21
  0.7934473114153530D-21  0.8614067003523396D-21  0.9351982672617424D-21
  0.1015320591313146D-20  0.1102314349012464D-20  0.1196765780724434D-20
  0.1299310429977599D-20  0.1410637175296531D-20  0.1531492575503452D-20
  0.1662685550668860D-20  0.1805092422163924D-20  0.1959662336571665D-20
  0.2127423099542581D-20  0.2309487447025067D-20  0.2507059782652877D-20
  0.2721443411418077D-20  0.2954048301085367D-20  0.3206399404095152D-20
  0.3480145573938917D-20  0.3777069111148296D-20  0.4099095975092616D-20
  0.4448306698696790D-20  0.4826948043938198D-20  0.5237445436515376D-20
  0.5682416218357318D-20  0.6164683756607071D-20  0.6687292447304809D-20
  0.7253523651148672D-20  0.7866912597345592D-20  0.8531266289594614D-20
  0.9250682445573446D-20  0.1002956949781557D-19  0.1087266767944779D-19
  0.1178507121277283D-19  0.1277225161197210D-19  0.1384008210310990D-19
  0.1499486315494903D-19  0.1624334910264043D-19  0.1759277583289972D-19
  0.1905088948358314D-19  0.2062597609235894D-19  0.2232689210814275D-19
  0.2416309565480475D-19  0.2614467840902737D-19  0.2828239792270916D-19
  0.3058771018458546D-19  0.3307280217533632D-19  0.3575062412491711D-19
  0.3863492112970426D-19  0.4174026372977499D-19  0.4508207698271023D-19
  0.4867666749916712D-19  0.5254124782652712D-19  0.5669395747961258D-19
  0.6115387982117207D-19  0.6594105388897051D-19  0.7107648015029371D-19
  0.7658211903792951D-19  0.8248088098367012D-19  0.8879660651563595D-19
  0.9555403482380913D-19  0.1027787590237924D-18  0.1104971661617493D-18
  0.1187363598037131D-18  0.1275240628400642D-18  0.1368884979113720D-18
  0.1468582426255516D-18  0.1574620564893623D-18  0.1687286762209978D-18
  0.1806865758465907D-18  0.1933636877141895D-18  0.2067870802869370D-18
  0.2209825883063523D-18  0.2359743906509657D-18  0.2517845309602443D-18
  0.2684323758547578D-18  0.2859340053680391D-18  0.3043015300217522D-18
  0.3235423288332449D-18  0.3436582024541443D-18  0.3646444356128766D-18
  0.3864887630867802D-18  0.4091702335766594D-18  0.4326579661155712D-18
  0.4569097940338588D-18  0.4818707920449688D-18  0.5074716827346843D-18
  0.5336271196549489D-18  0.5602338453690925D-18  0.5871687241964626D-18
  0.6142866510906858D-18  0.6414183400879523D-18  0.6683679981111100D-18
  0.6949108926436009D-18  0.7207908249252228D-18  0.7457175238992205D-18
  0.7693639801844837D-18  0.7913637438819665D-18  0.8113082150697689D-18
  0.8287439614103345D-18  0.8431701033907455D-18  0.8540358143392823D-18
  0.8607379894920265D-18  0.8626191459925159D-18  0.8589656237492895D-18
  0.8490061654859367D-18  0.8319109630098870D-18  0.8067912655901044D-18
  0.7726996552338078D-18  0.7286311024229309D-18  0.6735249243153040D-18
  0.6062677753017735D-18  0.5256978068706533D-18  0.4306101396570310D-18
  0.3197637949980359D-18  0.1918902358840625D-18  0.4570366745498229D-19
 -0.1200867553389066D-18 -0.3067626711272734D-18 -0.5155800744725727D-18
 -0.7477505792265694D-18 -0.1004420284084898D-17 -0.1286646166281636D-17
 -0.1595369960252273D-17 -0.1931389515585737D-17 -0.2295327673070276D-17
 -0.2687598749355513D-17 -0.3108372779801330D-17 -0.3557537735371361D-17
 -0.4034660002662448D-17 -0.4538943495828506D-17 -0.5069187854514385D-17
 -0.5623746271973291D-17 -0.6200483591059434D-17 -0.6796735401260615D-17
 -0.7409268965589919D-17 -0.8034246899938444D-17 -0.8667194617073152D-17
 -0.9302972630237434D-17 -0.9935754884401124D-17 -0.1055901434347607D-16
 -0.1116551710589639D-16 -0.1174732634527402D-16 -0.1229581737363693D-16
 -0.1280170509815636D-16 -0.1325508508435034D-16 -0.1364548934561068D-16
 -0.1396195784680129D-16 -0.1419312653517469D-16 -0.1432733249202160D-16
 -0.1435273653113438D-16 -0.1425746325421329D-16 -0.1402975820910828D-16
 -0.1365816138641826D-16 -0.1313169583792930D-16 -0.1244006971383191D-16
 -0.1157388950493301D-16 -0.1052488175486796D-16 -0.9286119992799111D-17
 -0.7852253149614131D-17 -0.6219731283041079D-17 -0.4387024073346280D-17
 -0.2354827284518037D-17 -0.1262522357552399D-18  0.2293006692068232D-17
  0.4894531376520013D-17  0.7667070720779701D-17  0.1059646713710267D-16
  0.1366562257620159D-16  0.1685450742447105D-16  0.2014021502195508D-16
  0.2349706390593710D-16  0.2689674912597352D-16  0.3030854304525648D-16
  0.3369954490450778D-16  0.3703497705456256D-16  0.4027852420003654D-16
  0.4339271032273632D-16  0.4633930629712837D-16  0.4907975971780695D-16
  0.5157563727043200D-16  0.5378906920758877D-16  0.5568318521331140D-16
  0.5722253118781034D-16  0.5837345724391274D-16  0.5910446843148699D-16
  0.5938653131274350D-16  0.5919333139423164D-16  0.5850147845820775D-16
  0.5729065889649958D-16  0.5554373610651699D-16  0.5324680174418076D-16
  0.5038918204412980D-16  0.4696340444082447D-16  0.4296513031230202D-16
  0.3839305981116565D-16  0.3324881446714744D-16  0.2753680259512520D-16
  0.2126407160127013D-16  0.1444015014875965D-16  0.7076881938758011D-17
 -0.8117482947457499D-18 -0.9209796963025034D-17 -0.1809955305886619D-16
 -0.2746174024825998D-16 -0.3727573088104914D-16 -0.4751977249826625D-16
 -0.5817122627202023D-16 -0.6920681524023401D-16 -0.8060287813584658D-16
 -0.9233562261129738D-16 -0.1043813693817933D-15 -0.1167167770747671D-15
 -0.1293190362474056D-15 -0.1421660205023863D-15 -0.1552363829838851D-15
 -0.1685095875938165D-15 -0.1819658658640087D-15 -0.1955860917911041D-15
 -0.2093515676919048D-15 -0.2232437133611874D-15 -0.2372436483229554D-15
 -0.2513316526232525D-15 -0.2654864857931927D-15 -0.2796845370834793D-15
 -0.2938987735778341D-15 -0.3080974471795220D-15 -0.3222425172771331D-15
 -0.3362877434699218D-15 -0.3501764022380910D-15 -0.3638385826609468D-15
 -0.3771880197224943D-15 -0.3901184267236131D-15 -0.4024992983843981D-15
 -0.4141711468491027D-15 -0.4249402032152618D-15 -0.4345724064354013D-15
 -0.4427872020095866D-15
  0.0000000000000000D+00  0.2129497268544753D-27  0.2349633864269249D-27
  0.2592507381030399D-27  0.2860456885713314D-27  0.3156003867739009D-27
  0.3482972805057934D-27  0.3843961045149254D-27  0.4243763114693771D-27
  0.4685660553732700D-27  0.5174478231608368D-27  0.5715153569498107D-27
  0.6313205459180819D-27  0.6974780593214174D-27  0.7706665069976792D-27
  0.8516385850762836D-27  0.9412283451901445D-27  0.1040360184563951D-26
  0.1150058886613852D-26  0.1271460570772911D-26  0.1405825011824817D-26
  0.1554549272724703D-26  0.1719182867091687D-26  0.1901444635059868D-26
  0.2103241502196470D-26  0.2326689350349441D-26  0.2574136239254323D-26
  0.2848188245448985D-26  0.3151738220134972D-26  0.3487997800150746D-26
  0.3860533045536335D-26  0.4273304121025118D-26  0.4730709487169997D-26
  0.5237635121294685D-26  0.5799509349320939D-26  0.6422363937530945D-26
  0.7112902169443396D-26  0.7878574718114267D-26  0.8727664219416408D-26
  0.9669379558421196D-26  0.1071396100025090D-25  0.1187279743021999D-25
  0.1315855711743985D-25  0.1458533358323134D-25  0.1616880834282617D-25
  0.1792643249832696D-25  0.1987762939543984D-25  0.2204402081909993D-25
  0.2444967949716331D-25  0.2712141101062244D-25  0.3008906857756408D-25
  0.3338590459109097D-25  0.3704896325398597D-25  0.4111951917102304D-25
  0.4564356734017502D-25  0.5067237063408443D-25  0.5626307159143165D-25
  0.6247937615371289D-25  0.6939231789695981D-25  0.7708111233196508D-25
  0.8563411199387790D-25  0.9514987432746707D-25  0.1057383558145443D-24
  0.1175222474037424D-24  0.1306384681108179D-24  0.1452398356834498D-24
  0.1614969354942691D-24  0.1796002113689733D-24  0.1997623049057985D-24
  0.2222206730350497D-24  0.2472405171442702D-24  0.2751180611019261D-24
  0.3061842200019326D-24  0.3408087064810303D-24  0.3794046270952322D-24
  0.4224336275531823D-24  0.4704116526740895D-24  0.5239153948567181D-24
  0.5835895137149460D-24  0.6501547194684635D-24  0.7244168238004677D-24
  0.8072768743501241D-24  0.8997425029538963D-24  0.1002940633364248D-23
  0.1118131711653924D-23  0.1246725642080268D-23  0.1390299633083718D-23
  0.1550618182602367D-23  0.1729655459308995D-23  0.1929620367060301D-23
  0.2152984614173116D-23  0.2402514147536795D-23  0.2681304354509720D-23
  0.2992819483561965D-23  0.3340936788306668D-23  0.3729995959568446D-23
  0.4164854477200103D-23  0.4650949588297456D-23  0.5194367702181912D-23
  0.5801922086033672D-23  0.6481239849486812D-23  0.7240859323090767D-23
  0.8090339065684105D-23  0.9040379880962541D-23  0.1010296138555094D-22
  0.1129149485161932D-22  0.1262099424860182D-22  0.1410826763322278D-22
  0.1577213128738723D-22  0.1763364928239373D-22  0.1971640145855458D-22
  0.2204678315512939D-22  0.2465434041037010D-22  0.2757214477967325D-22
  0.3083721239605359D-22  0.3449097242655397D-22  0.3857979066648851D-22
  0.4315555466686429D-22  0.4827632751581234D-22  0.5400707819998548D-22
  0.6042049736492704D-22  0.6759790828351050D-22  0.7563028393866851D-22
  0.8461938234166911D-22  0.9467901355207250D-22  0.1059364533532450D-21
  0.1185340201820457D-21  0.1326308337284250D-21  0.1484047756270361D-21
  0.1660546748765559D-21  0.1858027430629642D-21  0.2078972871518783D-21
  0.2326157305748234D-21  0.2602679765899962D-21  0.2912001514758058D-21
  0.3257987690438115D-21  0.3644953622667813D-21  0.4077716325395691D-21
  0.4561651722598850D-21  0.5102758220685137D-21  0.5707727302626046D-21
  0.6384021886310523D-21  0.7139963262995021D-21  0.7984827511571736D-21
  0.8928952371136237D-21  0.9983855648456152D-21  0.1116236633889603D-20
  0.1247876974959721D-20  0.1394896803271154D-20  0.1559065766469002D-20
  0.1742352554546703D-20  0.1946946553924854D-20  0.2175281743687805D-20
  0.2430063048871150D-20  0.2714295383681283D-20  0.3031315636622482D-20
  0.3384827869710922D-20  0.3778942025254731D-20  0.4218216456052319D-20
  0.4707704618252655D-20  0.5253006290469055D-20  0.5860323707936147D-20
  0.6536523026426002D-20  0.7289201557121424D-20  0.8126761240480583D-20
  0.9058488854057062D-20  0.1009464347595996D-19  0.1124655175177295D-19
  0.1252671153787438D-19  0.1394890451768560D-19  0.1552831840884476D-19
  0.1728167939795781D-19  0.1922739545464437D-19  0.2138571118718049D-19
  0.2377887490713169D-19  0.2643131856885235D-19  0.2936985124033536D-19
  0.3262386674324131D-19  0.3622556607049506D-19  0.4021019514792822D-19
  0.4461629845027020D-19  0.4948598890937098D-19  0.5486523446182626D-19
  0.6080416147191274D-19  0.6735737513163225D-19  0.7458429678028011D-19
  0.8254951789880364D-19  0.9132317031673732D-19  0.1009813119192244D-18
  0.1116063268559398D-18  0.1232873389302940D-18  0.1361206364837869D-18
  0.1502101066846778D-18  0.1656676766805425D-18  0.1826137585792243D-18
  0.2011776946813001D-18  0.2214981987989536D-18  0.2437237888614359D-18
  0.2680132053272280D-18  0.2945358091996930D-18  0.3234719526800747D-18
  0.3550133146937908D-18  0.3893631927002772D-18  0.4267367413518098D-18
  0.4673611477147172D-18  0.5114757319214442D-18  0.5593319613023974D-18
  0.6111933652736240D-18  0.6673353375558772D-18  0.7280448117007540D-18
  0.7936197954320551D-18  0.8643687490107009D-18  0.9406097927269618D-18
  0.1022669728759131D-17  0.1110882863026231D-17  0.1205589613347211D-17
  0.1307134891204805D-17  0.1415866245722564D-17  0.1532131760102062D-17
  0.1656277692737966D-17  0.1788645857531127D-17  0.1929570740548179D-17
  0.2079376353125532D-17  0.2238372824775697D-17  0.2406852742815965D-17
  0.2585087249490578D-17  0.2773321911483854D-17  0.2971772381109330D-17
  0.3180619873089524D-17  0.3400006485695006D-17  0.3630030400066374D-17
  0.3870740996774151D-17  0.4122133934046545D-17  0.4384146237573772D-17
  0.4656651457324694D-17  0.4939454952313027D-17  0.5232289369625622D-17
  0.5534810389134938D-17  0.5846592809981538D-17  0.6167127058890928D-17
  0.6495816203382109D-17  0.6831973554564347D-17  0.7174820944064809D-17
  0.7523487757181524D-17  0.7877010799067872D-17  0.8234335062064602D-17
  0.8594315449682530D-17  0.8955719495783041D-17  0.9317231096001952D-17
  0.9677455242537450D-17  0.1003492372368019D-16  0.1038810171714097D-16
  0.1073539517333296D-16  0.1107515885409679D-16  0.1140570486742790D-16
  0.1172531152352621D-16  0.1203223233444523D-16  0.1232470499329779D-16
  0.1260096019357184D-16  0.1285923018628838D-16  0.1309775700826757D-16
  0.1331480033920165D-16  0.1350864495108978D-16  0.1367760768611235D-16
  0.1382004384782295D-16  0.1393435281664880D-16  0.1401898262408430D-16
  0.1407243315627636D-16  0.1409325762257532D-16  0.1408006192750051D-16
  0.1403150162747722D-16  0.1394627623280697D-16  0.1382312072194399D-16
  0.1366079425942132D-16  0.1345806623932288D-16  0.1321369990371513D-16
  0.1292643390086921D-16  0.1259496224454662D-16  0.1221791320764169D-16
  0.1179382772708616D-16  0.1132113790993389D-16  0.1079814621202918D-16
  0.1022300581116282D-16  0.9593702617847000D-17  0.8908039261522884D-17
  0.8163621261739593D-17  0.7357845446855012D-17  0.6487890521899817D-17
  0.5550709517681074D-17  0.4543023680688417D-17  0.3461317194120325D-17
  0.2301831961135525D-17  0.1060561539652978D-17 -0.2667567983037304D-18
 -0.1684652992051673D-17 -0.3197939252516264D-17 -0.4811730394977780D-17
 -0.6531470509912985D-17 -0.8362966913737743D-17 -0.1031243211620149D-16
 -0.1238653430935447D-16 -0.1459245657789105D-16 -0.1693796473129204D-16
 -0.1943148335366966D-16 -0.2208217939680405D-16 -0.2490005242079041D-16
 -0.2789603038461052D-16 -0.3108206966748034D-16 -0.3447125760802605D-16
 -0.3807791514623627D-16 -0.4191769587194210D-16 -0.4600767570279225D-16
 -0.5036642425691088D-16 -0.5501404448880698D-16 -0.5997216106383199D-16
 -0.6526382991724951D-16 -0.7091333106564908D-16 -0.7694579341186646D-16
 -0.8338658318653122D-16 -0.9026036569153787D-16 -0.9758972160741149D-16
 -0.1053931624633751D-15 -0.1136823416259906D-15 -0.1224581958810197D-15
 -0.1317056659976193D-15 -0.1413865558426228D-15 -0.1514298767414529D-15
 -0.1617190601979769D-15
  0.0000000000000000D+00  0.1140906564967841D-27  0.1260819036422666D-27
  0.1393310561819798D-27  0.1539693821037619D-27  0.1701387686490550D-27
  0.1880675857119866D-27  0.2078869843420931D-27  0.2298864428833722D-27
  0.2542360039463502D-27  0.2812116550202642D-27  0.3110947446619333D-27
  0.3441944203134300D-27  0.3808603226788690D-27  0.4214775577685899D-27
  0.4664734133324632D-27  0.5163226046210621D-27  0.5715516062346786D-27
  0.6327447228813845D-27  0.7005505107455460D-27  0.7756888220294158D-27
  0.8589587636783631D-27  0.9512475087563569D-27  0.1053540097643644D-26
  0.1166930356284973D-26  0.1292633043015668D-26  0.1431997370057547D-26
  0.1586522057586630D-26  0.1757872094776428D-26  0.1947897404544213D-26
  0.2158653630867351D-26  0.2392425293008511D-26  0.2651751579641991D-26
  0.2939455087648665D-26  0.3258673845980274D-26  0.3612897004824173D-26
  0.4006004614820813D-26  0.4442311970886709D-26  0.4926619050888611D-26
  0.5464265641706016D-26  0.6061192814899157D-26  0.6724011492148747D-26
  0.7460078927839924D-26  0.8277584033734060D-26  0.9185642579847180D-26
  0.1019440342782029D-25  0.1131516708978110D-25  0.1256051805869895D-25
  0.1394447252747509D-25  0.1548264330567482D-25  0.1719242395734093D-25
  0.1909319442346839D-25  0.2120655066154124D-25  0.2355656113546150D-25
  0.2617005332609344D-25  0.2907693380980574D-25  0.3231054587464638D-25
  0.3590806911653277D-25  0.3991096598712503D-25  0.4436548085764920D-25
  0.4932319782642405D-25  0.5484166424070270D-25  0.6098508773516792D-25
  0.6782511552063414D-25  0.7544170569911280D-25  0.8392410154868514D-25
  0.9337192102849045D-25  0.1038963752172286D-24  0.1156216310365218D-24
  0.1286863354441120D-24  0.1432453203344886D-24  0.1594715096821928D-24
  0.1775580530348347D-24  0.1977207123413777D-24  0.2202005323227915D-24
  0.2452668281975027D-24  0.2732205286084496D-24  0.3043979161128309D-24
  0.3391748126463562D-24  0.3779712630242331D-24  0.4212567758618392D-24
  0.4695561883678055D-24  0.5234562293688846D-24  0.5836128637676362D-24
  0.6507595115198007D-24  0.7257162452701497D-24  0.8094000831394704D-24
  0.9028365069622555D-24  0.1007172351703297D-23  0.1123690229019373D-23
  0.1253824667187996D-23  0.1399180171131730D-23  0.1561551430281555D-23
  0.1742945928833884D-23  0.1945609242882247D-23  0.2172053342300564D-23
  0.2425088252514658D-23  0.2707857472858382D-23  0.3023877594555568D-23
  0.3377082613035883D-23  0.3771873486877087D-23  0.4213173559826844D-23
  0.4706490533824748D-23  0.5257985760524736D-23  0.5874551707403833D-23
  0.6563898553118024D-23  0.7334650976418993D-23  0.8196456324875652D-23
  0.9160105485172695D-23  0.1023766792734118D-22  0.1144264256251555D-22
  0.1279012623946413D-22  0.1429700191114454D-22  0.1598214873100592D-22
  0.1786667659202310D-22  0.1997418790204794D-22  0.2233106969977401D-22
  0.2496681955947575D-22  0.2791440911300408D-22  0.3121068943790333D-22
  0.3489684302487403D-22  0.3901888755039230D-22  0.4362823724570790D-22
  0.4878232827666637D-22  0.5454531523518568D-22  0.6098884659856876D-22
  0.6819292784333036D-22  0.7624688181252428D-22  0.8525041693676872D-22
  0.9531481500683093D-22  0.1065642513977709D-21  0.1191372619597310D-21
  0.1331883722273760D-21  0.1488899061681043D-21  0.1664339933981344D-21
  0.1860347956554811D-21  0.2079309753399919D-21  0.2323884311234590D-21
  0.2597033280079915D-21  0.2902054517787338D-21  0.3242619205679669D-21
  0.3622812892314658D-21  0.4047180854437558D-21  0.4520778198549067D-21
  0.5049225163244278D-21  0.5638768121628665D-21  0.6296346824716831D-21
  0.7029668470769890D-21  0.7847289231994305D-21  0.8758703918834330D-21
  0.9774444513115275D-21  0.1090618835435143D-20  0.1216687681836260D-20
  0.1357084538360899D-20  0.1513396603791357D-20  0.1687380303594789D-20
  0.1880978307532466D-20  0.2096338101553749D-20  0.2335832231831174D-20
  0.2602080343897658D-20  0.2897973144482063D-20  0.3226698417637875D-20
  0.3591769229926995D-20  0.3997054461530663D-20  0.4446811800951997D-20
  0.4945723340151443D-20  0.5498933904178090D-20  0.6112092244240604D-20
  0.6791395215267855D-20  0.7543635047854051D-20  0.8376249809523505D-20
  0.9297377130882004D-20  0.1031591124778247D-19  0.1144156338038858D-19
  0.1268492543318035D-19  0.1405753695564155D-19  0.1557195525067801D-19
  0.1724182845574172D-19  0.1908197134912911D-19  0.2110844354988000D-19
  0.2333862968297648D-19  0.2579132097095427D-19  0.2848679758739295D-19
  0.3144691096586609D-19  0.3469516509863734D-19  0.3825679568158985D-19
  0.4215884576455951D-19  0.4643023634853963D-19  0.5110183013242953D-19
  0.5620648635166047D-19  0.6177910436898167D-19  0.6785665337411073D-19
  0.7447818522449486D-19  0.8168482711522748D-19  0.8951975040398076D-19
  0.9802811153913188D-19  0.1072569606493415D-18  0.1172551129549281D-18
  0.1280729777607546D-18  0.1397623393934773D-18  0.1523760840608076D-18
  0.1659678662462109D-18  0.1805917079203920D-18  0.1963015235638866D-18
  0.2131505637681954D-18  0.2311907700333417D-18  0.2504720333270380D-18
  0.2710413490365966D-18  0.2929418611532109D-18  0.3162117889049107D-18
  0.3408832296261884D-18  0.3669808324472802D-18  0.3945203384286014D-18
  0.4235069840864841D-18  0.4539337668710159D-18  0.4857795730923317D-18
  0.5190071710572613D-18  0.5535610747879997D-18  0.5893652866524176D-18
  0.6263209305424884D-18  0.6643037908881301D-18  0.7031617767780103D-18
  0.7427123347598370D-18  0.7827398384869507D-18  0.8229929882341865D-18
  0.8631822583839618D-18  0.9029774362327164D-18  0.9420053008265591D-18
  0.9798474959285957D-18  0.1016038656560133D-17  0.1050064853739384D-17
  0.1081362426942733D-17  0.1109317278294334D-17  0.1133264706388851D-17
  0.1152489860786407D-17  0.1166228900383091D-17  0.1173670939827028D-17
  0.1173960867671810D-17  0.1166203117772288D-17  0.1149466471261194D-17
  0.1122789960029941D-17  0.1085189933723699D-17  0.1035668340640273D-17
  0.9732222584510964D-18  0.8968546932965914D-18  0.8055866456342474D-18
  0.6984704184920563D-18  0.5746041189561008D-18  0.4331472774723284D-18
  0.2733374827592598D-18  0.9450790388619357D-19 -0.1038944534477472D-18
 -0.3222899310399237D-18 -0.5609470351493833D-18 -0.8199630922604590D-18
 -0.1099244959025887D-17 -0.1398490008008844D-17 -0.1717167615768985D-17
 -0.2054501385121016D-17 -0.2409452340892780D-17 -0.2780703347862532D-17
 -0.3166645008003891D-17 -0.3565363297206451D-17 -0.3974629190598893D-17
 -0.4391890494529169D-17 -0.4814266045669123D-17 -0.5238542353335844D-17
 -0.5661172653665517D-17 -0.6078278222149465D-17 -0.6485651665334310D-17
 -0.6878761794820582D-17 -0.7252759587741969D-17 -0.7602484665942426D-17
 -0.7922471687103066D-17 -0.8206956037847392D-17 -0.8449878252047108D-17
 -0.8644886644870785D-17 -0.8785337750257377D-17 -0.8864294270029653D-17
 -0.8874520378528511D-17 -0.8808474367981450D-17 -0.8658298756374162D-17
 -0.8415808100681634D-17 -0.8072474853492015D-17 -0.7619413660739364D-17
 -0.7047364514316959D-17 -0.6346675139623831D-17 -0.5507282910969995D-17
 -0.4518696446604898D-17 -0.3369976842763273D-17 -0.2049718269261225D-17
 -0.5460273787776424D-18  0.1153499306499989D-17  0.3061801153614660D-17
  0.5192383705541779D-17  0.7559355086362648D-17  0.1017747022888166D-16
  0.1306218463200744D-16  0.1622971922121524D-16  0.1969713755233180D-16
  0.2348243614486881D-16  0.2760464803832139D-16  0.3208395888424905D-16
  0.3694183397852786D-16  0.4220115368828969D-16  0.4788635378305341D-16
  0.5402356621159232D-16  0.6064075484180173D-16  0.6776783934901211D-16
  0.7543679857527784D-16  0.8368174179797923D-16  0.9253893204322441D-16
  0.1020467393625975D-15  0.1122454934278632D-15  0.1231771935279457D-15
  0.1348850196492681D-15  0.1474125703384552D-15  0.1608027308270927D-15
  0.1750960475277759D-15  0.1903284512421340D-15  0.2065281294185039D-15
  0.2237112955339266D-15  0.2418765365275022D-15  0.2609973372247453D-15
  0.2810122616703791D-15  0.3018121704451502D-15  0.3232235172251033D-15
  0.3449870066234284D-15
