  1    0  0  0   4  1  GM 1  2  1  2
 -2.25657 -2.20308
 0.0000 0.0001 0.9969 0.0000
 0.0000 0.0000 0.9969 0.0000
  1    0  0  0   4  1  GM 2  2  1  2
 -2.25446 -2.19855
 0.0000 0.0000 0.9970 0.0000
 0.0000 0.0000 0.9977 0.0000
  1    0  0  0   4  1  GM 5  2  1  3
 -2.25493 -2.20434 -2.19864
 0.0000 0.0000 0.9969 0.0000
 0.0000 0.0001 0.9967 0.0000
 0.0000 0.0000 0.9979 0.0000
  1    0  0  0   4  1  GM 6  2  1  3
 -2.25314 -2.20345 -2.19841
 0.0000 0.0000 0.9971 0.0000
 0.0000 0.0000 0.9963 0.0000
 0.0000 0.0000 0.9977 0.0000
  2    0  0  1   4  1  LD 1  2  2  4
 -2.25657 -2.25447 -2.20305 -2.19858
 0.0000 0.0001 0.9969 0.0000
 0.0000 0.0000 0.9970 0.0000
 0.0000 0.0000 0.9969 0.0000
 0.0000 0.0000 0.9977 0.0000
  2    0  0  1   4  1  LD 3  2  2  6
 -2.25490 -2.25313 -2.20433 -2.20341 -2.19867 -2.19843
 0.0000 0.0000 0.9969 0.0000
 0.0000 0.0000 0.9971 0.0000
 0.0000 0.0001 0.9968 0.0000
 0.0000 0.0000 0.9964 0.0000
 0.0000 0.0000 0.9979 0.0000
 0.0000 0.0000 0.9977 0.0000
  3    0  0  2   4  1  LD 1  2  2  4
 -2.25652 -2.25447 -2.20294 -2.19869
 0.0000 0.0001 0.9969 0.0000
 0.0000 0.0000 0.9970 0.0000
 0.0000 0.0001 0.9969 0.0000
 0.0000 0.0000 0.9977 0.0000
  3    0  0  2   4  1  LD 3  2  2  6
 -2.25482 -2.25315 -2.20428 -2.20334 -2.19872 -2.19852
 0.0000 0.0000 0.9969 0.0000
 0.0000 0.0000 0.9971 0.0000
 0.0000 0.0001 0.9968 0.0000
 0.0000 0.0000 0.9964 0.0000
 0.0000 0.0000 0.9978 0.0000
 0.0000 0.0000 0.9977 0.0000
  4    0  0  3   4  1  LD 1  2  2  4
 -2.25646 -2.25449 -2.20281 -2.19887
 0.0000 0.0001 0.9969 0.0000
 0.0000 0.0000 0.9970 0.0000
 0.0000 0.0001 0.9970 0.0000
 0.0000 0.0000 0.9976 0.0000
  4    0  0  3   4  1  LD 3  2  2  6
 -2.25472 -2.25320 -2.20421 -2.20324 -2.19880 -2.19864
 0.0000 0.0001 0.9970 0.0000
 0.0000 0.0000 0.9971 0.0000
 0.0000 0.0001 0.9968 0.0000
 0.0000 0.0000 0.9965 0.0000
 0.0000 0.0000 0.9978 0.0000
 0.0000 0.0000 0.9976 0.0000
  5    0  0  4   4  1  LD 1  2  2  4
 -2.25640 -2.25450 -2.20266 -2.19906
 0.0000 0.0001 0.9969 0.0000
 0.0000 0.0000 0.9970 0.0000
 0.0000 0.0001 0.9970 0.0000
 0.0000 0.0000 0.9975 0.0000
  5    0  0  4   4  1  LD 3  2  2  6
 -2.25460 -2.25327 -2.20414 -2.20315 -2.19888 -2.19877
 0.0000 0.0001 0.9971 0.0000
 0.0000 0.0000 0.9971 0.0000
 0.0000 0.0001 0.9968 0.0000
 0.0000 0.0000 0.9965 0.0000
 0.0000 0.0000 0.9976 0.0000
 0.0000 0.0000 0.9976 0.0000
  6    0  0  5   4  1  LD 1  2  2  4
 -2.25636 -2.25454 -2.20254 -2.19923
 0.0000 0.0001 0.9970 0.0000
 0.0000 0.0000 0.9970 0.0000
 0.0000 0.0001 0.9971 0.0000
 0.0000 0.0000 0.9974 0.0000
  6    0  0  5   4  1  LD 3  2  2  6
 -2.25451 -2.25334 -2.20409 -2.20309 -2.19895 -2.19887
 0.0000 0.0001 0.9971 0.0000
 0.0000 0.0000 0.9971 0.0000
 0.0000 0.0001 0.9968 0.0000
 0.0000 0.0000 0.9966 0.0000
 0.0000 0.0000 0.9975 0.0000
 0.0000 0.0000 0.9977 0.0000
  7    0  0  6   4  1  Z  1  2  1  2
 -2.25454 -2.19928
 0.0000 0.0000 0.9970 0.0000
 0.0000 0.0000 0.9974 0.0000
  7    0  0  6   4  1  Z  2  2  1  2
 -2.25632 -2.20247
 0.0000 0.0001 0.9970 0.0000
 0.0000 0.0001 0.9971 0.0000
  7    0  0  6   4  1  Z  5  2  1  3
 -2.25335 -2.20306 -2.19897
 0.0000 0.0000 0.9970 0.0000
 0.0000 0.0000 0.9966 0.0000
 0.0000 0.0001 0.9974 0.0000
  7    0  0  6   4  1  Z  6  2  1  3
 -2.25446 -2.20406 -2.19889
 0.0000 0.0001 0.9971 0.0000
 0.0000 0.0001 0.9968 0.0000
 0.0000 0.0000 0.9977 0.0000
  8    0  1  0   4  1  XP 1  2  6 10
 -2.25628 -2.25508 -2.25410 -2.25317 -2.20403 -2.20347 -2.20213 -2.19972
 -2.19892 -2.19833
 0.0000 0.0001 0.9969 0.0000
 0.0000 0.0000 0.9970 0.0000
 0.0000 0.0000 0.9970 0.0000
 0.0000 0.0000 0.9971 0.0000
 0.0000 0.0001 0.9968 0.0000
 0.0000 0.0000 0.9966 0.0000
 0.0000 0.0000 0.9969 0.0000
 0.0000 0.0000 0.9974 0.0000
 0.0000 0.0000 0.9976 0.0000
 0.0000 0.0000 0.9978 0.0000
  9    0  1  1   4  1  XP 1  2  6 10
 -2.25631 -2.25508 -2.25409 -2.25316 -2.20410 -2.20342 -2.20212 -2.19976
 -2.19897 -2.19825
 0.0000 0.0001 0.9969 0.0000
 0.0000 0.0000 0.9970 0.0000
 0.0000 0.0000 0.9970 0.0000
 0.0000 0.0000 0.9971 0.0000
 0.0000 0.0001 0.9967 0.0000
 0.0000 0.0000 0.9966 0.0000
 0.0000 0.0000 0.9969 0.0000
 0.0000 0.0000 0.9974 0.0000
 0.0000 0.0000 0.9976 0.0000
 0.0000 0.0000 0.9978 0.0000
 10    0  1  2   4  1  XP 1  2  6 10
 -2.25632 -2.25508 -2.25406 -2.25317 -2.20413 -2.20333 -2.20209 -2.19982
 -2.19904 -2.19822
 0.0000 0.0001 0.9969 0.0000
 0.0000 0.0000 0.9970 0.0000
 0.0000 0.0000 0.9971 0.0000
 0.0000 0.0000 0.9971 0.0000
 0.0000 0.0001 0.9967 0.0000
 0.0000 0.0000 0.9967 0.0000
 0.0000 0.0000 0.9969 0.0000
 0.0000 0.0000 0.9973 0.0000
 0.0000 0.0000 0.9976 0.0000
 0.0000 0.0000 0.9978 0.0000
 11    0  1  3   4  1  XP 1  2  6 10
 -2.25630 -2.25509 -2.25399 -2.25319 -2.20412 -2.20325 -2.20205 -2.19987
 -2.19912 -2.19825
 0.0000 0.0001 0.9969 0.0000
 0.0000 0.0000 0.9970 0.0000
 0.0000 0.0000 0.9971 0.0000
 0.0000 0.0000 0.9971 0.0000
 0.0000 0.0001 0.9967 0.0000
 0.0000 0.0000 0.9967 0.0000
 0.0000 0.0000 0.9969 0.0000
 0.0000 0.0000 0.9973 0.0000
 0.0000 0.0000 0.9976 0.0000
 0.0000 0.0000 0.9978 0.0000
 12    0  1  4   4  1  XP 1  2  6 10
 -2.25627 -2.25511 -2.25392 -2.25323 -2.20408 -2.20318 -2.20201 -2.19990
 -2.19918 -2.19835
 0.0000 0.0001 0.9969 0.0000
 0.0000 0.0000 0.9970 0.0000
 0.0000 0.0000 0.9971 0.0000
 0.0000 0.0000 0.9971 0.0000
 0.0000 0.0001 0.9967 0.0000
 0.0000 0.0000 0.9968 0.0000
 0.0000 0.0000 0.9970 0.0000
 0.0000 0.0000 0.9973 0.0000
 0.0000 0.0000 0.9975 0.0000
 0.0000 0.0000 0.9978 0.0000
 13    0  1  5   4  1  XP 1  2  6 10
 -2.25622 -2.25513 -2.25386 -2.25327 -2.20403 -2.20316 -2.20197 -2.19990
 -2.19920 -2.19848
 0.0000 0.0001 0.9970 0.0000
 0.0000 0.0000 0.9970 0.0000
 0.0000 0.0000 0.9971 0.0000
 0.0000 0.0000 0.9971 0.0000
 0.0000 0.0001 0.9967 0.0000
 0.0000 0.0000 0.9968 0.0000
 0.0000 0.0000 0.9970 0.0000
 0.0000 0.0000 0.9973 0.0000
 0.0000 0.0000 0.9975 0.0000
 0.0000 0.0000 0.9977 0.0000
 14    0  1  6   4  1  XP 1  2  6 10
 -2.25619 -2.25513 -2.25383 -2.25329 -2.20397 -2.20317 -2.20193 -2.19989
 -2.19917 -2.19860
 0.0000 0.0001 0.9970 0.0000
 0.0000 0.0000 0.9970 0.0000
 0.0000 0.0000 0.9972 0.0000
 0.0000 0.0000 0.9971 0.0000
 0.0000 0.0001 0.9968 0.0000
 0.0000 0.0000 0.9968 0.0000
 0.0000 0.0000 0.9970 0.0000
 0.0000 0.0000 0.9973 0.0000
 0.0000 0.0000 0.9974 0.0000
 0.0000 0.0000 0.9977 0.0000
 15    0  2  0   4  1  XP 1  2  6 10
 -2.25597 -2.25526 -2.25369 -2.25333 -2.20379 -2.20296 -2.20117 -2.20084
 -2.19946 -2.19866
 0.0000 0.0001 0.9970 0.0000
 0.0000 0.0000 0.9970 0.0000
 0.0000 0.0000 0.9971 0.0000
 0.0000 0.0000 0.9971 0.0000
 0.0000 0.0001 0.9968 0.0000
 0.0000 0.0000 0.9968 0.0000
 0.0000 0.0000 0.9970 0.0000
 0.0000 0.0000 0.9972 0.0000
 0.0000 0.0000 0.9975 0.0000
 0.0000 0.0000 0.9976 0.0000
 16    0  2  1   4  1  XP 1  2  6 10
 -2.25603 -2.25528 -2.25366 -2.25328 -2.20389 -2.20296 -2.20120 -2.20080
 -2.19945 -2.19848
 0.0000 0.0001 0.9970 0.0000
 0.0001 0.0000 0.9970 0.0000
 0.0000 0.0000 0.9971 0.0000
 0.0000 0.0000 0.9971 0.0000
 0.0000 0.0001 0.9968 0.0000
 0.0000 0.0000 0.9968 0.0000
 0.0000 0.0000 0.9970 0.0000
 0.0001 0.0000 0.9972 0.0000
 0.0000 0.0000 0.9975 0.0000
 0.0000 0.0000 0.9977 0.0000
 17    0  2  2   4  1  XP 1  2  6 10
 -2.25609 -2.25531 -2.25364 -2.25323 -2.20398 -2.20298 -2.20123 -2.20079
 -2.19945 -2.19832
 0.0000 0.0001 0.9969 0.0000
 0.0001 0.0000 0.9970 0.0000
 0.0001 0.0000 0.9971 0.0000
 0.0000 0.0000 0.9971 0.0000
 0.0000 0.0001 0.9968 0.0000
 0.0001 0.0000 0.9968 0.0000
 0.0000 0.0000 0.9969 0.0000
 0.0001 0.0000 0.9972 0.0000
 0.0000 0.0000 0.9975 0.0000
 0.0000 0.0000 0.9978 0.0000
 18    0  2  3   4  1  XP 1  2  6 10
 -2.25614 -2.25532 -2.25364 -2.25319 -2.20405 -2.20299 -2.20123 -2.20079
 -2.19946 -2.19821
 0.0000 0.0000 0.9969 0.0000
 0.0001 0.0000 0.9970 0.0000
 0.0001 0.0000 0.9972 0.0000
 0.0000 0.0000 0.9971 0.0000
 0.0000 0.0001 0.9967 0.0000
 0.0001 0.0000 0.9968 0.0000
 0.0000 0.0000 0.9969 0.0000
 0.0001 0.0000 0.9972 0.0000
 0.0000 0.0000 0.9975 0.0000
 0.0000 0.0000 0.9978 0.0000
 19    0  2  4   4  1  F  1  2  3  5
 -2.25532 -2.25318 -2.20299 -2.20123 -2.19817
 0.0001 0.0000 0.9970 0.0000
 0.0000 0.0000 0.9971 0.0000
 0.0001 0.0000 0.9968 0.0000
 0.0000 0.0000 0.9969 0.0000
 0.0000 0.0000 0.9978 0.0000
 19    0  2  4   4  1  F  2  2  3  5
 -2.25616 -2.25363 -2.20407 -2.20079 -2.19945
 0.0000 0.0000 0.9969 0.0000
 0.0001 0.0000 0.9972 0.0000
 0.0000 0.0001 0.9967 0.0000
 0.0001 0.0000 0.9972 0.0000
 0.0000 0.0000 0.9975 0.0000
 20    1  0  1   4  1  YP 1  2  6 10
 -2.25626 -2.25510 -2.25409 -2.25320 -2.20398 -2.20349 -2.20211 -2.19973
 -2.19892 -2.19843
 0.0000 0.0001 0.9970 0.0000
 0.0000 0.0000 0.9970 0.0000
 0.0000 0.0000 0.9970 0.0000
 0.0000 0.0000 0.9971 0.0000
 0.0000 0.0001 0.9968 0.0000
 0.0000 0.0000 0.9966 0.0000
 0.0000 0.0000 0.9969 0.0000
 0.0000 0.0000 0.9974 0.0000
 0.0000 0.0000 0.9976 0.0000
 0.0000 0.0000 0.9978 0.0000
 21    1  0  2   4  1  YP 1  2  6 10
 -2.25622 -2.25509 -2.25404 -2.25321 -2.20392 -2.20346 -2.20205 -2.19976
 -2.19895 -2.19852
 0.0000 0.0001 0.9970 0.0000
 0.0000 0.0000 0.9970 0.0000
 0.0000 0.0000 0.9971 0.0000
 0.0000 0.0000 0.9971 0.0000
 0.0000 0.0001 0.9968 0.0000
 0.0000 0.0000 0.9966 0.0000
 0.0000 0.0000 0.9970 0.0000
 0.0000 0.0000 0.9974 0.0000
 0.0000 0.0000 0.9975 0.0000
 0.0000 0.0000 0.9978 0.0000
 22    1  0  3   4  1  YP 1  2  6 10
 -2.25619 -2.25510 -2.25398 -2.25324 -2.20390 -2.20339 -2.20199 -2.19981
 -2.19901 -2.19860
 0.0000 0.0001 0.9970 0.0000
 0.0000 0.0000 0.9970 0.0000
 0.0000 0.0000 0.9971 0.0000
 0.0000 0.0000 0.9971 0.0000
 0.0000 0.0001 0.9968 0.0000
 0.0000 0.0000 0.9967 0.0000
 0.0000 0.0000 0.9970 0.0000
 0.0000 0.0000 0.9974 0.0000
 0.0000 0.0000 0.9975 0.0000
 0.0000 0.0000 0.9978 0.0000
 23    1  0  4   4  1  YP 1  2  6 10
 -2.25617 -2.25511 -2.25390 -2.25328 -2.20390 -2.20330 -2.20194 -2.19984
 -2.19906 -2.19867
 0.0000 0.0001 0.9970 0.0000
 0.0000 0.0000 0.9970 0.0000
 0.0000 0.0000 0.9971 0.0000
 0.0000 0.0000 0.9971 0.0000
 0.0000 0.0001 0.9968 0.0000
 0.0000 0.0000 0.9967 0.0000
 0.0000 0.0000 0.9970 0.0000
 0.0000 0.0000 0.9973 0.0000
 0.0000 0.0000 0.9975 0.0000
 0.0000 0.0000 0.9977 0.0000
 24    1  0  5   4  1  YP 1  2  6 10
 -2.25617 -2.25513 -2.25385 -2.25330 -2.20392 -2.20323 -2.20192 -2.19988
 -2.19911 -2.19868
 0.0000 0.0001 0.9970 0.0000
 0.0000 0.0000 0.9970 0.0000
 0.0000 0.0000 0.9971 0.0000
 0.0000 0.0000 0.9971 0.0000
 0.0000 0.0001 0.9968 0.0000
 0.0000 0.0000 0.9968 0.0000
 0.0000 0.0000 0.9970 0.0000
 0.0000 0.0000 0.9973 0.0000
 0.0000 0.0000 0.9975 0.0000
 0.0000 0.0000 0.9977 0.0000
 25    1  1  0   4  1  SM 1  2  6 10
 -2.25604 -2.25514 -2.25385 -2.25320 -2.20390 -2.20276 -2.20170 -2.20038
 -2.19946 -2.19859
 0.0000 0.0001 0.9970 0.0000
 0.0000 0.0000 0.9971 0.0000
 0.0000 0.0000 0.9971 0.0000
 0.0000 0.0000 0.9971 0.0000
 0.0000 0.0000 0.9968 0.0000
 0.0000 0.0000 0.9968 0.0000
 0.0000 0.0000 0.9970 0.0000
 0.0000 0.0000 0.9972 0.0000
 0.0000 0.0000 0.9975 0.0000
 0.0000 0.0000 0.9976 0.0000
 26    1  1  1   4  1  GN 1  2 12 10
 -2.25603 -2.25514 -2.25384 -2.25320 -2.20389 -2.20276 -2.20170 -2.20037
 -2.19948 -2.19858
 0.0000 0.0001 0.9970 0.0000
 0.0001 0.0000 0.9971 0.0000
 0.0000 0.0000 0.9971 0.0000
 0.0000 0.0000 0.9971 0.0000
 0.0000 0.0000 0.9968 0.0000
 0.0000 0.0000 0.9968 0.0000
 0.0000 0.0000 0.9970 0.0000
 0.0000 0.0000 0.9972 0.0000
 0.0000 0.0000 0.9975 0.0000
 0.0000 0.0000 0.9976 0.0000
 27    1  1  2   4  1  GN 1  2 12 10
 -2.25605 -2.25518 -2.25381 -2.25319 -2.20391 -2.20277 -2.20170 -2.20035
 -2.19951 -2.19855
 0.0000 0.0001 0.9970 0.0000
 0.0001 0.0000 0.9970 0.0000
 0.0000 0.0000 0.9971 0.0000
 0.0000 0.0000 0.9971 0.0000
 0.0000 0.0000 0.9968 0.0000
 0.0001 0.0000 0.9968 0.0000
 0.0000 0.0000 0.9970 0.0000
 0.0000 0.0000 0.9972 0.0000
 0.0000 0.0000 0.9975 0.0000
 0.0000 0.0000 0.9976 0.0000
 28    1  1  3   4  1  GN 1  2 12 10
 -2.25605 -2.25521 -2.25377 -2.25319 -2.20392 -2.20279 -2.20170 -2.20032
 -2.19952 -2.19854
 0.0000 0.0001 0.9970 0.0000
 0.0001 0.0000 0.9970 0.0000
 0.0000 0.0000 0.9971 0.0000
 0.0000 0.0000 0.9972 0.0000
 0.0000 0.0000 0.9968 0.0000
 0.0001 0.0000 0.9968 0.0000
 0.0000 0.0000 0.9969 0.0000
 0.0000 0.0000 0.9973 0.0000
 0.0000 0.0000 0.9975 0.0000
 0.0000 0.0000 0.9977 0.0000
 29    1  1  4   4  1  GN 1  2 12 10
 -2.25606 -2.25525 -2.25373 -2.25319 -2.20393 -2.20282 -2.20170 -2.20031
 -2.19949 -2.19854
 0.0000 0.0000 0.9970 0.0000
 0.0001 0.0000 0.9970 0.0000
 0.0001 0.0000 0.9971 0.0000
 0.0000 0.0000 0.9972 0.0000
 0.0000 0.0000 0.9968 0.0000
 0.0001 0.0000 0.9968 0.0000
 0.0000 0.0000 0.9969 0.0000
 0.0000 0.0000 0.9973 0.0000
 0.0000 0.0000 0.9975 0.0000
 0.0000 0.0000 0.9976 0.0000
 30    1  1  5   4  1  GN 1  2 12 10
 -2.25606 -2.25528 -2.25370 -2.25320 -2.20393 -2.20285 -2.20170 -2.20030
 -2.19945 -2.19856
 0.0000 0.0000 0.9970 0.0000
 0.0001 0.0000 0.9970 0.0000
 0.0001 0.0000 0.9971 0.0000
 0.0000 0.0000 0.9972 0.0000
 0.0000 0.0001 0.9968 0.0000
 0.0001 0.0000 0.9968 0.0000
 0.0000 0.0000 0.9969 0.0000
 0.0000 0.0000 0.9973 0.0000
 0.0000 0.0000 0.9975 0.0000
 0.0000 0.0000 0.9976 0.0000
 31    1  1  6   4  1  B  1  2  6 10
 -2.25607 -2.25529 -2.25369 -2.25320 -2.20393 -2.20286 -2.20170 -2.20031
 -2.19943 -2.19857
 0.0000 0.0000 0.9970 0.0000
 0.0001 0.0000 0.9970 0.0000
 0.0001 0.0000 0.9971 0.0000
 0.0000 0.0000 0.9972 0.0000
 0.0000 0.0001 0.9968 0.0000
 0.0001 0.0000 0.9968 0.0000
 0.0000 0.0000 0.9969 0.0000
 0.0000 0.0000 0.9973 0.0000
 0.0000 0.0000 0.9975 0.0000
 0.0000 0.0000 0.9976 0.0000
 32    2  0  1   4  1  YP 1  2  6 10
 -2.25590 -2.25524 -2.25368 -2.25337 -2.20370 -2.20296 -2.20110 -2.20089
 -2.19942 -2.19880
 0.0000 0.0001 0.9970 0.0000
 0.0000 0.0000 0.9970 0.0000
 0.0000 0.0000 0.9971 0.0000
 0.0000 0.0000 0.9971 0.0000
 0.0000 0.0001 0.9969 0.0000
 0.0000 0.0000 0.9968 0.0000
 0.0000 0.0000 0.9970 0.0000
 0.0000 0.0000 0.9971 0.0000
 0.0000 0.0000 0.9975 0.0000
 0.0000 0.0000 0.9975 0.0000
 33    2  0  2   4  1  L  1  2  3  5
 -2.25588 -2.25368 -2.20367 -2.20105 -2.19941
 0.0000 0.0001 0.9970 0.0000
 0.0000 0.0000 0.9971 0.0000
 0.0000 0.0001 0.9969 0.0000
 0.0001 0.0000 0.9971 0.0000
 0.0000 0.0000 0.9975 0.0000
 33    2  0  2   4  1  L  2  2  3  5
 -2.25523 -2.25339 -2.20295 -2.20094 -2.19886
 0.0000 0.0000 0.9971 0.0000
 0.0000 0.0000 0.9971 0.0000
 0.0000 0.0000 0.9968 0.0000
 0.0000 0.0000 0.9971 0.0000
 0.0000 0.0000 0.9975 0.0000
  1    0  0  0   4  1  GM 1  2  1  1
  0.31446
 0.0000 0.6076 0.0155 0.0064
  1    0  0  0   4  1  GM 2  2  1  2
  0.67822  0.95533
 0.0000 0.5510 0.0409 0.0101
 0.0000 0.0605 0.1996 0.0043
  1    0  0  0   4  1  GM 5  2  1  3
 -0.65833  0.26048  0.30040
 0.5931 0.0061 0.0001 0.0008
 0.0004 0.5274 0.0070 0.0055
 0.0001 0.5997 0.0146 0.0063
  1    0  0  0   4  1  GM 6  2  1  4
  0.01802  0.58410  0.66174  0.95401
 0.8353 0.0218 0.0006 0.0009
 0.0444 0.4176 0.0660 0.0076
 0.0008 0.5558 0.0384 0.0103
 0.0000 0.0523 0.2028 0.0040
  2    0  0  1   4  1  LD 1  2  2  2
  0.31518  0.66346
 0.0000 0.6049 0.0169 0.0061
 0.0000 0.5425 0.0433 0.0091
  2    0  0  1   4  1  LD 3  2  2  8
 -0.65364 -0.01377  0.28119  0.30481  0.58490  0.64763  0.95405  0.96116
 0.5933 0.0076 0.0001 0.0008
 0.7454 0.0574 0.0013 0.0013
 0.0689 0.5108 0.0096 0.0050
 0.0282 0.5639 0.0138 0.0056
 0.0430 0.4384 0.0591 0.0080
 0.0011 0.5389 0.0438 0.0091
 0.0354 0.1010 0.0893 0.0140
 0.0043 0.0129 0.0102 0.0017
  3    0  0  2   4  1  LD 1  2  2  2
  0.31751  0.62729
 0.0000 0.5980 0.0207 0.0053
 0.0000 0.5198 0.0490 0.0068
  3    0  0  2   4  1  LD 3  2  2  8
 -0.63990 -0.08222  0.29740  0.33613  0.58552  0.61471  0.92689  0.98507
 0.5944 0.0120 0.0002 0.0008
 0.6346 0.0919 0.0019 0.0015
 0.0161 0.5846 0.0198 0.0052
 0.2045 0.4074 0.0105 0.0035
 0.0430 0.4874 0.0430 0.0081
 0.0067 0.5135 0.0485 0.0070
 0.0611 0.0519 0.0957 0.0181
 0.0000 0.0001 0.0000 0.0000
  4    0  0  3   4  1  LD 1  2  2  2
  0.32177  0.58432
 0.0000 0.5893 0.0263 0.0043
 0.0000 0.4994 0.0519 0.0047
  4    0  0  3   4  1  LD 3  2  2  8
 -0.61831 -0.15808  0.30342  0.37140  0.56554  0.59381  0.92819  1.03104
 0.5972 0.0188 0.0004 0.0010
 0.5678 0.1012 0.0019 0.0014
 0.0047 0.5863 0.0260 0.0042
 0.2841 0.3308 0.0159 0.0033
 0.0082 0.5017 0.0483 0.0049
 0.0677 0.5111 0.0277 0.0067
 0.0530 0.0467 0.0939 0.0213
 0.0000 0.0000 0.0000 0.0000
  5    0  0  4   4  1  LD 1  2  2  2
  0.32767  0.54543
 0.0000 0.5817 0.0326 0.0032
 0.0000 0.4855 0.0511 0.0032
  5    0  0  4   4  1  LD 3  2  2  8
 -0.59173 -0.22746  0.30993  0.39326  0.52978  0.58714  0.96389  1.09620
 0.6033 0.0270 0.0007 0.0012
 0.5273 0.0980 0.0013 0.0011
 0.0020 0.5808 0.0324 0.0032
 0.3118 0.2828 0.0210 0.0045
 0.0018 0.4860 0.0503 0.0031
 0.1112 0.5018 0.0160 0.0041
 0.0348 0.1003 0.0832 0.0247
 0.0000 0.0001 0.0000 0.0000
  6    0  0  5   4  1  LD 1  2  2  2
  0.33350  0.51801
 0.0000 0.5773 0.0381 0.0024
 0.0000 0.4774 0.0486 0.0024
  6    0  0  5   4  1  LD 3  2  2  8
 -0.56674 -0.27939  0.31603  0.40408  0.50364  0.57974  1.01795  1.17564
 0.6131 0.0348 0.0012 0.0014
 0.5005 0.0913 0.0006 0.0007
 0.0008 0.5772 0.0379 0.0024
 0.3172 0.2592 0.0233 0.0061
 0.0016 0.4768 0.0482 0.0024
 0.1392 0.4750 0.0145 0.0016
 0.0178 0.1770 0.0638 0.0277
 0.0000 0.0001 0.0000 0.0000
  7    0  0  6   4  1  Z  1  2  1  1
  0.50797
 0.0000 0.4742 0.0473 0.0022
  7    0  0  6   4  1  Z  2  2  1  1
  0.33610
 0.0000 0.5763 0.0403 0.0021
  7    0  0  6   4  1  Z  5  2  1  4
 -0.29969  0.40729  0.49407  1.23675
 0.4890 0.0880 0.0003 0.0005
 0.3170 0.2528 0.0238 0.0068
 0.0021 0.4733 0.0469 0.0022
 0.0000 0.0000 0.0000 0.0000
  7    0  0  6   4  1  Z  6  2  1  4
 -0.55558  0.31869  0.57643  1.04900
 0.6194 0.0382 0.0014 0.0015
 0.0003 0.5763 0.0402 0.0021
 0.1487 0.4627 0.0149 0.0006
 0.0076 0.2239 0.0485 0.0299
  8    0  1  0   4  1  XP 1  2  6 10
 -0.60192 -0.12983  0.24816  0.26747  0.31509  0.52266  0.59904  0.66143
  0.86014  0.96730
 0.5878 0.0223 0.0009 0.0008
 0.6687 0.0891 0.0060 0.0020
 0.0141 0.5485 0.0179 0.0037
 0.0654 0.4781 0.0158 0.0028
 0.0430 0.5220 0.0187 0.0025
 0.0867 0.3691 0.0369 0.0054
 0.0571 0.4140 0.0539 0.0076
 0.0005 0.5275 0.0419 0.0067
 0.0212 0.0930 0.1152 0.0130
 0.0269 0.1009 0.1875 0.0092
  9    0  1  1   4  1  XP 1  2  6 10
 -0.59775 -0.12225  0.19589  0.23075  0.32461  0.54394  0.61747  0.72042
  0.85414  1.01291
 0.5895 0.0226 0.0012 0.0007
 0.7005 0.0721 0.0077 0.0018
 0.0348 0.4726 0.0134 0.0028
 0.0019 0.5523 0.0153 0.0039
 0.0524 0.4887 0.0179 0.0025
 0.0772 0.4216 0.0396 0.0042
 0.0507 0.3489 0.0735 0.0069
 0.0001 0.5801 0.0320 0.0092
 0.0190 0.2079 0.0898 0.0126
 0.0286 0.0896 0.1943 0.0107
 10    0  1  2   4  1  XP 1  2  6 10
 -0.58501 -0.13493  0.14413  0.21277  0.29692  0.60314  0.63389  0.75999
  0.87477  1.07817
 0.5931 0.0249 0.0017 0.0008
 0.7127 0.0547 0.0092 0.0014
 0.0123 0.4714 0.0135 0.0025
 0.0007 0.5460 0.0134 0.0039
 0.0626 0.4438 0.0163 0.0020
 0.0105 0.3736 0.0819 0.0041
 0.1101 0.4209 0.0428 0.0056
 0.0000 0.6271 0.0242 0.0105
 0.0074 0.3186 0.0755 0.0124
 0.0274 0.0834 0.1987 0.0136
 11    0  1  3   4  1  XP 1  2  6 10
 -0.56495 -0.16959  0.10735  0.20280  0.27483  0.61964  0.70034  0.76276
  0.88958  1.16044
 0.5992 0.0289 0.0024 0.0008
 0.6819 0.0512 0.0093 0.0011
 0.0247 0.4544 0.0150 0.0020
 0.0007 0.5389 0.0132 0.0036
 0.0756 0.4199 0.0147 0.0016
 0.0127 0.2893 0.0985 0.0054
 0.1064 0.5612 0.0249 0.0043
 0.0000 0.6245 0.0339 0.0090
 0.0103 0.3449 0.0752 0.0108
 0.0000 0.0414 0.2882 0.0153
 12    0  1  4   4  1  XP 1  2  6 10
 -0.54036 -0.21589  0.07985  0.20158  0.27103  0.63484  0.73543  0.76163
  0.89301  1.25356
 0.6085 0.0341 0.0032 0.0010
 0.6330 0.0548 0.0082 0.0008
 0.0427 0.4341 0.0155 0.0013
 0.0008 0.5339 0.0148 0.0033
 0.0965 0.4005 0.0161 0.0012
 0.0315 0.3444 0.0828 0.0065
 0.0001 0.5947 0.0486 0.0062
 0.0884 0.5770 0.0324 0.0046
 0.0255 0.3063 0.0807 0.0091
 0.0000 0.0802 0.2740 0.0242
 13    0  1  5   4  1  XP 1  2  6 10
 -0.51719 -0.25807  0.05919  0.20935  0.28396  0.64627  0.69473  0.80679
  0.90189  1.22443
 0.6198 0.0399 0.0039 0.0012
 0.5948 0.0556 0.0069 0.0006
 0.0455 0.4239 0.0144 0.0009
 0.0008 0.5315 0.0179 0.0029
 0.1181 0.3817 0.0200 0.0010
 0.0634 0.4373 0.0573 0.0070
 0.0012 0.5701 0.0553 0.0041
 0.0625 0.5695 0.0425 0.0058
 0.0324 0.2315 0.0946 0.0092
 0.0063 0.1892 0.0965 0.0226
 14    0  1  6   4  1  XP 1  2  6 10
 -0.50612 -0.28008  0.04825  0.22543  0.30930  0.63548  0.65286  0.83355
  0.93709  1.13903
 0.6249 0.0443 0.0040 0.0013
 0.5808 0.0533 0.0064 0.0005
 0.0351 0.4242 0.0128 0.0007
 0.0007 0.5325 0.0223 0.0025
 0.1326 0.3676 0.0243 0.0011
 0.0799 0.5109 0.0397 0.0051
 0.0274 0.5415 0.0496 0.0037
 0.0318 0.6081 0.0410 0.0075
 0.0291 0.1311 0.1178 0.0120
 0.0043 0.1835 0.1105 0.0201
 15    0  2  0   4  1  XP 1  2  6 10
 -0.45868 -0.34290  0.14483  0.21611  0.29429  0.55754  0.61234  0.62185
  0.90484  1.25959
 0.6097 0.0496 0.0049 0.0011
 0.5739 0.0828 0.0051 0.0009
 0.0610 0.4093 0.0131 0.0009
 0.0010 0.5432 0.0206 0.0026
 0.1349 0.3828 0.0228 0.0015
 0.0968 0.4222 0.0424 0.0054
 0.0030 0.4757 0.0589 0.0013
 0.0561 0.4059 0.0564 0.0026
 0.0225 0.0609 0.1291 0.0129
 0.0094 0.3378 0.1028 0.0155
 16    0  2  1   4  1  XP 1  2  6 10
 -0.45891 -0.31588  0.08216  0.18894  0.23709  0.59764  0.68219  0.73831
  0.85748  1.26620
 0.6204 0.0413 0.0063 0.0009
 0.5915 0.0834 0.0071 0.0008
 0.0643 0.3844 0.0091 0.0005
 0.0024 0.5327 0.0149 0.0029
 0.1142 0.3965 0.0173 0.0015
 0.0547 0.3843 0.0669 0.0055
 0.0002 0.5162 0.0595 0.0025
 0.0495 0.4697 0.0541 0.0035
 0.0413 0.1295 0.1036 0.0101
 0.0067 0.3217 0.1065 0.0190
 17    0  2  2   4  1  XP 1  2  6 10
 -0.45689 -0.28884  0.03561  0.16569  0.18850  0.59421  0.75704  0.85395
  0.87663  1.27790
 0.6352 0.0321 0.0080 0.0008
 0.6091 0.0839 0.0094 0.0007
 0.0760 0.3645 0.0052 0.0003
 0.0078 0.5195 0.0104 0.0032
 0.0730 0.4261 0.0111 0.0020
 0.0225 0.2622 0.1010 0.0039
 0.0001 0.5709 0.0520 0.0046
 0.0353 0.5586 0.0458 0.0038
 0.0450 0.3126 0.0655 0.0093
 0.0145 0.2843 0.1119 0.0217
 18    0  2  3   4  1  XP 1  2  6 10
 -0.45420 -0.26880  0.00927  0.14475  0.15864  0.57432  0.82175  0.92359
  0.94754  1.27232
 0.6488 0.0244 0.0095 0.0007
 0.6192 0.0857 0.0113 0.0004
 0.1027 0.3430 0.0028 0.0002
 0.0223 0.4728 0.0064 0.0029
 0.0120 0.4961 0.0067 0.0032
 0.0128 0.1825 0.1183 0.0020
 0.0002 0.6448 0.0332 0.0072
 0.0238 0.4589 0.0422 0.0102
 0.0141 0.6936 0.0283 0.0024
 0.0000 0.0629 0.3277 0.0105
 19    0  2  4   4  1  F  1  2  3  5
 -0.26145  0.00146  0.56536  0.84958  0.94779
 0.6210 0.0873 0.0121 0.0003
 0.1216 0.3308 0.0022 0.0001
 0.0113 0.1595 0.1228 0.0013
 0.0001 0.6908 0.0190 0.0087
 0.0071 0.5327 0.0325 0.0106
 19    0  2  4   4  1  F  2  2  3  5
 -0.45297  0.13275  0.15161  0.98490  1.24589
 0.6546 0.0213 0.0102 0.0007
 0.0078 0.4664 0.0039 0.0029
 0.0013 0.5154 0.0059 0.0036
 0.0026 0.7608 0.0175 0.0015
 0.0000 0.0120 0.3553 0.0065
 20    1  0  1   4  1  YP 1  2  6 10
 -0.59717 -0.15011  0.24924  0.27552  0.34029  0.54095  0.58703  0.60488
  0.90364  0.94920
 0.5877 0.0242 0.0009 0.0008
 0.6464 0.0933 0.0052 0.0021
 0.0248 0.5006 0.0186 0.0023
 0.0025 0.5722 0.0239 0.0035
 0.1231 0.4512 0.0174 0.0022
 0.1116 0.4082 0.0288 0.0079
 0.0412 0.4206 0.0468 0.0060
 0.0033 0.4901 0.0450 0.0048
 0.0176 0.1147 0.1200 0.0162
 0.0220 0.0488 0.1936 0.0082
 21    1  0  2   4  1  YP 1  2  6 10
 -0.58382 -0.17778  0.17678  0.29057  0.41580  0.49297  0.56291  0.66236
  0.91318  1.02227
 0.5895 0.0280 0.0011 0.0009
 0.6375 0.0853 0.0054 0.0019
 0.0119 0.4701 0.0168 0.0017
 0.0005 0.5801 0.0298 0.0031
 0.1471 0.4542 0.0188 0.0021
 0.1202 0.3953 0.0302 0.0063
 0.0010 0.4853 0.0426 0.0035
 0.0402 0.4691 0.0379 0.0081
 0.0191 0.1478 0.1454 0.0131
 0.0117 0.0191 0.1749 0.0159
 22    1  0  3   4  1  YP 1  2  6 10
 -0.56313 -0.21039  0.11497  0.28971  0.43822  0.48868  0.55191  0.74460
  0.92583  1.03638
 0.5941 0.0334 0.0015 0.0009
 0.6318 0.0715 0.0061 0.0016
 0.0015 0.4543 0.0143 0.0012
 0.0003 0.5693 0.0333 0.0025
 0.1289 0.3802 0.0297 0.0045
 0.1602 0.4611 0.0203 0.0023
 0.0011 0.4995 0.0410 0.0029
 0.0271 0.5501 0.0290 0.0101
 0.0140 0.1273 0.1527 0.0131
 0.0000 0.0144 0.2269 0.0130
 23    1  0  4   4  1  YP 1  2  6 10
 -0.53807 -0.24483  0.07270  0.27216  0.38777  0.55264  0.57157  0.80436
  0.97205  1.06733
 0.6030 0.0394 0.0023 0.0011
 0.6174 0.0595 0.0066 0.0012
 0.0040 0.4425 0.0124 0.0009
 0.0004 0.5513 0.0319 0.0022
 0.1370 0.3653 0.0293 0.0029
 0.1386 0.4876 0.0235 0.0029
 0.0194 0.5198 0.0411 0.0027
 0.0146 0.6001 0.0298 0.0109
 0.0077 0.1544 0.1420 0.0144
 0.0000 0.0047 0.2260 0.0162
 24    1  0  5   4  1  YP 1  2  6 10
 -0.51528 -0.27284  0.05136  0.24784  0.34434  0.59881  0.61360  0.83232
  1.00239  1.06760
 0.6160 0.0440 0.0032 0.0012
 0.5946 0.0534 0.0065 0.0007
 0.0183 0.4317 0.0119 0.0007
 0.0005 0.5385 0.0274 0.0022
 0.1385 0.3616 0.0275 0.0018
 0.0575 0.5266 0.0389 0.0032
 0.0834 0.5185 0.0346 0.0036
 0.0143 0.6116 0.0376 0.0097
 0.0173 0.1379 0.1266 0.0152
 0.0054 0.1533 0.1263 0.0178
 25    1  1  0   4  1  SM 1  2  6 10
 -0.49515 -0.28138  0.08186  0.28108  0.29100  0.52306  0.54376  0.78956
  0.90415  1.09094
 0.5895 0.0465 0.0034 0.0008
 0.6405 0.0708 0.0083 0.0015
 0.0043 0.4518 0.0137 0.0010
 0.0455 0.4832 0.0195 0.0015
 0.0762 0.4586 0.0171 0.0021
 0.0520 0.4038 0.0505 0.0026
 0.1125 0.3730 0.0399 0.0030
 0.0200 0.5653 0.0454 0.0100
 0.0015 0.1239 0.1441 0.0140
 0.0010 0.1285 0.1727 0.0150
 26    1  1  1   4  1  GN 1  2 12 10
 -0.49153 -0.28382  0.08475  0.24081  0.29776  0.50638  0.61283  0.77547
  0.89213  1.11563
 0.5917 0.0464 0.0036 0.0008
 0.6379 0.0708 0.0083 0.0014
 0.0086 0.4525 0.0145 0.0010
 0.0634 0.4265 0.0174 0.0011
 0.0577 0.5083 0.0163 0.0023
 0.0743 0.3415 0.0495 0.0029
 0.0835 0.4553 0.0427 0.0032
 0.0239 0.5526 0.0455 0.0096
 0.0039 0.1429 0.1440 0.0119
 0.0024 0.0889 0.1823 0.0174
 27    1  1  2   4  1  GN 1  2 12 10
 -0.48112 -0.29021  0.08234  0.21639  0.24477  0.56278  0.69672  0.74127
  0.86729  1.18588
 0.5984 0.0463 0.0043 0.0008
 0.6335 0.0696 0.0084 0.0013
 0.0194 0.4465 0.0151 0.0010
 0.0654 0.4127 0.0153 0.0009
 0.0512 0.4746 0.0161 0.0019
 0.0655 0.3821 0.0483 0.0040
 0.0843 0.5008 0.0431 0.0042
 0.0212 0.5476 0.0447 0.0080
 0.0085 0.1451 0.1475 0.0088
 0.0030 0.0488 0.2070 0.0210
 28    1  1  3   4  1  GN 1  2 12 10
 -0.46541 -0.29854  0.06126  0.17173  0.23706  0.65286  0.68708  0.77577
  0.85341  1.18726
 0.6096 0.0459 0.0055 0.0009
 0.6323 0.0652 0.0088 0.0011
 0.0256 0.4296 0.0126 0.0008
 0.0449 0.4420 0.0145 0.0013
 0.0610 0.4315 0.0160 0.0012
 0.0576 0.4488 0.0440 0.0057
 0.0666 0.5135 0.0378 0.0069
 0.0275 0.5166 0.0620 0.0048
 0.0144 0.1724 0.1409 0.0070
 0.0033 0.1397 0.1610 0.0190
 29    1  1  4   4  1  GN 1  2 12 10
 -0.44731 -0.30702  0.03684  0.10708  0.28424  0.62494  0.74873  0.82601
  0.86611  1.10606
 0.6241 0.0455 0.0067 0.0010
 0.6362 0.0572 0.0095 0.0009
 0.0213 0.4198 0.0093 0.0006
 0.0291 0.4265 0.0112 0.0009
 0.0654 0.4595 0.0188 0.0015
 0.0772 0.4900 0.0352 0.0056
 0.0387 0.5064 0.0427 0.0078
 0.0090 0.3997 0.0970 0.0063
 0.0182 0.3005 0.1110 0.0068
 0.0059 0.1612 0.1407 0.0164
 30    1  1  5   4  1  GN 1  2 12 10
 -0.43180 -0.31396  0.02412  0.05860  0.33808  0.56617  0.80687  0.85781
  0.90716  1.04544
 0.6380 0.0455 0.0078 0.0011
 0.6419 0.0484 0.0104 0.0008
 0.0132 0.4179 0.0072 0.0005
 0.0154 0.4194 0.0082 0.0007
 0.0670 0.4990 0.0210 0.0016
 0.0856 0.4492 0.0343 0.0048
 0.0163 0.4220 0.0744 0.0097
 0.0087 0.5116 0.0686 0.0087
 0.0084 0.2741 0.1172 0.0075
 0.0039 0.2977 0.1109 0.0112
 31    1  1  6   4  1  B  1  2  6 10
 -0.42541 -0.31685  0.02772  0.03335  0.36711  0.53576  0.83558  0.84433
  0.96711  1.00189
 0.6442 0.0457 0.0082 0.0011
 0.6444 0.0442 0.0108 0.0007
 0.0089 0.4238 0.0076 0.0005
 0.0101 0.4120 0.0058 0.0005
 0.0654 0.5317 0.0216 0.0016
 0.0908 0.4156 0.0340 0.0047
 0.0070 0.4060 0.0850 0.0102
 0.0076 0.4097 0.0857 0.0103
 0.0002 0.3723 0.0877 0.0090
 0.0050 0.3899 0.1019 0.0077
 32    2  0  1   4  1  YP 1  2  6 10
 -0.45646 -0.36341  0.21300  0.24096  0.35741  0.49196  0.52031  0.56044
  1.00263  1.23691
 0.6047 0.0556 0.0040 0.0012
 0.5609 0.0814 0.0038 0.0009
 0.0567 0.4515 0.0149 0.0017
 0.0006 0.5556 0.0258 0.0023
 0.1424 0.3808 0.0266 0.0021
 0.1327 0.3839 0.0352 0.0042
 0.0574 0.3559 0.0574 0.0015
 0.0008 0.4523 0.0555 0.0005
 0.0126 0.0777 0.1335 0.0173
 0.0124 0.2859 0.1144 0.0125
 33    2  0  2   4  1  L  1  2  3  5
 -0.45498  0.25175  0.42189  0.46888  1.11493
 0.6039 0.0579 0.0038 0.0013
 0.0003 0.5626 0.0283 0.0022
 0.1170 0.4775 0.0129 0.0028
 0.0509 0.3090 0.0621 0.0003
 0.0001 0.1755 0.0519 0.0324
 33    2  0  2   4  1  L  2  2  3  5
 -0.37133  0.25134  0.42710  0.54012  1.13994
 0.5557 0.0806 0.0033 0.0009
 0.0506 0.4949 0.0133 0.0024
 0.1829 0.2723 0.0464 0.0036
 0.0003 0.4411 0.0537 0.0002
 0.0195 0.0657 0.2298 0.0046
