  1    0  0  0   4  1  GM 1  1  1  1
 -2.21959
 0.0000 0.0000 0.9978 0.0000
  1    0  0  0   4  1  GM 4  1  1  1
 -2.22323
 0.0000 0.0000 0.9964 0.0000
  1    0  0  0   4  1  GM 5  2  1  2
 -2.22871 -2.22028
 0.0000 0.0001 0.9957 0.0000
 0.0000 0.0000 0.9980 0.0000
  1    0  0  0   4  1  GM 6  2  1  2
 -2.22523 -2.21715
 0.0000 0.0000 0.9963 0.0000
 0.0000 0.0000 0.9985 0.0000
  2    0  0  1   4  1  LD 1  1  2  2
 -2.22318 -2.21960
 0.0000 0.0000 0.9964 0.0000
 0.0000 0.0000 0.9978 0.0000
  2    0  0  1   4  1  LD 3  2  2  4
 -2.22865 -2.22521 -2.22031 -2.21721
 0.0000 0.0001 0.9958 0.0000
 0.0000 0.0000 0.9963 0.0000
 0.0000 0.0000 0.9980 0.0000
 0.0000 0.0000 0.9984 0.0000
  3    0  0  2   4  1  LD 1  1  2  2
 -2.22311 -2.21965
 0.0000 0.0000 0.9964 0.0000
 0.0000 0.0000 0.9978 0.0000
  3    0  0  2   4  1  LD 3  2  2  4
 -2.22846 -2.22513 -2.22034 -2.21741
 0.0000 0.0001 0.9958 0.0000
 0.0000 0.0000 0.9963 0.0000
 0.0000 0.0000 0.9980 0.0000
 0.0000 0.0000 0.9983 0.0000
  4    0  0  3   4  1  LD 1  1  2  2
 -2.22302 -2.21973
 0.0000 0.0000 0.9965 0.0000
 0.0000 0.0000 0.9977 0.0000
  4    0  0  3   4  1  LD 3  2  2  4
 -2.22822 -2.22503 -2.22040 -2.21769
 0.0000 0.0001 0.9960 0.0000
 0.0000 0.0000 0.9964 0.0000
 0.0000 0.0000 0.9979 0.0000
 0.0000 0.0001 0.9982 0.0000
  5    0  0  4   4  1  LD 1  1  2  2
 -2.22293 -2.21981
 0.0000 0.0000 0.9966 0.0000
 0.0000 0.0000 0.9976 0.0000
  5    0  0  4   4  1  LD 3  2  2  4
 -2.22795 -2.22493 -2.22045 -2.21800
 0.0000 0.0001 0.9961 0.0000
 0.0000 0.0000 0.9965 0.0000
 0.0000 0.0000 0.9979 0.0000
 0.0000 0.0001 0.9980 0.0000
  6    0  0  5   4  1  LD 1  1  2  2
 -2.22286 -2.21989
 0.0000 0.0000 0.9967 0.0000
 0.0000 0.0000 0.9976 0.0000
  6    0  0  5   4  1  LD 3  2  2  4
 -2.22776 -2.22489 -2.22049 -2.21825
 0.0000 0.0001 0.9962 0.0000
 0.0000 0.0000 0.9965 0.0000
 0.0000 0.0000 0.9979 0.0000
 0.0000 0.0001 0.9979 0.0000
  7    0  0  6   4  1  Z  1  1  1  1
 -2.22281
 0.0000 0.0000 0.9967 0.0000
  7    0  0  6   4  1  Z  4  1  1  1
 -2.21992
 0.0000 0.0000 0.9976 0.0000
  7    0  0  6   4  1  Z  5  2  1  2
 -2.22486 -2.21833
 0.0000 0.0000 0.9965 0.0000
 0.0000 0.0001 0.9978 0.0000
  7    0  0  6   4  1  Z  6  2  1  2
 -2.22766 -2.22048
 0.0000 0.0001 0.9962 0.0000
 0.0000 0.0000 0.9979 0.0000
  8    0  1  0   4  1  XP 1  1  6  6
 -2.22729 -2.22490 -2.22280 -2.22065 -2.22016 -2.21829
 0.0000 0.0001 0.9960 0.0000
 0.0000 0.0000 0.9963 0.0000
 0.0000 0.0000 0.9967 0.0000
 0.0000 0.0000 0.9975 0.0000
 0.0000 0.0000 0.9979 0.0000
 0.0000 0.0000 0.9981 0.0000
  8    0  1  0   4  1  XP 2  1  6  4
 -2.22840 -2.22433 -2.22094 -2.21748
 0.0000 0.0001 0.9959 0.0000
 0.0000 0.0000 0.9966 0.0000
 0.0000 0.0000 0.9978 0.0000
 0.0000 0.0000 0.9983 0.0000
  9    0  1  1   4  1  XP 1  1  6  6
 -2.22711 -2.22495 -2.22277 -2.22066 -2.22012 -2.21852
 0.0001 0.0001 0.9961 0.0000
 0.0000 0.0000 0.9963 0.0000
 0.0000 0.0000 0.9967 0.0000
 0.0000 0.0000 0.9975 0.0000
 0.0000 0.0000 0.9979 0.0000
 0.0000 0.0000 0.9980 0.0000
  9    0  1  1   4  1  XP 2  1  6  4
 -2.22857 -2.22428 -2.22100 -2.21728
 0.0000 0.0001 0.9958 0.0000
 0.0000 0.0000 0.9966 0.0000
 0.0000 0.0000 0.9977 0.0000
 0.0000 0.0000 0.9984 0.0000
 10    0  1  2   4  1  XP 1  1  6  6
 -2.22691 -2.22495 -2.22274 -2.22065 -2.22012 -2.21877
 0.0001 0.0001 0.9962 0.0000
 0.0000 0.0000 0.9963 0.0000
 0.0000 0.0000 0.9967 0.0000
 0.0000 0.0000 0.9975 0.0000
 0.0000 0.0000 0.9979 0.0000
 0.0000 0.0000 0.9979 0.0000
 10    0  1  2   4  1  XP 2  1  6  4
 -2.22861 -2.22423 -2.22105 -2.21722
 0.0000 0.0001 0.9958 0.0000
 0.0000 0.0000 0.9967 0.0000
 0.0000 0.0000 0.9977 0.0000
 0.0000 0.0000 0.9984 0.0000
 11    0  1  3   4  1  XP 1  1  6  6
 -2.22677 -2.22491 -2.22269 -2.22064 -2.22017 -2.21898
 0.0001 0.0001 0.9963 0.0000
 0.0000 0.0000 0.9963 0.0000
 0.0000 0.0000 0.9968 0.0000
 0.0000 0.0000 0.9975 0.0000
 0.0000 0.0000 0.9979 0.0000
 0.0000 0.0000 0.9978 0.0000
 11    0  1  3   4  1  XP 2  1  6  4
 -2.22852 -2.22415 -2.22110 -2.21730
 0.0000 0.0001 0.9959 0.0000
 0.0000 0.0000 0.9967 0.0000
 0.0000 0.0000 0.9977 0.0000
 0.0000 0.0000 0.9984 0.0000
 12    0  1  4   4  1  XP 1  1  6  6
 -2.22671 -2.22482 -2.22265 -2.22063 -2.22022 -2.21909
 0.0001 0.0001 0.9963 0.0000
 0.0000 0.0000 0.9963 0.0000
 0.0000 0.0000 0.9968 0.0000
 0.0000 0.0000 0.9975 0.0000
 0.0000 0.0000 0.9978 0.0000
 0.0000 0.0000 0.9977 0.0000
 12    0  1  4   4  1  XP 2  1  6  4
 -2.22835 -2.22411 -2.22111 -2.21751
 0.0000 0.0001 0.9960 0.0000
 0.0000 0.0000 0.9968 0.0000
 0.0000 0.0000 0.9977 0.0000
 0.0000 0.0000 0.9983 0.0000
 13    0  1  5   4  1  XP 1  1  6  6
 -2.22675 -2.22474 -2.22265 -2.22065 -2.22027 -2.21906
 0.0001 0.0001 0.9963 0.0000
 0.0000 0.0000 0.9964 0.0000
 0.0000 0.0000 0.9968 0.0000
 0.0000 0.0000 0.9976 0.0000
 0.0000 0.0000 0.9978 0.0000
 0.0000 0.0000 0.9977 0.0000
 13    0  1  5   4  1  XP 2  1  6  4
 -2.22811 -2.22410 -2.22108 -2.21780
 0.0000 0.0001 0.9961 0.0000
 0.0000 0.0000 0.9968 0.0000
 0.0000 0.0000 0.9977 0.0000
 0.0000 0.0001 0.9981 0.0000
 14    0  1  6   4  1  XP 1  1  6  6
 -2.22688 -2.22466 -2.22266 -2.22065 -2.22030 -2.21891
 0.0001 0.0001 0.9962 0.0000
 0.0000 0.0000 0.9965 0.0000
 0.0000 0.0000 0.9968 0.0000
 0.0000 0.0000 0.9976 0.0000
 0.0000 0.0000 0.9977 0.0000
 0.0000 0.0000 0.9978 0.0000
 14    0  1  6   4  1  XP 2  1  6  4
 -2.22787 -2.22412 -2.22101 -2.21810
 0.0000 0.0001 0.9962 0.0000
 0.0000 0.0000 0.9967 0.0000
 0.0000 0.0000 0.9977 0.0000
 0.0000 0.0001 0.9980 0.0000
 15    0  2  0   4  1  XP 1  1  6  6
 -2.22546 -2.22421 -2.22260 -2.22186 -2.22069 -2.21931
 0.0001 0.0000 0.9965 0.0000
 0.0000 0.0000 0.9964 0.0000
 0.0001 0.0000 0.9967 0.0000
 0.0001 0.0000 0.9975 0.0000
 0.0000 0.0000 0.9975 0.0000
 0.0000 0.0000 0.9979 0.0000
 15    0  2  0   4  1  XP 2  1  6  4
 -2.22783 -2.22271 -2.22229 -2.21817
 0.0000 0.0001 0.9962 0.0000
 0.0000 0.0000 0.9972 0.0000
 0.0000 0.0000 0.9973 0.0000
 0.0000 0.0001 0.9980 0.0000
 16    0  2  1   4  1  XP 1  1  6  6
 -2.22553 -2.22425 -2.22240 -2.22184 -2.22076 -2.21931
 0.0001 0.0000 0.9964 0.0000
 0.0000 0.0000 0.9964 0.0000
 0.0001 0.0000 0.9968 0.0000
 0.0001 0.0000 0.9975 0.0000
 0.0000 0.0000 0.9974 0.0000
 0.0000 0.0000 0.9979 0.0000
 16    0  2  1   4  1  XP 2  1  6  4
 -2.22806 -2.22267 -2.22234 -2.21786
 0.0000 0.0001 0.9961 0.0000
 0.0000 0.0000 0.9973 0.0000
 0.0000 0.0000 0.9973 0.0000
 0.0000 0.0001 0.9981 0.0000
 17    0  2  2   4  1  XP 1  1  6  6
 -2.22560 -2.22430 -2.22221 -2.22182 -2.22086 -2.21933
 0.0001 0.0000 0.9964 0.0000
 0.0001 0.0000 0.9964 0.0000
 0.0001 0.0000 0.9970 0.0000
 0.0001 0.0000 0.9974 0.0000
 0.0000 0.0000 0.9974 0.0000
 0.0000 0.0000 0.9979 0.0000
 17    0  2  2   4  1  XP 2  1  6  4
 -2.22828 -2.22265 -2.22240 -2.21758
 0.0000 0.0001 0.9960 0.0000
 0.0000 0.0000 0.9973 0.0000
 0.0000 0.0000 0.9973 0.0000
 0.0000 0.0000 0.9983 0.0000
 18    0  2  3   4  1  XP 1  1  6  6
 -2.22565 -2.22431 -2.22209 -2.22178 -2.22096 -2.21936
 0.0001 0.0000 0.9963 0.0000
 0.0001 0.0000 0.9963 0.0000
 0.0000 0.0000 0.9971 0.0000
 0.0001 0.0000 0.9974 0.0000
 0.0000 0.0000 0.9973 0.0000
 0.0000 0.0000 0.9979 0.0000
 18    0  2  3   4  1  XP 2  1  6  4
 -2.22843 -2.22262 -2.22244 -2.21738
 0.0000 0.0001 0.9960 0.0000
 0.0000 0.0000 0.9973 0.0000
 0.0000 0.0000 0.9972 0.0000
 0.0000 0.0000 0.9984 0.0000
 19    0  2  4   4  1  F  1  1  3  3
 -2.22566 -2.22431 -2.22101
 0.0001 0.0000 0.9963 0.0000
 0.0001 0.0000 0.9963 0.0000
 0.0000 0.0000 0.9973 0.0000
 19    0  2  4   4  1  F  2  1  3  2
 -2.22848 -2.22246
 0.0000 0.0001 0.9959 0.0000
 0.0000 0.0000 0.9972 0.0000
 19    0  2  4   4  1  F  3  1  3  2
 -2.22260 -2.21731
 0.0000 0.0000 0.9973 0.0000
 0.0000 0.0000 0.9984 0.0000
 19    0  2  4   4  1  F  4  1  3  3
 -2.22205 -2.22175 -2.21936
 0.0000 0.0000 0.9972 0.0000
 0.0002 0.0000 0.9973 0.0000
 0.0000 0.0000 0.9979 0.0000
 20    1  0  1   4  1  YP 1  1  6  6
 -2.22742 -2.22484 -2.22280 -2.22065 -2.22024 -2.21817
 0.0000 0.0001 0.9960 0.0000
 0.0000 0.0000 0.9964 0.0000
 0.0000 0.0000 0.9967 0.0000
 0.0000 0.0000 0.9976 0.0000
 0.0000 0.0000 0.9978 0.0000
 0.0000 0.0000 0.9982 0.0000
 20    1  0  1   4  1  YP 2  1  6  4
 -2.22818 -2.22434 -2.22091 -2.21776
 0.0000 0.0001 0.9960 0.0000
 0.0000 0.0000 0.9966 0.0000
 0.0000 0.0000 0.9978 0.0000
 0.0000 0.0001 0.9982 0.0000
 21    1  0  2   4  1  YP 1  1  6  6
 -2.22745 -2.22474 -2.22278 -2.22065 -2.22029 -2.21814
 0.0000 0.0001 0.9960 0.0000
 0.0000 0.0000 0.9964 0.0000
 0.0000 0.0000 0.9967 0.0000
 0.0000 0.0000 0.9976 0.0000
 0.0000 0.0000 0.9977 0.0000
 0.0000 0.0000 0.9982 0.0000
 21    1  0  2   4  1  YP 2  1  6  4
 -2.22793 -2.22432 -2.22088 -2.21806
 0.0000 0.0001 0.9961 0.0000
 0.0000 0.0000 0.9966 0.0000
 0.0000 0.0000 0.9978 0.0000
 0.0000 0.0001 0.9980 0.0000
 22    1  0  3   4  1  YP 1  1  6  6
 -2.22740 -2.22466 -2.22277 -2.22066 -2.22034 -2.21823
 0.0001 0.0001 0.9960 0.0000
 0.0000 0.0000 0.9965 0.0000
 0.0000 0.0000 0.9967 0.0000
 0.0000 0.0000 0.9976 0.0000
 0.0000 0.0000 0.9977 0.0000
 0.0000 0.0000 0.9981 0.0000
 22    1  0  3   4  1  YP 2  1  6  4
 -2.22774 -2.22428 -2.22086 -2.21830
 0.0000 0.0001 0.9962 0.0000
 0.0000 0.0000 0.9966 0.0000
 0.0000 0.0000 0.9978 0.0000
 0.0000 0.0001 0.9979 0.0000
 23    1  0  4   4  1  YP 1  1  6  6
 -2.22726 -2.22461 -2.22274 -2.22065 -2.22034 -2.21842
 0.0001 0.0001 0.9961 0.0000
 0.0000 0.0000 0.9965 0.0000
 0.0000 0.0000 0.9968 0.0000
 0.0000 0.0000 0.9976 0.0000
 0.0000 0.0000 0.9976 0.0000
 0.0000 0.0000 0.9980 0.0000
 23    1  0  4   4  1  YP 2  1  6  4
 -2.22765 -2.22422 -2.22088 -2.21841
 0.0000 0.0001 0.9963 0.0000
 0.0000 0.0000 0.9967 0.0000
 0.0000 0.0000 0.9978 0.0000
 0.0000 0.0001 0.9978 0.0000
 24    1  0  5   4  1  YP 1  1  6  6
 -2.22707 -2.22462 -2.22271 -2.22066 -2.22034 -2.21867
 0.0001 0.0001 0.9962 0.0000
 0.0000 0.0000 0.9965 0.0000
 0.0000 0.0000 0.9968 0.0000
 0.0000 0.0000 0.9976 0.0000
 0.0000 0.0000 0.9977 0.0000
 0.0000 0.0000 0.9979 0.0000
 24    1  0  5   4  1  YP 2  1  6  4
 -2.22770 -2.22416 -2.22094 -2.21833
 0.0000 0.0001 0.9963 0.0000
 0.0000 0.0000 0.9967 0.0000
 0.0000 0.0000 0.9978 0.0000
 0.0000 0.0001 0.9979 0.0000
 25    1  1  0   4  1  SM 1  1  6  5
 -2.22815 -2.22414 -2.22262 -2.22198 -2.21946
 0.0000 0.0001 0.9961 0.0000
 0.0000 0.0000 0.9966 0.0000
 0.0001 0.0000 0.9968 0.0000
 0.0000 0.0000 0.9974 0.0000
 0.0000 0.0000 0.9978 0.0000
 25    1  1  0   4  1  SM 2  1  6  5
 -2.22492 -2.22366 -2.22190 -2.22025 -2.21795
 0.0001 0.0001 0.9967 0.0000
 0.0000 0.0000 0.9967 0.0000
 0.0000 0.0000 0.9974 0.0000
 0.0000 0.0000 0.9977 0.0000
 0.0000 0.0001 0.9981 0.0000
 26    1  1  1   4  1  GN 1  1 12 10
 -2.22814 -2.22494 -2.22412 -2.22366 -2.22257 -2.22201 -2.22186 -2.22027
 -2.21948 -2.21793
 0.0000 0.0001 0.9961 0.0000
 0.0001 0.0001 0.9966 0.0000
 0.0000 0.0000 0.9966 0.0000
 0.0000 0.0000 0.9967 0.0000
 0.0001 0.0000 0.9968 0.0000
 0.0000 0.0000 0.9974 0.0000
 0.0000 0.0000 0.9974 0.0000
 0.0000 0.0000 0.9977 0.0000
 0.0000 0.0000 0.9978 0.0000
 0.0000 0.0001 0.9981 0.0000
 27    1  1  2   4  1  GN 1  1 12 10
 -2.22816 -2.22501 -2.22412 -2.22367 -2.22244 -2.22207 -2.22182 -2.22033
 -2.21953 -2.21789
 0.0000 0.0001 0.9961 0.0000
 0.0001 0.0001 0.9966 0.0000
 0.0000 0.0000 0.9966 0.0000
 0.0000 0.0000 0.9967 0.0000
 0.0000 0.0000 0.9969 0.0000
 0.0000 0.0000 0.9973 0.0000
 0.0000 0.0000 0.9974 0.0000
 0.0000 0.0000 0.9977 0.0000
 0.0000 0.0000 0.9977 0.0000
 0.0000 0.0001 0.9981 0.0000
 28    1  1  3   4  1  GN 1  1 12 10
 -2.22816 -2.22511 -2.22410 -2.22370 -2.22230 -2.22207 -2.22178 -2.22038
 -2.21954 -2.21788
 0.0000 0.0001 0.9961 0.0000
 0.0001 0.0001 0.9966 0.0000
 0.0000 0.0000 0.9966 0.0000
 0.0000 0.0000 0.9967 0.0000
 0.0000 0.0000 0.9971 0.0000
 0.0001 0.0000 0.9973 0.0000
 0.0000 0.0000 0.9974 0.0000
 0.0000 0.0000 0.9977 0.0000
 0.0000 0.0000 0.9977 0.0000
 0.0000 0.0001 0.9981 0.0000
 29    1  1  4   4  1  GN 1  1 12 10
 -2.22814 -2.22522 -2.22407 -2.22374 -2.22225 -2.22201 -2.22175 -2.22042
 -2.21950 -2.21790
 0.0000 0.0001 0.9961 0.0000
 0.0001 0.0001 0.9965 0.0000
 0.0000 0.0000 0.9966 0.0000
 0.0000 0.0000 0.9967 0.0000
 0.0000 0.0000 0.9972 0.0000
 0.0000 0.0000 0.9972 0.0000
 0.0001 0.0000 0.9974 0.0000
 0.0000 0.0000 0.9977 0.0000
 0.0000 0.0000 0.9977 0.0000
 0.0000 0.0001 0.9981 0.0000
 30    1  1  5   4  1  GN 1  1 12 10
 -2.22813 -2.22530 -2.22404 -2.22380 -2.22224 -2.22196 -2.22172 -2.22045
 -2.21943 -2.21796
 0.0000 0.0001 0.9961 0.0000
 0.0001 0.0001 0.9965 0.0000
 0.0000 0.0000 0.9966 0.0000
 0.0000 0.0000 0.9966 0.0000
 0.0000 0.0000 0.9973 0.0000
 0.0000 0.0000 0.9973 0.0000
 0.0001 0.0000 0.9973 0.0000
 0.0000 0.0000 0.9977 0.0000
 0.0000 0.0000 0.9978 0.0000
 0.0000 0.0001 0.9981 0.0000
 31    1  1  6   4  1  B  1  1  6  5
 -2.22533 -2.22383 -2.22194 -2.22045 -2.21799
 0.0001 0.0001 0.9964 0.0000
 0.0000 0.0000 0.9966 0.0000
 0.0000 0.0000 0.9974 0.0000
 0.0000 0.0000 0.9976 0.0000
 0.0000 0.0001 0.9980 0.0000
 31    1  1  6   4  1  B  2  1  6  5
 -2.22813 -2.22402 -2.22224 -2.22172 -2.21939
 0.0000 0.0001 0.9961 0.0000
 0.0000 0.0000 0.9967 0.0000
 0.0000 0.0000 0.9973 0.0000
 0.0001 0.0000 0.9973 0.0000
 0.0000 0.0000 0.9978 0.0000
 32    2  0  1   4  1  YP 1  1  6  6
 -2.22542 -2.22415 -2.22271 -2.22188 -2.22063 -2.21928
 0.0001 0.0001 0.9965 0.0000
 0.0000 0.0000 0.9965 0.0000
 0.0001 0.0000 0.9967 0.0000
 0.0000 0.0000 0.9975 0.0000
 0.0000 0.0000 0.9975 0.0000
 0.0000 0.0000 0.9979 0.0000
 32    2  0  1   4  1  YP 2  1  6  4
 -2.22764 -2.22272 -2.22222 -2.21841
 0.0000 0.0001 0.9963 0.0000
 0.0000 0.0000 0.9972 0.0000
 0.0000 0.0000 0.9973 0.0000
 0.0000 0.0001 0.9978 0.0000
 33    2  0  2   4  1  L  1  1  3  3
 -2.22275 -2.22190 -2.21927
 0.0001 0.0000 0.9966 0.0000
 0.0000 0.0000 0.9975 0.0000
 0.0000 0.0000 0.9979 0.0000
 33    2  0  2   4  1  L  2  1  3  2
 -2.22273 -2.21849
 0.0000 0.0000 0.9972 0.0000
 0.0000 0.0001 0.9978 0.0000
 33    2  0  2   4  1  L  3  1  3  2
 -2.22757 -2.22219
 0.0000 0.0001 0.9964 0.0000
 0.0000 0.0000 0.9973 0.0000
 33    2  0  2   4  1  L  4  1  3  3
 -2.22540 -2.22414 -2.22062
 0.0001 0.0001 0.9966 0.0000
 0.0000 0.0000 0.9965 0.0000
 0.0000 0.0000 0.9975 0.0000
  1    0  0  0   4  1  GM 1  1  1  2
 -0.65832  0.26409
 0.5931 0.0061 0.0001 0.0008
 0.0004 0.5195 0.0062 0.0055
  1    0  0  0   4  1  GM 4  1  1  2
  0.01803  0.58577
 0.8353 0.0218 0.0006 0.0009
 0.0451 0.4142 0.0668 0.0075
  1    0  0  0   4  1  GM 5  2  1  1
  0.30562
 0.0000 0.6076 0.0155 0.0064
  1    0  0  0   4  1  GM 6  2  1  2
  0.66919  0.95461
 0.0000 0.5554 0.0392 0.0103
 0.0000 0.0562 0.2013 0.0042
  2    0  0  1   4  1  LD 1  1  2  5
 -0.65364 -0.01374  0.28843  0.58685  0.95468
 0.5933 0.0076 0.0001 0.0008
 0.7456 0.0573 0.0013 0.0013
 0.0969 0.4700 0.0065 0.0046
 0.0441 0.4337 0.0601 0.0080
 0.0396 0.1135 0.0996 0.0156
  2    0  0  1   4  1  LD 3  2  2  3
  0.30637  0.65464  0.96077
 0.0000 0.6050 0.0169 0.0061
 0.0000 0.5439 0.0427 0.0092
 0.0000 0.0419 0.2087 0.0039
  3    0  0  2   4  1  LD 1  1  2  5
 -0.63990 -0.08218  0.33352  0.58957  0.92687
 0.5944 0.0120 0.0002 0.0008
 0.6348 0.0917 0.0019 0.0015
 0.2203 0.3941 0.0095 0.0033
 0.0499 0.4805 0.0428 0.0083
 0.0612 0.0519 0.0958 0.0181
  3    0  0  2   4  1  LD 3  2  2  3
  0.30882  0.61894  0.98517
 0.0000 0.5982 0.0207 0.0053
 0.0000 0.5204 0.0487 0.0068
 0.0000 0.0292 0.2169 0.0050
  4    0  0  3   4  1  LD 1  1  2  5
 -0.61831 -0.15804  0.37050  0.59052  0.92818
 0.5972 0.0188 0.0004 0.0010
 0.5680 0.1011 0.0018 0.0014
 0.2886 0.3279 0.0155 0.0032
 0.0760 0.5129 0.0244 0.0069
 0.0530 0.0466 0.0939 0.0213
  4    0  0  3   4  1  LD 3  2  2  3
  0.31320  0.57643  1.03119
 0.0000 0.5896 0.0263 0.0043
 0.0000 0.4996 0.0517 0.0047
 0.0000 0.0298 0.2213 0.0080
  5    0  0  4   4  1  LD 1  1  2  5
 -0.59172 -0.22743  0.39307  0.58605  0.96386
 0.6033 0.0270 0.0007 0.0012
 0.5274 0.0979 0.0013 0.0011
 0.3139 0.2816 0.0207 0.0045
 0.1128 0.5022 0.0154 0.0041
 0.0348 0.1002 0.0832 0.0247
  5    0  0  4   4  1  LD 3  2  2  3
  0.31920  0.53787  1.09649
 0.0000 0.5821 0.0326 0.0032
 0.0000 0.4858 0.0510 0.0032
 0.0000 0.0363 0.2268 0.0120
  6    0  0  5   4  1  LD 1  1  2  5
 -0.56673 -0.27937  0.40446  0.57914  1.01789
 0.6131 0.0348 0.0012 0.0014
 0.5006 0.0913 0.0006 0.0007
 0.3189 0.2580 0.0231 0.0061
 0.1397 0.4751 0.0143 0.0016
 0.0178 0.1769 0.0638 0.0278
  6    0  0  5   4  1  LD 3  2  2  3
  0.32508  0.51067  1.17611
 0.0000 0.5776 0.0380 0.0024
 0.0000 0.4777 0.0485 0.0024
 0.0000 0.0437 0.2428 0.0153
  7    0  0  6   4  1  Z  1  1  1  2
 -0.29967  0.40795
 0.4891 0.0879 0.0003 0.0005
 0.3191 0.2513 0.0236 0.0069
  7    0  0  6   4  1  Z  4  1  1  3
 -0.55557  0.57594  1.04890
 0.6194 0.0382 0.0014 0.0015
 0.1490 0.4630 0.0148 0.0006
 0.0076 0.2237 0.0485 0.0299
  7    0  0  6   4  1  Z  5  2  1  2
  0.50070  1.23737
 0.0000 0.4749 0.0471 0.0021
 0.0000 0.0468 0.2931 0.0120
  7    0  0  6   4  1  Z  6  2  1  1
  0.32768
 0.0000 0.5763 0.0403 0.0021
  8    0  1  0   4  1  XP 1  1  6  8
 -0.60191 -0.12979  0.26450  0.31459  0.52295  0.59932  0.86005  0.96725
 0.5878 0.0223 0.0009 0.0008
 0.6689 0.0890 0.0060 0.0020
 0.0781 0.4600 0.0148 0.0026
 0.0441 0.5218 0.0186 0.0025
 0.0867 0.3687 0.0369 0.0053
 0.0576 0.4127 0.0542 0.0077
 0.0212 0.0926 0.1153 0.0130
 0.0269 0.1008 0.1875 0.0092
  8    0  1  0   4  1  XP 2  1  6  2
  0.25207  0.66051
 0.0000 0.5671 0.0188 0.0039
 0.0000 0.5297 0.0415 0.0067
  9    0  1  1   4  1  XP 1  1  6  8
 -0.59774 -0.12221  0.19743  0.32467  0.54379  0.61771  0.85384  1.01287
 0.5895 0.0226 0.0012 0.0007
 0.7007 0.0720 0.0077 0.0018
 0.0361 0.4688 0.0134 0.0027
 0.0527 0.4886 0.0179 0.0025
 0.0775 0.4214 0.0395 0.0042
 0.0506 0.3473 0.0740 0.0068
 0.0190 0.2064 0.0901 0.0126
 0.0286 0.0895 0.1943 0.0107
  9    0  1  1   4  1  XP 2  1  6  2
  0.22972  0.72005
 0.0000 0.5564 0.0152 0.0040
 0.0000 0.5834 0.0313 0.0093
 10    0  1  2   4  1  XP 1  1  6  8
 -0.58501 -0.13490  0.14483  0.29692  0.60325  0.63376  0.87419  1.07813
 0.5931 0.0248 0.0017 0.0008
 0.7128 0.0546 0.0092 0.0014
 0.0125 0.4706 0.0135 0.0025
 0.0629 0.4435 0.0163 0.0020
 0.0108 0.3743 0.0817 0.0041
 0.1098 0.4188 0.0433 0.0056
 0.0074 0.3160 0.0760 0.0124
 0.0274 0.0833 0.1987 0.0136
 10    0  1  2   4  1  XP 2  1  6  2
  0.21261  0.76008
 0.0000 0.5472 0.0133 0.0039
 0.0000 0.6313 0.0234 0.0106
 11    0  1  3   4  1  XP 1  1  6  7
 -0.56495 -0.16957  0.10778  0.27467  0.61993  0.70005  0.88901
 0.5992 0.0289 0.0024 0.0008
 0.6820 0.0511 0.0093 0.0011
 0.0248 0.4540 0.0150 0.0019
 0.0761 0.4192 0.0147 0.0016
 0.0126 0.2878 0.0989 0.0054
 0.1066 0.5614 0.0248 0.0043
 0.0103 0.3427 0.0756 0.0108
 11    0  1  3   4  1  XP 2  1  6  3
  0.20301  0.76285  1.16041
 0.0000 0.5400 0.0132 0.0037
 0.0000 0.6282 0.0332 0.0090
 0.0000 0.0413 0.2882 0.0153
 12    0  1  4   4  1  XP 1  1  6  7
 -0.54035 -0.21587  0.08015  0.27075  0.63532  0.76130  0.89266
 0.6085 0.0341 0.0032 0.0010
 0.6331 0.0548 0.0082 0.0008
 0.0427 0.4338 0.0155 0.0013
 0.0972 0.3996 0.0161 0.0012
 0.0315 0.3422 0.0832 0.0065
 0.0886 0.5768 0.0324 0.0046
 0.0255 0.3050 0.0809 0.0091
 12    0  1  4   4  1  XP 2  1  6  3
  0.20201  0.73521  1.25352
 0.0000 0.5350 0.0148 0.0033
 0.0000 0.5987 0.0479 0.0062
 0.0000 0.0801 0.2740 0.0242
 13    0  1  5   4  1  XP 1  1  6  8
 -0.51718 -0.25806  0.05942  0.28367  0.64745  0.80648  0.90173  1.22430
 0.6198 0.0399 0.0039 0.0012
 0.5948 0.0555 0.0069 0.0006
 0.0455 0.4237 0.0144 0.0009
 0.1187 0.3809 0.0200 0.0010
 0.0646 0.4327 0.0578 0.0071
 0.0625 0.5696 0.0425 0.0058
 0.0324 0.2307 0.0947 0.0092
 0.0063 0.1890 0.0965 0.0226
 13    0  1  5   4  1  XP 2  1  6  2
  0.20986  0.69367
 0.0000 0.5324 0.0179 0.0029
 0.0000 0.5757 0.0546 0.0040
 14    0  1  6   4  1  XP 1  1  6  8
 -0.50611 -0.28007  0.04846  0.30905  0.64006  0.83327  0.93702  1.13891
 0.6250 0.0443 0.0040 0.0013
 0.5808 0.0532 0.0064 0.0005
 0.0351 0.4240 0.0128 0.0007
 0.1332 0.3669 0.0242 0.0011
 0.1074 0.4924 0.0353 0.0060
 0.0317 0.6083 0.0410 0.0075
 0.0291 0.1308 0.1178 0.0120
 0.0043 0.1834 0.1105 0.0201
 14    0  1  6   4  1  XP 2  1  6  2
  0.22594  0.64828
 0.0000 0.5332 0.0223 0.0025
 0.0000 0.5605 0.0540 0.0028
 15    0  2  0   4  1  XP 1  1  6  8
 -0.45867 -0.34288  0.14503  0.29390  0.55821  0.62128  0.90479  1.25945
 0.6097 0.0495 0.0049 0.0011
 0.5740 0.0827 0.0051 0.0009
 0.0610 0.4092 0.0131 0.0009
 0.1358 0.3819 0.0227 0.0015
 0.0979 0.4213 0.0424 0.0054
 0.0580 0.4028 0.0566 0.0027
 0.0225 0.0608 0.1292 0.0129
 0.0093 0.3377 0.1028 0.0155
 15    0  2  0   4  1  XP 2  1  6  2
  0.21677  0.61192
 0.0000 0.5442 0.0206 0.0026
 0.0000 0.4800 0.0589 0.0012
 16    0  2  1   4  1  XP 1  1  6  8
 -0.45891 -0.31586  0.08231  0.23633  0.59813  0.73806  0.85735  1.26604
 0.6205 0.0413 0.0063 0.0009
 0.5916 0.0834 0.0071 0.0008
 0.0643 0.3843 0.0091 0.0005
 0.1165 0.3941 0.0172 0.0015
 0.0549 0.3830 0.0671 0.0055
 0.0495 0.4696 0.0541 0.0035
 0.0413 0.1290 0.1037 0.0101
 0.0067 0.3215 0.1066 0.0190
 16    0  2  1   4  1  XP 2  1  6  2
  0.18992  0.68184
 0.0000 0.5351 0.0149 0.0030
 0.0000 0.5183 0.0592 0.0025
 17    0  2  2   4  1  XP 1  1  6  8
 -0.45688 -0.28882  0.03575  0.18656  0.59441  0.85373  0.87618  1.27771
 0.6352 0.0321 0.0080 0.0008
 0.6092 0.0838 0.0094 0.0007
 0.0759 0.3644 0.0052 0.0003
 0.0807 0.4159 0.0111 0.0019
 0.0225 0.2613 0.1012 0.0039
 0.0353 0.5583 0.0458 0.0038
 0.0451 0.3112 0.0657 0.0093
 0.0145 0.2840 0.1120 0.0217
 17    0  2  2   4  1  XP 2  1  6  2
  0.16783  0.75733
 0.0000 0.5297 0.0103 0.0033
 0.0000 0.5736 0.0516 0.0046
 18    0  2  3   4  1  XP 1  1  6  7
 -0.45420 -0.26877  0.00939  0.14990  0.57442  0.92263  0.94733
 0.6488 0.0244 0.0095 0.0007
 0.6193 0.0856 0.0114 0.0004
 0.1026 0.3430 0.0028 0.0002
 0.0343 0.4419 0.0057 0.0025
 0.0128 0.1820 0.1184 0.0020
 0.0240 0.4565 0.0423 0.0102
 0.0141 0.6938 0.0283 0.0024
 18    0  2  3   4  1  XP 2  1  6  3
  0.15369  0.82250  1.27227
 0.0000 0.5270 0.0074 0.0036
 0.0000 0.6479 0.0329 0.0072
 0.0000 0.0627 0.3278 0.0105
 19    0  2  4   4  1  F  1  1  3  4
 -0.26143  0.00159  0.56544  0.94650
 0.6211 0.0872 0.0121 0.0003
 0.1215 0.3308 0.0022 0.0001
 0.0113 0.1590 0.1228 0.0013
 0.0071 0.5296 0.0329 0.0106
 19    0  2  4   4  1  F  2  1  3  2
  0.14884  1.24588
 0.0000 0.5261 0.0063 0.0037
 0.0000 0.0120 0.3553 0.0065
 19    0  2  4   4  1  F  3  1  3  1
  0.85064
 0.0000 0.6943 0.0186 0.0087
 19    0  2  4   4  1  F  4  1  3  3
 -0.45296  0.13573  0.98468
 0.6546 0.0213 0.0102 0.0007
 0.0090 0.4556 0.0034 0.0028
 0.0026 0.7609 0.0175 0.0015
 20    1  0  1   4  1  YP 1  1  6  8
 -0.59716 -0.15007  0.25091  0.33930  0.54250  0.58728  0.90358  0.94916
 0.5877 0.0242 0.0009 0.0008
 0.6466 0.0932 0.0052 0.0021
 0.0248 0.4972 0.0185 0.0023
 0.1254 0.4496 0.0173 0.0022
 0.1141 0.4071 0.0282 0.0080
 0.0419 0.4157 0.0477 0.0061
 0.0175 0.1146 0.1201 0.0162
 0.0220 0.0486 0.1936 0.0082
 20    1  0  1   4  1  YP 2  1  6  2
  0.27516  0.60279
 0.0000 0.5773 0.0240 0.0036
 0.0000 0.4964 0.0446 0.0047
 21    1  0  2   4  1  YP 1  1  6  8
 -0.58381 -0.17774  0.17721  0.41538  0.49358  0.66173  0.91311  1.02225
 0.5895 0.0280 0.0011 0.0009
 0.6377 0.0852 0.0054 0.0019
 0.0116 0.4699 0.0169 0.0017
 0.1475 0.4544 0.0187 0.0020
 0.1214 0.3939 0.0302 0.0063
 0.0403 0.4691 0.0378 0.0081
 0.0191 0.1477 0.1454 0.0131
 0.0117 0.0190 0.1749 0.0159
 21    1  0  2   4  1  YP 2  1  6  2
  0.29096  0.56259
 0.0000 0.5807 0.0299 0.0031
 0.0000 0.4864 0.0427 0.0035
 22    1  0  3   4  1  YP 1  1  6  7
 -0.56312 -0.21037  0.11524  0.43837  0.48880  0.74419  0.92576
 0.5941 0.0334 0.0015 0.0009
 0.6319 0.0714 0.0061 0.0016
 0.0013 0.4542 0.0143 0.0012
 0.1286 0.3807 0.0296 0.0044
 0.1619 0.4597 0.0202 0.0024
 0.0271 0.5502 0.0289 0.0101
 0.0140 0.1272 0.1527 0.0131
 22    1  0  3   4  1  YP 2  1  6  3
  0.29013  0.55142  1.03636
 0.0000 0.5696 0.0333 0.0025
 0.0000 0.5003 0.0411 0.0029
 0.0000 0.0143 0.2269 0.0130
 23    1  0  4   4  1  YP 1  1  6  7
 -0.53806 -0.24481  0.07292  0.38770  0.55489  0.80403  0.97195
 0.6030 0.0394 0.0023 0.0011
 0.6175 0.0594 0.0066 0.0012
 0.0039 0.4424 0.0124 0.0009
 0.1373 0.3649 0.0292 0.0029
 0.1582 0.4825 0.0208 0.0030
 0.0146 0.6002 0.0298 0.0110
 0.0076 0.1542 0.1420 0.0144
 23    1  0  4   4  1  YP 2  1  6  3
  0.27261  0.56913  1.06732
 0.0000 0.5517 0.0319 0.0022
 0.0000 0.5251 0.0438 0.0026
 0.0000 0.0047 0.2260 0.0162
 24    1  0  5   4  1  YP 1  1  6  8
 -0.51527 -0.27282  0.05156  0.34416  0.60761  0.83205  1.00237  1.06744
 0.6160 0.0440 0.0032 0.0012
 0.5947 0.0533 0.0065 0.0007
 0.0183 0.4316 0.0119 0.0007
 0.1389 0.3610 0.0275 0.0018
 0.1410 0.4998 0.0242 0.0043
 0.0142 0.6118 0.0376 0.0098
 0.0173 0.1379 0.1266 0.0152
 0.0053 0.1530 0.1263 0.0178
 24    1  0  5   4  1  YP 2  1  6  2
  0.24833  0.60472
 0.0000 0.5390 0.0274 0.0022
 0.0000 0.5457 0.0492 0.0025
 25    1  1  0   4  1  SM 1  1  6  5
 -0.49514  0.08211  0.28981  0.52414  0.90405
 0.5895 0.0465 0.0034 0.0008
 0.0042 0.4517 0.0137 0.0010
 0.0819 0.4517 0.0168 0.0022
 0.0476 0.4074 0.0511 0.0026
 0.0015 0.1236 0.1441 0.0141
 25    1  1  0   4  1  SM 2  1  6  5
 -0.28136  0.28258  0.54245  0.78933  1.09090
 0.6405 0.0708 0.0083 0.0015
 0.0397 0.4902 0.0197 0.0014
 0.1170 0.3696 0.0393 0.0030
 0.0200 0.5656 0.0454 0.0100
 0.0010 0.1283 0.1727 0.0151
 26    1  1  1   4  1  GN 1  1 12 10
 -0.49152 -0.28380  0.08501  0.24113  0.29769  0.50648  0.61257  0.77521
  0.89203  1.11560
 0.5917 0.0464 0.0036 0.0008
 0.6380 0.0708 0.0083 0.0014
 0.0085 0.4524 0.0145 0.0010
 0.0634 0.4264 0.0174 0.0011
 0.0577 0.5086 0.0163 0.0023
 0.0743 0.3413 0.0495 0.0029
 0.0836 0.4556 0.0426 0.0032
 0.0239 0.5530 0.0455 0.0096
 0.0039 0.1426 0.1441 0.0119
 0.0024 0.0888 0.1823 0.0174
 27    1  1  2   4  1  GN 1  1 12 10
 -0.48111 -0.29019  0.08260  0.21711  0.24420  0.56300  0.69665  0.74084
  0.86715  1.18586
 0.5984 0.0462 0.0043 0.0008
 0.6336 0.0696 0.0084 0.0013
 0.0193 0.4464 0.0151 0.0010
 0.0654 0.4114 0.0153 0.0008
 0.0511 0.4760 0.0161 0.0019
 0.0655 0.3818 0.0483 0.0040
 0.0846 0.5013 0.0429 0.0042
 0.0209 0.5480 0.0447 0.0080
 0.0085 0.1446 0.1476 0.0088
 0.0030 0.0487 0.2070 0.0210
 28    1  1  3   4  1  GN 1  1 12 10
 -0.46540 -0.29852  0.06149  0.17216  0.23679  0.65464  0.68528  0.77573
  0.85315  1.18718
 0.6096 0.0459 0.0055 0.0009
 0.6324 0.0651 0.0088 0.0011
 0.0256 0.4295 0.0126 0.0008
 0.0446 0.4422 0.0145 0.0013
 0.0612 0.4314 0.0160 0.0012
 0.0571 0.4451 0.0443 0.0056
 0.0670 0.5176 0.0374 0.0070
 0.0277 0.5181 0.0616 0.0048
 0.0143 0.1709 0.1412 0.0070
 0.0033 0.1395 0.1610 0.0190
 29    1  1  4   4  1  GN 1  1 12 10
 -0.44730 -0.30700  0.03705  0.10727  0.28422  0.62541  0.74827  0.82611
  0.86568  1.10596
 0.6241 0.0455 0.0067 0.0010
 0.6363 0.0572 0.0095 0.0009
 0.0213 0.4197 0.0093 0.0006
 0.0289 0.4265 0.0112 0.0009
 0.0654 0.4595 0.0188 0.0015
 0.0774 0.4901 0.0352 0.0056
 0.0386 0.5068 0.0426 0.0078
 0.0090 0.4018 0.0966 0.0063
 0.0182 0.2983 0.1115 0.0068
 0.0059 0.1610 0.1407 0.0164
 30    1  1  5   4  1  GN 1  1 12 10
 -0.43178 -0.31395  0.02437  0.05870  0.33815  0.56637  0.80698  0.85733
  0.90709  1.04523
 0.6381 0.0455 0.0078 0.0011
 0.6419 0.0483 0.0104 0.0008
 0.0132 0.4178 0.0072 0.0005
 0.0153 0.4195 0.0082 0.0007
 0.0670 0.4990 0.0209 0.0016
 0.0857 0.4491 0.0343 0.0048
 0.0164 0.4231 0.0741 0.0097
 0.0086 0.5112 0.0688 0.0087
 0.0083 0.2742 0.1172 0.0075
 0.0039 0.2972 0.1110 0.0113
 31    1  1  6   4  1  B  1  1  6  5
 -0.31684  0.03291  0.53590  0.83864  0.96748
 0.6444 0.0442 0.0108 0.0007
 0.0097 0.4110 0.0057 0.0005
 0.0909 0.4155 0.0340 0.0047
 0.0064 0.4065 0.0834 0.0103
 0.0001 0.3720 0.0876 0.0090
 31    1  1  6   4  1  B  2  1  6  5
 -0.42540  0.02850  0.36724  0.84094  1.00122
 0.6443 0.0457 0.0082 0.0011
 0.0092 0.4246 0.0077 0.0005
 0.0654 0.5318 0.0216 0.0016
 0.0082 0.4105 0.0871 0.0102
 0.0050 0.3892 0.1023 0.0077
 32    2  0  1   4  1  YP 1  1  6  8
 -0.45645 -0.36340  0.21329  0.35727  0.49232  0.51997  1.00259  1.23679
 0.6047 0.0556 0.0040 0.0012
 0.5610 0.0813 0.0038 0.0009
 0.0566 0.4514 0.0148 0.0017
 0.1429 0.3806 0.0265 0.0021
 0.1335 0.3833 0.0351 0.0043
 0.0574 0.3558 0.0575 0.0015
 0.0126 0.0777 0.1335 0.0173
 0.0124 0.2858 0.1144 0.0125
 32    2  0  1   4  1  YP 2  1  6  2
  0.24150  0.55986
 0.0000 0.5561 0.0259 0.0023
 0.0000 0.4530 0.0556 0.0005
 33    2  0  2   4  1  L  1  1  3  4
 -0.45497  0.42218  0.46809  1.11486
 0.6039 0.0579 0.0037 0.0013
 0.1179 0.4796 0.0123 0.0028
 0.0502 0.3067 0.0628 0.0003
 0.0001 0.1755 0.0519 0.0324
 33    2  0  2   4  1  L  2  1  3  1
  0.53973
 0.0000 0.4415 0.0537 0.0002
 33    2  0  2   4  1  L  3  1  3  1
  0.25230
 0.0000 0.5629 0.0283 0.0022
 33    2  0  2   4  1  L  4  1  3  4
 -0.37131  0.25168  0.42717  1.13991
 0.5557 0.0805 0.0033 0.0009
 0.0504 0.4952 0.0132 0.0024
 0.1834 0.2717 0.0464 0.0036
 0.0195 0.0657 0.2298 0.0046
