  1    0  0  0   4  1  GM 1  2  1  2
 -2.25518 -2.20170
 0.0000 0.0001 0.9969 0.0000
 0.0000 0.0000 0.9969 0.0000
  1    0  0  0   4  1  GM 2  2  1  2
 -2.25306 -2.19716
 0.0000 0.0000 0.9970 0.0000
 0.0000 0.0000 0.9977 0.0000
  1    0  0  0   4  1  GM 5  2  1  3
 -2.25355 -2.20296 -2.19726
 0.0000 0.0000 0.9969 0.0000
 0.0000 0.0001 0.9967 0.0000
 0.0000 0.0000 0.9979 0.0000
  1    0  0  0   4  1  GM 6  2  1  3
 -2.25175 -2.20206 -2.19703
 0.0000 0.0000 0.9971 0.0000
 0.0000 0.0000 0.9963 0.0000
 0.0000 0.0000 0.9977 0.0000
  2    0  0  1   4  1  LD 1  2  2  4
 -2.25518 -2.25307 -2.20167 -2.19720
 0.0000 0.0001 0.9969 0.0000
 0.0000 0.0000 0.9970 0.0000
 0.0000 0.0000 0.9969 0.0000
 0.0000 0.0000 0.9977 0.0000
  2    0  0  1   4  1  LD 3  2  2  6
 -2.25352 -2.25174 -2.20295 -2.20203 -2.19728 -2.19705
 0.0000 0.0000 0.9969 0.0000
 0.0000 0.0000 0.9971 0.0000
 0.0000 0.0001 0.9967 0.0000
 0.0000 0.0000 0.9963 0.0000
 0.0000 0.0000 0.9979 0.0000
 0.0000 0.0000 0.9977 0.0000
  3    0  0  2   4  1  LD 1  2  2  4
 -2.25512 -2.25307 -2.20156 -2.19731
 0.0000 0.0001 0.9969 0.0000
 0.0000 0.0000 0.9970 0.0000
 0.0000 0.0001 0.9969 0.0000
 0.0000 0.0000 0.9977 0.0000
  3    0  0  2   4  1  LD 3  2  2  6
 -2.25343 -2.25176 -2.20290 -2.20196 -2.19733 -2.19713
 0.0000 0.0000 0.9969 0.0000
 0.0000 0.0000 0.9971 0.0000
 0.0000 0.0001 0.9968 0.0000
 0.0000 0.0000 0.9964 0.0000
 0.0000 0.0000 0.9978 0.0000
 0.0000 0.0000 0.9977 0.0000
  4    0  0  3   4  1  LD 1  2  2  4
 -2.25507 -2.25309 -2.20144 -2.19749
 0.0000 0.0001 0.9969 0.0000
 0.0000 0.0000 0.9970 0.0000
 0.0000 0.0001 0.9970 0.0000
 0.0000 0.0000 0.9976 0.0000
  4    0  0  3   4  1  LD 3  2  2  6
 -2.25333 -2.25181 -2.20283 -2.20186 -2.19742 -2.19725
 0.0000 0.0001 0.9970 0.0000
 0.0000 0.0000 0.9971 0.0000
 0.0000 0.0001 0.9968 0.0000
 0.0000 0.0000 0.9965 0.0000
 0.0000 0.0000 0.9978 0.0000
 0.0000 0.0000 0.9976 0.0000
  5    0  0  4   4  1  LD 1  2  2  4
 -2.25500 -2.25311 -2.20128 -2.19768
 0.0000 0.0001 0.9969 0.0000
 0.0000 0.0000 0.9970 0.0000
 0.0000 0.0001 0.9970 0.0000
 0.0000 0.0000 0.9975 0.0000
  5    0  0  4   4  1  LD 3  2  2  6
 -2.25321 -2.25188 -2.20276 -2.20176 -2.19749 -2.19739
 0.0000 0.0001 0.9970 0.0000
 0.0000 0.0000 0.9971 0.0000
 0.0000 0.0001 0.9968 0.0000
 0.0000 0.0000 0.9965 0.0000
 0.0000 0.0000 0.9976 0.0000
 0.0000 0.0000 0.9976 0.0000
  6    0  0  5   4  1  LD 1  2  2  4
 -2.25496 -2.25314 -2.20116 -2.19785
 0.0000 0.0001 0.9970 0.0000
 0.0000 0.0000 0.9970 0.0000
 0.0000 0.0001 0.9971 0.0000
 0.0000 0.0000 0.9974 0.0000
  6    0  0  5   4  1  LD 3  2  2  6
 -2.25313 -2.25195 -2.20271 -2.20171 -2.19757 -2.19749
 0.0000 0.0001 0.9971 0.0000
 0.0000 0.0000 0.9970 0.0000
 0.0000 0.0001 0.9968 0.0000
 0.0000 0.0000 0.9966 0.0000
 0.0000 0.0000 0.9975 0.0000
 0.0000 0.0000 0.9977 0.0000
  7    0  0  6   4  1  Z  1  2  1  2
 -2.25315 -2.19790
 0.0000 0.0000 0.9970 0.0000
 0.0000 0.0000 0.9974 0.0000
  7    0  0  6   4  1  Z  2  2  1  2
 -2.25493 -2.20109
 0.0000 0.0001 0.9970 0.0000
 0.0000 0.0001 0.9971 0.0000
  7    0  0  6   4  1  Z  5  2  1  3
 -2.25196 -2.20168 -2.19759
 0.0000 0.0000 0.9970 0.0000
 0.0000 0.0000 0.9966 0.0000
 0.0000 0.0001 0.9974 0.0000
  7    0  0  6   4  1  Z  6  2  1  3
 -2.25307 -2.20268 -2.19751
 0.0000 0.0001 0.9971 0.0000
 0.0000 0.0001 0.9968 0.0000
 0.0000 0.0000 0.9977 0.0000
  8    0  1  0   4  1  XP 1  2  6 10
 -2.25489 -2.25369 -2.25270 -2.25178 -2.20265 -2.20209 -2.20075 -2.19834
 -2.19753 -2.19694
 0.0000 0.0001 0.9969 0.0000
 0.0000 0.0000 0.9970 0.0000
 0.0000 0.0000 0.9970 0.0000
 0.0000 0.0000 0.9971 0.0000
 0.0000 0.0001 0.9968 0.0000
 0.0000 0.0000 0.9966 0.0000
 0.0000 0.0000 0.9969 0.0000
 0.0000 0.0000 0.9974 0.0000
 0.0000 0.0000 0.9976 0.0000
 0.0000 0.0000 0.9978 0.0000
  9    0  1  1   4  1  XP 1  2  6 10
 -2.25492 -2.25369 -2.25270 -2.25177 -2.20272 -2.20204 -2.20074 -2.19838
 -2.19758 -2.19686
 0.0000 0.0001 0.9969 0.0000
 0.0000 0.0000 0.9970 0.0000
 0.0000 0.0000 0.9970 0.0000
 0.0000 0.0000 0.9971 0.0000
 0.0000 0.0001 0.9967 0.0000
 0.0000 0.0000 0.9966 0.0000
 0.0000 0.0000 0.9969 0.0000
 0.0000 0.0000 0.9974 0.0000
 0.0000 0.0000 0.9976 0.0000
 0.0000 0.0000 0.9978 0.0000
 10    0  1  2   4  1  XP 1  2  6 10
 -2.25492 -2.25369 -2.25267 -2.25178 -2.20275 -2.20195 -2.20071 -2.19844
 -2.19766 -2.19684
 0.0000 0.0001 0.9969 0.0000
 0.0000 0.0000 0.9970 0.0000
 0.0000 0.0000 0.9970 0.0000
 0.0000 0.0000 0.9971 0.0000
 0.0000 0.0001 0.9967 0.0000
 0.0000 0.0000 0.9967 0.0000
 0.0000 0.0000 0.9969 0.0000
 0.0000 0.0000 0.9973 0.0000
 0.0000 0.0000 0.9976 0.0000
 0.0000 0.0000 0.9978 0.0000
 11    0  1  3   4  1  XP 1  2  6 10
 -2.25491 -2.25370 -2.25259 -2.25180 -2.20274 -2.20187 -2.20067 -2.19848
 -2.19773 -2.19687
 0.0000 0.0001 0.9969 0.0000
 0.0000 0.0000 0.9970 0.0000
 0.0000 0.0000 0.9971 0.0000
 0.0000 0.0000 0.9971 0.0000
 0.0000 0.0001 0.9967 0.0000
 0.0000 0.0000 0.9967 0.0000
 0.0000 0.0000 0.9969 0.0000
 0.0000 0.0000 0.9973 0.0000
 0.0000 0.0000 0.9976 0.0000
 0.0000 0.0000 0.9978 0.0000
 12    0  1  4   4  1  XP 1  2  6 10
 -2.25488 -2.25371 -2.25253 -2.25184 -2.20270 -2.20180 -2.20063 -2.19851
 -2.19780 -2.19696
 0.0000 0.0001 0.9969 0.0000
 0.0000 0.0000 0.9970 0.0000
 0.0000 0.0000 0.9971 0.0000
 0.0000 0.0000 0.9971 0.0000
 0.0000 0.0001 0.9967 0.0000
 0.0000 0.0000 0.9968 0.0000
 0.0000 0.0000 0.9969 0.0000
 0.0001 0.0000 0.9973 0.0000
 0.0000 0.0000 0.9975 0.0000
 0.0000 0.0000 0.9978 0.0000
 13    0  1  5   4  1  XP 1  2  6 10
 -2.25483 -2.25373 -2.25246 -2.25188 -2.20265 -2.20177 -2.20059 -2.19852
 -2.19781 -2.19709
 0.0000 0.0001 0.9969 0.0000
 0.0000 0.0000 0.9970 0.0000
 0.0000 0.0000 0.9971 0.0000
 0.0000 0.0000 0.9971 0.0000
 0.0000 0.0001 0.9967 0.0000
 0.0000 0.0000 0.9968 0.0000
 0.0000 0.0000 0.9970 0.0000
 0.0000 0.0000 0.9973 0.0000
 0.0000 0.0000 0.9975 0.0000
 0.0000 0.0000 0.9977 0.0000
 14    0  1  6   4  1  XP 1  2  6 10
 -2.25480 -2.25374 -2.25243 -2.25190 -2.20259 -2.20179 -2.20055 -2.19851
 -2.19779 -2.19721
 0.0000 0.0001 0.9970 0.0000
 0.0000 0.0000 0.9970 0.0000
 0.0000 0.0000 0.9972 0.0000
 0.0000 0.0000 0.9971 0.0000
 0.0000 0.0001 0.9968 0.0000
 0.0000 0.0000 0.9968 0.0000
 0.0000 0.0000 0.9970 0.0000
 0.0000 0.0000 0.9973 0.0000
 0.0000 0.0000 0.9974 0.0000
 0.0000 0.0000 0.9977 0.0000
 15    0  2  0   4  1  XP 1  2  6 10
 -2.25457 -2.25386 -2.25230 -2.25194 -2.20241 -2.20157 -2.19978 -2.19946
 -2.19808 -2.19728
 0.0000 0.0001 0.9970 0.0000
 0.0000 0.0000 0.9970 0.0000
 0.0000 0.0000 0.9971 0.0000
 0.0000 0.0000 0.9971 0.0000
 0.0000 0.0001 0.9968 0.0000
 0.0000 0.0000 0.9968 0.0000
 0.0000 0.0000 0.9970 0.0000
 0.0000 0.0000 0.9972 0.0000
 0.0000 0.0000 0.9975 0.0000
 0.0000 0.0000 0.9976 0.0000
 16    0  2  1   4  1  XP 1  2  6 10
 -2.25464 -2.25388 -2.25227 -2.25189 -2.20251 -2.20158 -2.19982 -2.19942
 -2.19807 -2.19710
 0.0000 0.0001 0.9970 0.0000
 0.0001 0.0000 0.9970 0.0000
 0.0000 0.0000 0.9971 0.0000
 0.0000 0.0000 0.9971 0.0000
 0.0000 0.0001 0.9968 0.0000
 0.0001 0.0000 0.9968 0.0000
 0.0000 0.0000 0.9970 0.0000
 0.0001 0.0000 0.9972 0.0000
 0.0000 0.0000 0.9975 0.0000
 0.0000 0.0000 0.9977 0.0000
 17    0  2  2   4  1  XP 1  2  6 10
 -2.25470 -2.25391 -2.25225 -2.25184 -2.20260 -2.20160 -2.19985 -2.19940
 -2.19807 -2.19694
 0.0000 0.0001 0.9969 0.0000
 0.0001 0.0000 0.9970 0.0000
 0.0001 0.0000 0.9971 0.0000
 0.0000 0.0000 0.9971 0.0000
 0.0000 0.0001 0.9968 0.0000
 0.0001 0.0000 0.9968 0.0000
 0.0000 0.0000 0.9969 0.0000
 0.0001 0.0000 0.9972 0.0000
 0.0000 0.0000 0.9975 0.0000
 0.0000 0.0000 0.9978 0.0000
 18    0  2  3   4  1  XP 1  2  6 10
 -2.25475 -2.25392 -2.25225 -2.25180 -2.20267 -2.20161 -2.19985 -2.19940
 -2.19808 -2.19682
 0.0000 0.0000 0.9969 0.0000
 0.0001 0.0000 0.9970 0.0000
 0.0001 0.0000 0.9972 0.0000
 0.0000 0.0000 0.9971 0.0000
 0.0000 0.0001 0.9967 0.0000
 0.0001 0.0000 0.9968 0.0000
 0.0000 0.0000 0.9969 0.0000
 0.0001 0.0000 0.9972 0.0000
 0.0000 0.0000 0.9975 0.0000
 0.0000 0.0000 0.9978 0.0000
 19    0  2  4   4  1  F  1  2  3  5
 -2.25392 -2.25179 -2.20161 -2.19985 -2.19678
 0.0001 0.0000 0.9970 0.0000
 0.0000 0.0000 0.9971 0.0000
 0.0001 0.0000 0.9968 0.0000
 0.0000 0.0000 0.9969 0.0000
 0.0000 0.0000 0.9978 0.0000
 19    0  2  4   4  1  F  2  2  3  5
 -2.25477 -2.25224 -2.20269 -2.19940 -2.19807
 0.0000 0.0000 0.9969 0.0000
 0.0001 0.0000 0.9972 0.0000
 0.0000 0.0001 0.9967 0.0000
 0.0001 0.0000 0.9972 0.0000
 0.0000 0.0000 0.9975 0.0000
 20    1  0  1   4  1  YP 1  2  6 10
 -2.25486 -2.25370 -2.25270 -2.25181 -2.20260 -2.20211 -2.20073 -2.19835
 -2.19754 -2.19704
 0.0000 0.0001 0.9969 0.0000
 0.0000 0.0000 0.9970 0.0000
 0.0000 0.0000 0.9970 0.0000
 0.0000 0.0000 0.9971 0.0000
 0.0000 0.0001 0.9968 0.0000
 0.0000 0.0000 0.9966 0.0000
 0.0000 0.0000 0.9969 0.0000
 0.0000 0.0000 0.9974 0.0000
 0.0000 0.0000 0.9976 0.0000
 0.0000 0.0000 0.9978 0.0000
 21    1  0  2   4  1  YP 1  2  6 10
 -2.25483 -2.25370 -2.25265 -2.25182 -2.20254 -2.20208 -2.20067 -2.19838
 -2.19757 -2.19713
 0.0000 0.0001 0.9970 0.0000
 0.0000 0.0000 0.9970 0.0000
 0.0000 0.0000 0.9970 0.0000
 0.0000 0.0000 0.9971 0.0000
 0.0000 0.0001 0.9968 0.0000
 0.0000 0.0000 0.9966 0.0000
 0.0000 0.0000 0.9969 0.0000
 0.0000 0.0000 0.9974 0.0000
 0.0000 0.0000 0.9975 0.0000
 0.0000 0.0000 0.9978 0.0000
 22    1  0  3   4  1  YP 1  2  6 10
 -2.25480 -2.25371 -2.25259 -2.25186 -2.20252 -2.20201 -2.20061 -2.19842
 -2.19763 -2.19722
 0.0000 0.0001 0.9970 0.0000
 0.0000 0.0000 0.9970 0.0000
 0.0000 0.0000 0.9971 0.0000
 0.0000 0.0000 0.9971 0.0000
 0.0000 0.0001 0.9968 0.0000
 0.0000 0.0000 0.9967 0.0000
 0.0000 0.0000 0.9970 0.0000
 0.0000 0.0000 0.9974 0.0000
 0.0000 0.0000 0.9975 0.0000
 0.0000 0.0000 0.9977 0.0000
 23    1  0  4   4  1  YP 1  2  6 10
 -2.25478 -2.25372 -2.25251 -2.25189 -2.20252 -2.20192 -2.20056 -2.19846
 -2.19767 -2.19728
 0.0000 0.0001 0.9970 0.0000
 0.0000 0.0000 0.9970 0.0000
 0.0000 0.0000 0.9971 0.0000
 0.0000 0.0000 0.9971 0.0000
 0.0000 0.0001 0.9968 0.0000
 0.0000 0.0000 0.9967 0.0000
 0.0000 0.0000 0.9970 0.0000
 0.0000 0.0000 0.9973 0.0000
 0.0000 0.0000 0.9974 0.0000
 0.0000 0.0000 0.9977 0.0000
 24    1  0  5   4  1  YP 1  2  6 10
 -2.25478 -2.25374 -2.25246 -2.25191 -2.20254 -2.20185 -2.20054 -2.19850
 -2.19773 -2.19729
 0.0000 0.0001 0.9970 0.0000
 0.0000 0.0000 0.9970 0.0000
 0.0000 0.0000 0.9971 0.0000
 0.0000 0.0000 0.9971 0.0000
 0.0000 0.0001 0.9968 0.0000
 0.0000 0.0000 0.9968 0.0000
 0.0000 0.0000 0.9970 0.0000
 0.0000 0.0000 0.9973 0.0000
 0.0000 0.0000 0.9974 0.0000
 0.0000 0.0000 0.9977 0.0000
 25    1  1  0   4  1  SM 1  2  6 10
 -2.25465 -2.25374 -2.25246 -2.25181 -2.20252 -2.20138 -2.20032 -2.19900
 -2.19808 -2.19721
 0.0000 0.0001 0.9970 0.0000
 0.0000 0.0000 0.9971 0.0000
 0.0000 0.0000 0.9971 0.0000
 0.0000 0.0000 0.9971 0.0000
 0.0000 0.0000 0.9968 0.0000
 0.0000 0.0000 0.9968 0.0000
 0.0000 0.0000 0.9970 0.0000
 0.0000 0.0000 0.9972 0.0000
 0.0000 0.0000 0.9975 0.0000
 0.0000 0.0000 0.9976 0.0000
 26    1  1  1   4  1  GN 1  2 12 10
 -2.25464 -2.25375 -2.25245 -2.25181 -2.20251 -2.20138 -2.20032 -2.19899
 -2.19809 -2.19719
 0.0000 0.0001 0.9970 0.0000
 0.0001 0.0000 0.9970 0.0000
 0.0000 0.0000 0.9971 0.0000
 0.0000 0.0000 0.9971 0.0000
 0.0000 0.0000 0.9968 0.0000
 0.0000 0.0000 0.9968 0.0000
 0.0000 0.0000 0.9970 0.0000
 0.0000 0.0000 0.9972 0.0000
 0.0000 0.0000 0.9975 0.0000
 0.0000 0.0000 0.9976 0.0000
 27    1  1  2   4  1  GN 1  2 12 10
 -2.25466 -2.25378 -2.25242 -2.25180 -2.20253 -2.20139 -2.20032 -2.19897
 -2.19813 -2.19717
 0.0000 0.0001 0.9970 0.0000
 0.0001 0.0000 0.9970 0.0000
 0.0000 0.0000 0.9971 0.0000
 0.0000 0.0000 0.9971 0.0000
 0.0000 0.0000 0.9968 0.0000
 0.0001 0.0000 0.9968 0.0000
 0.0000 0.0000 0.9970 0.0000
 0.0000 0.0000 0.9972 0.0000
 0.0000 0.0000 0.9975 0.0000
 0.0000 0.0000 0.9976 0.0000
 28    1  1  3   4  1  GN 1  2 12 10
 -2.25466 -2.25382 -2.25238 -2.25180 -2.20254 -2.20141 -2.20032 -2.19894
 -2.19814 -2.19715
 0.0000 0.0001 0.9970 0.0000
 0.0001 0.0000 0.9970 0.0000
 0.0000 0.0000 0.9971 0.0000
 0.0000 0.0000 0.9971 0.0000
 0.0000 0.0001 0.9968 0.0000
 0.0001 0.0000 0.9968 0.0000
 0.0000 0.0000 0.9969 0.0000
 0.0000 0.0000 0.9973 0.0000
 0.0000 0.0000 0.9975 0.0000
 0.0000 0.0000 0.9977 0.0000
 29    1  1  4   4  1  GN 1  2 12 10
 -2.25466 -2.25385 -2.25234 -2.25180 -2.20255 -2.20144 -2.20032 -2.19892
 -2.19811 -2.19716
 0.0000 0.0001 0.9970 0.0000
 0.0001 0.0000 0.9970 0.0000
 0.0001 0.0000 0.9971 0.0000
 0.0000 0.0000 0.9972 0.0000
 0.0000 0.0001 0.9968 0.0000
 0.0001 0.0000 0.9968 0.0000
 0.0000 0.0000 0.9969 0.0000
 0.0000 0.0000 0.9973 0.0000
 0.0000 0.0000 0.9975 0.0000
 0.0000 0.0000 0.9976 0.0000
 30    1  1  5   4  1  GN 1  2 12 10
 -2.25467 -2.25388 -2.25231 -2.25181 -2.20255 -2.20146 -2.20032 -2.19892
 -2.19807 -2.19718
 0.0000 0.0001 0.9970 0.0000
 0.0001 0.0000 0.9970 0.0000
 0.0001 0.0000 0.9971 0.0000
 0.0000 0.0000 0.9972 0.0000
 0.0000 0.0001 0.9968 0.0000
 0.0001 0.0000 0.9968 0.0000
 0.0000 0.0000 0.9969 0.0000
 0.0000 0.0000 0.9973 0.0000
 0.0000 0.0000 0.9975 0.0000
 0.0000 0.0000 0.9976 0.0000
 31    1  1  6   4  1  B  1  2  6 10
 -2.25467 -2.25389 -2.25230 -2.25181 -2.20255 -2.20148 -2.20032 -2.19892
 -2.19805 -2.19719
 0.0000 0.0001 0.9970 0.0000
 0.0001 0.0000 0.9970 0.0000
 0.0001 0.0000 0.9971 0.0000
 0.0000 0.0000 0.9972 0.0000
 0.0000 0.0001 0.9968 0.0000
 0.0001 0.0000 0.9968 0.0000
 0.0000 0.0000 0.9969 0.0000
 0.0000 0.0000 0.9973 0.0000
 0.0000 0.0000 0.9975 0.0000
 0.0000 0.0000 0.9976 0.0000
 32    2  0  1   4  1  YP 1  2  6 10
 -2.25451 -2.25384 -2.25229 -2.25198 -2.20232 -2.20157 -2.19972 -2.19951
 -2.19804 -2.19742
 0.0000 0.0001 0.9970 0.0000
 0.0000 0.0000 0.9970 0.0000
 0.0000 0.0000 0.9971 0.0000
 0.0000 0.0000 0.9971 0.0000
 0.0000 0.0001 0.9969 0.0000
 0.0000 0.0000 0.9968 0.0000
 0.0000 0.0000 0.9970 0.0000
 0.0000 0.0000 0.9971 0.0000
 0.0000 0.0000 0.9975 0.0000
 0.0000 0.0000 0.9975 0.0000
 33    2  0  2   4  1  L  1  2  3  5
 -2.25449 -2.25229 -2.20229 -2.19966 -2.19803
 0.0000 0.0001 0.9970 0.0000
 0.0000 0.0000 0.9971 0.0000
 0.0000 0.0001 0.9969 0.0000
 0.0001 0.0000 0.9971 0.0000
 0.0000 0.0000 0.9975 0.0000
 33    2  0  2   4  1  L  2  2  3  5
 -2.25384 -2.25200 -2.20157 -2.19956 -2.19748
 0.0000 0.0000 0.9970 0.0000
 0.0000 0.0000 0.9971 0.0000
 0.0000 0.0000 0.9968 0.0000
 0.0000 0.0000 0.9971 0.0000
 0.0000 0.0000 0.9975 0.0000
  1    0  0  0   4  1  GM 1  2  1  1
  0.31404
 0.0000 0.6075 0.0156 0.0064
  1    0  0  0   4  1  GM 2  2  1  2
  0.67789  0.95512
 0.0000 0.5506 0.0410 0.0101
 0.0000 0.0609 0.1995 0.0043
  1    0  0  0   4  1  GM 5  2  1  3
 -0.65870  0.26036  0.30001
 0.5930 0.0062 0.0001 0.0008
 0.0004 0.5274 0.0070 0.0055
 0.0000 0.5994 0.0147 0.0063
  1    0  0  0   4  1  GM 6  2  1  4
  0.01815  0.58337  0.66141  0.95379
 0.8355 0.0216 0.0006 0.0009
 0.0442 0.4174 0.0661 0.0076
 0.0008 0.5555 0.0385 0.0103
 0.0000 0.0526 0.2027 0.0040
  2    0  0  1   4  1  LD 1  2  2  2
  0.31476  0.66315
 0.0000 0.6048 0.0169 0.0061
 0.0000 0.5422 0.0433 0.0091
  2    0  0  1   4  1  LD 3  2  2  8
 -0.65402 -0.01366  0.28099  0.30448  0.58424  0.64732  0.95403  0.96096
 0.5932 0.0077 0.0001 0.0008
 0.7455 0.0573 0.0013 0.0013
 0.0685 0.5114 0.0096 0.0050
 0.0288 0.5631 0.0138 0.0056
 0.0427 0.4383 0.0592 0.0080
 0.0011 0.5386 0.0439 0.0091
 0.0352 0.1002 0.0884 0.0139
 0.0046 0.0137 0.0109 0.0018
  3    0  0  2   4  1  LD 1  2  2  2
  0.31709  0.62702
 0.0000 0.5979 0.0208 0.0053
 0.0000 0.5196 0.0490 0.0068
  3    0  0  2   4  1  LD 3  2  2  8
 -0.64029 -0.08212  0.29700  0.33591  0.58509  0.61441  0.92675  0.98481
 0.5943 0.0121 0.0002 0.0009
 0.6345 0.0918 0.0019 0.0015
 0.0160 0.5846 0.0199 0.0052
 0.2050 0.4068 0.0105 0.0035
 0.0428 0.4875 0.0430 0.0081
 0.0066 0.5134 0.0486 0.0070
 0.0612 0.0520 0.0955 0.0181
 0.0000 0.0001 0.0000 0.0000
  4    0  0  3   4  1  LD 1  2  2  2
  0.32133  0.58409
 0.0000 0.5892 0.0264 0.0043
 0.0000 0.4992 0.0519 0.0047
  4    0  0  3   4  1  LD 3  2  2  8
 -0.61873 -0.15797  0.30299  0.37104  0.56533  0.59363  0.92792  1.03077
 0.5971 0.0189 0.0004 0.0010
 0.5677 0.1011 0.0019 0.0014
 0.0047 0.5862 0.0261 0.0042
 0.2844 0.3304 0.0159 0.0033
 0.0081 0.5016 0.0483 0.0049
 0.0676 0.5114 0.0277 0.0067
 0.0531 0.0466 0.0938 0.0213
 0.0000 0.0000 0.0000 0.0000
  5    0  0  4   4  1  LD 1  2  2  2
  0.32721  0.54523
 0.0000 0.5816 0.0327 0.0032
 0.0000 0.4854 0.0511 0.0032
  5    0  0  4   4  1  LD 3  2  2  8
 -0.59219 -0.22733  0.30947  0.39273  0.52960  0.58725  0.96352  1.09590
 0.6032 0.0272 0.0007 0.0012
 0.5272 0.0979 0.0013 0.0011
 0.0020 0.5807 0.0325 0.0032
 0.3118 0.2826 0.0210 0.0045
 0.0018 0.4859 0.0503 0.0031
 0.1113 0.5020 0.0159 0.0041
 0.0348 0.1002 0.0831 0.0247
 0.0000 0.0001 0.0000 0.0000
  6    0  0  5   4  1  LD 1  2  2  2
  0.33302  0.51785
 0.0000 0.5772 0.0381 0.0024
 0.0000 0.4773 0.0486 0.0024
  6    0  0  5   4  1  LD 3  2  2  8
 -0.56726 -0.27920  0.31555  0.40342  0.50348  0.58002  1.01752  1.17531
 0.6129 0.0349 0.0012 0.0014
 0.5005 0.0912 0.0006 0.0007
 0.0008 0.5771 0.0380 0.0024
 0.3171 0.2592 0.0233 0.0061
 0.0016 0.4767 0.0482 0.0024
 0.1394 0.4748 0.0144 0.0016
 0.0178 0.1770 0.0637 0.0277
 0.0000 0.0001 0.0000 0.0000
  7    0  0  6   4  1  Z  1  2  1  1
  0.50782
 0.0000 0.4742 0.0472 0.0022
  7    0  0  6   4  1  Z  2  2  1  1
  0.33560
 0.0000 0.5761 0.0404 0.0021
  7    0  0  6   4  1  Z  5  2  1  4
 -0.29947  0.40659  0.49392  1.23634
 0.4891 0.0878 0.0003 0.0005
 0.3169 0.2529 0.0238 0.0068
 0.0021 0.4732 0.0469 0.0022
 0.0000 0.0000 0.0000 0.0000
  7    0  0  6   4  1  Z  6  2  1  4
 -0.55614  0.31820  0.57676  1.04854
 0.6191 0.0384 0.0014 0.0015
 0.0003 0.5762 0.0403 0.0021
 0.1490 0.4625 0.0149 0.0006
 0.0075 0.2240 0.0485 0.0299
  8    0  1  0   4  1  XP 1  2  6 10
 -0.60228 -0.12998  0.24777  0.26726  0.31491  0.52256  0.59855  0.66134
  0.85993  0.96689
 0.5877 0.0224 0.0009 0.0008
 0.6684 0.0893 0.0061 0.0020
 0.0138 0.5489 0.0179 0.0037
 0.0661 0.4772 0.0158 0.0028
 0.0431 0.5218 0.0187 0.0025
 0.0867 0.3692 0.0369 0.0054
 0.0569 0.4140 0.0539 0.0076
 0.0005 0.5275 0.0419 0.0068
 0.0213 0.0934 0.1150 0.0130
 0.0270 0.1006 0.1876 0.0092
  9    0  1  1   4  1  XP 1  2  6 10
 -0.59811 -0.12238  0.19564  0.23033  0.32454  0.54381  0.61689  0.72029
  0.85398  1.01254
 0.5894 0.0227 0.0012 0.0007
 0.7001 0.0723 0.0078 0.0018
 0.0350 0.4723 0.0134 0.0028
 0.0020 0.5522 0.0153 0.0039
 0.0526 0.4885 0.0179 0.0025
 0.0771 0.4215 0.0396 0.0042
 0.0507 0.3489 0.0735 0.0069
 0.0001 0.5801 0.0319 0.0092
 0.0190 0.2080 0.0897 0.0126
 0.0287 0.0895 0.1943 0.0107
 10    0  1  2   4  1  XP 1  2  6 10
 -0.58539 -0.13501  0.14376  0.21235  0.29694  0.60276  0.63353  0.75982
  0.87461  1.07787
 0.5930 0.0249 0.0017 0.0008
 0.7125 0.0548 0.0092 0.0014
 0.0124 0.4712 0.0135 0.0025
 0.0007 0.5459 0.0135 0.0039
 0.0628 0.4437 0.0162 0.0020
 0.0101 0.3717 0.0824 0.0041
 0.1105 0.4228 0.0423 0.0056
 0.0000 0.6270 0.0242 0.0105
 0.0074 0.3184 0.0756 0.0124
 0.0273 0.0835 0.1987 0.0136
 11    0  1  3   4  1  XP 1  2  6 10
 -0.56535 -0.16960  0.10687  0.20239  0.27489  0.61908  0.70014  0.76256
  0.88948  1.16011
 0.5990 0.0290 0.0024 0.0008
 0.6819 0.0511 0.0093 0.0011
 0.0245 0.4544 0.0150 0.0020
 0.0007 0.5389 0.0133 0.0036
 0.0759 0.4197 0.0147 0.0016
 0.0128 0.2893 0.0985 0.0054
 0.1064 0.5612 0.0249 0.0043
 0.0000 0.6243 0.0340 0.0090
 0.0102 0.3448 0.0753 0.0108
 0.0000 0.0414 0.2880 0.0154
 12    0  1  4   4  1  XP 1  2  6 10
 -0.54079 -0.21584  0.07934  0.20117  0.27106  0.63432  0.73524  0.76137
  0.89300  1.25322
 0.6083 0.0343 0.0032 0.0010
 0.6332 0.0547 0.0082 0.0008
 0.0425 0.4341 0.0155 0.0013
 0.0008 0.5339 0.0148 0.0033
 0.0967 0.4003 0.0161 0.0012
 0.0316 0.3444 0.0828 0.0065
 0.0001 0.5946 0.0486 0.0062
 0.0884 0.5765 0.0324 0.0046
 0.0254 0.3067 0.0806 0.0091
 0.0000 0.0803 0.2738 0.0243
 13    0  1  5   4  1  XP 1  2  6 10
 -0.51768 -0.25796  0.05870  0.20894  0.28395  0.64582  0.69456  0.80648
  0.90187  1.22420
 0.6196 0.0401 0.0039 0.0012
 0.5949 0.0554 0.0069 0.0006
 0.0453 0.4239 0.0144 0.0009
 0.0008 0.5315 0.0179 0.0029
 0.1182 0.3814 0.0200 0.0010
 0.0634 0.4371 0.0573 0.0070
 0.0012 0.5701 0.0553 0.0041
 0.0625 0.5686 0.0426 0.0058
 0.0324 0.2324 0.0944 0.0092
 0.0063 0.1892 0.0964 0.0226
 14    0  1  6   4  1  XP 1  2  6 10
 -0.50665 -0.27993  0.04779  0.22499  0.30922  0.63520  0.65267  0.83324
  0.93696  1.13883
 0.6246 0.0444 0.0040 0.0013
 0.5810 0.0531 0.0064 0.0005
 0.0350 0.4242 0.0128 0.0007
 0.0007 0.5325 0.0224 0.0025
 0.1327 0.3673 0.0243 0.0011
 0.0804 0.5105 0.0396 0.0052
 0.0269 0.5417 0.0497 0.0037
 0.0317 0.6074 0.0412 0.0075
 0.0291 0.1317 0.1176 0.0120
 0.0043 0.1837 0.1104 0.0201
 15    0  2  0   4  1  XP 1  2  6 10
 -0.45906 -0.34314  0.14469  0.21563  0.29416  0.55721  0.61231  0.62177
  0.90464  1.25918
 0.6095 0.0497 0.0049 0.0011
 0.5737 0.0829 0.0051 0.0009
 0.0612 0.4090 0.0131 0.0009
 0.0010 0.5431 0.0206 0.0026
 0.1351 0.3824 0.0228 0.0015
 0.0968 0.4223 0.0424 0.0054
 0.0030 0.4756 0.0589 0.0013
 0.0560 0.4059 0.0564 0.0026
 0.0225 0.0610 0.1291 0.0129
 0.0094 0.3378 0.1029 0.0155
 16    0  2  1   4  1  XP 1  2  6 10
 -0.45928 -0.31616  0.08204  0.18850  0.23697  0.59718  0.68214  0.73822
  0.85739  1.26578
 0.6202 0.0414 0.0063 0.0010
 0.5911 0.0836 0.0071 0.0008
 0.0646 0.3841 0.0091 0.0005
 0.0023 0.5326 0.0150 0.0029
 0.1144 0.3962 0.0173 0.0015
 0.0546 0.3841 0.0669 0.0055
 0.0002 0.5161 0.0595 0.0025
 0.0495 0.4696 0.0541 0.0035
 0.0413 0.1298 0.1035 0.0101
 0.0067 0.3216 0.1066 0.0190
 17    0  2  2   4  1  XP 1  2  6 10
 -0.45724 -0.28917  0.03554  0.16529  0.18838  0.59366  0.75697  0.85387
  0.87661  1.27749
 0.6350 0.0323 0.0081 0.0008
 0.6086 0.0841 0.0094 0.0007
 0.0764 0.3641 0.0052 0.0003
 0.0076 0.5197 0.0104 0.0032
 0.0733 0.4256 0.0111 0.0020
 0.0225 0.2622 0.1010 0.0039
 0.0001 0.5708 0.0519 0.0046
 0.0353 0.5585 0.0457 0.0038
 0.0450 0.3126 0.0655 0.0093
 0.0145 0.2842 0.1120 0.0217
 18    0  2  3   4  1  XP 1  2  6 10
 -0.45455 -0.26917  0.00924  0.14454  0.15834  0.57375  0.82167  0.92358
  0.94747  1.27213
 0.6486 0.0246 0.0095 0.0007
 0.6185 0.0860 0.0114 0.0004
 0.1033 0.3425 0.0028 0.0002
 0.0221 0.4736 0.0064 0.0029
 0.0124 0.4950 0.0068 0.0032
 0.0128 0.1826 0.1183 0.0020
 0.0002 0.6448 0.0332 0.0072
 0.0238 0.4588 0.0421 0.0102
 0.0141 0.6937 0.0282 0.0024
 0.0000 0.0629 0.3277 0.0105
 19    0  2  4   4  1  F  1  2  3  5
 -0.26184  0.00146  0.56479  0.84950  0.94778
 0.6202 0.0877 0.0121 0.0003
 0.1224 0.3302 0.0022 0.0001
 0.0113 0.1596 0.1227 0.0013
 0.0001 0.6908 0.0190 0.0087
 0.0070 0.5325 0.0325 0.0106
 19    0  2  4   4  1  F  2  2  3  5
 -0.45332  0.13261  0.15125  0.98482  1.24573
 0.6543 0.0215 0.0102 0.0007
 0.0078 0.4665 0.0039 0.0029
 0.0013 0.5150 0.0059 0.0036
 0.0026 0.7609 0.0174 0.0015
 0.0000 0.0120 0.3553 0.0065
 20    1  0  1   4  1  YP 1  2  6 10
 -0.59753 -0.15025  0.24899  0.27504  0.34018  0.54066  0.58684  0.60481
  0.90325  0.94887
 0.5875 0.0243 0.0009 0.0008
 0.6461 0.0935 0.0052 0.0021
 0.0250 0.5004 0.0186 0.0023
 0.0025 0.5720 0.0240 0.0035
 0.1233 0.4508 0.0174 0.0022
 0.1114 0.4084 0.0288 0.0079
 0.0412 0.4206 0.0467 0.0060
 0.0032 0.4902 0.0450 0.0048
 0.0176 0.1151 0.1200 0.0162
 0.0220 0.0483 0.1937 0.0082
 21    1  0  2   4  1  YP 1  2  6 10
 -0.58420 -0.17787  0.17649  0.29005  0.41571  0.49268  0.56290  0.66220
  0.91270  1.02200
 0.5893 0.0281 0.0011 0.0009
 0.6373 0.0854 0.0054 0.0019
 0.0120 0.4699 0.0169 0.0017
 0.0005 0.5799 0.0299 0.0031
 0.1476 0.4535 0.0189 0.0021
 0.1199 0.3959 0.0301 0.0063
 0.0010 0.4854 0.0426 0.0035
 0.0402 0.4692 0.0378 0.0081
 0.0191 0.1477 0.1455 0.0131
 0.0117 0.0191 0.1748 0.0159
 22    1  0  3   4  1  YP 1  2  6 10
 -0.56353 -0.21043  0.11463  0.28918  0.43801  0.48857  0.55190  0.74437
  0.92542  1.03595
 0.5940 0.0335 0.0015 0.0010
 0.6317 0.0715 0.0061 0.0016
 0.0015 0.4542 0.0144 0.0012
 0.0003 0.5692 0.0333 0.0025
 0.1294 0.3792 0.0298 0.0045
 0.1598 0.4619 0.0202 0.0023
 0.0011 0.4996 0.0410 0.0029
 0.0271 0.5501 0.0289 0.0101
 0.0140 0.1272 0.1527 0.0131
 0.0000 0.0143 0.2269 0.0131
 23    1  0  4   4  1  YP 1  2  6 10
 -0.53852 -0.24480  0.07231  0.27166  0.38759  0.55251  0.57151  0.80405
  0.97175  1.06691
 0.6028 0.0395 0.0023 0.0011
 0.6175 0.0594 0.0066 0.0012
 0.0039 0.4424 0.0125 0.0009
 0.0004 0.5512 0.0319 0.0022
 0.1372 0.3649 0.0293 0.0029
 0.1389 0.4877 0.0235 0.0029
 0.0192 0.5199 0.0410 0.0027
 0.0146 0.5998 0.0299 0.0110
 0.0077 0.1546 0.1419 0.0144
 0.0000 0.0046 0.2260 0.0162
 24    1  0  5   4  1  YP 1  2  6 10
 -0.51578 -0.27272  0.05093  0.24738  0.34421  0.59867  0.61343  0.83199
  1.00214  1.06743
 0.6158 0.0442 0.0032 0.0013
 0.5948 0.0532 0.0066 0.0007
 0.0182 0.4316 0.0120 0.0007
 0.0005 0.5384 0.0274 0.0022
 0.1386 0.3613 0.0275 0.0018
 0.0581 0.5264 0.0387 0.0032
 0.0828 0.5187 0.0347 0.0036
 0.0142 0.6112 0.0377 0.0098
 0.0173 0.1382 0.1265 0.0152
 0.0054 0.1534 0.1262 0.0178
 25    1  1  0   4  1  SM 1  2  6 10
 -0.49549 -0.28165  0.08144  0.28095  0.29089  0.52293  0.54369  0.78912
  0.90370  1.09083
 0.5893 0.0466 0.0034 0.0008
 0.6402 0.0710 0.0084 0.0015
 0.0043 0.4517 0.0138 0.0010
 0.0458 0.4830 0.0195 0.0015
 0.0764 0.4584 0.0171 0.0021
 0.0519 0.4039 0.0505 0.0026
 0.1126 0.3730 0.0398 0.0030
 0.0199 0.5648 0.0456 0.0100
 0.0015 0.1238 0.1441 0.0141
 0.0010 0.1289 0.1726 0.0150
 26    1  1  1   4  1  GN 1  2 12 10
 -0.49187 -0.28409  0.08430  0.24076  0.29758  0.50629  0.61269  0.77506
  0.89174  1.11544
 0.5915 0.0465 0.0036 0.0008
 0.6377 0.0710 0.0083 0.0014
 0.0086 0.4524 0.0145 0.0010
 0.0636 0.4263 0.0174 0.0011
 0.0579 0.5080 0.0163 0.0023
 0.0742 0.3416 0.0494 0.0029
 0.0836 0.4553 0.0426 0.0033
 0.0238 0.5522 0.0456 0.0096
 0.0039 0.1430 0.1440 0.0119
 0.0024 0.0892 0.1822 0.0174
 27    1  1  2   4  1  GN 1  2 12 10
 -0.48148 -0.29047  0.08187  0.21639  0.24459  0.56268  0.69648  0.74099
  0.86695  1.18557
 0.5982 0.0464 0.0044 0.0009
 0.6332 0.0698 0.0084 0.0013
 0.0193 0.4464 0.0151 0.0010
 0.0658 0.4124 0.0153 0.0009
 0.0513 0.4744 0.0161 0.0019
 0.0655 0.3821 0.0482 0.0040
 0.0846 0.5006 0.0430 0.0042
 0.0209 0.5473 0.0448 0.0080
 0.0085 0.1454 0.1475 0.0088
 0.0030 0.0489 0.2070 0.0210
 28    1  1  3   4  1  GN 1  2 12 10
 -0.46578 -0.29878  0.06085  0.17154  0.23703  0.65274  0.68678  0.77555
  0.85311  1.18696
 0.6094 0.0460 0.0055 0.0009
 0.6321 0.0653 0.0088 0.0011
 0.0255 0.4296 0.0126 0.0008
 0.0451 0.4417 0.0145 0.0013
 0.0612 0.4313 0.0160 0.0012
 0.0575 0.4489 0.0439 0.0057
 0.0668 0.5133 0.0377 0.0070
 0.0274 0.5158 0.0621 0.0049
 0.0144 0.1731 0.1407 0.0070
 0.0033 0.1397 0.1610 0.0190
 29    1  1  4   4  1  GN 1  2 12 10
 -0.44771 -0.30723  0.03649  0.10687  0.28416  0.62473  0.74852  0.82569
  0.86586  1.10584
 0.6238 0.0456 0.0067 0.0010
 0.6360 0.0574 0.0096 0.0009
 0.0213 0.4198 0.0093 0.0006
 0.0293 0.4262 0.0112 0.0009
 0.0656 0.4593 0.0188 0.0015
 0.0773 0.4900 0.0352 0.0056
 0.0387 0.5061 0.0427 0.0078
 0.0090 0.3990 0.0972 0.0063
 0.0182 0.3012 0.1109 0.0068
 0.0059 0.1616 0.1406 0.0164
 30    1  1  5   4  1  GN 1  2 12 10
 -0.43222 -0.31414  0.02381  0.05838  0.33796  0.56601  0.80648  0.85744
  0.90700  1.04531
 0.6377 0.0457 0.0078 0.0011
 0.6417 0.0485 0.0104 0.0008
 0.0132 0.4179 0.0072 0.0005
 0.0156 0.4192 0.0082 0.0007
 0.0672 0.4987 0.0210 0.0016
 0.0856 0.4492 0.0342 0.0048
 0.0162 0.4212 0.0746 0.0098
 0.0086 0.5110 0.0687 0.0087
 0.0084 0.2747 0.1170 0.0075
 0.0039 0.2984 0.1107 0.0112
 31    1  1  6   4  1  B  1  2  6 10
 -0.42585 -0.31702  0.02740  0.03314  0.36698  0.53562  0.83516  0.84389
  0.96701  1.00177
 0.6439 0.0459 0.0082 0.0011
 0.6442 0.0443 0.0108 0.0007
 0.0090 0.4237 0.0076 0.0005
 0.0103 0.4117 0.0058 0.0005
 0.0657 0.5314 0.0216 0.0016
 0.0908 0.4157 0.0339 0.0047
 0.0070 0.4054 0.0852 0.0102
 0.0076 0.4090 0.0859 0.0103
 0.0002 0.3729 0.0876 0.0090
 0.0050 0.3904 0.1018 0.0077
 32    2  0  1   4  1  YP 1  2  6 10
 -0.45686 -0.36362  0.21282  0.24043  0.35726  0.49171  0.52023  0.56046
  1.00238  1.23657
 0.6045 0.0557 0.0040 0.0012
 0.5607 0.0815 0.0038 0.0009
 0.0568 0.4512 0.0149 0.0017
 0.0006 0.5554 0.0259 0.0023
 0.1427 0.3802 0.0267 0.0021
 0.1326 0.3842 0.0352 0.0042
 0.0572 0.3559 0.0574 0.0015
 0.0008 0.4523 0.0555 0.0005
 0.0126 0.0777 0.1334 0.0173
 0.0125 0.2862 0.1144 0.0125
 33    2  0  2   4  1  L  1  2  3  5
 -0.45540  0.25120  0.42196  0.46882  1.11469
 0.6037 0.0581 0.0038 0.0013
 0.0003 0.5624 0.0284 0.0022
 0.1174 0.4771 0.0129 0.0028
 0.0506 0.3091 0.0621 0.0003
 0.0001 0.1756 0.0519 0.0324
 33    2  0  2   4  1  L  2  2  3  5
 -0.37153  0.25114  0.42664  0.54016  1.13964
 0.5555 0.0806 0.0033 0.0009
 0.0508 0.4946 0.0133 0.0024
 0.1828 0.2723 0.0464 0.0036
 0.0003 0.4412 0.0536 0.0002
 0.0195 0.0657 0.2297 0.0047
