  1    0  0  0   4  1  GM 1  2  1  1
  0.15319
 0.0000 0.6042 0.0237 0.0066
  1    0  0  0   4  1  GM 2  2  1  2
  0.52703  0.82896
 0.0000 0.5296 0.0484 0.0103
 0.0000 0.0857 0.1920 0.0054
  1    0  0  0   4  1  GM 5  2  1  3
 -0.80330  0.12702  0.14957
 0.6005 0.0142 0.0002 0.0011
 0.0002 0.5683 0.0159 0.0062
 0.0002 0.5517 0.0123 0.0061
  1    0  0  0   4  1  GM 6  2  1  4
 -0.11211  0.40918  0.51153  0.82689
 0.8592 0.0084 0.0004 0.0010
 0.0242 0.4216 0.0714 0.0071
 0.0002 0.5380 0.0450 0.0106
 0.0000 0.0758 0.1959 0.0051
  2    0  0  1   4  1  LD 1  2  2  3
  0.15371  0.51424  0.83392
 0.0000 0.6017 0.0251 0.0063
 0.0000 0.5241 0.0496 0.0095
 0.0000 0.0673 0.2010 0.0049
  2    0  0  1   4  1  LD 3  2  2  7
 -0.79927 -0.14086  0.13259  0.16262  0.41613  0.49920  0.83245
 0.6006 0.0158 0.0002 0.0012
 0.7750 0.0409 0.0010 0.0013
 0.0140 0.5827 0.0223 0.0061
 0.0775 0.4839 0.0088 0.0052
 0.0225 0.4461 0.0643 0.0075
 0.0003 0.5295 0.0472 0.0096
 0.0000 0.0601 0.2039 0.0047
  3    0  0  2   4  1  LD 1  2  2  2
  0.15542  0.48229
 0.0000 0.5952 0.0288 0.0056
 0.0000 0.5109 0.0514 0.0074
  3    0  0  2   4  1  LD 3  2  2  8
 -0.78736 -0.20430  0.13708  0.19095  0.43465  0.46927  0.79678  0.85515
 0.6010 0.0205 0.0003 0.0012
 0.6623 0.0758 0.0017 0.0015
 0.0067 0.5896 0.0282 0.0055
 0.2040 0.3886 0.0126 0.0040
 0.0315 0.5028 0.0452 0.0076
 0.0024 0.5098 0.0511 0.0075
 0.0699 0.0484 0.0827 0.0186
 0.0001 0.0001 0.0000 0.0000
  4    0  0  3   4  1  LD 1  2  2  2
  0.15851  0.44368
 0.0000 0.5868 0.0343 0.0046
 0.0000 0.4958 0.0521 0.0054
  4    0  0  3   4  1  LD 3  2  2  8
 -0.76915 -0.27498  0.14110  0.21129  0.42711  0.46225  0.78803  0.89892
 0.6024 0.0279 0.0005 0.0014
 0.5916 0.0868 0.0018 0.0014
 0.0032 0.5847 0.0339 0.0046
 0.2665 0.3247 0.0195 0.0041
 0.0040 0.4986 0.0501 0.0054
 0.0713 0.5336 0.0255 0.0058
 0.0579 0.0394 0.0846 0.0216
 0.0000 0.0000 0.0000 0.0000
  5    0  0  4   4  1  LD 1  2  2  2
  0.16267  0.40870
 0.0000 0.5791 0.0403 0.0036
 0.0000 0.4853 0.0503 0.0039
  5    0  0  4   4  1  LD 3  2  2  8
 -0.74750 -0.33845  0.14574  0.22089  0.39410  0.47422  0.81572  0.96165
 0.6056 0.0369 0.0008 0.0016
 0.5501 0.0844 0.0013 0.0010
 0.0016 0.5783 0.0401 0.0036
 0.2871 0.2910 0.0239 0.0051
 0.0010 0.4856 0.0498 0.0038
 0.1249 0.5125 0.0131 0.0031
 0.0347 0.0940 0.0778 0.0248
 0.0000 0.0000 0.0000 0.0000
  6    0  0  5   4  1  LD 1  2  2  2
  0.16662  0.38440
 0.0000 0.5739 0.0454 0.0029
 0.0000 0.4793 0.0476 0.0030
  6    0  0  5   4  1  LD 3  2  2  8
 -0.72842 -0.38410  0.14994  0.22444  0.37051  0.47664  0.86381  1.03706
 0.6103 0.0455 0.0012 0.0018
 0.5261 0.0778 0.0008 0.0007
 0.0006 0.5739 0.0452 0.0029
 0.2920 0.2767 0.0255 0.0061
 0.0007 0.4793 0.0473 0.0030
 0.1576 0.4701 0.0116 0.0013
 0.0155 0.1763 0.0612 0.0275
 0.0000 0.0000 0.0000 0.0000
  7    0  0  6   4  1  Z  1  2  1  1
  0.37565
 0.0000 0.4771 0.0463 0.0028
  7    0  0  6   4  1  Z  2  2  1  1
  0.16830
 0.0000 0.5723 0.0474 0.0026
  7    0  0  6   4  1  Z  5  2  1  4
 -0.40112  0.22527  0.36200  1.09004
 0.5176 0.0744 0.0005 0.0005
 0.2927 0.2730 0.0258 0.0065
 0.0007 0.4773 0.0460 0.0028
 0.0000 0.0000 0.0000 0.0000
  7    0  0  6   4  1  Z  6  2  1  4
 -0.72031  0.15171  0.47630  0.89113
 0.6131 0.0493 0.0014 0.0019
 0.0002 0.5723 0.0473 0.0026
 0.1679 0.4520 0.0121 0.0007
 0.0059 0.2229 0.0489 0.0290
  8    0  1  0   4  1  XP 1  2  6 10
 -0.74846 -0.27712  0.08824  0.13081  0.18183  0.39318  0.44089  0.53298
  0.72984  0.81890
 0.5933 0.0306 0.0012 0.0011
 0.6517 0.1018 0.0088 0.0021
 0.0032 0.5622 0.0253 0.0041
 0.1201 0.4331 0.0175 0.0023
 0.0414 0.5146 0.0184 0.0030
 0.0854 0.3843 0.0330 0.0063
 0.0410 0.4258 0.0535 0.0074
 0.0002 0.5455 0.0349 0.0075
 0.0184 0.1178 0.1117 0.0142
 0.0306 0.0688 0.1962 0.0084
  9    0  1  1   4  1  XP 1  2  6 10
 -0.74483 -0.26925  0.05635  0.07263  0.20046  0.41009  0.45348  0.58637
  0.72609  0.86719
 0.5947 0.0311 0.0015 0.0011
 0.6808 0.0866 0.0105 0.0019
 0.0530 0.4662 0.0158 0.0029
 0.0118 0.5367 0.0205 0.0039
 0.0678 0.4831 0.0163 0.0028
 0.0651 0.4156 0.0431 0.0049
 0.0504 0.3788 0.0657 0.0070
 0.0000 0.5929 0.0271 0.0101
 0.0137 0.2027 0.0943 0.0130
 0.0323 0.0754 0.1969 0.0106
 10    0  1  2   4  1  XP 1  2  6 10
 -0.73373 -0.27696 -0.00212  0.05496  0.18021  0.44685  0.48697  0.62033
  0.74575  0.93781
 0.5973 0.0339 0.0020 0.0011
 0.7044 0.0642 0.0118 0.0015
 0.0232 0.4568 0.0147 0.0025
 0.0007 0.5474 0.0191 0.0040
 0.0802 0.4391 0.0142 0.0023
 0.0031 0.3132 0.0976 0.0055
 0.1112 0.5085 0.0228 0.0053
 0.0000 0.6282 0.0242 0.0113
 0.0028 0.2890 0.0855 0.0121
 0.0275 0.0862 0.1962 0.0142
 11    0  1  3   4  1  XP 1  2  6 10
 -0.71662 -0.30282 -0.04742  0.04584  0.16033  0.45801  0.55437  0.62050
  0.76510  1.01885
 0.6016 0.0389 0.0026 0.0012
 0.6972 0.0485 0.0116 0.0012
 0.0113 0.4534 0.0157 0.0020
 0.0005 0.5416 0.0187 0.0038
 0.0929 0.4115 0.0138 0.0018
 0.0170 0.3104 0.0944 0.0062
 0.0988 0.5530 0.0285 0.0049
 0.0000 0.6190 0.0358 0.0098
 0.0060 0.3325 0.0796 0.0102
 0.0000 0.0485 0.2775 0.0181
 12    0  1  4   4  1  XP 1  2  6 10
 -0.69646 -0.33986 -0.07886  0.04470  0.15379  0.47420  0.59420  0.61018
  0.77525  1.10807
 0.6075 0.0454 0.0034 0.0013
 0.6648 0.0432 0.0102 0.0009
 0.0187 0.4421 0.0162 0.0014
 0.0004 0.5372 0.0202 0.0035
 0.1091 0.3893 0.0162 0.0014
 0.0364 0.3671 0.0789 0.0071
 0.0002 0.5910 0.0491 0.0072
 0.0807 0.5376 0.0429 0.0055
 0.0222 0.3330 0.0747 0.0084
 0.0000 0.0868 0.2626 0.0281
 13    0  1  5   4  1  XP 1  2  6 10
 -0.67857 -0.37430 -0.09896  0.05165  0.16138  0.48804  0.55609  0.65304
  0.78491  1.09094
 0.6135 0.0523 0.0039 0.0015
 0.6346 0.0405 0.0088 0.0006
 0.0228 0.4337 0.0155 0.0010
 0.0004 0.5349 0.0234 0.0031
 0.1248 0.3701 0.0204 0.0012
 0.0681 0.4465 0.0568 0.0074
 0.0005 0.5715 0.0541 0.0050
 0.0555 0.5174 0.0558 0.0069
 0.0310 0.2834 0.0817 0.0085
 0.0055 0.1914 0.0906 0.0225
 14    0  1  6   4  1  XP 1  2  6 10
 -0.67065 -0.39274 -0.10719  0.06593  0.18102  0.48534  0.51571  0.68066
  0.81258  1.00877
 0.6154 0.0567 0.0040 0.0016
 0.6223 0.0388 0.0081 0.0006
 0.0169 0.4323 0.0143 0.0008
 0.0004 0.5357 0.0279 0.0027
 0.1357 0.3563 0.0246 0.0015
 0.1029 0.5009 0.0377 0.0060
 0.0057 0.5574 0.0514 0.0038
 0.0284 0.5651 0.0525 0.0087
 0.0278 0.1789 0.1051 0.0113
 0.0039 0.1888 0.1060 0.0200
 15    0  2  0   4  1  XP 1  2  6 10
 -0.61287 -0.48910  0.01698  0.05244  0.16094  0.40965  0.49116  0.49536
  0.77893  1.10277
 0.6077 0.0601 0.0057 0.0014
 0.5671 0.0937 0.0067 0.0009
 0.0856 0.3950 0.0131 0.0011
 0.0007 0.5434 0.0265 0.0027
 0.1415 0.3633 0.0248 0.0018
 0.0923 0.4333 0.0422 0.0057
 0.0134 0.4695 0.0533 0.0018
 0.0393 0.4332 0.0522 0.0024
 0.0229 0.0684 0.1254 0.0127
 0.0111 0.3352 0.1095 0.0170
 16    0  2  1   4  1  XP 1  2  6 10
 -0.61195 -0.46682 -0.04184  0.02904  0.10750  0.44059  0.55727  0.60907
  0.73790  1.10838
 0.6181 0.0526 0.0070 0.0012
 0.5764 0.0983 0.0086 0.0009
 0.0957 0.3665 0.0089 0.0006
 0.0010 0.5360 0.0204 0.0031
 0.1220 0.3814 0.0182 0.0017
 0.0505 0.3862 0.0687 0.0059
 0.0001 0.5280 0.0535 0.0029
 0.0472 0.4794 0.0491 0.0036
 0.0397 0.1411 0.0988 0.0097
 0.0083 0.3156 0.1141 0.0205
 17    0  2  2   4  1  XP 1  2  6 10
 -0.60948 -0.44492 -0.08458  0.00902  0.06173  0.43347  0.62831  0.72264
  0.75804  1.12110
 0.6314 0.0445 0.0086 0.0011
 0.5828 0.1042 0.0107 0.0007
 0.1175 0.3414 0.0051 0.0004
 0.0016 0.5304 0.0155 0.0034
 0.0877 0.4064 0.0113 0.0021
 0.0206 0.2772 0.0998 0.0044
 0.0001 0.5828 0.0459 0.0051
 0.0341 0.5786 0.0389 0.0036
 0.0413 0.3019 0.0645 0.0088
 0.0148 0.2754 0.1202 0.0235
 18    0  2  3   4  1  XP 1  2  6 10
 -0.60671 -0.42917 -0.10799 -0.00441  0.02870  0.41378  0.68955  0.80310
  0.81270  1.14122
 0.6435 0.0379 0.0099 0.0011
 0.5827 0.1107 0.0123 0.0005
 0.1527 0.3160 0.0030 0.0003
 0.0022 0.5258 0.0122 0.0036
 0.0442 0.4351 0.0057 0.0026
 0.0103 0.2036 0.1161 0.0027
 0.0001 0.6552 0.0279 0.0078
 0.0203 0.4506 0.0413 0.0092
 0.0145 0.7056 0.0213 0.0024
 0.0000 0.0551 0.3319 0.0117
 19    0  2  4   4  1  F  1  2  3  5
 -0.42355 -0.11473  0.40506  0.71564  0.82609
 0.5806 0.1141 0.0129 0.0004
 0.1739 0.3028 0.0025 0.0002
 0.0084 0.1810 0.1207 0.0019
 0.0000 0.6987 0.0147 0.0093
 0.0045 0.5207 0.0317 0.0095
 19    0  2  4   4  1  F  2  2  3  5
 -0.60549 -0.00936  0.01631  0.84793  1.11851
 0.6485 0.0352 0.0104 0.0010
 0.0018 0.5230 0.0108 0.0037
 0.0215 0.4505 0.0036 0.0029
 0.0032 0.7723 0.0113 0.0015
 0.0000 0.0076 0.3603 0.0070
 20    1  0  1   4  1  YP 1  2  6 10
 -0.74440 -0.29458  0.10510  0.11566  0.20718  0.39320  0.45544  0.48111
  0.75538  0.81276
 0.5930 0.0325 0.0012 0.0011
 0.6355 0.1031 0.0077 0.0021
 0.0184 0.5417 0.0275 0.0033
 0.0369 0.5058 0.0246 0.0026
 0.1314 0.4334 0.0181 0.0027
 0.0963 0.4269 0.0324 0.0080
 0.0395 0.4405 0.0360 0.0066
 0.0013 0.5132 0.0374 0.0054
 0.0179 0.1340 0.1346 0.0157
 0.0229 0.0154 0.1871 0.0088
 21    1  0  2   4  1  YP 1  2  6 10
 -0.73287 -0.31734  0.03639  0.12121  0.27754  0.35319  0.44341  0.52876
  0.75791  0.87575
 0.5941 0.0368 0.0014 0.0012
 0.6336 0.0918 0.0075 0.0020
 0.0275 0.4577 0.0186 0.0017
 0.0003 0.5725 0.0372 0.0034
 0.1692 0.4009 0.0237 0.0032
 0.0990 0.4511 0.0253 0.0056
 0.0004 0.5064 0.0358 0.0041
 0.0360 0.4939 0.0296 0.0088
 0.0184 0.1257 0.1589 0.0131
 0.0000 0.0198 0.2345 0.0123
 22    1  0  3   4  1  YP 1  2  6 10
 -0.71537 -0.34314 -0.02862  0.12013  0.29016  0.36135  0.43208  0.60275
  0.77727  0.89027
 0.5971 0.0428 0.0019 0.0013
 0.6379 0.0732 0.0078 0.0016
 0.0080 0.4473 0.0161 0.0012
 0.0002 0.5640 0.0400 0.0028
 0.1475 0.3398 0.0335 0.0056
 0.1445 0.5046 0.0154 0.0016
 0.0004 0.5165 0.0355 0.0035
 0.0211 0.5636 0.0262 0.0110
 0.0149 0.1153 0.1601 0.0130
 0.0000 0.0093 0.2315 0.0141
 23    1  0  4   4  1  YP 1  2  6 10
 -0.69494 -0.36926 -0.07495  0.10588  0.24867  0.41723  0.44625  0.65320
  0.83237  0.92266
 0.6028 0.0498 0.0026 0.0014
 0.6369 0.0547 0.0082 0.0012
 0.0001 0.4416 0.0143 0.0009
 0.0002 0.5507 0.0381 0.0025
 0.1410 0.3485 0.0305 0.0037
 0.1514 0.5017 0.0198 0.0026
 0.0057 0.5335 0.0388 0.0032
 0.0087 0.5833 0.0368 0.0119
 0.0093 0.1732 0.1380 0.0143
 0.0000 0.0018 0.2299 0.0173
 24    1  0  5   4  1  YP 1  2  6 10
 -0.67745 -0.38920 -0.10044  0.08544  0.21073  0.46009  0.47814  0.67908
  0.86634  0.94259
 0.6103 0.0556 0.0034 0.0016
 0.6278 0.0427 0.0081 0.0008
 0.0059 0.4362 0.0137 0.0008
 0.0003 0.5406 0.0333 0.0025
 0.1405 0.3496 0.0280 0.0024
 0.1197 0.5148 0.0280 0.0040
 0.0218 0.5437 0.0430 0.0034
 0.0106 0.5854 0.0463 0.0108
 0.0162 0.1746 0.1170 0.0147
 0.0059 0.1494 0.1250 0.0176
 25    1  1  0   4  1  SM 1  2  6 10
 -0.64448 -0.43352 -0.07389  0.15223  0.16379  0.39365  0.41463  0.63008
  0.75294  0.96834
 0.5906 0.0558 0.0041 0.0011
 0.6288 0.0838 0.0103 0.0016
 0.0037 0.4544 0.0176 0.0010
 0.0720 0.4680 0.0195 0.0016
 0.0927 0.4468 0.0173 0.0022
 0.0459 0.4163 0.0452 0.0030
 0.1077 0.3857 0.0348 0.0034
 0.0124 0.5412 0.0545 0.0106
 0.0019 0.1120 0.1514 0.0149
 0.0012 0.1606 0.1647 0.0147
 26    1  1  1   4  1  GN 1  2 12 10
 -0.64127 -0.43550 -0.07293  0.12025  0.16394  0.38132  0.47709  0.61894
  0.74479  0.98780
 0.5925 0.0560 0.0044 0.0011
 0.6270 0.0835 0.0102 0.0015
 0.0064 0.4547 0.0182 0.0011
 0.0860 0.4171 0.0167 0.0012
 0.0778 0.4888 0.0177 0.0024
 0.0650 0.3622 0.0427 0.0032
 0.0850 0.4599 0.0391 0.0038
 0.0141 0.5301 0.0545 0.0102
 0.0047 0.1403 0.1478 0.0127
 0.0026 0.1131 0.1785 0.0169
 27    1  1  2   4  1  GN 1  2 12 10
 -0.63222 -0.44066 -0.07676  0.09710  0.11406  0.43582  0.54639  0.59830
  0.72575  1.04931
 0.5978 0.0565 0.0051 0.0011
 0.6240 0.0817 0.0103 0.0014
 0.0132 0.4497 0.0183 0.0010
 0.1044 0.4041 0.0173 0.0008
 0.0528 0.4601 0.0143 0.0022
 0.0599 0.3985 0.0419 0.0044
 0.0918 0.4968 0.0406 0.0059
 0.0057 0.5221 0.0552 0.0079
 0.0105 0.1680 0.1447 0.0090
 0.0031 0.0592 0.2088 0.0209
 28    1  1  3   4  1  GN 1  2 12 10
 -0.61875 -0.44719 -0.09250  0.03803  0.11798  0.51978  0.53721  0.63280
  0.71614  1.04795
 0.6065 0.0574 0.0061 0.0012
 0.6239 0.0772 0.0106 0.0012
 0.0192 0.4361 0.0156 0.0009
 0.0685 0.4263 0.0158 0.0013
 0.0768 0.4229 0.0146 0.0013
 0.0518 0.4742 0.0393 0.0065
 0.0736 0.4969 0.0362 0.0075
 0.0152 0.4662 0.0759 0.0062
 0.0163 0.2253 0.1314 0.0064
 0.0026 0.1610 0.1564 0.0195
 29    1  1  4   4  1  GN 1  2 12 10
 -0.60371 -0.45340 -0.11084 -0.02566  0.15918  0.48237  0.60735  0.67851
  0.72952  0.97336
 0.6172 0.0585 0.0073 0.0012
 0.6284 0.0699 0.0112 0.0010
 0.0191 0.4255 0.0122 0.0007
 0.0506 0.4120 0.0121 0.0009
 0.0821 0.4483 0.0182 0.0015
 0.0762 0.4951 0.0328 0.0064
 0.0347 0.4899 0.0456 0.0089
 0.0093 0.4153 0.0931 0.0071
 0.0145 0.2951 0.1156 0.0065
 0.0052 0.1915 0.1335 0.0161
 30    1  1  5   4  1  GN 1  2 12 10
 -0.59138 -0.45796 -0.12001 -0.07349  0.20821  0.42994  0.65320  0.70468
  0.77787  0.91572
 0.6267 0.0599 0.0083 0.0013
 0.6348 0.0621 0.0119 0.0009
 0.0156 0.4227 0.0104 0.0006
 0.0367 0.4033 0.0086 0.0007
 0.0853 0.4843 0.0216 0.0017
 0.0820 0.4630 0.0293 0.0054
 0.0123 0.3924 0.0840 0.0105
 0.0066 0.4922 0.0731 0.0098
 0.0092 0.3031 0.1109 0.0072
 0.0032 0.3298 0.1024 0.0110
 31    1  1  6   4  1  B  1  2  6 10
 -0.58651 -0.45969 -0.11888 -0.09489  0.23455  0.40277  0.67960  0.68864
  0.84263  0.86869
 0.6307 0.0605 0.0086 0.0014
 0.6379 0.0586 0.0122 0.0008
 0.0123 0.4278 0.0111 0.0006
 0.0325 0.3952 0.0060 0.0005
 0.0865 0.5114 0.0235 0.0017
 0.0842 0.4369 0.0274 0.0052
 0.0050 0.3907 0.0925 0.0111
 0.0046 0.3946 0.0896 0.0109
 0.0002 0.3824 0.0835 0.0089
 0.0057 0.4152 0.0956 0.0077
 32    2  0  1   4  1  YP 1  2  6 10
 -0.61217 -0.50585  0.07272  0.08136  0.21922  0.35225  0.39590  0.44500
  0.87211  1.08900
 0.6019 0.0658 0.0049 0.0015
 0.5595 0.0901 0.0054 0.0009
 0.0014 0.5504 0.0320 0.0025
 0.0786 0.4381 0.0157 0.0019
 0.1516 0.3459 0.0315 0.0025
 0.1302 0.4146 0.0297 0.0045
 0.0438 0.3681 0.0540 0.0014
 0.0003 0.4674 0.0495 0.0007
 0.0126 0.0801 0.1330 0.0169
 0.0146 0.3128 0.1124 0.0129
 33    2  0  2   4  1  L  1  2  3  5
 -0.61158  0.08139  0.30485  0.34842  0.98390
 0.6002 0.0680 0.0047 0.0015
 0.0002 0.5565 0.0347 0.0024
 0.1520 0.4463 0.0133 0.0032
 0.0269 0.3440 0.0565 0.0003
 0.0000 0.1849 0.0536 0.0307
 33    2  0  2   4  1  L  2  2  3  5
 -0.51217  0.11657  0.26572  0.42722  1.00319
 0.5565 0.0886 0.0050 0.0009
 0.0757 0.4745 0.0150 0.0025
 0.1614 0.2837 0.0461 0.0039
 0.0001 0.4584 0.0476 0.0004
 0.0195 0.0750 0.2242 0.0057
