    1
  315
 -0.6483784309751196D+00  0.4059251143056279D+00 -0.3258890459914257D+00
  0.1721445410080072D+01 -0.7428176019085138D+00 -0.7185753382620649D+00
 -0.3906852293507961D+00  0.1306211390968982D+00  0.4208330929317224D+00
 -0.6676386045539748D-01  0.4165467491625675D+00 -0.2607776793053905D+00
  0.2426409256569291D+00 -0.1588344096150421D+00  0.3215605650875242D+00
 -0.5868209878903117D-01 -0.8798168667932754D-01  0.3765173230798898D+00
 -0.5588346141185751D-01 -0.2571660024682408D+00  0.1211285122912387D+00
 -0.1386059589096800D+00 -0.1642265191781742D+00  0.4763426153157427D-01
  0.4763426153157256D-01 -0.4705916326166215D-01  0.1635812411445664D-01
 -0.1835936112574904D+00  0.1362401466958986D+00 -0.7844005381139642D-01
  0.4777574706651737D-01  0.4777574706651920D-01  0.6857573484373189D-01
  0.5504227044085992D-01 -0.1813105843824519D-01 -0.5477326612379620D-01
  0.1183433933640779D+00  0.9611954236550591D-02  0.2127112091430223D-02
 -0.8570101651327382D-01 -0.5670661849745744D-01  0.5773715010578834D-01
  0.4157968851197504D-01 -0.5519669589227496D-02  0.3615165648795154D-01
  0.1178884271939877D-01 -0.3322426033270069D-01 -0.3322426033270129D-01
  0.7849706108271633D-02 -0.3090736756227674D-01 -0.2650186440846474D-01
  0.5048054566668836D-01 -0.1767231333326938D-01  0.5197094130481496D-01
 -0.6916740961153009D-02 -0.2094537897958839D-01  0.4539781714967393D-01
 -0.4185984515964299D-01 -0.8243814081805885D-02 -0.1953814682794949D-01
 -0.3353165690183599D-01  0.1598687624667701D-01 -0.3707559576549097D-01
 -0.2246722276973619D-01  0.4665006407311757D-02  0.1331764780855907D-01
  0.1331764780855764D-01 -0.6682192993177305D-02  0.4743806284873510D-02
  0.1583974933177663D-02  0.1583974933177445D-02 -0.5278164489551191D-02
 -0.2505376292455827D-01  0.2052383634744458D-01  0.1473118268544745D-01
  0.1473118268544914D-01  0.2130542170539872D-01  0.1802702469439451D-01
 -0.1421241461261268D-02 -0.8615158506268372D-02  0.9347100641622690D-02
  0.1530816878056116D-02  0.5671619718162711D-02  0.2045802842278877D-02
 -0.6817852867466209D-02 -0.6952400749891325D-02 -0.7704465543454046D-02
 -0.4677959771344454D-02  0.6899316865802693D-02  0.5555924022641668D-02
 -0.1841668957140142D-02  0.1211571561317534D-01  0.1984824410169848D-02
 -0.1121091257929844D-01 -0.1121091257929904D-01  0.3677317706584720D-02
 -0.3896163152143715D-02 -0.1050262297318010D-01 -0.9019088972792143D-02
  0.4305033994791804D-02 -0.6070043804568960D-02  0.6187921256235765D-02
  0.8952570575932574D-02  0.3787974229815043D-02  0.3787974229815240D-02
 -0.1194842812463294D-02 -0.1810895858042611D-02  0.7859993640776133D-02
 -0.1098347882397188D-02  0.4770430654967547D-02 -0.2867373245714167D-02
 -0.2526908431440002D-02 -0.3405135570478644D-02 -0.5847793592595439D-02
  0.5581737214415012D-02 -0.3932732652080708D-02  0.4906008611128634D-02
 -0.2344367565473144D-02 -0.4264139862958615D-02  0.4164057871966665D-03
 -0.4702588147275051D-02  0.5562996451606165D-03  0.5562996451603866D-03
 -0.9268909599616164D-03 -0.3267122862781875D-02 -0.4400120273985777D-02
  0.3604174294222378D-02 -0.2090880980885702D-02  0.9382840176026315D-03
  0.1868128634950706D-02  0.7518947424725856D-03  0.7518947424723703D-03
 -0.4980679134089022D-03 -0.1509046265973578D-02  0.3272843890600481D-02
  0.5353987297647937D-03  0.1982387589782191D-02 -0.1190701346533191D-02
 -0.2422801529477292D-02 -0.2678532584102002D-02  0.6008220602415291D-03
 -0.1622142644107122D-02  0.8264503590763669D-03  0.8264503590766192D-03
  0.2387192748372007D-02  0.9604353399770721D-03  0.9604353399768661D-03
  0.1108369592748879D-02 -0.8739505535411526D-03 -0.8739505535411827D-03
  0.3408847292709837D-03  0.6306812544012321D-03  0.2272874730298971D-03
 -0.1333990474206333D-02 -0.8962150126435031D-03  0.1464641189805593D-02
  0.7607003271483406D-03  0.1044402539392395D-02  0.1044402539392634D-02
  0.1506475625948240D-02 -0.4695532065099116D-04  0.1273180226943720D-02
  0.1273180226943919D-02  0.6990395793396275D-03 -0.2002547314166870D-03
 -0.6060779087483210D-03  0.1312529103809306D-02 -0.1098958682808613D-02
 -0.6032760352047021D-03 -0.6032760352047888D-03  0.7913995003791046D-03
 -0.2372950121428834D-03 -0.4180020290089062D-03 -0.1121162081186058D-02
 -0.9609074313063053D-03 -0.6374032435392899D-03 -0.1746386453809213D-03
  0.8665500262255491D-03  0.1318985276754993D-03 -0.7425724255379622D-03
 -0.7425724255380423D-03 -0.2916898095226486D-03 -0.5136605959235950D-03
 -0.6870623024028566D-03  0.5587835497843296D-03 -0.3224846886849100D-03
 -0.3194072159151711D-03  0.2888332543525460D-03  0.5661462008589096D-03
  0.4776318678016969D-03  0.2272409609491994D-03 -0.7484974152594148D-04
 -0.3742487076292487D-04 -0.2260681347009240D-03  0.4881919492765628D-03
  0.2440959746382571D-03  0.1459032891553710D-03  0.2622065366183577D-04
  0.2622065366180689D-04 -0.1744592644209256D-03 -0.3498895376806164D-03
 -0.1749447688403446D-03 -0.1888855979047735D-03  0.8535788322525884D-04
 -0.2279720513876453D-03 -0.1139860256938327D-03  0.2317670056342923D-03
 -0.3092860164522530D-04 -0.3092860164523018D-04  0.3068321896349700D-03
 -0.4366930008317600D-04  0.2836608632579714D-03 -0.1314126092051737D-04
 -0.2367054444909958D-03 -0.2367054444910204D-03  0.4577498912121392D-04
  0.1683122664627954D-03  0.3019541848191697D-04  0.3019541848189204D-04
 -0.8827791795171992D-04 -0.2340263638249297D-03 -0.1996618360174913D-03
  0.1885374392504882D-03  0.9426871962524897D-04 -0.2137316995825122D-03
  0.9651036894496171D-04 -0.1280727458939407D-03  0.1851967902562101D-03
 -0.3445183410091160D-04  0.8542108825696622D-04 -0.7279393698424665D-04
 -0.3639696849210284D-04 -0.7233279658514498D-05 -0.1398343621444235D-03
  0.9165940760398736D-04  0.2319839677480877D-04 -0.5443526181053450D-04
 -0.9566140262447759D-04  0.1003623224648327D-03 -0.1142611741315072D-03
  0.4002423521185506D-04  0.4002423521187170D-04  0.3807670690787226D-04
  0.3807670690785184D-04  0.8781550436277860D-04 -0.3696377582206960D-04
 -0.7289427225431025D-05 -0.6535791112765930D-04  0.1245931703952810D-04
  0.6229658519772101D-05  0.6849313602237347D-04 -0.4685976162272134D-04
 -0.6061235467040417D-04 -0.5262753891740388D-04  0.1183672491743105D-04
  0.3070893024468208D-04  0.3070893024469965D-04  0.4258517770203226D-04
  0.2129258885101056D-04  0.3537862885684024D-04  0.3537862885685130D-04
 -0.5364601010765989D-05  0.3343156691410319D-04  0.5123871460346410D-05
  0.5552598627578162D-05  0.1832930055871941D-04  0.3224349977315609D-05
 -0.1061271820428861D-04 -0.1912599248570528D-04 -0.1866257914238117D-04
 -0.9113385563003812D-05  0.8137565290055800D-05 -0.9810595614101044D-05
  0.1270570512628540D-04 -0.2271842047305680D-05 -0.2271842047306755D-05
  0.4872462882089892D-05  0.4872462882088149D-05  0.5601796593085641D-05
 -0.7273020355923408D-06  0.4083991575628085D-05 -0.7424423537720948D-06
  0.1140988229676985D-05 -0.5363827031486037D-05 -0.5363827031487482D-05
  0.2420264397906063D-05  0.2420264397906230D-05 -0.3027899881766568D-05
 -0.2623353113238336D-05 -0.1311676556619642D-05 -0.8867109644582882D-06
  0.9392821719901353D-06  0.1231152029621801D-06 -0.1389229396362738D-06
  0.5359548589754684D-06 -0.1278953241760814D-05 -0.1278953241761301D-05
  0.1179614909830181D-05 -0.3118717157077005D-05  0.5609097465586469D-06
  0.1900441850898918D-05 -0.4713479429742332D-05  0.2243578183689340D-06
  0.2134183937584509D-05  0.2134183937585098D-05 -0.2150954952293823D-05
 -0.3932994815940854D-05 -0.6374633507507173D-05  0.2583785160173356D-05
  0.1291892580086786D-05  0.7316902874849627D-05  0.6628617360823013D-05
 -0.3434912941456265D-05  0.6083616433767005D-05  0.4287007381753932D-05
    7
    1    1  327
  0.0000000000000000D+00 -0.2679770725330341D+07 -0.2600423377196749D+07
 -0.2523424299734253D+07 -0.2448703996042950D+07 -0.2376195025978110D+07
 -0.2305831945296303D+07 -0.2237551246533203D+07 -0.2171291301755249D+07
 -0.2106992306873222D+07 -0.2044596227707573D+07 -0.1984046747589153D+07
 -0.1925289216535165D+07 -0.1868270601922845D+07 -0.1812939440623661D+07
 -0.1759245792554382D+07 -0.1707141195602623D+07 -0.1656578621886387D+07
 -0.1607512435308139D+07 -0.1559898350365028D+07 -0.1513693392178119D+07
 -0.1468855857704584D+07 -0.1425345278097774D+07 -0.1383122382181283D+07
 -0.1342149061003965D+07 -0.1302388333443949D+07 -0.1263804312830611D+07
 -0.1226362174554350D+07 -0.1190028124634970D+07 -0.1154769369220256D+07
 -0.1120554084987255D+07 -0.1087351390419522D+07 -0.1055131317934420D+07
 -0.1023864786835296D+07 -0.9935235770641608D+06 -0.9640803037311313D+06
 -0.9355083923976964D+06 -0.9077820550914534D+06 -0.8808762670307034D+06
 -0.8547667440378773D+06 -0.8294299206214065D+06 -0.8048429287062701D+06
 -0.7809835769940072D+06 -0.7578303309335697D+06 -0.7353622932849424D+06
 -0.7135591852579840D+06 -0.6924013282094620D+06 -0.6718696258817761D+06
 -0.6519455471673160D+06 -0.6326111093829215D+06 -0.6138488620393372D+06
 -0.5956418710910084D+06 -0.5779737036520159D+06 -0.5608284131643436D+06
 -0.5441905250050980D+06 -0.5280450225196893D+06 -0.5123773334683635D+06
 -0.4971733168738608D+06 -0.4824192502583229D+06 -0.4681018172579333D+06
 -0.4542080956041113D+06 -0.4407255454604127D+06 -0.4276419981046097D+06
 -0.4149456449457370D+06 -0.4026250268661906D+06 -0.3906690238792595D+06
 -0.3790668450927574D+06 -0.3678080189696944D+06 -0.3568823838772041D+06
 -0.3462800789151848D+06 -0.3359915350163921D+06 -0.3260074663099413D+06
 -0.3163188617404228D+06 -0.3069169769350800D+06 -0.2977933263116924D+06
 -0.2889396754200550D+06 -0.2803480335101367D+06 -0.2720106463202079D+06
 -0.2639199890784358D+06 -0.2560687597116262D+06 -0.2484498722549820D+06
 -0.2410564504569372D+06 -0.2338818215732873D+06 -0.2269195103450213D+06
 -0.2201632331544182D+06 -0.2136068923541325D+06 -0.2072445707641556D+06
 -0.2010705263316829D+06 -0.1950791869490673D+06 -0.1892651454251873D+06
 -0.1836231546056844D+06 -0.1781481226376729D+06 -0.1728351083746454D+06
 -0.1676793169174248D+06 -0.1626760952871466D+06 -0.1578209282263563D+06
 -0.1531094341244406D+06 -0.1485373610637113D+06 -0.1441005829825741D+06
 -0.1397950959523194D+06 -0.1356170145641762D+06 -0.1315625684233645D+06
 -0.1276280987469862D+06 -0.1238100550626802D+06 -0.1201049920050622D+06
 -0.1165095662070586D+06 -0.1130205332833249D+06 -0.1096347449030285D+06
 -0.1063491459493494D+06 -0.1031607717631347D+06 -0.1000667454682181D+06
 -0.9706427537598586D+05 -0.9415065246684663D+05 -0.9132324794632748D+05
 -0.8857951087358641D+05 -0.8591696586020054D+05 -0.8333321083714406D+05
 -0.8082591488793935D+05 -0.7839281614601894D+05 -0.7603171975439461D+05
 -0.7374049588578612D+05 -0.7151707782141572D+05 -0.6935946008672495D+05
 -0.6726569664232605D+05 -0.6523389912854223D+05 -0.6326223516194474D+05
 -0.6134892668233796D+05 -0.5949224834868789D+05 -0.5769052598253531D+05
 -0.5594213505747370D+05 -0.5424549923331457D+05 -0.5259908893360269D+05
 -0.5100141996517904D+05 -0.4945105217853009D+05 -0.4794658816769469D+05
 -0.4648667200853598D+05 -0.4506998803421992D+05 -0.4369525964677278D+05
 -0.4236124816362397D+05 -0.4106675169806955D+05 -0.3981060407262230D+05
 -0.3859167376424353D+05 -0.3740886288047949D+05 -0.3626110616555333D+05
 -0.3514737003548963D+05 -0.3406665164137547D+05 -0.3301797795988735D+05
 -0.3200040491023792D+05 -0.3101301649672158D+05 -0.3005492397606207D+05
 -0.2912526504878879D+05 -0.2822320307389237D+05 -0.2734792630603281D+05
 -0.2649864715459767D+05 -0.2567460146392944D+05 -0.2487504781406508D+05
 -0.2409926684135405D+05 -0.2334656057834257D+05 -0.2261625181233744D+05
 -0.2190768346208403D+05 -0.2122021797201809D+05 -0.2055323672357436D+05
 -0.1990613946305949D+05 -0.1927834374562154D+05 -0.1866928439487323D+05
 -0.1807841297775148D+05 -0.1750519729422230D+05 -0.1694912088146535D+05
 -0.1640968253220007D+05 -0.1588639582684086D+05 -0.1537878867919737D+05
 -0.1488640289546124D+05 -0.1440879374624868D+05 -0.1394552955149412D+05
 -0.1349619127801618D+05 -0.1306037214960222D+05 -0.1263767726948110D+05
 -0.1222772325507565D+05 -0.1183013788494595D+05 -0.1144455975785102D+05
 -0.1107063796386921D+05 -0.1070803176752609D+05 -0.1035641030288123D+05
 -0.1001545228052094D+05 -0.9684845706392431D+04 -0.9364287612392136D+04
 -0.9053483798587904D+04 -0.8752148586908050D+04 -0.8460004586067282D+04
 -0.8176782467419158D+04 -0.7902220751323906D+04 -0.7636065603497050D+04
 -0.7378070640656420D+04 -0.7127996744612330D+04 -0.6885611883747712D+04
 -0.6650690940615577D+04 -0.6423015544145373D+04 -0.6202373904709451D+04
 -0.5988560650072539D+04 -0.5781376660055298D+04 -0.5580628897622058D+04
 -0.5386130234093912D+04 -0.5197699266342964D+04 -0.5015160124193845D+04
 -0.4838342266895394D+04 -0.4667080268461516D+04 -0.4501213592919195D+04
 -0.4340586361997918D+04 -0.4185047119440617D+04 -0.4034448597936427D+04
 -0.3888647494777461D+04 -0.3747504266320752D+04 -0.3610882947029330D+04
 -0.3478651001177487D+04 -0.3350679211970668D+04 -0.3226841610185886D+04
 -0.3107015441021562D+04 -0.2991081164344522D+04 -0.2878922480443089D+04
 -0.2770426371181936D+04 -0.2665483145393260D+04 -0.2563986477510024D+04
 -0.2465833429724722D+04 -0.2370924450061977D+04 -0.2279163341327146D+04
 -0.2190457198579223D+04 -0.2104716315278947D+04 -0.2021854060380766D+04
 -0.1941786730267784D+04 -0.1864433380554414D+04 -0.1789715643444051D+04
 -0.1717557536604251D+04 -0.1647885269495765D+04 -0.1580627052846947D+04
 -0.1515712916569490D+04 -0.1453074540917605D+04 -0.1392645105135261D+04
 -0.1334359157236095D+04 -0.1278152507926853D+04 -0.1223962151018502D+04
 -0.1171726211963565D+04 -0.1121383925402678D+04 -0.1072875641783064D+04
 -0.1026142862207035D+04 -0.9811282996567037D+03 -0.9377759635948642D+03
 -0.8960312636336193D+03 -0.8558411264688423D+03 -0.8171541185946842D+03
 -0.7799205654727921D+03 -0.7440926559464538D+03 -0.7096245189966105D+03
 -0.6764722588528672D+03 -0.6445939346398168D+03 -0.6139494726050914D+03
 -0.5845005065640526D+03 -0.5562101454506565D+03 -0.5290426864337059D+03
 -0.5029633011358461D+03 -0.4779377349755690D+03 -0.4539320707867369D+03
 -0.4309125964451400D+03 -0.4088458058047590D+03 -0.3876985346084373D+03
 -0.3674382058336719D+03 -0.3480331373163477D+03 -0.3294528550242058D+03
 -0.3116683595245797D+03 -0.2946523077287143D+03 -0.2783790912502102D+03
 -0.2628248108343710D+03 -0.2479671601860445D+03 -0.2337852402274863D+03
 -0.2202593277250733D+03 -0.2073706212060944D+03 -0.1951009839535211D+03
 -0.1834326998848290D+03 -0.1723482539891532D+03 -0.1618301452768538D+03
 -0.1518607370071051D+03 -0.1424221463509194D+03 -0.1334961735680384D+03
 -0.1250642691531691D+03 -0.1171075361671854D+03 -0.1096067640495436D+03
 -0.1025424895592722D+03 -0.9589508007357767D+02 -0.8964483425266648D+02
 -0.8377209502810669D+02 -0.7825736996330239D+02 -0.7308145424151877D+02
 -0.6822555183359430D+02 -0.6367139075693028D+02 -0.5940132877913064D+02
 -0.5539844473960761D+02 -0.5164661814427174D+02 -0.4813058876871189D+02
 -0.4483599182062326D+02 -0.4174937645561481D+02 -0.3885819989615215D+02
 -0.3615079855596544D+02 -0.3361633702037833D+02 -0.3124473709117729D+02
 -0.2902659106499109D+02 -0.2695306506393691D+02 -0.2501580077660268D+02
 -0.2320682420219892D+02 -0.2151847097146716D+02 -0.1994333505395752D+02
 -0.1847424462785909D+02 -0.1710426423904359D+02 -0.1582671766578300D+02
 -0.1463522289717135D+02 -0.1352372937595798D+02 -0.1248654877376156D+02
 -0.1151837320863457D+02 -0.1061427809995781D+02 -0.9769709918645317D+01
 -0.8980461179846957D+01 -0.8242636511685987D+01 -0.7552612955696214D+01
 -0.6907000844930119D+01 -0.6302601123086976D+01 -0.5736383510761705D+01
 -0.5205403636759500D+01 -0.4706926948058412D+01 -0.4237988645911233D+01
 -0.3796336562618735D+01
    1 1000  327
  0.0000000000000000D+00  0.3135663547425983D-04  0.3231293386157815D-04
  0.3329839694105971D-04  0.3431391416237037D-04  0.3536040209934825D-04
  0.3643880528230315D-04  0.3755009704689444D-04  0.3869528040847587D-04
  0.3987538897880140D-04  0.4109148789095150D-04  0.4234467475313158D-04
  0.4363608065694673D-04  0.4496687118936171D-04  0.4633824747936125D-04
  0.4775144729116230D-04  0.4920774613856281D-04  0.5070845842904036D-04
  0.5225493866784136D-04  0.5384858265797857D-04  0.5549082876922306D-04
  0.5718315925383572D-04  0.5892710155411354D-04  0.6072422970208317D-04
  0.6257616573062647D-04  0.6448458114482962D-04  0.6645119841930828D-04
  0.6847779256424981D-04  0.7056619272693635D-04  0.7271828383460559D-04
  0.7493600829863842D-04  0.7722136777276588D-04  0.7957642495216398D-04
  0.8200330544262899D-04  0.8450419967319485D-04  0.8708136487941396D-04
  0.8973712713299251D-04  0.9247388344257026D-04  0.9529410392865260D-04
  0.9820033402969160D-04  0.1011951968290954D-03  0.1042813953993022D-03
  0.1074617152533443D-03  0.1107390268490108D-03  0.1141162881932756D-03
  0.1175965475019995D-03  0.1211829459488627D-03  0.1248787205140726D-03
  0.1286872068924756D-03  0.1326118425109224D-03  0.1366561696320046D-03
  0.1408238385412433D-03  0.1451186108475192D-03  0.1495443628964784D-03
  0.1541050892302040D-03  0.1588049062259143D-03  0.1636480558038557D-03
  0.1686389092442276D-03  0.1737819711370612D-03  0.1790818834604712D-03
  0.1845434297613132D-03  0.1901715394649594D-03  0.1959712923375817D-03
  0.2019479230574635D-03  0.2081068259614088D-03  0.2144535598865827D-03
  0.2209938532074962D-03  0.2277336090040591D-03  0.2346789103679153D-03
  0.2418360259254787D-03  0.2492114154781213D-03  0.2568117358375083D-03
  0.2646438468146536D-03  0.2727148174491544D-03  0.2810319323531225D-03
  0.2896026983093660D-03  0.2984348510384508D-03  0.3075363621743351D-03
  0.3169154464675120D-03  0.3265805692106608D-03  0.3365404538442294D-03
  0.3468040898685444D-03  0.3573807409348388D-03  0.3682799532154629D-03
  0.3795115640138191D-03  0.3910857106457529D-03  0.4030128395920242D-03
  0.4153037159236930D-03  0.4279694330171456D-03  0.4410214225803742D-03
  0.4544714649430901D-03  0.4683316997120941D-03  0.4826146367245181D-03
  0.4973331673359494D-03  0.5125005760494530D-03  0.5281305525195672D-03
  0.5442372038983399D-03  0.5608350675662599D-03  0.5779391242665139D-03
  0.5955648116030407D-03  0.6137280380035039D-03  0.6324451970485525D-03
  0.6517331822938624D-03  0.6716094024993591D-03  0.6920917973457955D-03
  0.7131988536371956D-03  0.7349496219723308D-03  0.7573637339500568D-03
  0.7804614198709066D-03  0.8042635270305266D-03  0.8287915384924451D-03
  0.8540675925142247D-03  0.8801145025073160D-03  0.9069557776353547D-03
  0.9346156440373839D-03  0.9631190666836314D-03  0.9924917719155897D-03
  0.1022760270660327D-02  0.1053951882361351D-02  0.1086094759643065D-02
  0.1119217913706701D-02  0.1153351240525841D-02  0.1188525547824979D-02
  0.1224772582884997D-02  0.1262125061195327D-02  0.1300616696000429D-02
  0.1340282228697235D-02  0.1381157460215411D-02  0.1423279283319442D-02
  0.1466685715915325D-02  0.1511415935355624D-02  0.1557510313804062D-02
  0.1605010454672968D-02  0.1653959230176513D-02  0.1704400820018702D-02
  0.1756380751277809D-02  0.1809945939493996D-02  0.1865144731008256D-02
  0.1922026946605497D-02  0.1980643926479790D-02  0.2041048576569569D-02
  0.2103295416319096D-02  0.2167440627865261D-02  0.2233542106767656D-02
  0.2301659514254533D-02  0.2371854331066122D-02  0.2444189912953744D-02
  0.2518731547861485D-02  0.2595546514848653D-02  0.2674704144813766D-02
  0.2756275883078390D-02  0.2840335353863456D-02  0.2926958426744454D-02
  0.3016223285125827D-02  0.3108210496810126D-02  0.3203003086715949D-02
  0.3300686611812564D-02  0.3401349238333167D-02  0.3505081821378650D-02
  0.3611977986878838D-02  0.3722134216133514D-02  0.3835649932871780D-02
  0.3952627593002977D-02  0.4073172777075448D-02  0.4197394285580380D-02
  0.4325404237157821D-02  0.4457318169772627D-02  0.4593255145012434D-02
  0.4733337855542357D-02  0.4877692735845086D-02  0.5026450076336359D-02
  0.5179744140962481D-02  0.5337713288377413D-02  0.5500500096831984D-02
  0.5668251492847997D-02  0.5841118883842047D-02  0.6019258294770760D-02
  0.6202830508960555D-02  0.6392001213227911D-02  0.6586941147412066D-02
  0.6787826258494241D-02  0.6994837859391016D-02  0.7208162792609478D-02
  0.7427993598879212D-02  0.7654528690940162D-02  0.7887972532619397D-02
  0.8128535823372083D-02  0.8376435688465106D-02  0.8631895874928422D-02
  0.8895146953521720D-02  0.9166426526826100D-02  0.9445979443703911D-02
  0.9734058020292986D-02  0.1003092226773704D-01  0.1033684012686462D-01
  0.1065208771002250D-01  0.1097694955028905D-01  0.1131171885828885D-01
  0.1165669778682540D-01  0.1201219770360862D-01  0.1237853947227145D-01
  0.1275605374198721D-01  0.1314508124588916D-01  0.1354597310861617D-01
  0.1395909116322472D-01  0.1438480827776542D-01  0.1482350869182719D-01
  0.1527558836333783D-01  0.1574145532594375D-01  0.1622153005729120D-01
  0.1671624585853327D-01  0.1722604924541875D-01  0.1775140035130038D-01
  0.1829277334243911D-01  0.1885065684597392D-01  0.1942555439093802D-01
  0.2001798486273392D-01  0.2062848297146011D-01  0.2125759973452797D-01
  0.2190590297398826D-01  0.2257397782903904D-01  0.2326242728414425D-01
  0.2397187271327947D-01  0.2470295444075819D-01  0.2545633231917313D-01
  0.2623268632496012D-01  0.2703271717212222D-01  0.2785714694467365D-01
  0.2870671974837230D-01  0.2958220238232884D-01  0.3048438503109335D-01
  0.3141408197785354D-01  0.3237213233938428D-01  0.3335940082340743D-01
  0.3437677850905320D-01  0.3542518365111852D-01  0.3650556250886053D-01
  0.3761889020005846D-01  0.3876617158112695D-01  0.3994844215407078D-01
  0.4116676900109700D-01  0.4242225174773128D-01  0.4371602355530894D-01
  0.4504925214372885D-01  0.4642314084540777D-01  0.4783892969136826D-01
  0.4929789653045531D-01  0.5080135818268540D-01  0.5235067162776667D-01
  0.5394723522987113D-01  0.5559248999975392D-01  0.5728792089536947D-01
  0.5903505816214803D-01  0.6083547871415088D-01  0.6269080755734534D-01
  0.6460271925628670D-01  0.6657293944553144D-01  0.6860324638714146D-01
  0.7069547257569336D-01  0.7285150639223054D-01  0.7507329380866201D-01
  0.7736284014413700D-01  0.7972221187498596D-01  0.8215353849986433D-01
  0.8465901446176889D-01  0.8724090112868180D-01  0.8990152883461078D-01
  0.9264329898287940D-01  0.9546868621356505D-01  0.9838024063703227D-01
  0.1013805901355869D+00  0.1044724427353234D+00  0.1076585890503153D+00
  0.1109419048013295D+00  0.1143253534113747D+00  0.1178119886803957D+00
  0.1214049575415409D+00  0.1251075029014941D+00  0.1289229665674222D+00
  0.1328547922631917D+00  0.1369065287375718D+00  0.1410818329672298D+00
  0.1453844734574070D+00  0.1498183336432629D+00  0.1543874153949450D+00
  0.1590958426295587D+00  0.1639478650332920D+00  0.1689478618970572D+00
  0.1741003460691056D+00  0.1794099680281911D+00  0.1848815200809551D+00
  0.1905199406873179D+00  0.1963303189177867D+00  0.2023178990466991D+00
  0.2084880852855475D+00  0.2148464466606619D+00  0.2213987220396447D+00
  0.2281508253111022D+00  0.2351088507223469D+00  0.2422790783798800D+00
  0.2496679799176298D+00  0.2572822243380576D+00  0.2651286840313971D+00
  0.2732144409784732D+00  0.2815467931426837D+00  0.2901332610569242D+00
  0.2989815946113999D+00  0.3080997800484411D+00  0.3174960471706526D+00
  0.3271788767688845D+00  0.3371570082767422D+00  0.3474394476585420D+00
  0.3580354755378222D+00  0.3689546555737584D+00  0.3802068430930406D+00
  0.3918021939849924D+00  0.4037511738679798D+00  0.4160645675353614D+00
  0.4287534886895241D+00  0.4418293899727826D+00  0.4553040733041873D+00
  0.4691897005315889D+00  0.4834988044085612D+00  0.4982442999060863D+00
  0.5134394958692287D+00  0.5290981070292973D+00  0.5452342663823554D+00
  0.5618625379452449D+00
    1 1000  327
  0.0000000000000000D+00  0.3075761763376432D-09  0.3266226401621255D-09
  0.3468478012410375D-09  0.3683275658731723D-09  0.3911344397769374D-09
  0.4153564633484169D-09  0.4410772761026307D-09  0.4683914546256537D-09
  0.4973970253222238D-09  0.5281976999529636D-09  0.5609056308477418D-09
  0.5956385180059444D-09  0.6325242656111071D-09  0.6716934407139516D-09
  0.7132886335715986D-09  0.7574591328493911D-09  0.8043650495486467D-09
  0.8541755178622640D-09  0.9070696690707257D-09  0.9632407389855354D-09
  0.1022888118275453D-08  0.1086230349562833D-08  0.1153495217839525D-08
  0.1224924799130443D-08  0.1300779510415515D-08  0.1381330496402192D-08
  0.1466868023522883D-08  0.1557704433057673D-08  0.1654165193318877D-08
  0.1756598969734486D-08  0.1865377308317121D-08  0.1980890997442076D-08
  0.2103557088482538D-08  0.2233820454788222D-08  0.2372149610492933D-08
  0.2519045406087055D-08  0.2675036928969884D-08  0.2840689075760273D-08
  0.3016599356629906D-08  0.3203401486922647D-08  0.3401772687002557D-08
  0.3612426617637096D-08  0.3836126327030971D-08  0.4073679590703894D-08
  0.4325941564144277D-08  0.4593825916937259D-08  0.4878298709133238D-08
  0.5180388291547790D-08  0.5501184247205897D-08  0.5841845674154821D-08
  0.6203601781150424D-08  0.6587759215475829D-08  0.6995706523117989D-08
  0.7428915841757431D-08  0.7888952735993047D-08  0.8377476625192136D-08
  0.8896251197356460D-08  0.9447152502031796D-08  0.1003216818695640D-07
  0.1065341148857374D-07  0.1131312330707776D-07  0.1201368938764903D-07
  0.1275763674454757D-07  0.1354765528705959D-07  0.1438659356347043D-07
  0.1527748455814193D-07  0.1622354347680604D-07  0.1722818747223074D-07
  0.1829504338887868D-07  0.1942796523879751D-07  0.2063104458285216D-07
  0.2190862113700066D-07  0.2326531381119263D-07  0.2470602076446980D-07
  0.2623594134966673D-07  0.2786060414143332D-07  0.2958587294606435D-07
  0.3141797959230599D-07  0.3336354068455934D-07  0.3542957930572795D-07
  0.3762355801718133D-07  0.3995339924408790D-07  0.4242751597403806D-07
  0.4505484156206517D-07  0.4784486609277120D-07  0.5080766151407939D-07
  0.5395392951849098D-07  0.5729502876514371D-07  0.6084302718398464D-07
  0.6461073454330338D-07  0.6861175771931808D-07  0.7286054453323577D-07
  0.7737243916318233D-07  0.8216373149668482D-07  0.8725172529834985D-07
  0.9265479390047083D-07  0.9839244587040539D-07  0.1044854048082842D-06
  0.1109556685702991D-06  0.1178266052349663D-06  0.1251230255309095D-06
  0.1328712755300545D-06  0.1410993374291239D-06  0.1498369207735557D-06
  0.1591155814937768D-06  0.1689688222886967D-06  0.1794322259704808D-06
  0.1905435773095244D-06  0.2023430002038428D-06  0.2148731012611725D-06
  0.2281791306020006D-06  0.2423091371811190D-06  0.2573141435174757D-06
  0.2732483365765756D-06  0.2901692562347088D-06  0.3081380035689532D-06
  0.3272194676738561D-06  0.3474825518334484D-06  0.3690004296506327D-06
  0.3918508024303737D-06  0.4161161854690350D-06  0.4418842039836281D-06
  0.4692479086658950D-06  0.4983061133560058D-06  0.5291637472593207D-06
  0.5619322445307762D-06  0.5967299303498254D-06  0.6336824655327210D-06
  0.6729232887691389D-06  0.7145941023782465D-06  0.7588453837646090D-06
  0.8058369280953663D-06  0.8557384259783426D-06  0.9087300770435657D-06
  0.9650032402236783D-06  0.1024761122505768D-05  0.1088219513262958D-05
  0.1155607569305285D-05  0.1227168635473183D-05  0.1303161124154752D-05
  0.1383859451932034D-05  0.1469555028611083D-05  0.1560557309308918D-05
  0.1657194910640425D-05  0.1759816800942816D-05  0.1868793557943043D-05
  0.1984518706887960D-05  0.2107410143441365D-05  0.2237911638351127D-05
  0.2376494446457562D-05  0.2523659003103813D-05  0.2679936732346936D-05
  0.2845891969177914D-05  0.3022123995241653D-05  0.3209269198374163D-05
  0.3408003378676869D-05  0.3619044185953093D-05  0.3843153706095273D-05
  0.4081141221462766D-05  0.4333866128117279D-05  0.4602241039053681D-05
  0.4887235081503302D-05  0.5189877396779766D-05  0.5511260855012673D-05
  0.5852546003057839D-05  0.6214965253181644D-05  0.6599827335808100D-05
  0.7008522026660739D-05  0.7442525158424288D-05  0.7903403960009200D-05
  0.8392822707667752D-05  0.8912548739726962D-05  0.9464458836119410D-05
  0.1005054599846172D-04  0.1067292664080087D-04  0.1133384824109905D-04
  0.1203569744912444D-04  0.1278100871106098D-04  0.1357247341528778D-04
  0.1441294961770418D-04  0.1530547235717572D-04  0.1625326461917821D-04
  0.1725974897168555D-04  0.1832855992630550D-04  0.1946355706069910D-04
  0.2066883895863047D-04  0.2194875800776668D-04  0.2330793611892540D-04
  0.2475128141271709D-04  0.2628400594747613D-04  0.2791164453744553D-04
  0.2964007474166812D-04  0.3147553808649767D-04  0.3342466260470673D-04
  0.3549448677216884D-04  0.3769248492139151D-04  0.4002659423237809D-04
  0.4250524339771341D-04  0.4513738305654395D-04  0.4793251811569737D-04
  0.5090074207578174D-04  0.5405277347659288D-04  0.5739999460378568D-04
  0.6095449259373557D-04  0.6472910307689875D-04  0.6873745653310546D-04
  0.7299402750945481D-04  0.7751418688960189D-04  0.8231425740124948D-04
  0.8741157255730504D-04  0.9282453924962750D-04  0.9857270421799675D-04
  0.1046768246342941D-03  0.1111589430614391D-03  0.1180424670472500D-03
  0.1253522536543594D-03  0.1331146992208151D-03  0.1413578346782512D-03
  0.1501114267759496D-03  0.1594070855714925D-03  0.1692783785761403D-03
  0.1797609519717657D-03  0.1908926593318072D-03  0.2027136983148744D-03
  0.2152667558212621D-03  0.2285971621409269D-03  0.2427530546437452D-03
  0.2577855516094674D-03  0.2737489368202846D-03  0.2907008555847474D-03
  0.3087025229003498D-03  0.3278189445063905D-03  0.3481191516278704D-03
  0.3696764502507068D-03  0.3925686858390949D-03  0.4168785244417441D-03
  0.4426937512076958D-03  0.4701075873859115D-03  0.4992190269571065D-03
  0.5301331941092971D-03  0.5629617228525587D-03  0.5978231601391132D-03
  0.6348433939486947D-03  0.6741561078803289D-03  0.7159032638986187D-03
  0.7602356149710022D-03  0.8073132494504666D-03  0.8573061691710916D-03
  0.9103949033404796D-03  0.9667711604476018D-03  0.1026638520540406D-02
  0.1090213170373855D-02  0.1157724684079453D-02  0.1229416852180726D-02
  0.1305548561943032D-02  0.1386394732240881D-02  0.1472247306315992D-02
  0.1563416306012068D-02  0.1660230951293646D-02  0.1763040849090308D-02
  0.1872217255761572D-02  0.1988154417737956D-02  0.2111270995183000D-02
  0.2242011573815831D-02  0.2380848270351088D-02  0.2528282437359166D-02
  0.2684846473696083D-02  0.2851105747049332D-02  0.3027660635532831D-02
  0.3215148695708931D-02  0.3414246964868368D-02  0.3625674405874385D-02
  0.3850194503407496D-02  0.4088618020982576D-02  0.4341805928688628D-02
  0.4610672512240926D-02  0.4896188674548546D-02  0.5199385441740645D-02
  0.5521357686297698D-02  0.5863268080743884D-02  0.6226351296164570D-02
  0.6611918460725017D-02  0.7021361894277676D-02  0.7456160136162205D-02
  0.7917883284353089D-02  0.8408198665232753D-02  0.8928876854465660D-02
  0.9481798070717319D-02  0.1006895896530299D-01  0.1069247983228634D-01
  0.1135461226506342D-01  0.1205774728708181D-01  0.1280442398605477D-01
  0.1359733868284888D-01  0.1443935466815679D-01  0.1533351254211320D-01
  0.1628304119419140D-01  0.1729136946303373D-01  0.1836213851831247D-01
  0.1949921500934369D-01  0.2070670502792612D-01  0.2198896893583058D-01
  0.2335063711048317D-01  0.2479662666570048D-01  0.2633215920785665D-01
  0.2796277969160299D-01  0.2969437644322845D-01  0.3153320242396908D-01
  0.3348589781004670D-01  0.3555951397098051D-01  0.3776153893275594D-01
  0.4009992441780067D-01  0.4258311455941406D-01  0.4522007639433937D-01
  0.4802033224358933D-01  0.5099399409845694D-01  0.5415180013588116D-01
  0.5750515349502977D-01  0.6106616345512446D-01  0.6484768916320313D-01
  0.6886338606972876D-01  0.7312775523972583D-01  0.7765619571750879D-01
  0.8246506013410426D-01  0.8757171375816138D-01  0.9299459720359571D-01
  0.9875329302040843D-01
    1 1000  327
  0.0000000000000000D+00 -0.4391592348459295D-13 -0.5073690605466725D-13
 -0.5873678734322896D-13 -0.5623365535710871D-13 -0.5890072095095022D-13
 -0.6941034921196132D-13 -0.7684977176051981D-13 -0.8416335990837597D-13
 -0.9350161687781983D-13 -0.9435328540936096D-13 -0.1046815686969434D-12
 -0.1159308486395353D-12 -0.1245722549880250D-12 -0.1318711471664310D-12
 -0.1518079092632929D-12 -0.1639031198484138D-12 -0.1787660659668044D-12
 -0.1991106970682869D-12 -0.2121102231343578D-12 -0.2381725831738485D-12
 -0.2555018173090615D-12 -0.2751516300182515D-12 -0.3030068400327858D-12
 -0.3338105322844949D-12 -0.3675196857673454D-12 -0.3994985601637649D-12
 -0.4360516286821145D-12 -0.4738155545263847D-12 -0.5186000478202984D-12
 -0.5719301705228386D-12 -0.6193292371333024D-12 -0.6787106768422206D-12
 -0.7399289596373590D-12 -0.8186146539851463D-12 -0.8912405595479649D-12
 -0.9764710462455423D-12 -0.1069627261044406D-11 -0.1169561571356794D-11
 -0.1281529976436481D-11 -0.1400439292091176D-11 -0.1530676725338082D-11
 -0.1677105391934628D-11 -0.1828552561000770D-11 -0.2000001042071707D-11
 -0.2191131883684954D-11 -0.2400883099829922D-11 -0.2624665207183394D-11
 -0.2875652081662648D-11 -0.3144082716004290D-11 -0.3440332200482167D-11
 -0.3768684082797750D-11 -0.4121836466688795D-11 -0.4507909268176169D-11
 -0.4935076827944425D-11 -0.5401111742022032D-11 -0.5903526834739023D-11
 -0.6469183927785151D-11 -0.7075818683865032D-11 -0.7740741395663466D-11
 -0.8471541249357449D-11 -0.9271705110254911D-11 -0.1014758659128576D-10
 -0.1110203966909901D-10 -0.1214991919396299D-10 -0.1329739156009801D-10
 -0.1455055701578415D-10 -0.1592045453907854D-10 -0.1741993437279685D-10
 -0.1906264773382893D-10 -0.2086000302000140D-10 -0.2282428740853919D-10
 -0.2498130280239255D-10 -0.2733547887749351D-10 -0.2991682082357993D-10
 -0.3273903315178774D-10 -0.3582384495289125D-10 -0.3920323649592404D-10
 -0.4289723298427075D-10 -0.4694459041851864D-10 -0.5136988009297002D-10
 -0.5621549576813145D-10 -0.6151948014883522D-10 -0.6731788255116750D-10
 -0.7366275421629870D-10 -0.8061224305808328D-10 -0.8821403906499712D-10
 -0.9653503439637827D-10 -0.1056381768044951D-09 -0.1155986481058756D-09
 -0.1265030195942077D-09 -0.1384325658382640D-09 -0.1514881160176082D-09
 -0.1657764480172416D-09 -0.1814059204813039D-09 -0.1985216640518483D-09
 -0.2172412834985168D-09 -0.2377308810413650D-09 -0.2601471797971677D-09
 -0.2846867365056503D-09 -0.3115341188289769D-09 -0.3409168460060271D-09
 -0.3730700761963352D-09 -0.4082523309054709D-09 -0.4467515530105845D-09
 -0.4888886155109725D-09 -0.5349938758436831D-09 -0.5854473453976028D-09
 -0.6406656237599007D-09 -0.7010807016393525D-09 -0.7672062917173068D-09
 -0.8395637236621333D-09 -0.9187371953713779D-09 -0.1005391065121463D-08
 -0.1100207328004788D-08 -0.1203964626375252D-08 -0.1317514805699538D-08
 -0.1441769273765203D-08 -0.1577744238992549D-08 -0.1726541644300756D-08
 -0.1889376171390704D-08 -0.2067568297188569D-08 -0.2262558796343995D-08
 -0.2475934568802964D-08 -0.2709442711717309D-08 -0.2964979611793805D-08
 -0.3244605706283345D-08 -0.3550610130128643D-08 -0.3885477816328456D-08
 -0.4251915680443479D-08 -0.4652919559355928D-08 -0.5091741014140583D-08
 -0.5571952237811715D-08 -0.6097444536715087D-08 -0.6672502868056658D-08
 -0.7301792721071250D-08 -0.7990435041399250D-08 -0.8744018828784163D-08
 -0.9568679103340208D-08 -0.1047110946019286D-07 -0.1145865470231429D-07
 -0.1253932936629920D-07 -0.1372193421856510D-07 -0.1501605768850165D-07
 -0.1643223606123349D-07 -0.1798198313337140D-07 -0.1967788120431895D-07
 -0.2153372589065173D-07 -0.2356459365882090D-07 -0.2578699410256873D-07
 -0.2821899393245501D-07 -0.3088035753104250D-07 -0.3379271765368659D-07
 -0.3697974775789176D-07 -0.4046734804810373D-07 -0.4428386146997121D-07
 -0.4846032745174663D-07 -0.5303067200649061D-07 -0.5803205474467187D-07
 -0.6350511853814171D-07 -0.6949435618815979D-07 -0.7604844355713539D-07
 -0.8322065638778866D-07 -0.9106928766034824D-07 -0.9965813047847470D-07
 -0.1090569999703338D-06 -0.1193422836983374D-06 -0.1305975855712390D-06
 -0.1429143852702739D-06 -0.1563928001260299D-06 -0.1711423760539918D-06
 -0.1872830029252126D-06 -0.2049458654665790D-06 -0.2242745371358192D-06
 -0.2454261107220380D-06 -0.2685725191012907D-06 -0.2939018896655179D-06
 -0.3216200948068719D-06 -0.3519524380655149D-06 -0.3851454561558434D-06
 -0.4214689507989246D-06 -0.4612181481363297D-06 -0.5047161370721949D-06
 -0.5523164721207813D-06 -0.6044060455808963D-06 -0.6614082397208001D-06
 -0.7237863767145506D-06 -0.7920474655526951D-06 -0.8667463318147190D-06
 -0.9484901259494676D-06 -0.1037943270777583D-05 -0.1135832839207776D-05
 -0.1242954479896280D-05 -0.1360178880198072D-05 -0.1488458841613375D-05
 -0.1628837026587821D-05 -0.1782454433224056D-05 -0.1950559666678751D-05
 -0.2134519087471000D-05 -0.2335827924340828D-05 -0.2556122417676550D-05
 -0.2797193127376816D-05 -0.3060999480551855D-05 -0.3349685698807233D-05
 -0.3665598231489279D-05 -0.4011304820021422D-05 -0.4389615378273180D-05
 -0.4803604818472165D-05 -0.5256638060301878D-05 -0.5752397361932434D-05
 -0.6294912268228319D-05 -0.6888592347697939D-05 -0.7538263048186328D-05
 -0.8249204904791212D-05 -0.9027196468683641D-05 -0.9878561272890138D-05
 -0.1081021922230160D-04 -0.1182974285301948D-04 -0.1294541887899321D-04
 -0.1416631553355092D-04 -0.1550235629229618D-04 -0.1696440051862949D-04
 -0.1856433174112157D-04 -0.2031515423086736D-04 -0.2223109871142936D-04
 -0.2432773801903624D-04 -0.2662211367775914D-04 -0.2913287442251848D-04
 -0.3188042776639436D-04 -0.3488710588002399D-04 -0.3817734710420757D-04
 -0.4177789458726510D-04 -0.4571801365549961D-04 -0.5002972967436773D-04
 -0.5474808836087762D-04 -0.5991144062936680D-04 -0.6556175431591773D-04
 -0.7174495528392414D-04 -0.7851130071639464D-04 -0.8591578761151547D-04
 -0.9401859978661381D-04 -0.1028855970659140D-03 -0.1125888505865627D-03
 -0.1232072285910703D-03 -0.1348270374725583D-03 -0.1475427232746532D-03
 -0.1614576393547802D-03 -0.1766848864344887D-03 -0.1933482318896371D-03
 -0.2115831157329838D-03 -0.2315377514758206D-03 -0.2533743308037967D-03
 -0.2772703418830430D-03 -0.3034200119788775D-03 -0.3320358861471888D-03
 -0.3633505547984888D-03 -0.3976185442007050D-03 -0.4351183852747545D-03
 -0.4761548774952921D-03 -0.5210615663133185D-03 -0.5702034542135128D-03
 -0.6239799674685428D-03 -0.6828282026789263D-03 -0.7472264795064860D-03
 -0.8176982284633865D-03 -0.8948162453688135D-03 -0.9792073470436524D-03
 -0.1071557466091146D-02 -0.1172617226169065D-02 -0.1283208043078817D-02
 -0.1404228801245085D-02 -0.1536663159867367D-02 -0.1681587548126747D-02
 -0.1840179914417782D-02 -0.2013729300743031D-02 -0.2203646320068804D-02
 -0.2411474621817403D-02 -0.2638903438682976D-02 -0.2887781316746628D-02
 -0.3160131140497903D-02 -0.3458166574883120D-02 -0.3784310058017620D-02
 -0.4141212490810877D-02 -0.4531774783547717D-02 -0.4959171434541982D-02
 -0.5426876332526666D-02 -0.5938690992492251D-02 -0.6498775454477399D-02
 -0.7111682096460759D-02 -0.7782392636180683D-02 -0.8516358622641516D-02
 -0.9319545746414531D-02 -0.1019848232889121D-01 -0.1116031238461635D-01
 -0.1221285368798204D-01 -0.1336466131625952D-01 -0.1462509718544264D-01
 -0.1600440614409107D-01 -0.1751379924367083D-01 -0.1916554486221018D-01
 -0.2097306842192615D-01 -0.2295106151133313D-01 -0.2511560129877365D-01
 -0.2748428120797243D-01 -0.3007635391774596D-01 -0.3291288784816791D-01
 -0.3601693840512136D-01 -0.3941373537510801D-01 -0.4313088799347137D-01
 -0.4719860935282572D-01 -0.5164996197569241D-01 -0.5652112654735998D-01
 -0.6185169599323535D-01 -0.6768499729095138D-01 -0.7406844363293089D-01
 -0.8105391980178221D-01 -0.8869820389087905D-01 -0.9706342879786270D-01
 -0.1062175872421075D+00 -0.1162350844109396D+00 -0.1271973427265186D+00
 -0.1391934636489554D+00 -0.1523209518948057D+00 -0.1666865079573995D+00
 -0.1824068953706413D+00 -0.1996098897654008D+00 -0.2184353174324584D+00
 -0.2390361918334649D+00
    1 1000  327
  0.0000000000000000D+00  0.4041588991813547D-13  0.4514958776966429D-13
  0.4890893110869261D-13  0.5516169630569957D-13  0.5944653801931401D-13
  0.6643039751192991D-13  0.7150068778201883D-13  0.7904774798829232D-13
  0.8682841085955086D-13  0.9539865111637523D-13  0.1045552134917938D-12
  0.1123683712727873D-12  0.1244623657425851D-12  0.1360458729362378D-12
  0.1506581042944867D-12  0.1633887390888141D-12  0.1802179721435387D-12
  0.1968211380502415D-12  0.2145989402418609D-12  0.2372035011182548D-12
  0.2589349688357340D-12  0.2830559275508507D-12  0.3085934500954571D-12
  0.3380686749677156D-12  0.3707581726044353D-12  0.4070920667262616D-12
  0.4437677748892493D-12  0.4890133614739229D-12  0.5341147160363338D-12
  0.5835301267275717D-12  0.6392567557627974D-12  0.7007755308052061D-12
  0.7675292788118269D-12  0.8377452588747084D-12  0.9187222172913896D-12
  0.1005110853280818D-11  0.1100159981193261D-11  0.1204195517340685D-11
  0.1316175442611528D-11  0.1441698775179830D-11  0.1578365001897810D-11
  0.1727196346200853D-11  0.1889819021865822D-11  0.2069728505582517D-11
  0.2262158849535575D-11  0.2477699801245768D-11  0.2711174053979908D-11
  0.2967630969057067D-11  0.3247252063805112D-11  0.3553350145422031D-11
  0.3889445335391098D-11  0.4256844722386023D-11  0.4656025788456934D-11
  0.5097299094666980D-11  0.5579090768490676D-11  0.6103290732597129D-11
  0.6680315656807216D-11  0.7309620315764328D-11  0.8000176505834245D-11
  0.8755945299657285D-11  0.9580974799846079D-11  0.1048446532929615D-10
  0.1147352852463165D-10  0.1255532626127921D-10  0.1373961667184263D-10
  0.1503512203814671D-10  0.1645310954191849D-10  0.1800622406085702D-10
  0.1970420625426260D-10  0.2156193793863965D-10  0.2359630608057375D-10
  0.2582231150135352D-10  0.2825749316941258D-10  0.3092237826715473D-10
  0.3383946910723129D-10  0.3703182487538790D-10  0.4052511750932994D-10
  0.4434430828548188D-10  0.4852687483457287D-10  0.5310361551456942D-10
  0.5811352573237051D-10  0.6359374577159397D-10  0.6959203374703032D-10
  0.7615569434010112D-10  0.8333760645127427D-10  0.9119759817094636D-10
  0.9979868763195860D-10  0.1092093087713090D-09  0.1195101544581134D-09
  0.1307823366905920D-09  0.1431171009087984D-09  0.1566142750228194D-09
  0.1713853057300967D-09  0.1875491505315313D-09  0.2052366110822097D-09
  0.2245942177332919D-09  0.2457743231956976D-09  0.2689540251708682D-09
  0.2943195330168569D-09  0.3220764551094510D-09  0.3524531172127513D-09
  0.3856920305946308D-09  0.4220693587592271D-09  0.4618734636662182D-09
  0.5054339555697655D-09  0.5531011914566099D-09  0.6052659440140527D-09
  0.6623500770720426D-09  0.7248177431589565D-09  0.7931757538211323D-09
  0.8679808375678387D-09  0.9498424133000977D-09  0.1039421833715129D-08
  0.1137451348112252D-08  0.1244726385162562D-08  0.1362117249731276D-08
  0.1490580914242851D-08  0.1631158901546484D-08  0.1784995521191221D-08
  0.1953339601042024D-08  0.2137563348294294D-08  0.2339158226801394D-08
  0.2559767272875576D-08  0.2801181661755404D-08  0.3065364552781519D-08
  0.3354462284134675D-08  0.3670825143183707D-08  0.4017024750955156D-08
  0.4395875241808215D-08  0.4810455107404533D-08  0.5264135350649022D-08
  0.5760602070920569D-08  0.6303890970277763D-08  0.6898418315496757D-08
  0.7549015681555464D-08  0.8260970429765212D-08  0.9040072579141556D-08
  0.9892651397932031D-08  0.1082563784929088D-07  0.1184661619704309D-07
  0.1296388401503462D-07  0.1418652324393226D-07  0.1552446903190999D-07
  0.1698859980238349D-07  0.1859081353017666D-07  0.2034413309402505D-07
  0.2226281056696289D-07  0.2436244060917354D-07  0.2666009044807761D-07
  0.2917443278623791D-07  0.3192590520378357D-07  0.3493687281089904D-07
  0.3823180647138226D-07  0.4183749036516617D-07  0.4578323101691403D-07
  0.5010109730947470D-07  0.5482618828900921D-07  0.5999690534876730D-07
  0.6565527901960530D-07  0.7184730012108324D-07  0.7862329882364753D-07
  0.8603834908276478D-07  0.9415271915102970D-07  0.1030323658013671D-06
  0.1127494621936309D-06  0.1233829861788719D-06  0.1350193718016003D-06
  0.1477531972909491D-06  0.1616879631991257D-06  0.1769369331399470D-06
  0.1936240488371007D-06  0.2118849463508181D-06  0.2318680483566195D-06
  0.2537357776960372D-06  0.2776658787545721D-06  0.3038528514780760D-06
  0.3325095474378072D-06  0.3638688876660083D-06  0.3981857616025453D-06
  0.4357390978724684D-06  0.4768341300022617D-06  0.5218048796376891D-06
  0.5710168706701905D-06  0.6248700984602835D-06  0.6838022823764670D-06
  0.7482924261729424D-06  0.8188647057010202D-06  0.8960927339450618D-06
  0.9806042240700296D-06  0.1073086083578998D-05  0.1174290009060262D-05
  0.1285038588163546D-05  0.1406231987277666D-05  0.1538855268658242D-05
  0.1683986397355354D-05  0.1842805001780995D-05  0.2016601962258986D-05
  0.2206789905931662D-05  0.2414914682845627D-05  0.2642667936004113D-05
  0.2891900847489359D-05  0.3164639189219306D-05  0.3463099781989136D-05
  0.3789708522043253D-05  0.4147120089952043D-05  0.4538239534618698D-05
  0.4966245883335875D-05  0.5434617980758762D-05  0.5947162763851896D-05
  0.6508046208252977D-05  0.7121827184833622D-05  0.7793494519622078D-05
  0.8528507536680896D-05  0.9332840437955838D-05  0.1021303085745295D-04
  0.1117623300084848D-04  0.1223027579491689D-04  0.1338372652155091D-04
  0.1464596045102044D-04  0.1602723704751321D-04  0.1753878335423954D-04
  0.1919288525168679D-04  0.2100298731355176D-04  0.2298380208642168D-04
  0.2515142967372337D-04  0.2752348859603252D-04  0.3011925899786456D-04
  0.3295983935331638D-04  0.3606831795812141D-04  0.3946996059058329D-04
  0.4319241587073558D-04  0.4726593999167580D-04  0.5172364264099921D-04
  0.5660175611700362D-04  0.6193992982613833D-04  0.6778155255335166D-04
  0.7417410512793199D-04  0.8116954634866494D-04  0.8882473530393158D-04
  0.9720189352737879D-04  0.1063691107320734D-03  0.1164008982477089D-03
  0.1273787946481205D-03  0.1393920285004582D-03  0.1525382436151714D-03
  0.1669242926983919D-03  0.1826671058512533D-03  0.1998946409821302D-03
  0.2187469238487772D-03  0.2393771861926181D-03  0.2619531112086763D-03
  0.2866581964780948D-03  0.3136932454394040D-03  0.3432779995243812D-03
  0.3756529242204716D-03  0.4110811635785943D-03  0.4498506790536778D-03
  0.4922765900616719D-03  0.5387037352762095D-03  0.5895094754843603D-03
  0.6451067607834387D-03  0.7059474870465592D-03  0.7725261689435036D-03
  0.8453839593638670D-03  0.9251130479205625D-03  0.1012361474278317D-02
  0.1107838395433493D-02  0.1212319849757086D-02  0.1326655064649198D-02
  0.1451773359078617D-02  0.1588691697104912D-02  0.1738522953783952D-02
  0.1902484960638653D-02  0.2081910404218976D-02  0.2278257658205204D-02
  0.2493122637099219D-02  0.2728251767850026D-02  0.2985556184848405D-02
  0.3267127263665477D-02  0.3575253619796902D-02  0.3912439710576144D-02
  0.4281426191455089D-02  0.4685212192107763D-02  0.5127079693417464D-02
  0.5610620203484977D-02  0.6139763949479586D-02  0.6718811822606357D-02
  0.7352470335837939D-02  0.8045889878547869D-02  0.8804706578981567D-02
  0.9635088114821810D-02  0.1054378384419914D-01  0.1153817966461339D-01
  0.1262635804565936D-01  0.1381716372350581D-01  0.1512027559109148D-01
  0.1654628536836554D-01  0.1810678369200453D-01  0.1981445432434405D-01
  0.2168317724725908D-01  0.2372814147894135D-01  0.2596596853054942D-01
  0.2841484750619298D-01  0.3109468294434197D-01  0.3402725660232438D-01
  0.3723640449889593D-01  0.4074821065388717D-01  0.4459121909965300D-01
  0.4879666588755063D-01  0.5339873297520491D-01  0.5843482605816160D-01
  0.6394587860414500D-01  0.6997668456112233D-01  0.7657626244343185D-01
  0.8379825375526875D-01  0.9170135898993270D-01  0.1003498147486372D+00
  0.1098139158569208D+00  0.1201705867224305D+00  0.1315040065780796D+00
  0.1439062936925780D+00  0.1574782541096101D+00  0.1723302010014159D+00
  0.1885828512965224D+00  0.2063683068694044D+00  0.2258311282672273D+00
  0.2471295097009405D+00
    1 1000  327
  0.0000000000000000D+00 -0.3447477716601178D-15 -0.1012778637071790D-15
 -0.6188123104589586D-16  0.1243571053207450D-14 -0.1588616306636541D-14
 -0.6050149629116489D-15  0.1730595431694933D-15 -0.1266216615203885D-14
 -0.8426673947616958D-15 -0.1082456829323223D-15 -0.1163629589052591D-14
 -0.8169930013764910D-15 -0.6832604000826602D-15 -0.7591829120856181D-15
 -0.1609960989556784D-14 -0.7442990251832645D-15 -0.5604252563118475D-15
 -0.5821354636722014D-15 -0.1846835555341347D-16 -0.7393608113410174D-15
 -0.6703206379982143D-15 -0.1161687901897376D-14 -0.2633358186777475D-15
 -0.1977654638230407D-15 -0.7837319531169077D-15 -0.2004326969107105D-15
 -0.5034148625510268D-15 -0.5990450508277699D-15 -0.4227589864486111D-15
 -0.4550491947482555D-15 -0.4120036737879676D-15 -0.9103474410504941D-15
 -0.1302959847849775D-15 -0.1068582642293388D-14 -0.3350226446703899D-15
 -0.4602995968308222D-15 -0.7216736546541349D-15  0.4158195998814199D-15
 -0.5312561632964836D-15 -0.1705578549271399D-15 -0.9398950884095578D-16
  0.4415551209127413D-15 -0.1138394635505000D-14 -0.5959131906465154D-15
 -0.1423245135530001D-14 -0.5091035423951468D-15  0.2732768913177764D-15
 -0.4522326021695008D-15 -0.5738897581098397D-15 -0.1140495986649980D-14
 -0.2891692737727901D-15  0.5974127419267302D-15 -0.4953540456647644D-15
  0.9363082770208182D-15 -0.5124417908286275D-15 -0.2084000827610972D-15
  0.8288215798315218D-15  0.4076173173535577D-15  0.3993037642035176D-15
  0.1156099503964451D-14  0.1291666554560430D-15  0.1041089529047925D-14
  0.9741925051227973D-15  0.1504244399921602D-14  0.1819770038086927D-14
  0.1546458662387873D-14  0.2322680006238623D-14  0.2536165205655873D-14
  0.2224307665150639D-14  0.3757484142409875D-14  0.3796588316266558D-14
  0.4306713048229927D-14  0.4427008804310624D-14  0.4908325843129001D-14
  0.6793817356984736D-14  0.8516189609905327D-14  0.8528658042616172D-14
  0.9504298697385896D-14  0.1127098225343380D-13  0.1216986987585477D-13
  0.1274016911079114D-13  0.1447159131769624D-13  0.1683590443899800D-13
  0.1907212730912993D-13  0.2229173899988201D-13  0.2521951211792906D-13
  0.2780078309767610D-13  0.3156581834716034D-13  0.3648510411961415D-13
  0.4005896432692003D-13  0.4572417374755562D-13  0.5099442189189671D-13
  0.5844885686812218D-13  0.6544047135448473D-13  0.7431060970752312D-13
  0.8450147644588830D-13  0.9461689035413169D-13  0.1068875690143420D-12
  0.1205975639223668D-12  0.1358412516780720D-12  0.1533073632828555D-12
  0.1730313002476158D-12  0.1951447709769709D-12  0.2202060487304814D-12
  0.2487001038778784D-12  0.2812721807160507D-12  0.3163544602389610D-12
  0.3572580360839254D-12  0.4014154698931265D-12  0.4535395216336409D-12
  0.5114334431894128D-12  0.5765350179163531D-12  0.6495104364986408D-12
  0.7329967336665949D-12  0.8264344980909413D-12  0.9333742767367743D-12
  0.1051706512962267D-11  0.1186845115516136D-11  0.1337917249458158D-11
  0.1508087839896491D-11  0.1701693521321841D-11  0.1918574840671189D-11
  0.2163449833611340D-11  0.2439573497088095D-11  0.2752043120867526D-11
  0.3104396662378486D-11  0.3500461906219533D-11  0.3947803194511089D-11
  0.4451812442306106D-11  0.5020985473723834D-11  0.5660116720665659D-11
  0.6383940416046937D-11  0.7199862928497163D-11  0.8118717129121101D-11
  0.9155102722282366D-11  0.1032383686476243D-10  0.1164218551742530D-10
  0.1312903673534531D-10  0.1480486182391615D-10  0.1669634583696202D-10
  0.1882778929758074D-10  0.2123199078867612D-10  0.2394237096170663D-10
  0.2700006524408342D-10  0.3044856377240840D-10  0.3433531260994483D-10
  0.3871990010616412D-10  0.4366268926343919D-10  0.4923909769135505D-10
  0.5552576301351063D-10  0.6261485434271623D-10  0.7061064899516555D-10
  0.7962666453910927D-10  0.8979357311004543D-10  0.1012583297669514D-09
  0.1141882644551440D-09  0.1287690471673669D-09  0.1452099818897925D-09
  0.1637517317797271D-09  0.1846608333712885D-09  0.2082389272976538D-09
  0.2348274744275347D-09  0.2648112534801601D-09  0.2986238052517413D-09
  0.3367540466355505D-09  0.3797529472701997D-09  0.4282416496609579D-09
  0.4829200796942279D-09  0.5445822595570108D-09  0.6141171197105419D-09
  0.6925314650905443D-09  0.7809558561826816D-09  0.8806735414799901D-09
  0.9931214749646319D-09  0.1119927810094789D-08  0.1262926234504856D-08
  0.1424182802011720D-08  0.1606029364757003D-08  0.1811094531657643D-08
  0.2042343726080622D-08  0.2303120240535946D-08  0.2597193566000741D-08
  0.2928815935955865D-08  0.3302781241079916D-08  0.3724496809016068D-08
  0.4200058680876911D-08  0.4736342144710297D-08  0.5341101238845919D-08
  0.6023079194312548D-08  0.6792134836453769D-08  0.7659387555944389D-08
  0.8637375210597223D-08  0.9740236574972727D-08  0.1098391751194737D-07
  0.1238639708110640D-07  0.1396795225788184D-07  0.1575144777160992D-07
  0.1776266863651665D-07  0.2003069212554014D-07  0.2258830773077003D-07
  0.2547249168675856D-07  0.2872494224592597D-07  0.3239268186887868D-07
  0.3652873589617406D-07  0.4119290122029227D-07  0.4645260987070603D-07
  0.5238390356447502D-07  0.5907253298156058D-07  0.6661519967055735D-07
  0.7512094991720693D-07  0.8471275557241570D-07  0.9552928897022352D-07
  0.1077269304431039D-06  0.1214820245335711D-06  0.1369934362428161D-06
  0.1544854196594999D-06  0.1742108642238735D-06  0.1964549482452523D-06
  0.2215392646343697D-06  0.2498264679118207D-06  0.2817255176907525D-06
  0.3176975920153621D-06  0.3582627546119662D-06  0.4040074731944051D-06
  0.4555930981392489D-06  0.5137654247216306D-06  0.5793654749901234D-06
  0.6533416560475988D-06  0.7367634735023492D-06  0.8308369916683732D-06
  0.9369222704695019D-06  0.1056553029768583D-05  0.1191458822638996D-05
  0.1343590037834847D-05  0.1515146101530421D-05  0.1708607271824860D-05
  0.1926770498613963D-05  0.2172789859459044D-05  0.2450222160237397D-05
  0.2763078357087384D-05  0.3115881543372915D-05  0.3513732344387498D-05
  0.3962382656418437D-05  0.4468318806763685D-05  0.5038855327951716D-05
  0.5682240706854963D-05  0.6407776637632849D-05  0.7225952499435091D-05
  0.8148597005834744D-05  0.9189049218031253D-05  0.1036235139244721D-04
  0.1168546645397734D-04  0.1317752323542570D-04  0.1486009303128737D-04
  0.1675750146298292D-04  0.1889718016526437D-04  0.2131006337573654D-04
  0.2403103516560428D-04  0.2709943377222942D-04  0.3055962032863570D-04
  0.3446162021288198D-04  0.3886184628334948D-04  0.4382391446550044D-04
  0.4941956347291496D-04  0.5572969196478984D-04  0.6284552813178798D-04
  0.7086994862033684D-04  0.7991896586351921D-04  0.9012340532248635D-04
  0.1016307968846930D-03  0.1146075077663805D-03  0.1292411477528618D-03
  0.1457432815529888D-03  0.1643524874789015D-03  0.1853378066741515D-03
  0.2090026327543408D-03  0.2356890980964995D-03  0.2657830201921705D-03
  0.2997194795727667D-03  0.3379891099526498D-03  0.3811451915287896D-03
  0.4298116499845210D-03  0.4846920768470679D-03  0.5465799016078377D-03
  0.6163698626660565D-03  0.6950709429404200D-03  0.7838209571612733D-03
  0.8839030017368713D-03  0.9967640050210834D-03  0.1124035646166230D-02
  0.1267557944997898D-02  0.1429405863957460D-02  0.1611919306710207D-02
  0.1817736947119807D-02  0.2049834377669848D-02  0.2311567128860340D-02
  0.2606719181528206D-02  0.2939557673454410D-02  0.3314894591177139D-02
  0.3738156338910073D-02  0.4215462190359173D-02  0.4753712757644673D-02
  0.5360689756363070D-02  0.6045168509132839D-02  0.6817044814136663D-02
  0.7687478012852651D-02  0.8669052325362738D-02  0.9775958785733039D-02
  0.1102420040778252D-01  0.1243182354740638D-01  0.1401917880635994D-01
  0.1580921524949534D-01  0.1782781218907689D-01  0.2010415333292067D-01
  0.2267114870557276D-01  0.2556591044242322D-01  0.2883028933550871D-01
  0.3251147988807389D-01  0.3666270262542232D-01  0.4134397352650876D-01
  0.4662297170027446D-01  0.5257601785108744D-01  0.5928917767937078D-01
  0.6685950616975667D-01  0.7539645075595487D-01  0.8502343364848954D-01
  0.9587963620168426D-01
    1 1000  327
  0.0000000000000000D+00  0.7394186479566392D-15  0.1069168166969459D-17
 -0.4438500443375000D-15  0.5413225661821949D-16 -0.4984459524398734D-15
 -0.4641684377347855D-15 -0.1152873261132340D-14  0.5645634045918381D-15
  0.2362137342174235D-15 -0.2012396318589174D-15 -0.1180621646526241D-14
 -0.2018685591566125D-15 -0.1131820267533038D-14 -0.7482709711919925D-15
 -0.1179251859553116D-15 -0.1582710010212672D-15 -0.6917024933992781D-15
 -0.1963382385820870D-14 -0.1519751717865223D-14 -0.1625474055487259D-14
 -0.7636000946484554D-15 -0.9945988848047355D-15 -0.4035474492386705D-15
  0.2016542811401013D-14  0.1638580575601436D-15  0.2921170361904567D-15
  0.6251839877623397D-15  0.3624747241297396D-16 -0.7213424003846825D-15
 -0.3569482566261737D-15 -0.8671854604219568D-15 -0.3237244796995083D-15
  0.3139489088590487D-15 -0.5397347783155217D-15  0.1497514229451190D-14
 -0.7186293632727402D-15 -0.1188986102262538D-14 -0.5113107173372846D-15
 -0.6870753416922385D-15 -0.1848147544649052D-14 -0.1025067205940951D-14
 -0.1858237895324020D-14 -0.9887806606038365D-15 -0.1583998559352418D-14
 -0.5063140550269766D-15 -0.9281805335344155D-15  0.4089087631660185D-15
 -0.2124950864686690D-14 -0.6200161044282396D-15 -0.1641251374058942D-14
 -0.3168862547947771D-14 -0.6255082800676317D-15 -0.3070818922249264D-14
 -0.1995012343771460D-14  0.3487731681779995D-15 -0.2828950344550603D-14
 -0.2099968269112756D-14 -0.1951184815875028D-14 -0.2076637419046912D-14
 -0.3553958067933581D-14 -0.2478624286161858D-14 -0.3054950887440644D-14
 -0.4682559398114235D-14 -0.3941271569513651D-14 -0.5385813504591970D-14
 -0.4705439396252162D-14 -0.6686393439718364D-14 -0.5155306855836824D-14
 -0.8210034040475529D-14 -0.8912561310541032D-14 -0.9981865842775423D-14
 -0.8968490441267941D-14 -0.1187270370823206D-13 -0.1432071908217391D-13
 -0.1676567998063924D-13 -0.1661213657953090D-13 -0.1897990043026462D-13
 -0.2337474054537881D-13 -0.2495137137207630D-13 -0.2810138400114299D-13
 -0.3118224619460218D-13 -0.3670842017245937D-13 -0.4165178142524794D-13
 -0.4751841934469367D-13 -0.5033999647477557D-13 -0.5952711292702438D-13
 -0.6640398503310301D-13 -0.7354965619797235D-13 -0.8365828987840200D-13
 -0.9430631453445864D-13 -0.1054274720252310D-12 -0.1177506288596592D-12
 -0.1350037285867737D-12 -0.1508009203067691D-12 -0.1703034508451769D-12
 -0.1916947223886323D-12 -0.2148490844735371D-12 -0.2450360189366479D-12
 -0.2757368502243369D-12 -0.3103739927412809D-12 -0.3496297626709375D-12
 -0.3944582797737679D-12 -0.4454160038216685D-12 -0.5023961636101161D-12
 -0.5661504847281147D-12 -0.6383998688143069D-12 -0.7202411997607442D-12
 -0.8108527216210942D-12 -0.9137599240082580D-12 -0.1031491712244011D-11
 -0.1164201217341860D-11 -0.1313061935590271D-11 -0.1481663278834361D-11
 -0.1668657862689339D-11 -0.1882366412920991D-11 -0.2124001216609379D-11
 -0.2394357272447985D-11 -0.2699076186131391D-11 -0.3043159223027641D-11
 -0.3432855738647669D-11 -0.3871330047628886D-11 -0.4365869119948102D-11
 -0.4923115551707077D-11 -0.5551923257788800D-11 -0.6259148675866737D-11
 -0.7059604758581886D-11 -0.7961456210176110D-11 -0.8975883976592110D-11
 -0.1012322662829677D-10 -0.1141658474050365D-10 -0.1287432914523629D-10
 -0.1451708229676614D-10 -0.1637074253283864D-10 -0.1846130827919852D-10
 -0.2081785322775563D-10 -0.2347605202176968D-10 -0.2647490648773308D-10
 -0.2985442227284120D-10 -0.3366636435881521D-10 -0.3796538277053049D-10
 -0.4281185240842509D-10 -0.4827809935334313D-10 -0.5444360340125640D-10
 -0.6139472425026328D-10 -0.6923539877199071D-10 -0.7807356369653926D-10
 -0.8804239009267329D-10 -0.9928444639571769D-10 -0.1119598436294888D-09
 -0.1262569581142456D-09 -0.1423773057107525D-09 -0.1605568336748548D-09
 -0.1810575319247740D-09 -0.2041766820584238D-09 -0.2302470566320342D-09
 -0.2596455640536134D-09 -0.2927987857741436D-09 -0.3301842207459062D-09
 -0.3723443524294540D-09 -0.4198866966470462D-09 -0.4735002116267422D-09
 -0.5339579857322186D-09 -0.6021376768334495D-09 -0.6790194809827772D-09
 -0.7657207776079760D-09 -0.8634918784542932D-09 -0.9737462701391293D-09
 -0.1098080338561210D-08 -0.1238288957229131D-08 -0.1396398518350234D-08
 -0.1574696951449546D-08 -0.1775762455206987D-08 -0.2002499795566887D-08
 -0.2258188609318651D-08 -0.2546524426140414D-08 -0.2871677649559678D-08
 -0.3238346834932128D-08 -0.3651835084670515D-08 -0.4118118231892474D-08
 -0.4643939271854017D-08 -0.5236900469765931D-08 -0.5905573521303435D-08
 -0.6659625473281821D-08 -0.7509958537756483D-08 -0.8468866377837861D-08
 -0.9550211565617966D-08 -0.1076962906427035D-07 -0.1214474742238049D-07
 -0.1369544766526098D-07 -0.1544414801588374D-07 -0.1741613103381871D-07
 -0.1963990693520721D-07 -0.2214762512051502D-07 -0.2497554092879893D-07
 -0.2816453820249431D-07 -0.3176072337954765D-07 -0.3581608539228066D-07
 -0.4038925569689790D-07 -0.4554635149226007D-07 -0.5136192936927346D-07
 -0.5792006838919294D-07 -0.6531558233198024D-07 -0.7365539101942077D-07
 -0.8306006786304905D-07 -0.9366557827070757D-07 -0.1056252511855889D-06
 -0.1191119930893725D-06 -0.1343207871440179D-06 -0.1514715140818375D-06
 -0.1708121288969682D-06 -0.1926222458432776D-06 -0.2172171844338698D-06
 -0.2449525234756315D-06 -0.2762292446874229D-06 -0.3114995282855806D-06
 -0.3512732923530564D-06 -0.3961255623040637D-06 -0.4467047869007208D-06
 -0.5037422108927731D-06 -0.5680624483479992D-06 -0.6405954051106274D-06
 -0.7223897193604615D-06 -0.8146279272021404D-06 -0.9186435543092268D-06
 -0.1035940399262862D-05 -0.1168214271326470D-05 -0.1317377510248081D-05
 -0.1485586632156443D-05 -0.1675273506691999D-05 -0.1889180517241823D-05
 -0.2130400207673312D-05 -0.2402419993095480D-05 -0.2709172578142965D-05
 -0.3055092814426784D-05 -0.3445181816603668D-05 -0.3885079266308943D-05
 -0.4381144946667828D-05 -0.4940550688378708D-05 -0.5571384056440495D-05
 -0.6282765274409505D-05 -0.7084979081595455D-05 -0.7989623421307190D-05
 -0.9009777119039598D-05 -0.1016018896609226D-04 -0.1145749095278012D-04
 -0.1292043872146126D-04 -0.1457018272493163D-04 -0.1643057400909441D-04
 -0.1852850903550866D-04 -0.2089431853615655D-04 -0.2356220601700368D-04
 -0.2657074225420448D-04 -0.2996342292491989D-04 -0.3378929744567565D-04
 -0.3810367809900154D-04 -0.4296893970627142D-04 -0.4845542140811659D-04
 -0.5464244358581265D-04 -0.6161945462987913D-04 -0.6948732413348886D-04
 -0.7835980120581392D-04 -0.8836515899268365D-04 -0.9964804917354388D-04
 -0.1123715932535779D-03 -0.1267197408787961D-03 -0.1428999292743885D-03
 -0.1611460822520983D-03 -0.1817219921455676D-03 -0.2049251335671860D-03
 -0.2310909641245716D-03 -0.2605977742719257D-03 -0.2938721564159190D-03
 -0.3313951723408076D-03 -0.3737093081231007D-03 -0.4214263170806212D-03
 -0.4752360641487093D-03 -0.5359164995485239D-03 -0.6043449059422796D-03
 -0.6815105816785648D-03 -0.7685291434956379D-03 -0.8666586554642384D-03
 -0.9773178173500643D-03 -0.1102106475355515D-02 -0.1242828751770503D-02
 -0.1401519127931354D-02 -0.1580471857573922D-02 -0.1782274135830364D-02
 -0.2009843503398988D-02 -0.2266470026662270D-02 -0.2555863863565070D-02
 -0.2882208902933448D-02 -0.3250223252721159D-02 -0.3665227451687189D-02
 -0.4133221390670597D-02 -0.4660971055543265D-02 -0.5256106345923958D-02
 -0.5927231383856211D-02 -0.6684048907232483D-02 -0.7537500546369616D-02
 -0.8499925011776398D-02 -0.9585236480098309D-02 -0.1080912575724064D-01
 -0.1218928712697193D-01 -0.1374567416465078D-01 -0.1550078821448545D-01
 -0.1748000370096348D-01 -0.1971193497761355D-01 -0.2222885001679087D-01
 -0.2506713692137014D-01 -0.2826783000290473D-01 -0.3187720303198679D-01
 -0.3594743823767482D-01 -0.4053738072800091D-01 -0.4571338923853187D-01
 -0.5155029550861071D-01 -0.5813248615539437D-01 -0.6555512268678737D-01
 -0.7392551729152103D-01 -0.8336468429675412D-01 -0.9400908972326630D-01
 -0.1060126242323116D+00 -0.1195488279878528D+00 -0.1348133995999419D+00
 -0.1520270254221183D+00 -0.1714385701071467D+00 -0.1933286745483263D+00
 -0.2180138132233223D+00
