  0.8350000000000000D+01    4
  0.2211313321219523D+01
    1  315    7
  327  327  327  327  327  327  327
  0.1944228064624057D-01  0.0000000000000000D+00  0.0000000000000000D+00
  0.0000000000000000D+00  0.0000000000000000D+00  0.0000000000000000D+00
  0.0000000000000000D+00  0.0000000000000000D+00  0.0000000000000000D+00
  0.0000000000000000D+00  0.0000000000000000D+00  0.0000000000000000D+00
  0.0000000000000000D+00  0.0000000000000000D+00  0.0000000000000000D+00
  0.0000000000000000D+00  0.0000000000000000D+00  0.0000000000000000D+00
  0.0000000000000000D+00  0.0000000000000000D+00  0.0000000000000000D+00
  0.0000000000000000D+00  0.0000000000000000D+00  0.0000000000000000D+00
  0.0000000000000000D+00  0.0000000000000000D+00  0.0000000000000000D+00
  0.0000000000000000D+00  0.0000000000000000D+00  0.0000000000000000D+00
  0.0000000000000000D+00  0.0000000000000000D+00  0.0000000000000000D+00
  0.0000000000000000D+00  0.0000000000000000D+00  0.0000000000000000D+00
  0.0000000000000000D+00  0.0000000000000000D+00  0.0000000000000000D+00
  0.0000000000000000D+00  0.0000000000000000D+00  0.0000000000000000D+00
  0.0000000000000000D+00  0.0000000000000000D+00  0.0000000000000000D+00
  0.0000000000000000D+00  0.0000000000000000D+00  0.0000000000000000D+00
  0.0000000000000000D+00  0.0000000000000000D+00  0.0000000000000000D+00
  0.0000000000000000D+00  0.0000000000000000D+00  0.0000000000000000D+00
  0.0000000000000000D+00  0.0000000000000000D+00  0.0000000000000000D+00
  0.0000000000000000D+00  0.0000000000000000D+00  0.0000000000000000D+00
  0.0000000000000000D+00  0.0000000000000000D+00  0.0000000000000000D+00
  0.0000000000000000D+00  0.0000000000000000D+00  0.0000000000000000D+00
  0.0000000000000000D+00  0.0000000000000000D+00  0.0000000000000000D+00
  0.0000000000000000D+00  0.0000000000000000D+00  0.0000000000000000D+00
  0.0000000000000000D+00  0.0000000000000000D+00  0.0000000000000000D+00
  0.0000000000000000D+00  0.0000000000000000D+00  0.0000000000000000D+00
  0.0000000000000000D+00  0.0000000000000000D+00  0.0000000000000000D+00
  0.0000000000000000D+00  0.0000000000000000D+00  0.0000000000000000D+00
  0.0000000000000000D+00  0.0000000000000000D+00  0.0000000000000000D+00
  0.0000000000000000D+00  0.0000000000000000D+00  0.0000000000000000D+00
  0.0000000000000000D+00  0.0000000000000000D+00  0.0000000000000000D+00
  0.0000000000000000D+00  0.0000000000000000D+00  0.0000000000000000D+00
  0.0000000000000000D+00  0.0000000000000000D+00  0.0000000000000000D+00
  0.0000000000000000D+00  0.0000000000000000D+00  0.0000000000000000D+00
  0.0000000000000000D+00  0.0000000000000000D+00  0.0000000000000000D+00
  0.0000000000000000D+00  0.0000000000000000D+00  0.0000000000000000D+00
  0.0000000000000000D+00  0.0000000000000000D+00  0.0000000000000000D+00
  0.0000000000000000D+00  0.0000000000000000D+00  0.0000000000000000D+00
  0.0000000000000000D+00  0.0000000000000000D+00  0.0000000000000000D+00
  0.0000000000000000D+00  0.0000000000000000D+00  0.0000000000000000D+00
  0.0000000000000000D+00  0.0000000000000000D+00  0.0000000000000000D+00
  0.0000000000000000D+00  0.0000000000000000D+00  0.0000000000000000D+00
  0.0000000000000000D+00  0.0000000000000000D+00  0.0000000000000000D+00
  0.0000000000000000D+00  0.0000000000000000D+00  0.0000000000000000D+00
  0.0000000000000000D+00  0.0000000000000000D+00  0.0000000000000000D+00
  0.0000000000000000D+00  0.0000000000000000D+00  0.0000000000000000D+00
  0.0000000000000000D+00  0.0000000000000000D+00  0.0000000000000000D+00
  0.0000000000000000D+00  0.0000000000000000D+00  0.0000000000000000D+00
  0.0000000000000000D+00  0.0000000000000000D+00  0.0000000000000000D+00
  0.0000000000000000D+00  0.0000000000000000D+00  0.0000000000000000D+00
  0.0000000000000000D+00  0.0000000000000000D+00  0.0000000000000000D+00
  0.0000000000000000D+00  0.0000000000000000D+00  0.0000000000000000D+00
  0.0000000000000000D+00  0.0000000000000000D+00  0.0000000000000000D+00
  0.0000000000000000D+00  0.0000000000000000D+00  0.0000000000000000D+00
  0.0000000000000000D+00  0.0000000000000000D+00  0.0000000000000000D+00
  0.0000000000000000D+00  0.0000000000000000D+00  0.0000000000000000D+00
  0.0000000000000000D+00  0.0000000000000000D+00  0.0000000000000000D+00
  0.0000000000000000D+00  0.0000000000000000D+00  0.0000000000000000D+00
  0.0000000000000000D+00  0.0000000000000000D+00  0.0000000000000000D+00
  0.0000000000000000D+00  0.0000000000000000D+00  0.0000000000000000D+00
  0.0000000000000000D+00  0.0000000000000000D+00  0.0000000000000000D+00
  0.0000000000000000D+00  0.0000000000000000D+00  0.0000000000000000D+00
  0.0000000000000000D+00  0.0000000000000000D+00  0.0000000000000000D+00
  0.0000000000000000D+00  0.0000000000000000D+00  0.0000000000000000D+00
  0.0000000000000000D+00  0.0000000000000000D+00  0.0000000000000000D+00
  0.0000000000000000D+00  0.0000000000000000D+00  0.0000000000000000D+00
  0.0000000000000000D+00  0.0000000000000000D+00  0.0000000000000000D+00
  0.0000000000000000D+00  0.0000000000000000D+00  0.0000000000000000D+00
  0.0000000000000000D+00  0.0000000000000000D+00  0.0000000000000000D+00
  0.0000000000000000D+00  0.0000000000000000D+00  0.0000000000000000D+00
  0.0000000000000000D+00  0.0000000000000000D+00  0.0000000000000000D+00
  0.0000000000000000D+00  0.0000000000000000D+00  0.0000000000000000D+00
  0.0000000000000000D+00  0.0000000000000000D+00  0.0000000000000000D+00
  0.0000000000000000D+00  0.0000000000000000D+00  0.0000000000000000D+00
  0.0000000000000000D+00  0.0000000000000000D+00  0.0000000000000000D+00
  0.0000000000000000D+00  0.0000000000000000D+00  0.0000000000000000D+00
  0.0000000000000000D+00  0.0000000000000000D+00  0.0000000000000000D+00
  0.0000000000000000D+00  0.0000000000000000D+00  0.0000000000000000D+00
  0.0000000000000000D+00  0.0000000000000000D+00  0.0000000000000000D+00
  0.0000000000000000D+00  0.0000000000000000D+00  0.0000000000000000D+00
  0.0000000000000000D+00  0.0000000000000000D+00  0.0000000000000000D+00
  0.0000000000000000D+00  0.0000000000000000D+00  0.0000000000000000D+00
  0.0000000000000000D+00  0.0000000000000000D+00  0.0000000000000000D+00
  0.0000000000000000D+00  0.0000000000000000D+00  0.0000000000000000D+00
  0.0000000000000000D+00  0.0000000000000000D+00  0.0000000000000000D+00
  0.0000000000000000D+00  0.0000000000000000D+00  0.0000000000000000D+00
  0.0000000000000000D+00  0.0000000000000000D+00  0.0000000000000000D+00
  0.0000000000000000D+00  0.0000000000000000D+00  0.0000000000000000D+00
  0.0000000000000000D+00  0.0000000000000000D+00  0.0000000000000000D+00
  0.0000000000000000D+00  0.0000000000000000D+00  0.0000000000000000D+00
  0.0000000000000000D+00  0.0000000000000000D+00  0.0000000000000000D+00
  0.0000000000000000D+00  0.0000000000000000D+00  0.0000000000000000D+00
  0.0000000000000000D+00  0.0000000000000000D+00  0.0000000000000000D+00
  0.0000000000000000D+00  0.0000000000000000D+00  0.0000000000000000D+00
  0.0000000000000000D+00  0.0000000000000000D+00  0.0000000000000000D+00
  0.0000000000000000D+00  0.0000000000000000D+00  0.0000000000000000D+00
  0.0000000000000000D+00  0.0000000000000000D+00  0.0000000000000000D+00
  0.0000000000000000D+00  0.0000000000000000D+00  0.0000000000000000D+00
  0.0000000000000000D+00  0.0000000000000000D+00  0.0000000000000000D+00
  0.0000000000000000D+00  0.0000000000000000D+00  0.0000000000000000D+00
  0.0000000000000000D+00  0.0000000000000000D+00  0.0000000000000000D+00
  0.0000000000000000D+00  0.0000000000000000D+00  0.0000000000000000D+00
  0.0000000000000000D+00  0.0000000000000000D+00  0.0000000000000000D+00
  0.0000000000000000D+00  0.0000000000000000D+00  0.0000000000000000D+00
  0.0000000000000000D+00  0.0000000000000000D+00  0.0000000000000000D+00
  0.0000000000000000D+00  0.1722684009323684D+06  0.1719211663444708D+06
  0.1715733255299897D+06  0.1712248451961255D+06  0.1708756940130615D+06
  0.1705258675023256D+06  0.1701753013749130D+06  0.1698239859815843D+06
  0.1694718658783122D+06  0.1691189079050033D+06  0.1687650703104190D+06
  0.1684103118193932D+06  0.1680545901321235D+06  0.1676978617363515D+06
  0.1673400820456474D+06  0.1669812053340676D+06  0.1666211847054008D+06
  0.1662599720645457D+06  0.1658975180848270D+06  0.1655337721755890D+06
  0.1651686824492499D+06  0.1648021956877739D+06  0.1644342573086449D+06
  0.1640648113303066D+06  0.1636938003370780D+06  0.1633211654435494D+06
  0.1629468462584523D+06  0.1625707808480184D+06  0.1621929056988248D+06
  0.1618131556801373D+06  0.1614314640057676D+06  0.1610477621954461D+06
  0.1606619800357306D+06  0.1602740455404728D+06  0.1598838849108489D+06
  0.1594914224949927D+06  0.1590965807472400D+06  0.1586992801870248D+06
  0.1582994393574535D+06  0.1578969747835884D+06  0.1574918009304835D+06
  0.1570838301610141D+06  0.1566729726935402D+06  0.1562591365594612D+06
  0.1558422275607093D+06  0.1554221492272463D+06  0.1549988027746236D+06
  0.1545720870616763D+06  0.1541418985484238D+06  0.1537081312542636D+06
  0.1532706767165347D+06  0.1528294239495528D+06  0.1523842594042126D+06
  0.1519350669282638D+06  0.1514817277273783D+06  0.1510241203271261D+06
  0.1505621205359960D+06  0.1500956014095970D+06  0.1496244332161896D+06
  0.1491484834037063D+06  0.1486676165684277D+06  0.1481816944254955D+06
  0.1476905757814515D+06  0.1471941165090030D+06  0.1466921695242298D+06
  0.1461845847664587D+06  0.1456712091810464D+06  0.1451518867053222D+06
  0.1446264582579589D+06  0.1440947617320565D+06  0.1435566319922362D+06
  0.1430119008760552D+06  0.1424603972000836D+06  0.1419019467709789D+06
  0.1413363724019364D+06  0.1407634939348940D+06  0.1401831282688960D+06
  0.1395950893950434D+06  0.1389991884384722D+06  0.1383952337078224D+06
  0.1377830307526902D+06  0.1371623824295645D+06  0.1365330889767805D+06
  0.1358949480990445D+06  0.1352477550620990D+06  0.1345913027981330D+06
  0.1339253820225537D+06  0.1332497813627628D+06  0.1325642874996109D+06
  0.1318686853222097D+06  0.1311627580968242D+06  0.1304462876505730D+06
  0.1297190545706928D+06  0.1289808384201492D+06  0.1282314179703806D+06
  0.1274705714519974D+06  0.1266980768242656D+06  0.1259137120642172D+06
  0.1251172554762524D+06  0.1243084860231034D+06  0.1234871836790310D+06
  0.1226531298061509D+06  0.1218061075547606D+06  0.1209459022885592D+06
  0.1200723020356356D+06  0.1191850979660843D+06  0.1182840848971046D+06
  0.1173690618264054D+06  0.1164398324947088D+06  0.1154962059781232D+06
  0.1145379973110892D+06  0.1135650281405724D+06  0.1125771274121028D+06
  0.1115741320881858D+06  0.1105558878995448D+06  0.1095222501295366D+06
  0.1084730844319973D+06  0.1074082676826435D+06  0.1063276888640219D+06
  0.1052312499838554D+06  0.1041188670264672D+06  0.1029904709367772D+06
  0.1018460086361792D+06  0.1006854440693718D+06  0.9950875928099398D+05
  0.9831595552065311D+05  0.9710705437464887D+05  0.9588209892241083D+05
  0.9464115491533271D+05  0.9338431197534797D+05  0.9211168481022911D+05
  0.9082341444219307D+05  0.8951966944599577D+05  0.8820064719225686D+05
  0.8686657509130097D+05  0.8551771183233343D+05  0.8415434861226051D+05
  0.8277681034796385D+05  0.8138545686530074D+05  0.7998068405756360D+05
  0.7856292500557964D+05  0.7713265105107061D+05  0.7569037281433087D+05
  0.7423664114672018D+05  0.7277204800791659D+05  0.7129722725733013D+05
  0.6981285534856038D+05  0.6831965191528211D+05  0.6681838023648949D+05
  0.6530984756860823D+05  0.6379490533162669D+05  0.6227444913609549D+05
  0.6074941863762554D+05  0.5922079720537310D+05  0.5768961139096539D+05
  0.5615693018439308D+05  0.5462386404359237D+05  0.5309156368478057D+05
  0.5156121862109411D+05  0.5003405543773577D+05  0.4851133579267044D+05
  0.4699435413293822D+05  0.4548443511788166D+05  0.4398293074203371D+05
  0.4249121715208279D+05  0.4101069115424011D+05  0.3954276641047717D+05
  0.3808886932449094D+05  0.3665043462088360D+05  0.3522890062391831D+05
  0.3382570424531325D+05  0.3244227569386728D+05  0.3108003292323937D+05
  0.2974037583792801D+05  0.2842468028136962D+05  0.2713429183408241D+05
  0.2587051945387345D+05  0.2463462899426255D+05  0.2342783664140660D+05
  0.2225130231387067D+05  0.2110612307353032D+05  0.1999332659962756D+05
  0.1891386478147435D+05  0.1786860748841502D+05  0.1685833657834784D+05
  0.1588374020827715D+05  0.1494540751193744D+05  0.1404382371041105D+05
  0.1317936572177331D+05  0.1235229833505807D+05  0.1156277101217585D+05
  0.1081081537876563D+05  0.1009634346127233D+05  0.9419146722771029D+04
  0.8778895944185144D+04  0.8175141990561693D+04  0.7607317493990508D+04
  0.7074739475623128D+04  0.6576612919125736D+04  0.6112035296880556D+04
  0.5680002038448129D+04  0.5279412918367838D+04  0.4909079327478013D+04
  0.4567732378783012D+04  0.4254031785706417D+04  0.3966575437595010D+04
  0.3703909584839179D+04  0.3464539534227526D+04  0.3246940767541780D+04
  0.3049570243537816D+04  0.2870878006424595D+04  0.2709318706933033D+04
  0.2563363033834241D+04  0.2431508888524536D+04  0.2312292163861704D+04
  0.2204296991308598D+04  0.2106165325743508D+04  0.2016605745000405D+04
  0.1934401351230190D+04  0.1858416673397081D+04  0.1787603484464554D+04
  0.1721005462857480D+04  0.1657761645343949D+04  0.1597108637253260D+04
  0.1538381565593018D+04  0.1481013780774886D+04  0.1424535332910287D+04
  0.1368570268584601D+04  0.1312832813247634D+04  0.1257122522462264D+04
  0.1201318501843647D+04  0.1145372810238286D+04  0.1089303173216893D+04
  0.1033185144016956D+04  0.9771438564584907D+03  0.9213455189198688D+03
  0.8659888001171765D+03  0.8112962561642402D+03  0.7575059442512681D+03
  0.7048633613799343D+03  0.6536138371001875D+03  0.6039954973279697D+03
  0.5562329023444256D+03  0.5105314462828098D+03  0.4670725881232603D+03
  0.4260099657840767D+03  0.3874664256832567D+03  0.3515319805205951D+03
  0.3182626883829246D+03  0.2876804269952644D+03  0.2597735184272719D+03
  0.2344981422207388D+03  0.2117804591343765D+03  0.1915193470445168D+03
  0.1735896801978576D+03  0.1578459720493055D+03  0.1441263316812368D+03
  0.1322565850256703D+03  0.1220544257414710D+03  0.1133335308775486D+03
  0.1059074815680982D+03  0.9959342153046921D+02  0.9421536468683752D+02
  0.8960708458059473D+02  0.8561453484151097D+02  0.8209776716498484D+02
  0.7893233074121470D+02  0.7601015368550036D+02  0.7323992346736844D+02
  0.7054699664980764D+02  0.6787288261873799D+02  0.6517435433443502D+02
  0.6242224844921763D+02  0.5960002174759148D+02  0.5670213308295476D+02
  0.5373231988895185D+02  0.5070183506897849D+02  0.4762770486801639D+02
  0.4453106107545500D+02  0.4143559225069053D+02  0.3836614909904791D+02
  0.3534752918593591D+02  0.3240345636786493D+02  0.2955576108891605D+02
  0.2682375940876607D+02  0.2422382156573527D+02  0.2176911520564064D+02
  0.1946950419461743D+02  0.1733158116110644D+02  0.1535881048289416D+02
  0.1355175819602518D+02  0.1190838606212156D+02  0.1042438868470421D+02
  0.9093551090611678D+01  0.7908123470808224D+01  0.6859182706388479D+01
  0.5936968468276349D+01  0.5131204431853588D+01  0.4431383085954236D+01
  0.3827014235654809D+01  0.3307835325785949D+01  0.2863983275522776D+01
  0.2486129060738317D+01  0.2165576952976552D+01  0.1894331795830626D+01
  0.1665137318821078D+01  0.1471489827127546D+01  0.1307630908771527D+01
  0.1168523235265363D+01  0.1049813276334848D+01  0.9477843641436282D+00
  0.8593033236374691D+00  0.7817633993790550D+00  0.7130258163958888D+00
  0.6513618797667817D+00  0.5953971068565378D+00  0.5440585202544634D+00
  0.4965258553139262D+00  0.4521872477443507D+00  0.4105994312503031D+00
  0.3714532845908791D+00  0.3345427117123385D+00  0.2997421133433572D+00
  0.2669733358402493D+00  0.2362188411138359D+00  0.2074273697424953D+00
  0.1806743020933435D+00
  0.0000000000000000D+00  0.9191691323963370D-14  0.9385087248350764D-14
  0.9582530110554013D-14  0.9784098013482893D-14  0.9989832171254433D-14
  0.1020036306746261D-13  0.1041540736550787D-13  0.1063564480817578D-13
  0.1086077701822331D-13  0.1109105657575043D-13  0.1132656310032019D-13
  0.1156740289722410D-13  0.1181369604690917D-13  0.1206555946714865D-13
  0.1232311511799752D-13  0.1258648894884623D-13  0.1285581047733119D-13
  0.1313121315432014D-13  0.1341283435522375D-13  0.1370081542727647D-13
  0.1399530176233585D-13  0.1429644285895370D-13  0.1460439239102580D-13
  0.1491930828036040D-13  0.1524135277196561D-13  0.1557069251251943D-13
  0.1590749863167408D-13  0.1625194682596240D-13  0.1660421744511635D-13
  0.1696449558057438D-13  0.1733297115595654D-13  0.1770983901927947D-13
  0.1809529903667665D-13  0.1848955618738036D-13  0.1889282065971018D-13
  0.1930530794780387D-13  0.1972723894880965D-13  0.2015884006024852D-13
  0.2060034327723581D-13  0.2105198628923520D-13  0.2151401257599977D-13
  0.2198667150233367D-13  0.2247021841128524D-13  0.2296491471536124D-13
  0.2347102798532330D-13  0.2398883203610451D-13  0.2451860700935282D-13
  0.2506063945207892D-13  0.2561522239085486D-13  0.2618265540097518D-13
  0.2676324466995673D-13  0.2735730305471677D-13  0.2796515013172906D-13
  0.2858711223941586D-13  0.2922352251199184D-13  0.2987472090392800D-13
  0.3054105420415917D-13  0.3122287603910580D-13  0.3192054686353016D-13
  0.3263443393819289D-13  0.3336491129321721D-13  0.3411235967601103D-13
  0.3487716648253299D-13  0.3565972567062618D-13  0.3646043765407397D-13
  0.3727970917596489D-13  0.3811795315987933D-13  0.3897558853733598D-13
  0.3985304004985863D-13  0.4075073802394205D-13  0.4166911811711336D-13
  0.4260862103319613D-13  0.4356969220480046D-13  0.4455278144096221D-13
  0.4555834253776881D-13  0.4658683284970460D-13  0.4763871281935152D-13
  0.4871444546297905D-13  0.4981449580945172D-13  0.5093933028977429D-13
  0.5208941607448955D-13  0.5326522035602906D-13  0.5446720957300902D-13
  0.5569584857334878D-13  0.5695159971297541D-13  0.5823492188676898D-13
  0.5954626948828446D-13  0.6088609129467720D-13  0.6225482927315159D-13
  0.6365291730513922D-13  0.6508077982431417D-13  0.6653883036445073D-13
  0.6802747001303418D-13  0.6954708576645408D-13  0.7109804878251654D-13
  0.7268071252596064D-13  0.7429541080258920D-13  0.7594245567758716D-13
  0.7762213527356863D-13  0.7933471144387846D-13  0.8108041731667898D-13
  0.8285945470538551D-13  0.8467199138105688D-13  0.8651815820243591D-13
  0.8839804609944154D-13  0.9031170290605536D-13  0.9225913003873525D-13
  0.9424027901670802D-13  0.9625504782076305D-13  0.9830327708749880D-13
  0.1003847461363358D-12  0.1024991688270662D-12  0.1046461892461980D-12
  0.1068253772209365D-12  0.1090362236603004D-12  0.1112781357236021D-12
  0.1135504318173566D-12  0.1158523364226106D-12  0.1181829747557117D-12
  0.1205413672666880D-12  0.1229264239806722D-12  0.1253369386891920D-12
  0.1277715829996940D-12  0.1302289002533155D-12  0.1327072993227738D-12
  0.1352050483042045D-12  0.1377202681189416D-12  0.1402509260435648D-12
  0.1427948291890401D-12  0.1453496179524804D-12  0.1479127594679578D-12
  0.1504815410858666D-12  0.1530530639136632D-12  0.1556242364542857D-12
  0.1581917683822790D-12  0.1607521645015696D-12  0.1633017189329414D-12
  0.1658365095836047D-12  0.1683523929557411D-12  0.1708449993556155D-12
  0.1733097285696955D-12  0.1757417460792306D-12  0.1781359798898702D-12
  0.1804871180581355D-12  0.1827896070018514D-12  0.1850376506869648D-12
  0.1872252107884876D-12  0.1893460079285176D-12  0.1913935240994108D-12
  0.1933610063850702D-12  0.1952414720979487D-12  0.1970277154536301D-12
  0.1987123159086789D-12  0.2002876482906823D-12  0.2017458948520142D-12
  0.2030790593806099D-12  0.2042789835018867D-12  0.2053373653057102D-12
  0.2062457804308025D-12  0.2069957057360979D-12  0.2075785456840436D-12
  0.2079856615545859D-12  0.2082084036003111D-12  0.2082381462427851D-12
  0.2080663263973078D-12  0.2076844849978841D-12  0.2070843117759604D-12
  0.2062576933252320D-12  0.2051967644603258D-12  0.2038939628492832D-12
  0.2023420868682428D-12  0.2005343565914996D-12  0.1984644777909685D-12
  0.1961267087759904D-12  0.1935159298572699D-12  0.1906277151675722D-12
  0.1874584065166653D-12  0.1840051888989791D-12  0.1802661672098287D-12
  0.1762404436600378D-12  0.1719281953098573D-12  0.1673307510716829D-12
  0.1624506674579029D-12  0.1572918022759913D-12  0.1518593853986790D-12
  0.1461600856637316D-12  0.1402020728868308D-12  0.1339950739036850D-12
  0.1275504214954487D-12  0.1208810949965318D-12  0.1140017513379558D-12
  0.1069287452446312D-12  0.9968013728358269D-13  0.9227568845462398D-13
  0.8473684002773639D-13  0.7708667736493482D-13  0.6934987652122099D-13
  0.6155263250169719D-13  0.5372256816228476D-13  0.4588862288174198D-13
  0.3808092030440981D-13  0.3033061465751322D-13  0.2266971538452405D-13
  0.1513089010702892D-13  0.7747246231001665D-14  0.5520918478700596D-15
 -0.6421323056004092D-14 -0.1314008367889514D-13 -0.1957190395901853D-13
 -0.2568543436413628D-13 -0.3145058123389120D-13 -0.3683883454699828D-13
 -0.4182360053999999D-13 -0.4638053516732019D-13 -0.5048787397315194D-13
 -0.5412675355451640D-13 -0.5728151944385406D-13 -0.5994001494240062D-13
 -0.6209384520752804D-13 -0.6373861075442545D-13 -0.6487410449161135D-13
 -0.6550446648708343D-13 -0.6563829087239742D-13 -0.6528867964831725D-13
 -0.6447323866743569D-13 -0.6321401174184081D-13 -0.6153734965842859D-13
 -0.5947371187656965D-13 -0.5705739982286330D-13 -0.5432622197038300D-13
 -0.5132109227437782D-13 -0.4808556500678414D-13 -0.4466531055728174D-13
 -0.4110753831384332D-13 -0.3746037426224123D-13 -0.3377220241059147D-13
 -0.3009098050900400D-13 -0.2646354175248693D-13 -0.2293489518471242D-13
 -0.1954753832004577D-13 -0.1634079603303232D-13 -0.1335019999376647D-13
 -0.1060692282442035D-13 -0.8137280692642540D-14 -0.5962317224294517D-14
 -0.4097480401694117D-14 -0.2552402513910813D-14 -0.1330791252885655D-14
 -0.4304377253781193D-15  0.1566554882944871D-15  0.4440260011382336D-15
  0.4503858846159113D-15  0.1991446168223998D-15 -0.2821699794562716D-15
 -0.9625803872478014D-15 -0.1808402333524619D-14 -0.2784044201330699D-14
 -0.3852843080585014D-14 -0.4977916196283500D-14 -0.6123005696339341D-14
 -0.7253294727583486D-14 -0.8336173374023249D-14 -0.9341934337913214D-14
 -0.1024438016115712D-13 -0.1102132625478294D-13 -0.1165498697765747D-13
 -0.1213223543059100D-13 -0.1244473144493795D-13 -0.1258891635448076D-13
 -0.1256587741707594D-13 -0.1238108903206396D-13 -0.1204404198617028D-13
 -0.1156777564959732D-13 -0.1096833113829129D-13 -0.1026414579047355D-13
 -0.9475410751623033D-14 -0.8623413954400633D-14 -0.7729890311448531D-14
 -0.6816399562811917D-14 -0.5903750043803939D-14 -0.5011483815417058D-14
 -0.4157435310572691D-14 -0.3357372093713219D-14 -0.2624722706641147D-14
 -0.1970393064233085D-14 -0.1402669628178877D-14 -0.9272047497987098D-15
 -0.5470772204318068D-15 -0.2629192468288292D-15 -0.7309978972895528D-16
  0.2604655477545815D-16  0.3995623499544252D-16 -0.2445004087986074D-16
 -0.1590670500614706D-15 -0.3549079977464642D-15 -0.6024018335749372D-15
 -0.8916771971151185D-15 -0.1212826416030450D-14 -0.1556144195380021D-14
 -0.1912336872619352D-14 -0.2272699341476176D-14 -0.2629257955172108D-14
 -0.2974878884015635D-14 -0.3303342503852635D-14 -0.3609385403623151D-14
 -0.3888712488004411D-14 -0.4137982381725994D-14 -0.4354769877131697D-14
 -0.4537509488103620D-14 -0.4685424269980719D-14 -0.4798443957910660D-14
 -0.4877116201183066D-14 -0.4922514280900383D-14 -0.4936144249599930D-14
 -0.4919853969807516D-14 -0.4875746087467384D-14 -0.4806096570287126D-14
 -0.4713280071913678D-14 -0.4599703044717858D-14 -0.4467745205354820D-14
 -0.4319709659310448D-14 -0.4157781678886214D-14 -0.3983995895163040D-14
 -0.3800211225512976D-14 -0.3608093207362357D-14 -0.3409101174244175D-14
 -0.3204483322275061D-14
  0.0000000000000000D+00  0.1083334566562576D-17  0.1130408833071454D-17
  0.1179527674837881D-17  0.1230778742579416D-17  0.1284243279256521D-17
  0.1340142053535043D-17  0.1398502372047469D-17  0.1459572433240891D-17
  0.1523381785491341D-17  0.1590092478103106D-17  0.1659829760102507D-17
  0.1732732753925933D-17  0.1808948487578502D-17  0.1888629795830825D-17
  0.1971937310363839D-17  0.2059039450583152D-17  0.2150112857597556D-17
  0.2245342844568555D-17  0.2344923829480195D-17  0.2449059813579813D-17
  0.2557964876049178D-17  0.2671863697169662D-17  0.2790992110245211D-17
  0.2915597682565851D-17  0.3045940328191550D-17  0.3182292954007685D-17
  0.3324942140924568D-17  0.3474188862288033D-17  0.3630349241568854D-17
  0.3793755351551293D-17  0.3964756057362027D-17  0.4143717905801415D-17
  0.4331026063576948D-17  0.4527085307179845D-17  0.4732321067294563D-17
  0.4947180530788591D-17  0.5172133803494697D-17  0.5407675137172296D-17
  0.5654324224216851D-17  0.5912627563878747D-17  0.6183159903954790D-17
  0.6466525762127531D-17  0.6763361031349696D-17  0.7074334673905094D-17
  0.7400150509021232D-17  0.7741549099165956D-17  0.8099309740428986D-17
  0.8474252562670128D-17  0.8867240745411000D-17  0.9279182855754702D-17
  0.9711035314939159D-17  0.1016380500046744D-16  0.1063855199110799D-16
  0.1113639246242476D-16  0.1165850174087912D-16  0.1220611752494245D-16
  0.1278054328207385D-16  0.1338315183084652D-16  0.1401538911795561D-16
  0.1467877820030408D-16  0.1537492344284594D-16  0.1610551494336560D-16
  0.1687233319588954D-16  0.1767725400496034D-16  0.1852225366355673D-16
  0.1940941440801075D-16  0.2034093016386058D-16  0.2131911259717925D-16
  0.2234639748653762D-16  0.2342535143139413D-16  0.2455867891334975D-16
  0.2574922972736727D-16  0.2700000680072644D-16  0.2831417441816554D-16
  0.2969506687235243D-16  0.3114619755951999D-16  0.3267126854080063D-16
  0.3427418059049249D-16  0.3595904375318441D-16  0.3773018843235287D-16
  0.3959217703372531D-16  0.4154981618735659D-16  0.4360816957301042D-16
  0.4577257137404372D-16  0.4804864038556702D-16  0.5044229480318986D-16
  0.5295976771913808D-16  0.5560762335295382D-16  0.5839277404434068D-16
  0.6132249803598130D-16  0.6440445807433501D-16  0.6764672085648329D-16
  0.7105777735103391D-16  0.7464656402090364D-16  0.7842248497542811D-16
  0.8239543507873125D-16  0.8657582404053800D-16  0.9097460151466414D-16
  0.9560328322921294D-16  0.1004739781710239D-15  0.1055994168451343D-15
  0.1109929806278934D-15  0.1166687322298690D-15  0.1226414472817863D-15
  0.1289266470533857D-15  0.1355406323112335D-15  0.1425005183171535D-15
  0.1498242709639638D-15  0.1575307440396020D-15  0.1656397176044389D-15
  0.1741719374595006D-15  0.1831491556754865D-15  0.1925941721437163D-15
  0.2025308771004402D-15  0.2129842945652738D-15  0.2239806266226738D-15
  0.2355472984624387D-15  0.2477130040809741D-15  0.2605077525294910D-15
  0.2739629145783516D-15  0.2881112696482425D-15  0.3029870528387767D-15
  0.3186260018633442D-15  0.3350654036754243D-15  0.3523441405461614D-15
  0.3705027353255746D-15  0.3895833955903130D-15  0.4096300563492934D-15
  0.4306884209447476D-15  0.4528059997501292D-15  0.4760321462279411D-15
  0.5004180898697125D-15  0.5260169654971515D-15  0.5528838383578392D-15
  0.5810757244006939D-15  0.6106516050659409D-15  0.6416724358713721D-15
  0.6742011480215197D-15  0.7083026422089743D-15  0.7440437737176265D-15
  0.7814933278764300D-15  0.8207219848493830D-15  0.8618022726833263D-15
  0.9048085074701139D-15  0.9498167194141330D-15  0.9969045635306606D-15
  0.1046151213635607D-14  0.1097637238223495D-14  0.1151444456769060D-14
  0.1207655774929072D-14  0.1266354997066445D-14  0.1327626614468863D-14
  0.1391555567591056D-14  0.1458226980614019D-14  0.1527725866588187D-14
  0.1600136801411996D-14  0.1675543564894534D-14  0.1754028747162883D-14
  0.1835673318703604D-14  0.1920556162375869D-14  0.2008753565803286D-14
  0.2100338672645671D-14  0.2195380891372838D-14  0.2293945260313682D-14
  0.2396091767937682D-14  0.2501874627546395D-14  0.2611341505811781D-14
  0.2724532704900421D-14  0.2841480298270516D-14  0.2962207220625564D-14
  0.3086726312957307D-14  0.3215039324114677D-14  0.3347135870896528D-14
  0.3482992359287612D-14  0.3622570870139683D-14  0.3765818013345777D-14
  0.3912663755364667D-14  0.4063020225824986D-14  0.4216780509872683D-14
  0.4373817433918899D-14  0.4533982353494606D-14  0.4697103953017121D-14
  0.4862987068416176D-14  0.5031411544742875D-14  0.5202131142083463D-14
  0.5374872504307601D-14  0.5549334206381226D-14  0.5725185897148702D-14
  0.5902067555616432D-14  0.6079588879825439D-14  0.6257328828357753D-14
  0.6434835335349870D-14  0.6611625220555343D-14  0.6787184316472441D-14
  0.6960967834798697D-14  0.7132400994453696D-14  0.7300879933091059D-14
  0.7465772923365733D-14  0.7626421914200094D-14  0.7782144415877981D-14
  0.7932235745960911D-14  0.8075971650754323D-14  0.8212611314336787D-14
  0.8341400764001750D-14  0.8461576677344284D-14  0.8572370592162852D-14
  0.8673013515836589D-14  0.8762740925888901D-14  0.8840798148050183D-14
  0.8906446092277392D-14  0.8958967320883588D-14  0.8997672416091368D-14
  0.9021906607083789D-14  0.9031056608818089D-14  0.9024557616731931D-14
  0.9001900392964328D-14  0.8962638371084970D-14  0.8906394697765912D-14
  0.8832869121634647D-14  0.8741844632049331D-14  0.8633193744097043D-14
  0.8506884321098691D-14  0.8362984822659830D-14  0.8201668865143641D-14
  0.8023218982615946D-14  0.7828029480007293D-14  0.7616608276568665D-14
  0.7389577646693413D-14  0.7147673776794163D-14  0.6891745071028701D-14
  0.6622749155062096D-14  0.6341748545456872D-14  0.6049904972364879D-14
  0.5748472364561802D-14  0.5438788528092354D-14  0.5122265572426898D-14
  0.4800379160608183D-14  0.4474656681936317D-14  0.4146664466872194D-14
  0.3817994183641085D-14  0.3490248574143251D-14  0.3165026702934277D-14
  0.2843908906979471D-14  0.2528441645418831D-14  0.2220122457531831D-14
  0.1920385243311957D-14  0.1630586084382414D-14  0.1351989823203285D-14
  0.1085757615372217D-14  0.8329356629566382D-15  0.5944453257771677D-15
  0.3710747918706397D-15  0.1634724674395897D-15 -0.2785778006703631D-16
 -0.2025594248258234D-15 -0.3604240692797874D-15 -0.5013901964233142D-15
 -0.6255399174992839D-15 -0.7330937941378990D-15 -0.8244038614098686D-15
 -0.8999450201527685D-15 -0.9603050003630191D-15 -0.1006173120047861D-14
 -0.1038328075985454D-14 -0.1057625005672986D-14 -0.1064982056521452D-14
 -0.1061366692182959D-14 -0.1047781959226898D-14 -0.1025252931275676D-14
 -0.9948135417669790D-15 -0.9574940093059651D-15 -0.9143090492242098D-15
 -0.8662470498284420D-15 -0.8142603707752461D-15 -0.7592568938090577D-15
 -0.7020929232568315D-15 -0.6435674964298382D-15 -0.5844181241879061D-15
 -0.5253179414057778D-15 -0.4668742080724878D-15 -0.4096280662511917D-15
 -0.3540554278603508D-15 -0.3005688445413265D-15 -0.2495201946191418D-15
 -0.2012040137133486D-15 -0.1558612948030860D-15 -0.1136835899485600D-15
 -0.7481725851515361D-16 -0.3936772446113486D-16 -0.7403626688329916D-17
  0.2103922980826177D-16  0.4595418963889896D-16  0.6736037305273808D-16
  0.8529963329018544D-16  0.9983384645499794D-16  0.1110425186389741D-15
  0.1190206828481494D-15  0.1238770504162644D-15  0.1257323779125443D-15
  0.1247180116433205D-15  0.1209745759292017D-15  0.1146507789567269D-15
  0.1059023191171640D-15  0.9489088457924381D-16  0.8178324795429414D-16
  0.6675046503432613D-16  0.4996719099308232D-16  0.3161112867309898D-16
  0.1186262222245897D-16 -0.9095593783134518D-17 -0.3107848301370493D-16
 -0.5389862967232435D-16 -0.7736599110644550D-16 -0.1012874767777325D-15
 -0.1254663482999631D-15 -0.1497014348533342D-15 -0.1737861607507967D-15
 -0.1975073892801396D-15 -0.2206441011263400D-15 -0.2429659483783805D-15
 -0.2642317584324848D-15 -0.2841881061809667D-15 -0.3025681348092057D-15
 -0.3190908692259808D-15 -0.3334614068690234D-15 -0.3453723207495536D-15
 -0.3545072819635334D-15
  0.0000000000000000D+00 -0.7262470038361335D-22 -0.7800920909093064D-22
 -0.8379265368307564D-22 -0.9000440236966334D-22 -0.9667471662330174D-22
 -0.1038598086031352D-21 -0.1115816180951361D-21 -0.1199075331094811D-21
 -0.1288646514282625D-21 -0.1385083835279395D-21 -0.1488903512146734D-21
 -0.1600665388520752D-21 -0.1720984895391233D-21 -0.1850520205896752D-21
 -0.1989982103917224D-21 -0.2140138148228813D-21 -0.2301816184162080D-21
 -0.2475909664502766D-21 -0.2663382878315342D-21 -0.2865276595238338D-21
 -0.3082714272047363D-21 -0.3316908730746480D-21 -0.3569169392442417D-21
 -0.3840910117152481D-21 -0.4133657691542519D-21 -0.4449061023069930D-21
 -0.4788901100245219D-21 -0.5155101783375268D-21 -0.5549741496601571D-21
 -0.5975065897830283D-21 -0.6433501609762356D-21 -0.6927671102487579D-21
 -0.7460408825903882D-21 -0.8034778698729853D-21 -0.8654093070127324D-21
 -0.9321933280000975D-21 -0.1004217195496688D-20 -0.1081899718886132D-20
 -0.1165693876957238D-20 -0.1256089662801213D-20 -0.1353617170030507D-20
 -0.1458849941085191D-20 -0.1572408600195309D-20 -0.1694964795526903D-20
 -0.1827245477168621D-20 -0.1970037539929908D-20 -0.2124192862436494D-20
 -0.2290633776741382D-20 -0.2470359005638660D-20 -0.2664450108093274D-20
 -0.2874078476704172D-20 -0.3100512934925292D-20 -0.3345127985903366D-20
 -0.3609412769282413D-20 -0.3894980787201340D-20 -0.4203580466005891D-20
 -0.4537106625945327D-20 -0.4897612937364216D-20 -0.5287325448673178D-20
 -0.5708657278732833D-20 -0.6164224574260858D-20 -0.6656863841524635D-20
 -0.7189650770967443D-20 -0.7765920683594377D-20 -0.8389290738980765D-20
 -0.9063684056729973D-20 -0.9793355916174696D-20 -0.1058292221316786D-19
 -0.1143739036803182D-19 -0.1236219289522298D-19 -0.1336322386312271D-19
 -0.1444687849169259D-19 -0.1562009615665056D-19 -0.1689040709145370D-19
 -0.1826598310285384D-19 -0.1975569264225844D-19 -0.2136916060373796D-19
 -0.2311683325043616D-19 -0.2501004870452978D-19 -0.2706111347193758D-19
 -0.2928338551189500D-19 -0.3169136440349134D-19 -0.3430078920654296D-19
 -0.3712874466297871D-19 -0.4019377643749273D-19 -0.4351601615284533D-19
 -0.4711731703613311D-19 -0.5102140105790796D-19 -0.5525401851650994D-19
 -0.5984312109570399D-19 -0.6481904950503164D-19 -0.7021473689954556D-19
 -0.7606592936916515D-19 -0.8241142488815267D-19 -0.8929333222255441D-19
 -0.9675735140830580D-19 -0.1048530775354445D-18 -0.1136343297049757D-18
 -0.1231595071647964D-18 -0.1334919747801503D-18 -0.1447004801527768D-18
 -0.1568596048717027D-18 -0.1700502525578394D-18 -0.1843601765547082D-18
 -0.1998845503189876D-18 -0.2167265837775805D-18 -0.2349981891428313D-18
 -0.2548206999146060D-18 -0.2763256470474199D-18 -0.2996555965227698D-18
 -0.3249650528412642D-18 -0.3524214332360866D-18 -0.3822061177084122D-18
 -0.4145155802963605D-18 -0.4495626073113609D-18 -0.4875776086085516D-18
 -0.5288100283002641D-18 -0.5735298616722394D-18 -0.6220292854196046D-18
 -0.6746244086817841D-18 -0.7316571527200850D-18 -0.7934972674459004D-18
 -0.8605444933681176D-18 -0.9332308778812208D-18 -0.1012023255156697D-17
 -0.1097425899223907D-17 -0.1189983360126976D-17 -0.1290283493314361D-17
 -0.1398960692649663D-17 -0.1516699337617115D-17 -0.1644237465422884D-17
 -0.1782370678752114D-17 -0.1931956299919416D-17 -0.2093917782031983D-17
 -0.2269249387554635D-17 -0.2459021144306565D-17 -0.2664384088410692D-17
 -0.2886575803037410D-17 -0.3126926260910163D-17 -0.3386863977445722D-17
 -0.3667922480058359D-17 -0.3971747097532954D-17 -0.4300102071435178D-17
 -0.4654877989239221D-17 -0.5038099536178653D-17 -0.5451933559719885D-17
 -0.5898697436978316D-17 -0.6380867731296322D-17 -0.6901089119531828D-17
 -0.7462183566313650D-17 -0.8067159715553004D-17 -0.8719222462803233D-17
 -0.9421782664577703D-17 -0.1017846693241017D-16 -0.1099312745021899D-16
 -0.1186985174335937D-16 -0.1281297231656410D-16 -0.1382707606573623D-16
 -0.1491701335521760D-16 -0.1608790663768417D-16 -0.1734515847817927D-16
 -0.1869445882697564D-16 -0.2014179136795127D-16 -0.2169343874998670D-16
 -0.2335598648857675D-16 -0.2513632530345502D-16 -0.2704165163563977D-16
 -0.2907946606404228D-16 -0.3125756931778899D-16 -0.3358405555589298D-16
 -0.3606730256111225D-16 -0.3871595847004757D-16 -0.4153892463712130D-16
 -0.4454533420646014D-16 -0.4774452594336633D-16 -0.5114601285658140D-16
 -0.5475944512456801D-16 -0.5859456682429462D-16 -0.6266116595034123D-16
 -0.6696901720646502D-16 -0.7152781705209352D-16 -0.7634711049365530D-16
 -0.8143620912643063D-16 -0.8680409995796666D-16 -0.9245934458044681D-16
 -0.9840996830813660D-16 -0.1046633389586282D-15 -0.1112260350345662D-15
 -0.1181037031573597D-15 -0.1253009047174824D-15 -0.1328209518387944D-15
 -0.1406657329080329D-15 -0.1488355280964049D-15 -0.1573288154988694D-15
 -0.1661420687388449D-15 -0.1752695471319312D-15 -0.1847030797716693D-15
 -0.1944318451927452D-15 -0.2044421485812342D-15 -0.2147171988358232D-15
 -0.2252368881360330D-15 -0.2359775770403761D-15 -0.2469118885152659D-15
 -0.2580085146798723D-15 -0.2692320404373414D-15 -0.2805427885424034D-15
 -0.2918966910213500D-15 -0.3032451922034985D-15 -0.3145351889322042D-15
 -0.3257090137852371D-15 -0.3367044673343572D-15 -0.3474549055922433D-15
 -0.3578893888172341D-15 -0.3679328977452292D-15 -0.3775066230792725D-15
 -0.3865283336645802D-15 -0.3949128281945258D-15 -0.4025724745142091D-15
 -0.4094178396015362D-15 -0.4153584121048662D-15 -0.4203034179007046D-15
 -0.4241627275101601D-15 -0.4268478523907805D-15 -0.4282730251189458D-15
 -0.4283563563212516D-15 -0.4270210589312988D-15 -0.4241967279767696D-15
 -0.4198206616818789D-15 -0.4138392072488505D-15 -0.4062091123103005D-15
 -0.3968988607781973D-15 -0.3858899697139324D-15 -0.3731782219708081D-15
 -0.3587748077801164D-15 -0.3427073472321161D-15 -0.3250207648117818D-15
 -0.3057779868549504D-15 -0.2850604330617991D-15 -0.2629682741086716D-15
 -0.2396204290009399D-15 -0.2151542781694110D-15 -0.1897250714849840D-15
 -0.1635050143949210D-15 -0.1366820202992279D-15 -0.1094581230969439D-15
 -0.8204755052227239D-16 -0.5467446640645059D-16 -0.2757039824544168D-16
 -0.9713752741291986D-18  0.2488518856961503D-16  0.4976382314541994D-16
  0.7343448943959452D-16  0.9567616478121339D-16  0.1162804578356232D-15
  0.1350551796982159D-15  0.1518277938504715D-15  0.1664486665200815D-15
  0.1787940401993463D-15  0.1887686567047724D-15  0.1963079618776108D-15
  0.2013798314146121D-15  0.2039857660184518D-15  0.2041615136764679D-15
  0.2019770875035334D-15  0.1975361593190741D-15  0.1909748223480187D-15
  0.1824597313372449D-15  0.1721856449069092D-15  0.1603724126516899D-15
  0.1472614675247783D-15  0.1331119012662901D-15  0.1181962158570062D-15
  0.1027958560484512D-15  0.8719663599860979D-16  0.7168417630811642D-16
  0.5653946602838898D-16  0.4203465759931190D-16  0.2842919160889257D-16
  0.1596633348311615D-16  0.4870186667804532D-17 -0.4656772350237875D-17
 -0.1243561157474826D-16 -0.1831230713737532D-16 -0.2215856419484313D-16
 -0.2387212148291917D-16 -0.2337657824304056D-16 -0.2062079131981709D-16
 -0.1557789601726742D-16 -0.8244006979823365D-17  0.1363344685529485D-17
  0.1320698406881488D-16  0.2723202471231657D-16  0.4336791494031878D-16
  0.6153055761906086D-16  0.8162446723700557D-16  0.1035449317743451D-15
  0.1271801493746633D-15  0.1524133111405336D-15  0.1791246012336680D-15
  0.2071930850085939D-15  0.2364984544603595D-15  0.2669225996981095D-15
  0.2983509753283248D-15  0.3306737325077900D-15  0.3637865912966772D-15
  0.3975914334097658D-15  0.4319966020562293D-15  0.4669169013357815D-15
  0.5022732914467372D-15  0.5379922753662562D-15  0.5740049669784381D-15
  0.6102458193477924D-15  0.6466509757416439D-15  0.6831561868793563D-15
  0.7196942174604734D-15  0.7561916452260958D-15  0.7925649377094687D-15
  0.8287156758014956D-15  0.8645247789759357D-15  0.8998455728434241D-15
  0.9344955252186467D-15  0.9682464530417843D-15  0.1000812984072026D-14
  0.1031838973123235D-14  0.1060881658547605D-14  0.1087392693487415D-14
  0.1110696728372136D-14
  0.0000000000000000D+00  0.1644262160401621D-23  0.1776452063711739D-23
  0.1919229029494732D-23  0.2073432581880322D-23  0.2239938141602093D-23
  0.2420494356222587D-23  0.2615578503701494D-23  0.2827332451937642D-23
  0.3056402367943212D-23  0.3304445235480737D-23  0.3573002486394649D-23
  0.3863701166155263D-23  0.4178384276940118D-23  0.4519019714386021D-23
  0.4887740491503304D-23  0.5286866533351057D-23  0.5718909703696252D-23
  0.6186593626453420D-23  0.6692871810030735D-23  0.7240946009206658D-23
  0.7834287597458307D-23  0.8476660335388669D-23  0.9172145030800004D-23
  0.9925166462438280D-23  0.1074052257280976D-22  0.1162341617866787D-22
  0.1257948943009236D-22  0.1361486123742963D-22  0.1473616792965563D-22
  0.1595060742473574D-22  0.1726598721486281D-22  0.1869077649843795D-22
  0.2023416281887084D-22  0.2190611360160887D-22  0.2371744301520536D-22
  0.2567988461928888D-22  0.2780617030263592D-22  0.3011011605840775D-22
  0.3260671519121345D-22  0.3531223960238216D-22  0.3824434985599966D-22
  0.4142221478926117D-22  0.4486664149692124D-22  0.4860021659153212D-22
  0.5264745971920753D-22  0.5703499039536938D-22  0.6179170931685677D-22
  0.6694899540651623D-22  0.7254091995458840D-22  0.7860447933854332D-22
  0.8517984793025825D-22  0.9231065293737313D-22  0.1000442730751682D-21
  0.1084321631273194D-21  0.1175302066294039D-21  0.1273990990991199D-21
  0.1381047644430228D-21  0.1497188073923787D-21  0.1623190050618514D-21
  0.1759898409855792D-21  0.1908230852672802D-21  0.2069184247860000D-21
  0.2243841477286853D-21  0.2433378870768322D-21  0.2639074280589426D-21
  0.2862315849955808D-21  0.3104611534116468D-21  0.3367599437734653D-21
  0.3653059037289615D-21  0.3962923362901666D-21  0.4299292220014444D-21
  0.4664446537870289D-21  0.5060863938709744D-21  0.5491235629144672D-21
  0.5958484723234104D-21  0.6465786115464379D-21  0.7016588031141111D-21
  0.7614635391676700D-21  0.8263995142943807D-21  0.8969083706303144D-21
  0.9734696724146725D-21  0.1056604128486505D-20  0.1146877082609519D-20
  0.1244902292997757D-20  0.1351346023998509D-20  0.1466931474573531D-20
  0.1592443570008900D-20  0.1728734145182238D-20  0.1876727549726830D-20
  0.2037426707558434D-20  0.2211919665475645D-20  0.2401386667910012D-20
  0.2607107797389566D-20  0.2830471222889462D-20  0.3072982100974702D-20
  0.3336272177491818D-20  0.3622110140533816D-20  0.3932412778481023D-20
  0.4269257000102546D-20  0.4634892776977343D-20  0.5031757071848528D-20
  0.5462488819942878D-20  0.5929945033747826D-20  0.6437218105217640D-20
  0.6987654382847424D-20  0.7584874104471921D-20  0.8232792769975374D-20
  0.8935644041285984D-20  0.9698004260017232D-20  0.1052481867584043D-19
  0.1142142948104713D-19  0.1239360574869934D-19  0.1344757537316206D-19
  0.1459005911254813D-19  0.1582830683254611D-19  0.1717013605008767D-19
  0.1862397287317446D-19  0.2019889542971869D-19  0.2190467987324337D-19
  0.2375184904647891D-19  0.2575172387500833D-19  0.2791647755183540D-19
  0.3025919255973894D-19  0.3279392056112719D-19  0.3553574516441394D-19
  0.3850084755120269D-19  0.4170657491927983D-19  0.4517151166200338D-19
  0.4891555316449031D-19  0.5295998205037801D-19  0.5732754665909862D-19
  0.6204254147174676D-19  0.6713088913286293D-19  0.7262022363483049D-19
  0.7853997414007581D-19  0.8492144881277692D-19  0.9179791791513400D-19
  0.9920469529222762D-19  0.1071792172227483D-18  0.1157611174490697D-18
  0.1249922970178322D-18  0.1349169873599090D-18  0.1455818048148564D-18
  0.1570357945581525D-18  0.1693304616181915D-18  0.1825197863725869D-18
  0.1966602215884366D-18  0.2118106677173896D-18  0.2280324227724514D-18
  0.2453891026983519D-18  0.2639465277002143D-18  0.2837725695156110D-18
  0.3049369541028360D-18  0.3275110136735571D-18  0.3515673814219845D-18
  0.3771796216967558D-18  0.4044217877283906D-18  0.4333678983677005D-18
  0.4640913246134663D-18  0.4966640760167634D-18  0.5311559763517597D-18
  0.5676337172476715D-18  0.6061597777945984D-18  0.6467911974802881D-18
  0.6895781892010299D-18  0.7345625785358994D-18  0.7817760550007507D-18
  0.8312382206310683D-18  0.8829544210089485D-18  0.9369133437811583D-18
  0.9930843698479674D-18  0.1051414662776951D-17  0.1111825982656759D-17
  0.1174211211602729D-17  0.1238430579513463D-17  0.1304307580514223D-17
  0.1371624572873578D-17  0.1440118058111899D-17  0.1509473638607408D-17
  0.1579320657322964D-17  0.1649226528403892D-17  0.1718690773414072D-17
  0.1787138784965501D-17  0.1853915347534589D-17  0.1918277954423133D-17
  0.1979389970183346D-17  0.2036313699446122D-17  0.2088003436019805D-17
  0.2133298580396577D-17  0.2170916929429650D-17  0.2199448258915355D-17
  0.2217348338089522D-17  0.2222933534550718D-17  0.2214376188736262D-17
  0.2189700958634883D-17  0.2146782357702103D-17  0.2083343731670591D-17
  0.1996957942768199D-17  0.1885050052348542D-17  0.1744902314597167D-17
  0.1573661814208128D-17  0.1368351099043438D-17  0.1125882174003367D-17
  0.8430742337551181D-18  0.5166755185869825D-18  0.1433896783591315D-18
 -0.2800929769149915D-18 -0.7570589762294926D-18 -0.1290729597654342D-17
 -0.1884212886631344D-17 -0.2540449528841478D-17 -0.3262152387345982D-17
 -0.4051739592792371D-17 -0.4911261171494881D-17 -0.5842319310136508D-17
 -0.6845982488318805D-17 -0.7922693861457143D-17 -0.9072174446349887D-17
 -0.1029332184939290D-16 -0.1158410548155464D-16 -0.1294145942296723D-16
 -0.1436117433079448D-16 -0.1583779002372888D-16 -0.1736449062119426D-16
 -0.1893300436054194D-16 -0.2053351045596929D-16 -0.2215455559259314D-16
 -0.2378298286139287D-16 -0.2540387612823296D-16 -0.2700052298484896D-16
 -0.2855439954290088D-16 -0.3004518039478927D-16 -0.3145077706728239D-16
 -0.3274740822618206D-16 -0.3390970474219974D-16 -0.3491085248992766D-16
 -0.3572277541368312D-16 -0.3631636094725211D-16 -0.3666172931165045D-16
 -0.3672854753037263D-16 -0.3648638819235931D-16 -0.3590513205989939D-16
 -0.3495541256741008D-16 -0.3360909909890436D-16 -0.3183981468533201D-16
 -0.2962348245426325D-16 -0.2693889382866160D-16 -0.2376829015274630D-16
 -0.2009794817331460D-16 -0.1591875868286218D-16 -0.1122678669780998D-16
 -0.6023800860418863D-17 -0.3177593670117130D-18  0.5876760328080459D-17
  0.1253820049362614D-16  0.1963774263250642D-16  0.2713911846934632D-16
  0.3499852223685360D-16  0.4316463278379534D-16  0.5157875257115458D-16
  0.6017506896411255D-16  0.6888104128401246D-16  0.7761791470054612D-16
  0.8630135912813358D-16  0.9484222778136034D-16  0.1031474260387802D-15
  0.1111208769768865D-15  0.1186645656929335D-15  0.1256796407120150D-15
  0.1320675477290309D-15  0.1377311689634044D-15  0.1425759406930270D-15
  0.1465109221690876D-15  0.1494497910611329D-15  0.1513117437205833D-15
  0.1520222826685385D-15  0.1515138785395217D-15  0.1497264989331548D-15
  0.1466080019064365D-15  0.1421143968532149D-15  0.1362099799632216D-15
  0.1288673550786632D-15  0.1200673533847344D-15  0.1097988668713044D-15
  0.9805861085956232D-16  0.8485083015595574D-16  0.7018696171105502D-16
  0.5408526422598200D-16  0.3657042222118740D-16  0.1767312895710024D-16
 -0.2570350411680092D-17 -0.2411863664266225D-16 -0.4692571821545029D-16
 -0.7094146105764058D-16 -0.9611214983714031D-16 -0.1223810628075764D-15
 -0.1496890793788613D-15 -0.1779753156829487D-15 -0.2071777782719571D-15
 -0.2372340211482344D-15 -0.2680817857031822D-15 -0.2996595989459482D-15
 -0.3319073022959110D-15 -0.3647664821783809D-15 -0.3981807749266841D-15
 -0.4320960215931626D-15 -0.4664602527668017D-15 -0.5012234874219096D-15
 -0.5363373321595920D-15 -0.5717543656227212D-15 -0.6074272868793126D-15
 -0.6433077958246541D-15 -0.6793451591025712D-15 -0.7154843986442171D-15
 -0.7516640235420025D-15 -0.7878132117507230D-15 -0.8238483373867242D-15
 -0.8596687329933243D-15 -0.8951515744388314D-15 -0.9301457785189047D-15
 -0.9644648111210077D-15 -0.9978783101913199D-15 -0.1030102451997071D-14
 -0.1060788963970529D-14 -0.1089512865642687D-14 -0.1115758481465191D-14
 -0.1138905056956181D-14
  0.0000000000000000D+00  0.5447328749629185D-27  0.6010449177149421D-27
  0.6631732276132687D-27  0.7317161613747246D-27  0.8073187420637782D-27
  0.8909592790088903D-27  0.9833022368217348D-27  0.1085574064672116D-26
  0.1198614255183978D-26  0.1323657058122722D-26  0.1461965526815280D-26
  0.1614951470110998D-26  0.1784187291489001D-26  0.1971408968437091D-26
  0.2178542003294214D-26  0.2407720019889362D-26  0.2661307762816572D-26
  0.2941926782944962D-26  0.3252483449966433D-26  0.3596200468049775D-26
  0.3976651751836279D-26  0.4397801215886594D-26  0.4864045947276759D-26
  0.5380264195686345D-26  0.5951868766438173D-26  0.6584866427474378D-26
  0.7285924012225881D-26  0.8062441990058178D-26  0.8922636359206816D-26
  0.9875629817702900D-26  0.1093155327998212D-25  0.1210165893062756D-25
  0.1339844614608987D-25  0.1483580177092927D-25  0.1642915640911957D-25
  0.1819565858569941D-25  0.2015436885185813D-25  0.2232647615021877D-25
  0.2473553902972813D-25  0.2740775460463992D-25  0.3037225849350955D-25
  0.3366145935622272D-25  0.3731141207478410D-25  0.4136223410236238D-25
  0.4585857004105909D-25  0.5085011010892288D-25  0.5639216882861043D-25
  0.6254633102240448D-25  0.6938117304074718D-25  0.7697306809492071D-25
  0.8540708562113486D-25  0.9477799578673233D-25  0.1051913915747900D-24
  0.1167649423682162D-24  0.1296297946177108D-24  0.1439321370412071D-24
  0.1598349498897876D-24  0.1775199601535826D-24  0.1971898272010279D-24
  0.2190705862802731D-24  0.2434143806001442D-24  0.2705025163928738D-24
  0.3006488794892491D-24  0.3342037565625827D-24  0.3715581093807494D-24
  0.4131483562126909D-24  0.4594617210421550D-24  0.5110422185316129D-24
  0.5684973508470131D-24  0.6325056016051673D-24  0.7038248224580849D-24
  0.7833016193148276D-24  0.8718818580691540D-24  0.9706224241165522D-24
  0.1080704386091844D-23  0.1203447732346468D-23  0.1340327868944139D-23
  0.1492994090644922D-23  0.1663290261759921D-23  0.1853277972218246D-23
  0.2065262466054054D-23  0.2301821675203407D-23  0.2565838731447834D-23
  0.2860538374062723D-23  0.3189527720786676D-23  0.3556841925756485D-23
  0.3966995310753332D-23  0.4425038626268838D-23  0.4936623177398424D-23
  0.5508072637388858D-23  0.6146463469892174D-23  0.6859714990832959D-23
  0.7656690223633935D-23  0.8547308838880208D-23  0.9542673623016077D-23
  0.1065521209224391D-22  0.1189883505950993D-22  0.1328911417664625D-22
  0.1484348071297862D-22  0.1658144809887044D-22  0.1852486106095337D-22
  0.2069817450874558D-22  0.2312876570390418D-22  0.2584728365788598D-22
  0.2888804016614114D-22  0.3228944740250668D-22  0.3609450757217763D-22
  0.4035136076208552D-22  0.4511389784102393D-22  0.5044244605651254D-22
  0.5640453586007255D-22  0.6307575847723003D-22  0.7054072483397842D-22
  0.7889413766967112D-22  0.8824199002064046D-22  0.9870290476372609D-22
  0.1104096315805371D-21  0.1235107195591548D-21  0.1381723857095606D-21
  0.1545806019536206D-21  0.1729434256831742D-21  0.1934936017862791D-21
  0.2164914671497944D-21  0.2422281920867453D-21  0.2710293969425276D-21
  0.3032591863412431D-21  0.3393246481817206D-21  0.3796808696247454D-21
  0.4248365279754307D-21  0.4753601206073185D-21  0.5318869049524769D-21
  0.5951266271527387D-21  0.6658721262945101D-21  0.7450089103009706D-21
  0.8335258096030901D-21  0.9325268257327103D-21  0.1043244304058312D-20
  0.1167053573106024D-20  0.1305489207365283D-20  0.1460263086269986D-20
  0.1633284439272116D-20  0.1826682085693625D-20  0.2042829098463991D-20
  0.2284370143038360D-20  0.2554251766863586D-20  0.2855755940832065D-20
  0.3192537182357569D-20  0.3568663620139121D-20  0.3988662393464717D-20
  0.4457569814154495D-20  0.4980986757057761D-20  0.5565139785486480D-20
  0.6216948561174654D-20  0.6944100134347107D-20  0.7755130758306903D-20
  0.8659515924608174D-20  0.9667769369346584D-20  0.1079155185829545D-19
  0.1204379061843040D-19  0.1343881034562731D-19  0.1499247678274375D-19
  0.1672235392857259D-19  0.1864787600585728D-19  0.2079053538515966D-19
  0.2317408773020741D-19  0.2582477569865454D-19  0.2877157259898258D-19
  0.3204644746848009D-19  0.3568465309752228D-19  0.3972503858022452D-19
  0.4421038801922654D-19  0.4918778705084244D-19  0.5470901888384155D-19
  0.6083099155813750D-19  0.6761619812573380D-19  0.7513321143226415D-19
  0.8345721512977039D-19  0.9267057247607508D-19  0.1028634343690264D-18
  0.1141343879202698D-18  0.1265911466882069D-18  0.1403512834579323D-18
  0.1555430061717297D-18  0.1723059772710346D-18  0.1907921763036527D-18
  0.2111668051719071D-18  0.2336092348419949D-18  0.2583139916955237D-18
  0.2854917809747356D-18  0.3153705439469178D-18  0.3481965444854571D-18
  0.3842354797292003D-18  0.4237736083341347D-18  0.4671188885677468D-18
  0.5146021171148305D-18  0.5665780579624569D-18  0.6234265491124171D-18
  0.6855535731345775D-18  0.7533922757297942D-18  0.8274039145252365D-18
  0.9080787182907400D-18  0.9959366346600554D-18  0.1091527942287781D-17
  0.1195433701202011D-17  0.1308266012960965D-17  0.1430668060135474D-17
  0.1563313892672841D-17  0.1706907926916578D-17  0.1862184121534077D-17
  0.2029904793418920D-17  0.2210859035879718D-17  0.2405860701170453D-17
  0.2615745909773277D-17  0.2841370049848384D-17  0.3083604232022686D-17
  0.3343331167217204D-17  0.3621440438564374D-17  0.3918823142657352D-17
  0.4236365880406430D-17  0.4574944083654221D-17  0.4935414670407340D-17
  0.5318608029056803D-17  0.5725319340266019D-17  0.6156299254267481D-17
  0.6612243951105242D-17  0.7093784621844342D-17  0.7601476419907411D-17
  0.8135786943442599D-17  0.8697084321928616D-17  0.9285624993020873D-17
  0.9901541268876695D-17  0.1054482880478011D-16  0.1121533409671893D-16
  0.1191274214850520D-16  0.1263656446289248D-16  0.1338612752466600D-16
  0.1416056195652212D-16  0.1495879254024712D-16  0.1577952930564759D-16
  0.1662125989711893D-16  0.1748224343172156D-16  0.1836050606206231D-16
  0.1925383845086821D-16  0.2015979535051331D-16  0.2107569745848809D-16
  0.2199863568755135D-16  0.2292547794603030D-16  0.2385287846890108D-16
  0.2477728967421793D-16  0.2569497644371385D-16  0.2660203264412889D-16
  0.2749439962216183D-16  0.2836788632805804D-16  0.2921819065974335D-16
  0.3004092158116059D-16  0.3083162156156653D-16  0.3158578891851789D-16
  0.3229889971138773D-16  0.3296642892868807D-16  0.3358387080490133D-16
  0.3414675816659880D-16  0.3465068072417758D-16  0.3509130215658943D-16
  0.3546437570642380D-16  0.3576575781411573D-16  0.3599141912388879D-16
  0.3613745203034363D-16  0.3620007384346921D-16  0.3617562465559439D-16
  0.3606055910181676D-16  0.3585143140613086D-16  0.3554487337678894D-16
  0.3513756533136012D-16  0.3462620026555221D-16  0.3400744190641168D-16
  0.3327787758691637D-16  0.3243396712769426D-16  0.3147198909868203D-16
  0.3038798594874330D-16  0.2917770952887521D-16  0.2783656849210614D-16
  0.2635957893172008D-16  0.2474131942316652D-16  0.2297589137066576D-16
  0.2105688523601736D-16  0.1897735285510038D-16  0.1672978563909080D-16
  0.1430609802586895D-16  0.1169761510702615D-16  0.8895062923280591D-17
  0.5888559513491404D-17  0.2667604439042351D-17 -0.7789357929049104D-18
 -0.4462849194603166D-17 -0.8396609542153519D-17 -0.1259342025622309D-16
 -0.1706727358878345D-16 -0.2183302746552750D-16 -0.2690650180578253D-16
 -0.3230459555065981D-16 -0.3804542485763940D-16 -0.4414848217768396D-16
 -0.5063481519737973D-16 -0.5752722401532983D-16 -0.6485047448058457D-16
 -0.7263152528707486D-16 -0.8089976611087047D-16 -0.8968726342201236D-16
 -0.9902900927635742D-16 -0.1089631657300624D-15 -0.1195312929982836D-15
 -0.1307785424462900D-15 -0.1427537853621804D-15 -0.1555096346578433D-15
 -0.1691022984391573D-15 -0.1835911808836518D-15 -0.1990381157319034D-15
 -0.2155060790807285D-15 -0.2330571785353908D-15 -0.2517496515659247D-15
 -0.2716335229170902D-15 -0.2927444612687234D-15 -0.3150952361375875D-15
 -0.3386639766634913D-15 -0.3633782355380271D-15 -0.3890933538801137D-15
 -0.4155637647554856D-15
  0.0000000000000000D+00  0.2903836448176953D-27  0.3209018533914127D-27
  0.3546212752397880D-27  0.3918759491364874D-27  0.4330269329946443D-27
  0.4786553002553788D-27  0.5290948512784922D-27  0.5850821249439172D-27
  0.6470498799019095D-27  0.7157003862823820D-27  0.7917495490282568D-27
  0.8759840360696063D-27  0.9692935248364684D-27  0.1072657935176511D-26
  0.1187164516951925D-26  0.1314021189000216D-26  0.1454567565409830D-26
  0.1610290399878342D-26  0.1782839921995087D-26  0.1974047760652782D-26
  0.2185947192129740D-26  0.2420795557464785D-26  0.2681099198179533D-26
  0.2969641233614722D-26  0.3289512463797720D-26  0.3644145769473454D-26
  0.4037354410930518D-26  0.4473374669315693D-26  0.4956913330879092D-26
  0.5493200570908943D-26  0.6088048858920508D-26  0.6747918579545385D-26
  0.7479991144396044D-26  0.8292250460824632D-26  0.9193573724812145D-26
  0.1019383261847525D-25  0.1130400611935716D-25  0.1253630627033767D-25
  0.1390431841744980D-25  0.1542315760013790D-25  0.1710964297677306D-25
  0.1898249239007048D-25  0.2106253942524701D-25  0.2337297559146811D-25
  0.2593962056789044D-25  0.2879122380336837D-25  0.3195980114808663D-25
  0.3548101063096812D-25  0.3939457198424454D-25  0.4374473506228696D-25
  0.4858080291264373D-25  0.5395771594103392D-25  0.5993670437752354D-25
  0.6658601710807114D-25  0.7398173589501671D-25  0.8220868508417686D-25
  0.9136144809874894D-25  0.1015455033665805D-24  0.1128784938347705D-24
  0.1254916459132998D-24  0.1395313555790181D-24  0.1551609614870138D-24
  0.1725627273051600D-24  0.1919400581397503D-24  0.2135199788894275D-24
  0.2375559056889572D-24  0.2643307453261534D-24  0.2941603616818315D-24
  0.3273974529070036D-24  0.3644358882729789D-24  0.4057155594747577D-24
  0.4517278077102585D-24  0.5030214951803319D-24  0.5602097978495502D-24
  0.6239778054791081D-24  0.6950910252060450D-24  0.7744048964266250D-24
  0.8628754375901184D-24  0.9615711598832417D-24  0.1071686398864697D-23
  0.1194556233094197D-23  0.1331673178914192D-23  0.1484705873035192D-23
  0.1655519979724699D-23  0.1846201587515505D-23  0.2059083391777244D-23
  0.2296773994619919D-23  0.2562190692849054D-23  0.2858596168546188D-23
  0.3189639545836610D-23  0.3559402332120576D-23  0.3972449823141105D-23
  0.4433888619472472D-23  0.4949430978151002D-23  0.5525466808135181D-23
  0.6169144213078483D-23  0.6888459590636193D-23  0.7692358415441045D-23
  0.8590847964338129D-23  0.9595123388983234D-23  0.1071770870415610D-22
  0.1197261444198168D-22  0.1337551392473643D-22  0.1494394033431983D-22
  0.1669750700729481D-22  0.1865815366341730D-22  0.2085042158583542D-22
  0.2330176111600789D-22  0.2604287520957341D-22  0.2910810322497895D-22
  0.3253584958911672D-22  0.3636906250846089D-22  0.4065576847562098D-22
  0.4544966896576333D-22  0.5081080643147070D-22  0.5680630749537951D-22
  0.6351121211510419D-22  0.7100939846293310D-22  0.7939461433275132D-22
  0.8877162706857909D-22  0.9925750531383579D-22  0.1109830473196656D-21
  0.1240943721370936D-21  0.1387546917650570D-21  0.1551462842492481D-21
  0.1734726898409954D-21  0.1939611546480411D-21  0.2168653487581648D-21
  0.2424683886113758D-21  0.2710861964573145D-21  0.3030712330831734D-21
  0.3388166436565272D-21  0.3787608605208604D-21  0.4233927111339365D-21
  0.4732570840762030D-21  0.5289612112044621D-21  0.5911816296117833D-21
  0.6606718931052325D-21  0.7382711094550909D-21  0.8249133867292474D-21
  0.9216382796295059D-21  0.1029602334915997D-20  0.1150091843762876D-20
  0.1284536918250483D-20  0.1434527019179488D-20  0.1601828072998796D-20
  0.1788401326871675D-20  0.1996424102755665D-20  0.2228312623822608D-20
  0.2486747099563976D-20  0.2774699269467224D-20  0.3095462619145918D-20
  0.3452685497174569D-20  0.3850407375506769D-20  0.4293098511103880D-20
  0.4785703281097107D-20  0.5333687478238241D-20  0.5943089867308325D-20
  0.6620578316244501D-20  0.7373510827653456D-20  0.8210001806679861D-20
  0.9138993909397577D-20  0.1017033582141383D-19  0.1131486631856324D-19
  0.1258450495965973D-19  0.1399234975440837D-19  0.1555278213677511D-19
  0.1728157955426677D-19  0.1919603595544915D-19  0.2131509042024403D-19
  0.2365946412856187D-19  0.2625180580095734D-19  0.2911684566837198D-19
  0.3228155793463786D-19  0.3577533158304691D-19  0.3963014924458642D-19
  0.4388077368786957D-19  0.4856494130666732D-19  0.5372356176746524D-19
  0.5940092273368905D-19  0.6564489830216153D-19  0.7250715946791596D-19
  0.8004338457265985D-19  0.8831346728697685D-19  0.9738171922395566D-19
  0.1073170637797389D-18  0.1181932172422500D-18  0.1300888526012439D-18
  0.1430877408296698D-18  0.1572788636876096D-18  0.1727564913262493D-18
  0.1896202171419694D-18  0.2079749414525870D-18  0.2279307946434290D-18
  0.2496029894665212D-18  0.2731115911799364D-18  0.2985811931970112D-18
  0.3261404848899879D-18  0.3559216971761605D-18  0.3880599105266627D-18
  0.4226922091024132D-18  0.4599566638666009D-18  0.4999911267812965D-18
  0.5429318176056594D-18  0.5889116844183320D-18  0.6380585188368868D-18
  0.6904928070577203D-18  0.7463252983518000D-18  0.8056542735901786D-18
  0.8685624978068771D-18  0.9351138428075644D-18  0.1005349568462677D-17
  0.1079284254661042D-17  0.1156901379986144D-17  0.1238148548080274D-17
  0.1322932368406348D-17  0.1411113004739629D-17  0.1502498412233475D-17
  0.1596838292306848D-17  0.1693817803885839D-17  0.1793051079670999D-17
  0.1894074607055965D-17  0.1996340545032539D-17  0.2099210060805166D-17
  0.2201946782803002D-17  0.2303710480193997D-17  0.2403551092717748D-17
  0.2500403248473875D-17  0.2593081421007198D-17  0.2680275890355194D-17
  0.2760549685360162D-17  0.2832336696140583D-17  0.2893941155755382D-17
  0.2943538698315084D-17  0.2979179206573315D-17  0.2998791664789621D-17
  0.3000191231758888D-17  0.2981088743679252D-17  0.2939102846283381D-17
  0.2871774939697289D-17  0.2776587097171862D-17  0.2650983089612598D-17
  0.2492392611336110D-17  0.2298258758580335D-17  0.2066068761196995D-17
  0.1793387910294937D-17  0.1477896561521580D-17  0.1117430026866334D-17
  0.7100210995994875D-18  0.2539448899524879D-18 -0.2522344135948577D-18
 -0.8096152980880523D-18 -0.1418909681539106D-17 -0.2080393191740987D-17
 -0.2793855514919093D-17 -0.3558551377450197D-17 -0.4373152737425507D-17
 -0.5235702777444220D-17 -0.6143572310440052D-17 -0.7093419235678008D-17
 -0.8081151705269938D-17 -0.9101895671129225D-17 -0.1014996745602566D-16
 -0.1121885191501640D-16 -0.1230118660833145D-16 -0.1338875219293939D-16
 -0.1447246896684402D-16 -0.1554239918906059D-16 -0.1658775447747437D-16
 -0.1759690728611058D-16 -0.1855740521009796D-16 -0.1945598668205485D-16
 -0.2027859652329784D-16 -0.2101039980437194D-16 -0.2163579255385689D-16
 -0.2213840802657127D-16 -0.2250111749135875D-16 -0.2270602480833083D-16
 -0.2273445441477190D-16 -0.2256693270374495D-16 -0.2218316313307715D-16
 -0.2156199571744767D-16 -0.2068139180590595D-16 -0.1951838520658743D-16
 -0.1804904076858767D-16 -0.1624841145182427D-16 -0.1409049469956835D-16
 -0.1154818857310477D-16 -0.8593247620424636D-17 -0.5196237847620711D-17
 -0.1326489470205845D-17  0.3047954619124634D-17  0.7960397469054304D-17
  0.1344555725320845D-16  0.1953965104646163D-16  0.2628049753627630D-16
  0.3370764305425310D-16  0.4186251501745752D-16  0.5078860608088411D-16
  0.6053169122966294D-16  0.7114007838599716D-16  0.8266489127143502D-16
  0.9516038115875411D-16  0.1086842620075755D-15  0.1232980614413233D-15
  0.1390674780404185D-15  0.1560627334377648D-15  0.1743589050922634D-15
  0.1940362218474037D-15  0.2151802982410447D-15  0.2378822740560146D-15
  0.2622388115875917D-15  0.2883518835290096D-15  0.3163282584238486D-15
  0.3462785573375104D-15  0.3783157137688077D-15  0.4125526173523250D-15
  0.4490986584726566D-15  0.4880548126001772D-15  0.5295068056040422D-15
  0.5735157797535821D-15  0.6201057233434111D-15  0.6692467357518578D-15
  0.7208329187190932D-15  0.7746534561440943D-15  0.8303546248281258D-15
  0.8873911380456715D-15
