    1
  315
 -0.6482981674256192D+00  0.4057062341797942D+00 -0.3257133223594537D+00
  0.1720517184220929D+01 -0.7424170649512100D+00 -0.7181878730500915D+00
 -0.3904745667700687D+00  0.1305507064718782D+00  0.4206061742290119D+00
 -0.6672786050944043D-01  0.4163221417124267D+00 -0.2606370645731422D+00
  0.2425100904992398D+00 -0.1587487640258976D+00  0.3213871754290156D+00
 -0.5865045663456853D-01 -0.8793424580421845D-01  0.3763143000193550D+00
 -0.5585332831923826D-01 -0.2570273351993367D+00  0.1210631982146319D+00
 -0.1385312207654798D+00 -0.1641379660930948D+00  0.4760857651532229D-01
  0.4760857651532058D-01 -0.4703378834591212D-01  0.1634930360018347D-01
 -0.1834946151832932D+00  0.1361666842285580D+00 -0.7839775790940964D-01
  0.4774998575941618D-01  0.4774998575941801D-01  0.6853875791142897D-01
  0.5501259092940402D-01 -0.1812128193461779D-01 -0.5474373166298314D-01
  0.1182795810599897D+00  0.9606771345227399D-02  0.2125965124795669D-02
 -0.8565480540531961D-01 -0.5667604154778149D-01  0.5770601748000330D-01
  0.4155726820060997D-01 -0.5516693311259776D-02  0.3613216304238161D-01
  0.1178248602136035D-01 -0.3320634537738980D-01 -0.3320634537739039D-01
  0.7845473444166378D-02 -0.3089070190582236D-01 -0.2648757425687735D-01
  0.5045332589683849D-01 -0.1766278419099698D-01  0.5194291789416211D-01
 -0.6913011364046099D-02 -0.2093408495755054D-01  0.4537333805345618D-01
 -0.4183727378415271D-01 -0.8239368909531525D-02 -0.1952761160387602D-01
 -0.3351357619427829D-01  0.1597825591410520D-01 -0.3705560411978953D-01
 -0.2245510814964084D-01  0.4662490974899565D-02  0.1331046675883976D-01
  0.1331046675883833D-01 -0.6678589867399553D-02  0.4741248362537666D-02
  0.1583120833195982D-02  0.1583120833195763D-02 -0.5275318434288950D-02
 -0.2504025360821326D-01  0.2051276962670225D-01  0.1472323943925194D-01
  0.1472323943925363D-01  0.2129393354361845D-01  0.1801730428712120D-01
 -0.1420475109294077D-02 -0.8610513100228010D-02  0.9342060562818702D-02
  0.1529991441592374D-02  0.5668561506699947D-02  0.2044699718653929D-02
 -0.6814176592111578D-02 -0.6948651924560362D-02 -0.7700311194959209D-02
 -0.4675437354309113D-02  0.6895596663995673D-02  0.5552928195809722D-02
 -0.1840675905173471D-02  0.1210918266100136D-01  0.1983754166912299D-02
 -0.1120486750874333D-01 -0.1120486750874393D-01  0.3675334848826028D-02
 -0.3894062290061141D-02 -0.1049695982163579D-01 -0.9014225762166100D-02
  0.4302712664208181D-02 -0.6066770757632623D-02  0.6184584648237193D-02
  0.8947743232895307D-02  0.3785931704613086D-02  0.3785931704613284D-02
 -0.1194198537605870D-02 -0.1809919399333084D-02  0.7855755429498942D-02
 -0.1097755638866948D-02  0.4767858376423443D-02 -0.2865827120592274D-02
 -0.2525545889394804D-02 -0.3403299476884333D-02 -0.5844640385877532D-02
  0.5578727468772761D-02 -0.3930612071245917D-02  0.4903363227178982D-02
 -0.2343103451848125D-02 -0.4261840583025238D-02  0.4161812557550593D-03
 -0.4700052450297591D-02  0.5559996811228102D-03  0.5559996811225799D-03
 -0.9263911682443739D-03 -0.3265361187442958D-02 -0.4397747671637927D-02
  0.3602230876347396D-02 -0.2089753550539398D-02  0.9377780825998381D-03
  0.1867121315580011D-02  0.7514893110024795D-03  0.7514893110022636D-03
 -0.4977993486817673D-03 -0.1508232568508343D-02  0.3271079130408606D-02
  0.5351100357736798D-03  0.1981318660490035D-02 -0.1190059304808314D-02
 -0.2421495123233989D-02 -0.2677088284332424D-02  0.6004980891357401D-03
 -0.1621267963596975D-02  0.8260047262435737D-03  0.8260047262438262D-03
  0.2385905542848775D-02  0.9599174606918036D-03  0.9599174606915970D-03
  0.1107771945381467D-02 -0.8734793079828211D-03 -0.8734793079828514D-03
  0.3407009197706401D-03  0.6303411828277828D-03  0.2271649166544869D-03
 -0.1333271169111465D-02 -0.8957317617978959D-03  0.1463851436137667D-02
  0.7602901475919155D-03  0.1043839383896006D-02  0.1043839383896245D-02
  0.1505663314605698D-02 -0.4693000172853335D-04  0.1272493711528779D-02
  0.1272493711528978D-02  0.6986626480641376D-03 -0.2001467514487905D-03
 -0.6057511036203387D-03  0.1311821370965790D-02 -0.1098366109926812D-02
 -0.6029507408835463D-03 -0.6029507408836331D-03  0.7909727674273284D-03
 -0.2371670595716155D-03 -0.4177766368528560D-03 -0.1120557535941723D-02
 -0.9603892974632226D-03 -0.6370595473814617D-03 -0.1745444779413394D-03
  0.8660827711282487D-03  0.1318274062658663D-03 -0.7421720207829609D-03
 -0.7421720207830412D-03 -0.2915325265658600D-03 -0.5133836234182996D-03
 -0.6866918294315973D-03  0.5584822463926935D-03 -0.3223108007268822D-03
 -0.3192349873706739D-03  0.2886775116876319D-03  0.5658409274296068D-03
  0.4773743224573902D-03  0.2271184296537110D-03 -0.7480938156725352D-04
 -0.3740469078358076D-04 -0.2259462358086741D-03  0.4879287097983369D-03
  0.2439643548991441D-03  0.1458246161953485D-03  0.2620651514275759D-04
  0.2620651514272863D-04 -0.1743651937059007D-03 -0.3497008726699126D-03
 -0.1748504363349928D-03 -0.1887837483222259D-03  0.8531185713925734D-04
 -0.2278491258786394D-03 -0.1139245629393298D-03  0.2316420338363682D-03
 -0.3091192453907603D-04 -0.3091192453908093D-04  0.3066667417089602D-03
 -0.4364575302594683D-04  0.2835079096139225D-03 -0.1313417498091280D-04
 -0.2365778098223098D-03 -0.2365778098223343D-03  0.4575030664894049D-04
  0.1682215102893919D-03  0.3017913671770979D-04  0.3017913671768478D-04
 -0.8823031734483794D-04 -0.2339001737515463D-03 -0.1995541757465411D-03
  0.1884357773996365D-03  0.9421788869982313D-04 -0.2136164526572774D-03
  0.9645832929293125D-04 -0.1280036873958355D-03  0.1850969297269483D-03
 -0.3443325722178435D-04  0.8537502808998559D-04 -0.7275468554223058D-04
 -0.3637734277109476D-04 -0.7229379379605711D-05 -0.1397589616291477D-03
  0.9160998365369907D-04  0.2318588789613433D-04 -0.5440590960606383D-04
 -0.9560982074618046D-04  0.1003082057891310D-03 -0.1141995630133713D-03
  0.4000265362123443D-04  0.4000265362125110D-04  0.3805617544996145D-04
  0.3805617544994097D-04  0.8776815309534604D-04 -0.3694384447114279D-04
 -0.7285496671020483D-05 -0.6532266928795119D-04  0.1245259881297518D-04
  0.6226299406495664D-05  0.6845620362843436D-04 -0.4683449422694055D-04
 -0.6057967169674771D-04 -0.5259916146073859D-04  0.1183034240068577D-04
  0.3069237158822230D-04  0.3069237158823991D-04  0.4256221521775727D-04
  0.2128110760887305D-04  0.3535955223787012D-04  0.3535955223788118D-04
 -0.5361708347802049D-05  0.3341354017637474D-04  0.5121108601901667D-05
  0.5549604593842670D-05  0.1831941716035023D-04  0.3222611365675448D-05
 -0.1060699568795708D-04 -0.1911567950063874D-04 -0.1865251603584475D-04
 -0.9108471506424157D-05  0.8133177408518306D-05 -0.9805305612751435D-05
  0.1269885404405659D-04 -0.2270617040387746D-05 -0.2270617040388824D-05
  0.4869835586435680D-05  0.4869835586433933D-05  0.5598776031164295D-05
 -0.7269098648311388D-06  0.4081789434005225D-05 -0.7420420191534838D-06
  0.1140372993914313D-05 -0.5360934785861838D-05 -0.5360934785863286D-05
  0.2418959359717256D-05  0.2418959359717423D-05 -0.3026267198584927D-05
 -0.2621938566960474D-05 -0.1310969283480711D-05 -0.8862328383196507D-06
  0.9387756987694526D-06  0.1230488176360036D-06 -0.1388480305719240D-06
  0.5356658651122176D-06 -0.1278263613460847D-05 -0.1278263613461336D-05
  0.1178978846056841D-05 -0.3117035504033812D-05  0.5606072966939292D-06
  0.1899417107819948D-05 -0.4710937860043053D-05  0.2242368417015973D-06
  0.2133033157718104D-05  0.2133033157718694D-05 -0.2149795129277136D-05
 -0.3930874093743882D-05 -0.6371196221822958D-05  0.2582391949452817D-05
  0.1291195974726518D-05  0.7312957505209963D-05  0.6625043123726293D-05
 -0.3433060791514423D-05  0.6080336068291653D-05  0.4284695771355612D-05
    7
    1    1  327
  0.0000000000000000D+00 -0.2679770724712736D+07 -0.2600423376579162D+07
 -0.2523424299116685D+07 -0.2448703995425400D+07 -0.2376195025360580D+07
 -0.2305831944678793D+07 -0.2237551245915711D+07 -0.2171291301137777D+07
 -0.2106992306255769D+07 -0.2044596227090140D+07 -0.1984046746971739D+07
 -0.1925289215917772D+07 -0.1868270601305471D+07 -0.1812939440006307D+07
 -0.1759245791937048D+07 -0.1707141194985308D+07 -0.1656578621269092D+07
 -0.1607512434690865D+07 -0.1559898349747774D+07 -0.1513693391560885D+07
 -0.1468855857087371D+07 -0.1425345277480581D+07 -0.1383122381564111D+07
 -0.1342149060386814D+07 -0.1302388332826819D+07 -0.1263804312213501D+07
 -0.1226362173937261D+07 -0.1190028124017902D+07 -0.1154769368603210D+07
 -0.1120554084370229D+07 -0.1087351389802518D+07 -0.1055131317317438D+07
 -0.1023864786218335D+07 -0.9935235764472220D+06 -0.9640803031142142D+06
 -0.9355083917808015D+06 -0.9077820544745803D+06 -0.8808762664138527D+06
 -0.8547667434210490D+06 -0.8294299200046009D+06 -0.8048429280894869D+06
 -0.7809835763772468D+06 -0.7578303303168322D+06 -0.7353622926682278D+06
 -0.7135591846412924D+06 -0.6924013275927937D+06 -0.6718696252651312D+06
 -0.6519455465506946D+06 -0.6326111087663238D+06 -0.6138488614227632D+06
 -0.5956418704744582D+06 -0.5779737030354898D+06 -0.5608284125478418D+06
 -0.5441905243886203D+06 -0.5280450219032359D+06 -0.5123773328519347D+06
 -0.4971733162574566D+06 -0.4824192496419435D+06 -0.4681018166415786D+06
 -0.4542080949877816D+06 -0.4407255448441079D+06 -0.4276419974883299D+06
 -0.4149456443294825D+06 -0.4026250262499613D+06 -0.3906690232630558D+06
 -0.3790668444765788D+06 -0.3678080183535414D+06 -0.3568823832610765D+06
 -0.3462800782990828D+06 -0.3359915344003156D+06 -0.3260074656938903D+06
 -0.3163188611243973D+06 -0.3069169763190801D+06 -0.2977933256957180D+06
 -0.2889396748041061D+06 -0.2803480328942131D+06 -0.2720106457043096D+06
 -0.2639199884625626D+06 -0.2560687590957779D+06 -0.2484498716391585D+06
 -0.2410564498411383D+06 -0.2338818209575128D+06 -0.2269195097292709D+06
 -0.2201632325386917D+06 -0.2136068917384293D+06 -0.2072445701484755D+06
 -0.2010705257160255D+06 -0.1950791863334322D+06 -0.1892651448095738D+06
 -0.1836231539900921D+06 -0.1781481220221011D+06 -0.1728351077590933D+06
 -0.1676793163018918D+06 -0.1626760946716320D+06 -0.1578209276108590D+06
 -0.1531094335089597D+06 -0.1485373604482459D+06 -0.1441005823671230D+06
 -0.1397950953368814D+06 -0.1356170139487501D+06 -0.1315625678079487D+06
 -0.1276280981315793D+06 -0.1238100544472807D+06 -0.1201049913896683D+06
 -0.1165095655916684D+06 -0.1130205326679364D+06 -0.1096347442876396D+06
 -0.1063491453339579D+06 -0.1031607711477382D+06 -0.1000667448528140D+06
 -0.9706427476057137D+05 -0.9415065185141886D+05 -0.9132324733088331D+05
 -0.8857951025812259D+05 -0.8591696524471359D+05 -0.8333321022163024D+05
 -0.8082591427239470D+05 -0.7839281553043930D+05 -0.7603171913877562D+05
 -0.7374049527012314D+05 -0.7151707720570380D+05 -0.6935945947095889D+05
 -0.6726569602650037D+05 -0.6523389851265118D+05 -0.6326223454598222D+05
 -0.6134892606629756D+05 -0.5949224773256292D+05 -0.5769052536631868D+05
 -0.5594213444115801D+05 -0.5424549861689202D+05 -0.5259908831706514D+05
 -0.5100141934851796D+05 -0.4945105156173653D+05 -0.4794658755075936D+05
 -0.4648667139144913D+05 -0.4506998741697142D+05 -0.4369525902935201D+05
 -0.4236124754601995D+05 -0.4106675108027086D+05 -0.3981060345461707D+05
 -0.3859167314601942D+05 -0.3740886226202379D+05 -0.3626110554685285D+05
 -0.3514736941653076D+05 -0.3406665102214419D+05 -0.3301797734036919D+05
 -0.3200040429041805D+05 -0.3101301587658476D+05 -0.3005492335559273D+05
 -0.2912526442797101D+05 -0.2822320245270990D+05 -0.2734792568446914D+05
 -0.2649864653263606D+05 -0.2567460084155293D+05 -0.2487504719125660D+05
 -0.2409926621809642D+05 -0.2334655995461861D+05 -0.2261625118813001D+05
 -0.2190768283737610D+05 -0.2122021734679288D+05 -0.2055323609781540D+05
 -0.1990613883675072D+05 -0.1927834311874744D+05 -0.1866928376741895D+05
 -0.1807841234970298D+05 -0.1750519666556649D+05 -0.1694912025219029D+05
 -0.1640968190229506D+05 -0.1588639519629671D+05 -0.1537878804800658D+05
 -0.1488640226361819D+05 -0.1440879311374989D+05 -0.1394552891833846D+05
 -0.1349619064420515D+05 -0.1306037151514022D+05 -0.1263767663437567D+05
 -0.1222772261933781D+05 -0.1183013724859047D+05 -0.1144455912089675D+05
 -0.1107063732633938D+05 -0.1070803112944867D+05 -0.1035640966428920D+05
 -0.1001545164145268D+05 -0.9684845066892003D+04 -0.9364286972509602D+04
 -0.9053483158379629D+04 -0.8752147946436990D+04 -0.8460003945403223D+04
 -0.8176781826638929D+04 -0.7902220110511556D+04 -0.7636064962743952D+04
 -0.7378070000061316D+04 -0.7127996104281298D+04 -0.6885611243794027D+04
 -0.6650690301159482D+04 -0.6423014905313706D+04 -0.6202373266635170D+04
 -0.5988560012894076D+04 -0.5781376023915793D+04 -0.5580628262668431D+04
 -0.5386129600475813D+04 -0.5197698634211609D+04 -0.5015159493700759D+04
 -0.4838341638191157D+04 -0.4667079641694494D+04 -0.4501212968234424D+04
 -0.4340585739536149D+04 -0.4185046499337664D+04 -0.4034447980322794D+04
 -0.3888646879778590D+04 -0.3747503654057557D+04 -0.3610882337619258D+04
 -0.3478650394735998D+04 -0.3350678608613045D+04 -0.3226841010029257D+04
 -0.3107014844186959D+04 -0.2991080570958834D+04 -0.2878921890640730D+04
 -0.2770425785106114D+04 -0.2665482563196732D+04 -0.2563985899355303D+04
 -0.2465832855783703D+04 -0.2370923880515036D+04 -0.2279162776361751D+04
 -0.2190456638388144D+04 -0.2104715760058155D+04 -0.2021853510327110D+04
 -0.1941786185576525D+04 -0.1864432841416706D+04 -0.1789715110044435D+04
 -0.1717557009118214D+04 -0.1647884748087438D+04 -0.1580626537666972D+04
 -0.1515712407753119D+04 -0.1453074038583071D+04 -0.1392644609382477D+04
 -0.1334358668145740D+04 -0.1278152025559898D+04 -0.1223961675416267D+04
 -0.1171725743148351D+04 -0.1121383463379086D+04 -0.1072875186540054D+04
 -0.1026142413720813D+04 -0.9811278578944914D+03 -0.9377755285195802D+03
 -0.8960308352094628D+03 -0.8558407046677015D+03 -0.8171537034032074D+03
 -0.7799201568998324D+03 -0.7440922540304671D+03 -0.7096241238124119D+03
 -0.6764718705169892D+03 -0.6445935533136279D+03 -0.6139490984926667D+03
 -0.5845001399120295D+03 -0.5562097865376647D+03 -0.5290423355574827D+03
 -0.5029629585969070D+03 -0.4779374010592895D+03 -0.4539317457460257D+03
 -0.4309122804863345D+03 -0.4088454990787318D+03 -0.3876982372078976D+03
 -0.3674379177962904D+03 -0.3480328586321015D+03 -0.3294525856445498D+03
 -0.3116680993708627D+03 -0.2946520566976073D+03 -0.2783788492146012D+03
 -0.2628245776389580D+03 -0.2479669356375670D+03 -0.2337850240800762D+03
 -0.2202591196615609D+03 -0.2073704208163180D+03 -0.1951007907107833D+03
 -0.1834325131216792D+03 -0.1723480728736656D+03 -0.1618299687905498D+03
 -0.1518605639256274D+03 -0.1424219752285212D+03 -0.1334960027268943D+03
 -0.1250640966784470D+03 -0.1171073599087390D+03 -0.1096065816309910D+03
 -0.1025422983951172D+03 -0.9589487739491243D+02 -0.8964461714185464D+02
 -0.8377186046274784D+02 -0.7825711486957860D+02 -0.7308117555695914D+02
 -0.6822524657909067D+02 -0.6367105611773376D+02 -0.5940096219435924D+02
 -0.5539804399917205D+02 -0.5164618149379685D+02 -0.4813011501928544D+02
 -0.4483548046142778D+02 -0.4174882776681154D+02 -0.3885761505698064D+02
 -0.3615017974140028D+02 -0.3361568747753012D+02 -0.3124406118463079D+02
 -0.2902589427916357D+02 -0.2695235395128307D+02 -0.2501508284405623D+02
 -0.2320610773509017D+02 -0.2151776480365266D+02 -0.1994264830301967D+02
 -0.1847358642184230D+02 -0.1710364346319349D+02 -0.1582614275266030D+02
 -0.1463470167226317D+02 -0.1352326895689330D+02 -0.1248615550849534D+02
 -0.1151805262990313D+02 -0.1061403487099069D+02 -0.9769547748060802D+01
 -0.8980382689469449D+01 -0.8242643048854843D+01 -0.7552704346428227D+01
 -0.6907175097721751D+01 -0.6302854077518621D+01 -0.5736708493558471D+01
 -0.5205790953363135D+01 -0.4707363783123888D+01 -0.4238457823842007D+01
 -0.3796817978123376D+01
    1 1000  327
  0.0000000000000000D+00  0.3133972756802092D-04  0.3229551030524164D-04
  0.3328044201017402D-04  0.3429541165008304D-04  0.3534133530756156D-04
  0.3641915700229310D-04  0.3752984954506826D-04  0.3867441540958504D-04
  0.3985388764912410D-04  0.4106933082366419D-04  0.4232184195247626D-04
  0.4361255151162306D-04  0.4494262446413728D-04  0.4631326129045245D-04
  0.4772569908474373D-04  0.4918121267881613D-04  0.5068111576752038D-04
  0.5222676212095648D-04  0.5381954679562251D-04  0.5546090739043718D-04
  0.5715232534715513D-04  0.5889532729134958D-04  0.6069148640283819D-04
  0.6254242384720730D-04  0.6444981021320910D-04  0.6641536706294857D-04
  0.6844086844322410D-04  0.7052814251463434D-04  0.7267907318533035D-04
  0.7489560182380400D-04  0.7717972899959283D-04  0.7953351630441229D-04
  0.8195908818805359D-04  0.8445863390510916D-04  0.8703440947104245D-04
  0.8968873970097025D-04  0.9242402031696077D-04  0.9524272010119029D-04
  0.9814738312439447D-04  0.1011406310575197D-03  0.1042251655087090D-03
  0.1074037704933499D-03  0.1106793149187939D-03  0.1140547552008153D-03
  0.1175331379054166D-03  0.1211176025197184D-03  0.1248113842776923D-03
  0.1286178170701333D-03  0.1325403364740835D-03  0.1365824828389148D-03
  0.1407479044870897D-03  0.1450403609961931D-03  0.1494637266196107D-03
  0.1540219937521260D-03  0.1587192765453856D-03  0.1635598146328011D-03
  0.1685479769390713D-03  0.1736882656260240D-03  0.1789853201703348D-03
  0.1844439215321816D-03  0.1900689964853815D-03  0.1958656220546932D-03
  0.2018390300966818D-03  0.2079946120412021D-03  0.2143379237250994D-03
  0.2208746904359287D-03  0.2276108120657976D-03  0.2345523684315380D-03
  0.2417056247807419D-03  0.2490770374273424D-03  0.2566732595926552D-03
  0.2645011473937893D-03  0.2725677660555847D-03  0.2808803962626132D-03
  0.2894465407499621D-03  0.2982739310652471D-03  0.3073705345471988D-03
  0.3167445615184898D-03  0.3264044727002501D-03  0.3363589868351797D-03
  0.3466170885696185D-03  0.3571880365702896D-03  0.3680813718544862D-03
  0.3793069264175427D-03  0.3908748321209161D-03  0.4027955298007702D-03
  0.4150797787321104D-03  0.4277386663092539D-03  0.4407836180671522D-03
  0.4542264079898027D-03  0.4680791691409510D-03  0.4823544046050067D-03
  0.4970649987933722D-03  0.5122242290411834D-03  0.5278457776260322D-03
  0.5439437440862537D-03  0.5605326579715141D-03  0.5776274919391730D-03
  0.5952436752742994D-03  0.6133971078254131D-03  0.6321041743350429D-03
  0.6513817592460208D-03  0.6712472619361388D-03  0.6917186124064957D-03
  0.7128142874955363D-03  0.7345533275349093D-03  0.7569553535278320D-03
  0.7800405848768460D-03  0.8038298576281931D-03  0.8283446432653960D-03
  0.8536070681076707D-03  0.8796399332663625D-03  0.9064667352293288D-03
  0.9341116870701881D-03  0.9625997402974222D-03  0.9919566073836434D-03
  0.1022208784956869D-02  0.1053383577734706D-02  0.1085509123157297D-02
  0.1118614416782224D-02  0.1152729338465254D-02  0.1187884679318786D-02
  0.1224112169501914D-02  0.1261444506869080D-02  0.1299915386483187D-02
  0.1339559531005405D-02  0.1380412722064238D-02  0.1422511832533117D-02
  0.1465894859811076D-02  0.1510600960134361D-02  0.1556670483891366D-02
  0.1604145012061370D-02  0.1653067393747076D-02  0.1703481784824790D-02
  0.1755433687826797D-02  0.1808969992991659D-02  0.1864139020595766D-02
  0.1920990564559784D-02  0.1979575937395383D-02  0.2039948016507565D-02
  0.2102161291947124D-02  0.2166271915554848D-02  0.2232337751677636D-02
  0.2300418429368136D-02  0.2370575396216962D-02  0.2442871973816777D-02
  0.2517373414900076D-02  0.2594146962253015D-02  0.2673261909388698D-02
  0.2754789663106330D-02  0.2838803807924986D-02  0.2925380172514280D-02
  0.3014596898117498D-02  0.3106534509097302D-02  0.3201275985598174D-02
  0.3298906838459869D-02  0.3399515186379535D-02  0.3503191835459037D-02
  0.3610030361150267D-02  0.3720127192727362D-02  0.3833581700309661D-02
  0.3950496284555364D-02  0.4070976469089934D-02  0.4195130995734863D-02
  0.4323071922672290D-02  0.4454914725570893D-02  0.4590778401817481D-02
  0.4730785577921016D-02  0.4875062620185703D-02  0.5023739748775817D-02
  0.5176951155237850D-02  0.5334835123625082D-02  0.5497534155305068D-02
  0.5665195097576587D-02  0.5837969276213931D-02  0.6016012632044272D-02
  0.6199485861698734D-02  0.6388554562648118D-02  0.6583389382674309D-02
  0.6784166173879827D-02  0.6991066151416027D-02  0.7204276057042728D-02
  0.7423988327669199D-02  0.7650401269048739D-02  0.7883719234758575D-02
  0.8124152810641244D-02  0.8371919004886689D-02  0.8627241443879970D-02
  0.8890350574051912D-02  0.9161483869864529D-02  0.9440886048158459D-02
  0.9728809289014439D-02  0.1002551346337706D-01  0.1033126636759695D-01
  0.1064634396513857D-01  0.1097103063565563D-01  0.1130561943167094D-01
  0.1165041234306157D-01  0.1200572056964425D-01  0.1237186480203885D-01
  0.1274917551112676D-01  0.1313799324631517D-01  0.1353866894291183D-01
  0.1395156423886650D-01  0.1437705180117629D-01  0.1481551566224279D-01
  0.1526735156648746D-01  0.1573296732753967D-01  0.1621278319631913D-01
  0.1670723224033653D-01  0.1721676073457421D-01  0.1774182856427376D-01
  0.1828290964002234D-01  0.1884049232548283D-01  0.1941507987817795D-01
  0.2000719090372152D-01  0.2061735982389065D-01  0.2124613735897887D-01
  0.2189409102486222D-01  0.2256180564522022D-01  0.2324988387938385D-01
  0.2395894676627317D-01  0.2468963428493143D-01  0.2544260593215078D-01
  0.2621854131771305D-01  0.2701814077778823D-01  0.2784212600703352D-01
  0.2869124070997461D-01  0.2956625127225504D-01  0.3046794745234717D-01
  0.3139714309436506D-01  0.3235467686262218D-01  0.3334141299857787D-01
  0.3435824210088179D-01  0.3540608192919520D-01  0.3648587823254006D-01
  0.3759860560289887D-01  0.3874526835485529D-01  0.3992690143205768D-01
  0.4114457134132798D-01  0.4239937711525978D-01  0.4369245130417324D-01
  0.4502496099831711D-01  0.4639810888125539D-01  0.4781313431537028D-01
  0.4927131446047348D-01  0.5077396542653513D-01  0.5232244346156193D-01
  0.5391814617570938D-01  0.5556251380272224D-01  0.5725703049984478D-01
  0.5900322568737953D-01  0.6080267542909455D-01  0.6265700385473313D-01
  0.6456788462590390D-01  0.6653704244667777D-01  0.6856625462025512D-01
  0.7065735265310688D-01  0.7281222390803740D-01  0.7503281330766193D-01
  0.7732112508983534D-01  0.7967922461661728D-01  0.8210924023840913D-01
  0.8461336521493666D-01  0.8719385969482162D-01  0.8985305275552496D-01
  0.9259334450550363D-01  0.9541720825047535D-01  0.9832719272575233D-01
  0.1013259243966509D+00  0.1044161098290655D+00  0.1076005381323306D+00
  0.1108820834765889D+00  0.1142637076869324D+00  0.1177484629166565D+00
  0.1213394944020430D+00  0.1250400433011572D+00  0.1288534496192202D+00
  0.1327831552231971D+00  0.1368327069483268D+00  0.1410057597993853D+00
  0.1453060802495885D+00  0.1497375496400947D+00  0.1543041676831924D+00
  0.1590100560723167D+00  0.1638594622021689D+00  0.1688567630022904D+00
  0.1740064688875459D+00  0.1793132278290904D+00  0.1847818295494912D+00
  0.1904172098457862D+00  0.1962244550443891D+00  0.2022088065918567D+00
  0.2083756657856596D+00  0.2147305986492362D+00  0.2212793409557166D+00
  0.2280278034048606D+00  0.2349820769578835D+00  0.2421484383349708D+00
  0.2495333556804610D+00  0.2571434944008024D+00  0.2649857231805460D+00
  0.2730671201818203D+00  0.2813949794328654D+00  0.2899768174114077D+00
  0.2988203798288100D+00  0.3079336486211168D+00  0.3173248491533156D+00
  0.3270024576433031D+00  0.3369752088122683D+00  0.3472521037683933D+00
  0.3578424181309833D+00  0.3687557104023638D+00  0.3800018305951040D+00
  0.3915909291223389D+00  0.4035334659592369D+00  0.4158402200838546D+00
  0.4285222992059257D+00  0.4415911497923501D+00  0.4550585673984296D+00
  0.4689367073141875D+00  0.4832380955353731D+00  0.4979756400690475D+00
  0.5131626425839717D+00  0.5288128104162927D+00  0.5449402689413773D+00
  0.5615595743229596D+00
    1 1000  327
  0.0000000000000000D+00  0.3074097262848902D-09  0.3264459565688002D-09
  0.3466605567494103D-09  0.3681285575260222D-09  0.3909252061655127D-09
  0.4151320349594089D-09  0.4408398247340856D-09  0.4681394773644410D-09
  0.4971280433004081D-09  0.5279127185394201D-09  0.5606027356041244D-09
  0.5953182812439763D-09  0.6321830370085331D-09  0.6713327298589765D-09
  0.7129037510935775D-09  0.7570511706184654D-09  0.8039310243361237D-09
  0.8537137523536013D-09  0.9065793642586318D-09  0.9627211207786598D-09
  0.1022336726447663D-08  0.1085645139769730D-08  0.1152872042091816D-08
  0.1224265060343876D-08  0.1300077733975105D-08  0.1380585483165225D-08
  0.1466077726795380D-08  0.1556864922582604D-08  0.1653272962218155D-08
  0.1755652586552222D-08  0.1864372112956566D-08  0.1979821991549799D-08
  0.2102423094180497D-08  0.2232616118946845D-08  0.2370870856909915D-08
  0.2517686427678955D-08  0.2673594711062531D-08  0.2839157587081343D-08
  0.3014972294593476D-08  0.3201674192267586D-08  0.3399938360548474D-08
  0.3610478817658997D-08  0.3834058012592149D-08  0.4071482696021482D-08
  0.4323609247129466D-08  0.4591349512317669D-08  0.4875668097058112D-08
  0.5177594115867470D-08  0.5498217190730370D-08  0.5838695607252723D-08
  0.6200255561919919D-08  0.6584207424845645D-08  0.6991934228595535D-08
  0.7424910415270910D-08  0.7884698684685025D-08  0.8372958389345732D-08
  0.8891454547856132D-08  0.9442058167167224D-08  0.1002675805554115D-07
  0.1064766575430008D-07  0.1130702302184262D-07  0.1200721139143630D-07
  0.1275075753111354D-07  0.1354034975506170D-07  0.1437883598678147D-07
  0.1526924721832072D-07  0.1621479526036762D-07  0.1721889741294610D-07
  0.1828517918989672D-07  0.1941748951678844D-07  0.2061991888917706D-07
  0.2189680748949847D-07  0.2325276941670766D-07  0.2469269938311080D-07
  0.2622179481097875D-07  0.2784558148116683D-07  0.2956992058439162D-07
  0.3140103899336661D-07  0.3334555051505323D-07  0.3541047536137294D-07
  0.3760327121768647D-07  0.3993185570208496D-07  0.4240463894124074D-07
  0.4503054835278315D-07  0.4781906651305006D-07  0.5078026528560124D-07
  0.5392483649761837D-07  0.5726413420687753D-07  0.6081021968894600D-07
  0.6457589552025712D-07  0.6857476247268168D-07  0.7282125764642666D-07
  0.7733071965769220D-07  0.8211942823221873D-07  0.8720467875533139D-07
  0.9260483263100551D-07  0.9833939167593937D-07  0.1044290644508577D-06
  0.1108958404174961D-06  0.1177630722802627D-06  0.1250555576427861D-06
  0.1327996289821392D-06  0.1410232540417202D-06  0.1497561269868697D-06
  0.1590297841702287D-06  0.1688777124350217D-06  0.1793354743660220D-06
  0.1904408329360900D-06  0.2022338934829580D-06  0.2147572389520343D-06
  0.2280560936842808D-06  0.2421784805762916D-06  0.2571753966237996D-06
  0.2731009982928940D-06  0.2900127929096351D-06  0.3079718520240714D-06
  0.3270430266948706D-06  0.3472951847385630D-06  0.3688014595332546D-06
  0.3916395114943648D-06  0.4158918103478336D-06  0.4416459350546711D-06
  0.4689948845563300D-06  0.4980374201727957D-06  0.5288784153238277D-06
  0.5616292426888985D-06  0.5964081649944586D-06  0.6333407754113759D-06
  0.6725604397855994D-06  0.7142087842119977D-06  0.7584362038889132D-06
  0.8054024108535852D-06  0.8552770012767781D-06  0.9082400787464857D-06
  0.9644828976820268D-06  0.1024208557450086D-05  0.1087632731325897D-05
  0.1154984450847245D-05  0.1226506929934262D-05  0.1302458442957586D-05
  0.1383113257320700D-05  0.1468762625669225D-05  0.1559715837003876D-05
  0.1656301328857692D-05  0.1758867884512421D-05  0.1867785879735838D-05
  0.1983448629261728D-05  0.2106273800185864D-05  0.2236704927139060D-05
  0.2375213009428295D-05  0.2522298212438166D-05  0.2678491675547085D-05
  0.2844357427250862D-05  0.3020494426365568D-05  0.3207538717802979D-05
  0.3406165738887474D-05  0.3617092749832987D-05  0.3841081426920805D-05
  0.4078940616840134D-05  0.4331529251056654D-05  0.4599759451707415D-05
  0.4884599820531430D-05  0.5187078947225581D-05  0.5508289111650928D-05
  0.5849390233730686D-05  0.6211614062670193D-05  0.6596268622833530D-05
  0.7004742939517982D-05  0.7438512051821468D-05  0.7899142341296542D-05
  0.8388297188311475D-05  0.8907742977463237D-05  0.9459355476661777D-05
  0.1004512661242436D-04  0.1066717165941467D-04  0.1132773688162588D-04
  0.1202920764392562D-04  0.1277411702414698D-04  0.1356515496021799D-04
  0.1440517796653105D-04  0.1529721944659153D-04  0.1624450064642556D-04
  0.1725044228971718D-04  0.1831867692704032D-04  0.1945306205669030D-04
  0.2065769405063993D-04  0.2193692295093870D-04  0.2329536817532535D-04
  0.2473793519848735D-04  0.2626983326776905D-04  0.2789659421393658D-04
  0.2962409242609696D-04  0.3145856606530458D-04  0.3340663958984257D-04
  0.3547534768120763D-04  0.3767216064047706D-04  0.4000501136989258D-04
  0.4248232401494660D-04  0.4511304438991333D-04  0.4790667227582306D-04
  0.5087329573039257D-04  0.5402362751475951D-04  0.5736904377686060D-04
  0.6092162513500404D-04  0.6469420029864010D-04  0.6870039239853870D-04
  0.7295466817573575D-04  0.7747239022720768D-04  0.8226987247807623D-04
  0.8736443909534321D-04  0.9277448704530963D-04  0.9851955252777620D-04
  0.1046203815226643D-03  0.1110990047068617D-03  0.1179788170067581D-03
  0.1252846620814305D-03  0.1330429220352877D-03  0.1412816126866810D-03
  0.1500304847333719D-03  0.1593211311880539D-03  0.1691871014624921D-03
  0.1796640225176400D-03  0.1907897275155030D-03  0.2026043924398697D-03
  0.2151506811737228D-03  0.2284738995639714D-03  0.2426221590246157D-03
  0.2576465502714998D-03  0.2736013278163034D-03  0.2905441058849351D-03
  0.3085360664663645D-03  0.3276421802484854D-03  0.3479314412323567D-03
  0.3694771158780625D-03  0.3923570076740281D-03  0.4166537380941534D-03
  0.4424550449524387D-03  0.4698540992319340D-03  0.4989498415345560D-03
  0.5298473393636884D-03  0.5626581665354705D-03  0.5975008060796111D-03
  0.6345010780952421D-03  0.6737925940977779D-03  0.7155172395040462D-03
  0.7598256859934217D-03  0.8068779355973163D-03  0.8568438984823717D-03
  0.9099040065126360D-03  0.9662498648051330D-03  0.1026084943635183D-02
  0.1089625313186520D-02  0.1157100423801873D-02  0.1228753934549320D-02
  0.1304844593098916D-02  0.1385647170085259D-02  0.1471453451330646D-02
  0.1562573291510799D-02  0.1659335733070488D-02  0.1762090194426929D-02
  0.1871207731752729D-02  0.1987082378897153D-02  0.2110132570274436D-02
  0.2240802651879452D-02  0.2379564485853247D-02  0.2526919154431798D-02
  0.2683398769394829D-02  0.2849568393575249D-02  0.3026028081355721D-02
  0.3213415045520163D-02  0.3412405958290612D-02  0.3623719394858168D-02
  0.3848118428221384D-02  0.4086413384719741D-02  0.4339464770197912D-02
  0.4608186377374984D-02  0.4893548585637075D-02  0.5196581865170439D-02
  0.5518380498086117D-02  0.5860106529979585D-02  0.6222993966186229D-02
  0.6608353227893389D-02  0.7017575884196421D-02  0.7452139677187625D-02
  0.7913613858223692D-02  0.8403664854643013D-02  0.8924062287392620D-02
  0.9476685361299517D-02  0.1006352965105837D-01  0.1068671430744270D-01
  0.1134848970976001D-01  0.1205124559218667D-01  0.1279751967332679D-01
  0.1359000682015543D-01  0.1443156877944154D-01  0.1532524451178836D-01
  0.1627426116561004D-01  0.1728204573067377D-01  0.1835223741328636D-01
  0.1948870077781544D-01  0.2069553970200174D-01  0.2197711219645177D-01
  0.2333804614183177D-01  0.2478325600058616D-01  0.2631796056353092D-01
  0.2794770179540522D-01  0.2967836484743557D-01  0.3151619930917945D-01
  0.3346784177638908D-01  0.3554033981639321D-01  0.3774117741753542D-01
  0.4007830201457114D-01  0.4256015318761243D-01  0.4519569313825945D-01
  0.4799443905296463D-01  0.5096649747050336D-01  0.5412260077764939D-01
  0.5747414596484868D-01  0.6103323578184132D-01  0.6481272244184529D-01
  0.6882625403212606D-01  0.7308832379854431D-01  0.7761432248204879D-01
  0.8242059389611366D-01  0.8752449394580833D-01  0.9294445330162840D-01
  0.9870004395440818D-01
    1 1000  327
  0.0000000000000000D+00 -0.4297174743082682D-13 -0.4779723263960623D-13
 -0.5561545596068995D-13 -0.5931863008814075D-13 -0.6207027780664592D-13
 -0.6821536060057156D-13 -0.7943419331435514D-13 -0.8171060641455909D-13
 -0.9156016790679955D-13 -0.9572552853834913D-13 -0.1044772841396095D-12
 -0.1186104552100192D-12 -0.1217169775459441D-12 -0.1376215787797786D-12
 -0.1554557404336553D-12 -0.1635610835642984D-12 -0.1787464243283427D-12
 -0.1930849799973061D-12 -0.2179101861150974D-12 -0.2357643305245626D-12
 -0.2565540206875739D-12 -0.2806025529387024D-12 -0.3055241209589928D-12
 -0.3337937111072343D-12 -0.3662683871613665D-12 -0.4007050816735303D-12
 -0.4295644293024641D-12 -0.4810037540873467D-12 -0.5170491088880904D-12
 -0.5719161791906562D-12 -0.6213644035119148D-12 -0.6844434849135796D-12
 -0.7447993553090899D-12 -0.8175203329846718D-12 -0.8914412742918757D-12
 -0.9809168906561503D-12 -0.1062674907493130D-11 -0.1171239489166832D-11
 -0.1281131296224135D-11 -0.1401510730890486D-11 -0.1527676050355858D-11
 -0.1676417152950850D-11 -0.1826965134059632D-11 -0.1999853008922198D-11
 -0.2191654971255568D-11 -0.2402097895540938D-11 -0.2626654410667275D-11
 -0.2876934210527036D-11 -0.3140330177711380D-11 -0.3436758170004471D-11
 -0.3764163187434510D-11 -0.4118114125736495D-11 -0.4504201985268057D-11
 -0.4938166456530371D-11 -0.5397623705218348D-11 -0.5903075926540450D-11
 -0.6465697857237237D-11 -0.7069039096984271D-11 -0.7741425018169882D-11
 -0.8471586953832799D-11 -0.9265915115109265D-11 -0.1014151870017204D-10
 -0.1109577940530031D-10 -0.1214344076274635D-10 -0.1328399310642111D-10
 -0.1454091355846870D-10 -0.1591426144318216D-10 -0.1741634734051302D-10
 -0.1905573727330254D-10 -0.2084915313026022D-10 -0.2281523071835935D-10
 -0.2496437946768997D-10 -0.2732076753602452D-10 -0.2990211187036764D-10
 -0.3271741777332105D-10 -0.3580317334886753D-10 -0.3917838225221027D-10
 -0.4287102546688016D-10 -0.4692004587811551D-10 -0.5134559376037232D-10
 -0.5618392371944337D-10 -0.6148755085028085D-10 -0.6728314499331448D-10
 -0.7362112409538411D-10 -0.8056583610784198D-10 -0.8816482902129138D-10
 -0.9648718326861799D-10 -0.1055807192623860D-09 -0.1155377115832655D-09
 -0.1264363900719046D-09 -0.1383614021328409D-09 -0.1514089146134948D-09
 -0.1656889792653901D-09 -0.1813165925278751D-09 -0.1984160245124841D-09
 -0.2171219459990568D-09 -0.2376009978308924D-09 -0.2600109342394395D-09
 -0.2845271453346685D-09 -0.3113685182186500D-09 -0.3407344312725420D-09
 -0.3728700654229347D-09 -0.4080288735797428D-09 -0.4465129991067020D-09
 -0.4886256874490310D-09 -0.5347068399127943D-09 -0.5851362227728931D-09
 -0.6403195218768675D-09 -0.7007085718283836D-09 -0.7667922204659010D-09
 -0.8391041214331876D-09 -0.9182453562430702D-09 -0.1004851142121534D-08
 -0.1099611203238346D-08 -0.1203319473846579D-08 -0.1316803421827410D-08
 -0.1440992591564974D-08 -0.1576893191911424D-08 -0.1725611519758486D-08
 -0.1888353844101694D-08 -0.2066445255955709D-08 -0.2261339077502587D-08
 -0.2474601258904080D-08 -0.2707980726447465D-08 -0.2963385770485441D-08
 -0.3242861696775241D-08 -0.3548698081401339D-08 -0.3883385674718636D-08
 -0.4249624629307248D-08 -0.4650407838961483D-08 -0.5088994723824679D-08
 -0.5568948134624100D-08 -0.6094159713823154D-08 -0.6668903476738339D-08
 -0.7297857811913508D-08 -0.7986124036365976D-08 -0.8739302285104458D-08
 -0.9563520400436619D-08 -0.1046546730600272D-07 -0.1145247338422243D-07
 -0.1253256926062731D-07 -0.1371452944967549D-07 -0.1500795747223652D-07
 -0.1642337923397455D-07 -0.1797228420281325D-07 -0.1966727155894594D-07
 -0.2152210991456966D-07 -0.2355188694718210D-07 -0.2577309060174571D-07
 -0.2820377550171891D-07 -0.3086370337518779D-07 -0.3377449956505194D-07
 -0.3695980645177071D-07 -0.4044552748439557D-07 -0.4425998820060765D-07
 -0.4843419660304393D-07 -0.5300207441085236D-07 -0.5800076120519972D-07
 -0.6347087809041965D-07 -0.6945688309925251D-07 -0.7600743936092473D-07
 -0.8317578131948490D-07 -0.9102018005810984D-07 -0.9960439505386455D-07
 -0.1089981953266436D-06 -0.1192779331868342D-06 -0.1305271662349456D-06
 -0.1428373265436769D-06 -0.1563084749731576D-06 -0.1710500939293292D-06
 -0.1871820184436268D-06 -0.2048353574172331D-06 -0.2241536052972100D-06
 -0.2452937742289784D-06 -0.2684276994696261D-06 -0.2937434131426133D-06
 -0.3214466758639621D-06 -0.3517626608382334D-06 -0.3849377846982898D-06
 -0.4212416892156067D-06 -0.4609694520119569D-06 -0.5044439903519466D-06
 -0.5520186550038914D-06 -0.6040801388307889D-06 -0.6610516016663246D-06
 -0.7233961012192608D-06 -0.7916203821784042D-06 -0.8662789685262622D-06
 -0.9479786892909498D-06 -0.1037383596658331D-05 -0.1135220380643680D-05
 -0.1242284263418543D-05 -0.1359445453707773D-05 -0.1487656243990831D-05
 -0.1627958737009897D-05 -0.1781493309082549D-05 -0.1949507900743810D-05
 -0.2133368126499082D-05 -0.2334568415972977D-05 -0.2554744124231868D-05
 -0.2795684843685109D-05 -0.3059348947784221D-05 -0.3347879504230196D-05
 -0.3663621692430572D-05 -0.4009141873335282D-05 -0.4387248441084792D-05
 -0.4801014651861904D-05 -0.5253803612334757D-05 -0.5749295593659626D-05
 -0.6291517968471164D-05 -0.6884877929543414D-05 -0.7534198319220530D-05
 -0.8244756827023904D-05 -0.9022328888052811D-05 -0.9873234622852474D-05
 -0.1080439021009077D-04 -0.1182336410238592D-04 -0.1293843854112314D-04
 -0.1415867687181365D-04 -0.1549399721948213D-04 -0.1695525309318928D-04
 -0.1855432161014381D-04 -0.2030420003511090D-04 -0.2221911141295743D-04
 -0.2431462018276557D-04 -0.2660775868719048D-04 -0.2911716559574157D-04
 -0.3186323742261225D-04 -0.3486829429573864D-04 -0.3815676137915547D-04
 -0.4175536740029325D-04 -0.4569336190459186D-04 -0.5000275299071599D-04
 -0.5471856747532388D-04 -0.5987913559755170D-04 -0.6552640256132073D-04
 -0.7170626946689673D-04 -0.7846896639679808D-04 -0.8586946069574727D-04
 -0.9396790372866592D-04 -0.1028301198084136D-03 -0.1125281412068630D-03
 -0.1231407936429401D-03 -0.1347543369719120D-03 -0.1474631663109572D-03
 -0.1613705792864933D-03 -0.1765896156353898D-03 -0.1932439759963536D-03
 -0.2114690273529378D-03 -0.2314129032949991D-03 -0.2532377080542050D-03
 -0.2771208340908894D-03 -0.3032564039444239D-03 -0.3318568480588840D-03
 -0.3631546314312895D-03 -0.3974041430864044D-03 -0.4348837637556945D-03
 -0.4758981285638181D-03 -0.5207806031079077D-03 -0.5698959930603131D-03
 -0.6236435093165003D-03 -0.6824600127900536D-03 -0.7468235652248977D-03
 -0.8172573148936089D-03 -0.8943337487566798D-03 -0.9786793456468045D-03
 -0.1070979668303555D-02 -0.1171984935638328D-02 -0.1282516120534471D-02
 -0.1403471622726454D-02 -0.1535834571012117D-02 -0.1680680814147426D-02
 -0.1839187665362299D-02 -0.2012643471590651D-02 -0.2202458085178203D-02
 -0.2410174323190987D-02 -0.2637480507466265D-02 -0.2886224187326253D-02
 -0.3158427156493711D-02 -0.3456301886278024D-02 -0.3782269508584777D-02
 -0.4138979494923064D-02 -0.4529331191367878D-02 -0.4956497384503290D-02
 -0.5423950089895672D-02 -0.5935488772708410D-02 -0.6495271229833280D-02
 -0.7107847384546452D-02 -0.7778196268378939D-02 -0.8511766490789630D-02
 -0.9314520525570122D-02 -0.1019298317395640D-01 -0.1115429459834724D-01
 -0.1220626835768850D-01 -0.1335745491624269D-01 -0.1461721114193480D-01
 -0.1599577635916957D-01 -0.1750435557426669D-01 -0.1915521054998554D-01
 -0.2096175946937912D-01 -0.2293868599906616D-01 -0.2510205863836921D-01
 -0.2746946132440965D-01 -0.3006013635470749D-01 -0.3289514078896934D-01
 -0.3599751760130201D-01 -0.3939248297397670D-01 -0.4310763125507645D-01
 -0.4717315924592121D-01 -0.5162211164128797D-01 -0.5649064961736728D-01
 -0.6181834475054329D-01 -0.6764850065597605D-01 -0.7402850496027583D-01
 -0.8101021446909817D-01 -0.8865037666032674D-01 -0.9701109092873260D-01
 -0.1061603133311274D+00 -0.1161724089345880D+00 -0.1271287562572401D+00
 -0.1391184087145229D+00 -0.1522388184471748D+00 -0.1665966284142258D+00
 -0.1823085391891570D+00 -0.1995022575045484D+00 -0.2183175342550171D+00
 -0.2389073003953561D+00
    1 1000  327
  0.0000000000000000D+00  0.4048271698233818D-13  0.4569944497746364D-13
  0.5023477808694205D-13  0.5465247880361464D-13  0.5991579724176426D-13
  0.6482311027984789D-13  0.7079638578129693D-13  0.7898551787174547D-13
  0.8511171140945576D-13  0.9519639713127100D-13  0.1050494573013064D-12
  0.1122263979153095D-12  0.1233219130165543D-12  0.1365763646929284D-12
  0.1507527960029576D-12  0.1635458139461633D-12  0.1803814361074795D-12
  0.1978240468982662D-12  0.2142834945844439D-12  0.2375338246154972D-12
  0.2589445032036629D-12  0.2837219717503736D-12  0.3090414497766470D-12
  0.3385178370851704D-12  0.3712928960985674D-12  0.4085670700543745D-12
  0.4450682044457022D-12  0.4866621077266265D-12  0.5330287557493175D-12
  0.5848213430957659D-12  0.6400921371425009D-12  0.7000564268881614D-12
  0.7661962826738309D-12  0.8375899507535934D-12  0.9183530869164580D-12
  0.1005039947423344D-11  0.1100210803101896D-11  0.1203692905499211D-11
  0.1315774671816810D-11  0.1440987640893998D-11  0.1577234528292597D-11
  0.1726502024834009D-11  0.1888238410793043D-11  0.2066678726255986D-11
  0.2262078997514356D-11  0.2477057239522274D-11  0.2709377173097970D-11
  0.2966571821650115D-11  0.3245765653415754D-11  0.3550728934885813D-11
  0.3888659244424566D-11  0.4254582587590219D-11  0.4653302984283731D-11
  0.5095140903279243D-11  0.5575678742930175D-11  0.6100043203880964D-11
  0.6675562123023133D-11  0.7306568225603565D-11  0.7996128950957742D-11
  0.8752310852998024D-11  0.9574570344671316D-11  0.1047806189049604D-10
  0.1146659354011133D-10  0.1254913003075863D-10  0.1373275325501315D-10
  0.1502743037773405D-10  0.1644519802769691D-10  0.1799607673608678D-10
  0.1969314544251417D-10  0.2155155613356893D-10  0.2358389414881679D-10
  0.2580758432183783D-10  0.2824236401004289D-10  0.3090464427759366D-10
  0.3382199419555231D-10  0.3701152440630969D-10  0.4050253379469804D-10
  0.4432084506147826D-10  0.4850053607955975D-10  0.5307566752064646D-10
  0.5808201787565595D-10  0.6355992371847628D-10  0.6955371376432729D-10
  0.7611362486203870D-10  0.8329221799600243D-10  0.9114748829501569D-10
  0.9974499896981435D-10  0.1091512282412694D-09  0.1194456919684252D-09
  0.1307113307443669D-09  0.1430391112456480D-09  0.1565294663911020D-09
  0.1712936089836922D-09  0.1874484919914077D-09  0.2051266650616131D-09
  0.2244718667458995D-09  0.2456416111308524D-09  0.2688084894304329D-09
  0.2941599975041089D-09  0.3219032546705899D-09  0.3522631674342446D-09
  0.3854840687139161D-09  0.4218418025840512D-09  0.4616246445046141D-09
  0.5051632213752253D-09  0.5528046984002247D-09  0.6049404241375212D-09
  0.6619924899162702D-09  0.7244266829262343D-09  0.7927473163910550D-09
  0.8675130595985731D-09  0.9493294888962735D-09  0.1038861843886474D-08
  0.1136838313154065D-08  0.1244055259357963D-08  0.1361382707970464D-08
  0.1489777850781055D-08  0.1630279055817007D-08  0.1784033411018254D-08
  0.1952287522824769D-08  0.2136409760013934D-08  0.2337897010134677D-08
  0.2558387531484484D-08  0.2799671415861020D-08  0.3063711728755226D-08
  0.3352653115094871D-08  0.3668846336232144D-08  0.4014858897727230D-08
  0.4393505156549545D-08  0.4807862191822577D-08  0.5261296639601702D-08
  0.5757495323535160D-08  0.6300491645821591D-08  0.6894697964187766D-08
  0.7544944913625937D-08  0.8256517622775579D-08  0.9035197944893239D-08
  0.9887316852586548D-08  0.1081980164600581D-07  0.1184022826029769D-07
  0.1295689432600545D-07  0.1417887346434758D-07  0.1551609856146659D-07
  0.1697943939850482D-07  0.1858078934092254D-07  0.2033316398835202D-07
  0.2225080656626432D-07  0.2434930403146165D-07  0.2664571426893660D-07
  0.2915870116672357D-07  0.3190868973119281D-07  0.3491803369483316D-07
  0.3821119161239580D-07  0.4181493120478911D-07  0.4575854422456542D-07
  0.5007408168179322D-07  0.5479662455026225D-07  0.5996455419910738D-07
  0.6561987705951008D-07  0.7180855939043516D-07  0.7858090509417999D-07
  0.8599195447409764D-07  0.9410195077171497D-07  0.1029768100192416D-06
  0.1126886659361178D-06  0.1233164570013249D-06  0.1349465673541824D-06
  0.1476735267420087D-06  0.1616007801418190D-06  0.1768415267354155D-06
  0.1935196447906943D-06  0.2117706952347309D-06  0.2317430224767455D-06
  0.2535989598067854D-06  0.2775161574485146D-06  0.3036890099113795D-06
  0.3323302531275185D-06  0.3636726848754085D-06  0.3979710549309941D-06
  0.4355041417377842D-06  0.4765770150168963D-06  0.5215235155057285D-06
  0.5707089708895794D-06  0.6245331598296261D-06  0.6834335675431099D-06
  0.7478889365612594D-06  0.8184231628982705D-06  0.8956095489798922D-06
  0.9800754685840518D-06  0.1072507461290143D-05  0.1173656816385091D-05
  0.1284345677987333D-05  0.1405473728186116D-05  0.1538025498453348D-05
  0.1683078369196689D-05  0.1841811337121607D-05  0.2015514584301448D-05
  0.2205599976166065D-05  0.2413612529361909D-05  0.2641242974761670D-05
  0.2890341496889662D-05  0.3162932774079977D-05  0.3461232433610514D-05
  0.3787665061682017D-05  0.4144883908571955D-05  0.4535792456647082D-05
  0.4963568018862017D-05  0.5431687563642726D-05  0.5943955975678679D-05
  0.6504536984598350D-05  0.7117987002887721D-05  0.7789292165388819D-05
  0.8523908853803297D-05  0.9327808048393877D-05  0.1020752385761567D-04
  0.1117020662982068D-04  0.1222368107013938D-04  0.1337650984143667D-04
  0.1463806315799757D-04  0.1601859495152936D-04  0.1752932621307977D-04
  0.1918253619736491D-04  0.2099166222838897D-04  0.2297140892025774D-04
  0.2513786769405956D-04  0.2750864757135053D-04  0.3010301829989258D-04
  0.3294206697730307D-04  0.3604886944996007D-04  0.3944867787210898D-04
  0.4316912595566130D-04  0.4724045357925533D-04  0.5169575257692199D-04
  0.5657123571065247D-04  0.6190653100654024D-04  0.6774500385460812D-04
  0.7413410948125489D-04  0.8112577866849327D-04  0.8877683984603266D-04
  0.9714948099618474D-04  0.1063117551178307D-03  0.1163381333623709D-03
  0.1273101103376017D-03  0.1393168664972213D-03  0.1524559930009946D-03
  0.1668342849383812D-03  0.1825686093608630D-03  0.1997868551797174D-03
  0.2186289726491551D-03  0.2392481108858811D-03  0.2618118626682604D-03
  0.2865036266327219D-03  0.3135240979425076D-03  0.3430928995414919D-03
  0.3754503672551134D-03  0.4108595032435014D-03  0.4496081136893797D-03
  0.4920111480917215D-03  0.5384132591828528D-03  0.5891916042721414D-03
  0.6447589107883902D-03  0.7055668309369520D-03  0.7721096127385730D-03
  0.8449281172864504D-03  0.9246142148767549D-03  0.1011815595742976D-02
  0.1107241034494666D-02  0.1211666151052719D-02  0.1325939714903073D-02
  0.1450990543913139D-02  0.1587835053782483D-02  0.1737585519490126D-02
  0.1901459115888232D-02  0.2080787810924751D-02  0.2277029191906082D-02
  0.2491778312795765D-02  0.2726780658846982D-02  0.2983946333941411D-02
  0.3265365585953535D-02  0.3573325796327456D-02  0.3910330071960569D-02
  0.4279117590507531D-02  0.4682685864472418D-02  0.5124315105051505D-02
  0.5607594883757627D-02  0.6136453308530014D-02  0.6715188951477265D-02
  0.7348505787758570D-02  0.8041551429590118D-02  0.8799958966143578D-02
  0.9629892749409076D-02  0.1053809849817527D-01  0.1153195812736953D-01
  0.1261954974841327D-01  0.1380971332827807D-01  0.1511212254091695D-01
  0.1653736339508556D-01  0.1809702027763748D-01  0.1980377011165804D-01
  0.2167148539475451D-01  0.2371534695500161D-01  0.2595196734102194D-01
  0.2839952584912249D-01  0.3107791628498593D-01  0.3400890866093220D-01
  0.3721632614302416D-01  0.4072623868624805D-01  0.4456717493164356D-01
  0.4877035408768084D-01  0.5336993968062650D-01  0.5840331723638653D-01
  0.6391139815082447D-01  0.6993895221842564D-01  0.7653497152210471D-01
  0.8375306864185693D-01  0.9165191241890898D-01  0.1002957048172595D+00
  0.1097547027585586D+00  0.1201057891718076D+00  0.1314330978993773D+00
  0.1438286975386037D+00  0.1573933397772348D+00  0.1722372783052072D+00
  0.1884811649589020D+00  0.2062570303817376D+00  0.2257093571719432D+00
  0.2469962542400826D+00
    1 1000  327
  0.0000000000000000D+00 -0.1215338382990438D-15 -0.3853412783798732D-15
 -0.6256623583229255D-15 -0.1274411967441590D-15 -0.6843430068135479D-15
 -0.4834576447443399D-15 -0.5176266232778172D-16 -0.8938012162108132D-16
 -0.9368929524594896D-15 -0.1418263740924099D-14 -0.1834025285336097D-14
 -0.1589556449183964D-14 -0.6843836142653034D-16 -0.2291077717725340D-15
 -0.1512135399506888D-14 -0.5823386009860747D-15 -0.7622689845505118D-15
 -0.3079899006886928D-15  0.5026750435498068D-15 -0.9158583081298194D-15
 -0.1201191947654425D-15 -0.8741597694974797D-15  0.2138260203932844D-16
  0.4734992744623754D-16 -0.1386502942737469D-14 -0.2471713860559398D-15
 -0.7960744872379639D-15 -0.3395718628810293D-15  0.3961001225879795D-16
 -0.1294699364392622D-14 -0.6145380582533658D-15 -0.1065173597602632D-14
 -0.8172533884568548D-15 -0.1214064638274616D-14 -0.5513798995386517D-15
 -0.9578348751935963D-15 -0.2732955402775685D-15 -0.1214261736348604D-14
 -0.1094008501633279D-14  0.4080244778061595D-15  0.2272334415418139D-15
  0.1201296814796996D-15 -0.1144058199499794D-14 -0.4964698324936057D-15
 -0.1173610232854884D-14 -0.9745294089447924D-15 -0.3304972291637237D-15
  0.9114279992615015D-16 -0.5668918042827792D-16 -0.2676979655537187D-15
  0.1321545084720370D-15  0.2854683515374450D-15 -0.1722075654014139D-14
  0.5751096116999346D-15 -0.9033338702632464D-15  0.3301671478077823D-15
  0.3113258258937155D-15 -0.8239396410471951D-15  0.6444299804623990D-15
  0.7258234553150448D-15  0.9250334399075141D-15  0.5417993759129497D-15
  0.2625065389311938D-14  0.1710884707948782D-14  0.2120857614754390D-14
  0.2289516167692696D-14  0.1996799076657918D-14  0.2860915096028257D-14
  0.1528613349600656D-14  0.3150002594280248D-14  0.4052057393683166D-14
  0.4632552030355004D-14  0.4291168444863403D-14  0.5889947717664049D-14
  0.6531142413571857D-14  0.7371542560818936D-14  0.8108387222924012D-14
  0.9348789934628305D-14  0.1157990289712279D-13  0.1235810819081826D-13
  0.1297123794044128D-13  0.1496572778981866D-13  0.1704605315064682D-13
  0.1874494993738513D-13  0.2203013405467622D-13  0.2603780489170102D-13
  0.2699298802055539D-13  0.3186028224002824D-13  0.3699251064518781D-13
  0.4044316434153282D-13  0.4608671636966863D-13  0.5195525191102836D-13
  0.5895106677983178D-13  0.6438174648326509D-13  0.7361046725471228D-13
  0.8429668182827950D-13  0.9477148650349732D-13  0.1066847412394728D-12
  0.1204846225126413D-12  0.1355187255087394D-12  0.1533092833514507D-12
  0.1731280664011559D-12  0.1957250781430508D-12  0.2205658320880874D-12
  0.2484341433937088D-12  0.2811419766048178D-12  0.3160735884724231D-12
  0.3570436687461234D-12  0.4020839771443657D-12  0.4532768785206942D-12
  0.5120023331836745D-12  0.5769816597826894D-12  0.6495093577915821D-12
  0.7334678977085139D-12  0.8270195501387447D-12  0.9316151595091272D-12
  0.1051954223761387D-11  0.1185621005986071D-11  0.1336685427298124D-11
  0.1508290934714607D-11  0.1701599787888400D-11  0.1917352056887906D-11
  0.2163302207189129D-11  0.2438661309808035D-11  0.2750835786881878D-11
  0.3102836528620403D-11  0.3498275991971414D-11  0.3945677532731715D-11
  0.4449189339455790D-11  0.5017778566607190D-11  0.5657839644767245D-11
  0.6380430251675687D-11  0.7195938804990299D-11  0.8113970687377370D-11
  0.9149980998822632D-11  0.1031805846543327D-10  0.1163626508153751D-10
  0.1312228339229804D-10  0.1479685664516418D-10  0.1668713389958229D-10
  0.1881757612503764D-10  0.2121996096138277D-10  0.2393020625887123D-10
  0.2698504593637784D-10  0.3043152612097283D-10  0.3431569732827684D-10
  0.3869869812670858D-10  0.4364057560092317D-10  0.4921204918294925D-10
  0.5549561799170490D-10  0.6258131796885112D-10  0.7057258579402780D-10
  0.7958309862764865D-10  0.8974500774400999D-10  0.1012040167624952D-09
  0.1141266373962146D-09  0.1286992912270160D-09  0.1451326899922857D-09
  0.1636630918273615D-09  0.1845613643454151D-09  0.2081260730089072D-09
  0.2347010790801076D-09  0.2646686529835013D-09  0.2984626445461593D-09
  0.3365717639969680D-09  0.3795479044529994D-09  0.4280107063228072D-09
  0.4826607200501574D-09  0.5442886898772294D-09  0.6137860028915834D-09
  0.6921575955388356D-09  0.7805347084161906D-09  0.8801986479152198D-09
  0.9925864024595015D-09  0.1119324060949134D-08  0.1262245156265999D-08
  0.1423414423464947D-08  0.1605163009236962D-08  0.1810118157586354D-08
  0.2041242859254714D-08  0.2301878453174186D-08  0.2595793166472693D-08
  0.2927237003605795D-08  0.3301000634280073D-08  0.3722488371821595D-08
  0.4197793787073792D-08  0.4733788489264132D-08  0.5338220975511218D-08
  0.6019831325598301D-08  0.6788472668527897D-08  0.7655257210650001D-08
  0.8632718001230337D-08  0.9734984899747297D-08  0.1097799500670321D-07
  0.1237971837034364D-07  0.1396042059600757D-07  0.1574295428764003D-07
  0.1775309091486593D-07  0.2001989114465183D-07  0.2257612760318029D-07
  0.2545875656049947D-07  0.2870945326310739D-07  0.3237521550889995D-07
  0.3650903910128162D-07  0.4117068948535621D-07  0.4642756207631060D-07
  0.5235565747832828D-07  0.5904068031081542D-07  0.6657927964600339D-07
  0.7508044372536659D-07  0.8466707717363563D-07  0.9547777823848549D-07
  0.1076688423773843D-06  0.1214165197802518D-06  0.1369195676934110D-06
  0.1544021191262792D-06  0.1741169272769653D-06  0.1963490172313064D-06
  0.2214198076756592D-06  0.2496917581728997D-06  0.2815736073047229D-06
  0.3175262849997189D-06  0.3580695745743242D-06  0.4037896267745758D-06
  0.4553474361469337D-06  0.5134883954797375D-06  0.5790530734548122D-06
  0.6529893656094457D-06  0.7363662009974057D-06  0.8303889932907129D-06
  0.9364170697131981D-06  0.1055983322992095D-05  0.1190816372183164D-05
  0.1342865556551505D-05  0.1514329114867824D-05  0.1707685968402364D-05
  0.1925731558764478D-05  0.2171618262748601D-05  0.2448900968368936D-05
  0.2761588469112824D-05  0.3114201419407966D-05  0.3511837693801455D-05
  0.3960246087978460D-05  0.4465909431040019D-05  0.5036138311252857D-05
  0.5679176768554438D-05  0.6404321480705250D-05  0.7222056171442818D-05
  0.8144203175963818D-05  0.9184094362636678D-05  0.1035676387716797D-04
  0.1167916549780016D-04  0.1317041774270860D-04  0.1485208027492907D-04
  0.1674846559930927D-04  0.1888699055890197D-04  0.2129857271112542D-04
  0.2401807731734016D-04  0.2708482140330364D-04  0.3054314218199683D-04
  0.3444303805689286D-04  0.3884089146801214D-04  0.4380028403810617D-04
  0.4939291579833041D-04  0.5569964178687143D-04  0.6281164100192236D-04
  0.7083173461803569D-04  0.7987587251283667D-04  0.9007480960460740D-04
  0.1015759962308995D-03  0.1145457099006759D-03  0.1291714592372165D-03
  0.1456646948711701D-03  0.1642638664700195D-03  0.1852378701069790D-03
  0.2088899358039036D-03  0.2355620114549033D-03  0.2656397065146311D-03
  0.2995578669129208D-03  0.3378068618082187D-03  0.3809396730611701D-03
  0.4295798899265225D-03  0.4844307245459156D-03  0.5462851785827753D-03
  0.6160375079820167D-03  0.6946961516055616D-03  0.7833983106589608D-03
  0.8834263896884012D-03  0.9962265368448750D-03  0.1123429551458154D-02
  0.1266874461190891D-02  0.1428635109637658D-02  0.1611050138757216D-02
  0.1816756799605671D-02  0.2048729080188361D-02  0.2310320701659345D-02
  0.2605313604483587D-02  0.2937972625546022D-02  0.3313107156698120D-02
  0.3736140676165902D-02  0.4213189158062882D-02  0.4751149493609287D-02
  0.5357799202398613D-02  0.6041908875280817D-02  0.6813368974494953D-02
  0.7683332824256275D-02  0.8664377859070810D-02  0.9770687461013859D-02
  0.1101825601487003D-01  0.1242512014570367D-01  0.1401161948195973D-01
  0.1580069071405467D-01  0.1781819919978953D-01  0.2009331291074377D-01
  0.2265892412594815D-01  0.2555212496944440D-01  0.2881474366677528D-01
  0.3249394927329261D-01  0.3664293361709731D-01  0.4132168031574397D-01
  0.4659783198471403D-01  0.5254766817525435D-01  0.5925720818003782D-01
  0.6682345465038063D-01  0.7535579600450620D-01  0.8497758790207001D-01
  0.9582793664899070D-01
    1 1000  327
  0.0000000000000000D+00 -0.1208674222400221D-14 -0.7970077198041667D-16
  0.1344895407452905D-14  0.4509395195031493D-15  0.6246902299747906D-15
 -0.8389992520500764D-15 -0.3516356702435878D-15  0.4175371454750564D-15
 -0.8907197189256449D-15 -0.7156713644934438D-15 -0.1723597458123555D-14
 -0.5126598929981208D-15 -0.6308730826884953D-15 -0.1099437232672407D-14
 -0.2963534552308465D-15 -0.9875596932408736D-15 -0.1541973580800785D-16
 -0.1155666716619165D-14 -0.1252980231518957D-14 -0.1104763248265238D-14
 -0.1351516112807998D-14 -0.9864415536795451D-15 -0.5586578877223075D-15
 -0.1698927777172445D-14  0.7343658886399366D-15 -0.3321092568145207D-15
 -0.1009677973427717D-14  0.6291255574987507D-15 -0.1750209663864007D-15
  0.4670392545645688D-15 -0.2647996701953092D-15 -0.3665039004847880D-15
  0.1478004672844229D-15 -0.6689792251559431D-15 -0.2053799934897372D-15
 -0.8413355849640285D-15 -0.3234869049448884D-16 -0.1093117733681347D-14
 -0.6070192122849782D-15 -0.1442065460306412D-14 -0.1767200968781184D-14
 -0.5865740711538603D-15 -0.1717622596453555D-15 -0.1214216368572748D-14
 -0.5991143743949239D-15 -0.4778754234929685D-15 -0.4034899493796087D-15
 -0.1191441355162127D-14 -0.1635844903497393D-14 -0.1412407883281538D-14
 -0.1522661407611405D-14 -0.8689811907728927D-15 -0.1004021700563292D-14
 -0.1146604319488294D-14 -0.5008144652718613D-15 -0.3163448642675658D-14
 -0.3214807237564555D-14 -0.3121637776685535D-14 -0.2560575153664663D-14
 -0.2418939302151324D-14 -0.2783388473169110D-14 -0.2735466869622202D-14
 -0.3761705246360579D-14 -0.2662685969505219D-14 -0.5408013801772865D-14
 -0.5271127628985454D-14 -0.7879925351283258D-14 -0.5828182999614420D-14
 -0.8790794568122866D-14 -0.8820371124453705D-14 -0.9464106457045137D-14
 -0.9286054321171803D-14 -0.1312415310403267D-13 -0.1497655385475521D-13
 -0.1675359922143590D-13 -0.1846896508779877D-13 -0.1894579680439962D-13
 -0.2265892186146802D-13 -0.2430774153942389D-13 -0.2800994909733483D-13
 -0.3213299007253185D-13 -0.3594080869452546D-13 -0.4119334732435374D-13
 -0.4604916872047402D-13 -0.5086189864650673D-13 -0.5785716980919585D-13
 -0.6656766339016805D-13 -0.7299984691768233D-13 -0.8308434729956717D-13
 -0.9432024469351277D-13 -0.1053763681866539D-12 -0.1179418689805046D-12
 -0.1344901967743376D-12 -0.1515905520071645D-12 -0.1698934328198842D-12
 -0.1924782703408303D-12 -0.2159880703154829D-12 -0.2443581746540624D-12
 -0.2761124591814887D-12 -0.3094698607418043D-12 -0.3502532651822101D-12
 -0.3936148300736965D-12 -0.4450937222715523D-12 -0.5011048880163946D-12
 -0.5656706969042682D-12 -0.6378893215379297D-12 -0.7207325526259566D-12
 -0.8114710894578803D-12 -0.9149262552221153D-12 -0.1031940817367530D-11
 -0.1162688998256369D-11 -0.1313624963224743D-11 -0.1480022455412713D-11
 -0.1669119443608266D-11 -0.1882308378422889D-11 -0.2121887793994453D-11
 -0.2392735418979761D-11 -0.2698030366295482D-11 -0.3043787576090399D-11
 -0.3429789692284352D-11 -0.3869704304671040D-11 -0.4362941853201579D-11
 -0.4919319168211353D-11 -0.5550022335669700D-11 -0.6257698654451512D-11
 -0.7055714238757343D-11 -0.7955505254752714D-11 -0.8971516637835612D-11
 -0.1011771545641686D-10 -0.1140947563918264D-10 -0.1286471420842839D-10
 -0.1450774857503120D-10 -0.1636177393474962D-10 -0.1845172615454594D-10
 -0.2080597349206353D-10 -0.2346452574863781D-10 -0.2645913183581855D-10
 -0.2983819729854816D-10 -0.3364898672817869D-10 -0.3794537933835885D-10
 -0.4278973685688164D-10 -0.4825361821648514D-10 -0.5441415493509771D-10
 -0.6136139071097689D-10 -0.6919768932867896D-10 -0.7803177881614317D-10
 -0.8799508744080715D-10 -0.9923081218667906D-10 -0.1119004274621970D-09
 -0.1261895714474976D-09 -0.1423012198717905D-09 -0.1604704169618168D-09
 -0.1809596125010819D-09 -0.2040663144151373D-09 -0.2301227603580959D-09
 -0.2595041998513820D-09 -0.2926405015608488D-09 -0.3300072581207878D-09
 -0.3721435942938244D-09 -0.4196603177272008D-09 -0.4732448329470103D-09
 -0.5336708381249828D-09 -0.6018127191073635D-09 -0.6786541980750432D-09
 -0.7653070233403905D-09 -0.8630261841663062D-09 -0.9732216403879495D-09
 -0.1097487736947585D-08 -0.1237620720773666D-08 -0.1395645464393033D-08
 -0.1573848252137747D-08 -0.1774804775077691D-08 -0.2001419959679072D-08
 -0.2256971272899491D-08 -0.2545151456768345D-08 -0.2870129346321530D-08
 -0.3236601578372297D-08 -0.3649865941880744D-08 -0.4115898302446891D-08
 -0.4641435724793467D-08 -0.5234077877599847D-08 -0.5902388477215932D-08
 -0.6656034673705950D-08 -0.7505908749932119D-08 -0.8464300171952800D-08
 -0.9545061800714056D-08 -0.1076382196824124D-07 -0.1213819814892188D-07
 -0.1368806222963646D-07 -0.1543581980531122D-07 -0.1740674078775651D-07
 -0.1962931718760168D-07 -0.2213568332722216D-07 -0.2496207380151218D-07
 -0.2814935230587768D-07 -0.3174359701610794D-07 -0.3579677294015769D-07
 -0.4036747774032833D-07 -0.4552179209422122D-07 -0.5133423424048940D-07
 -0.5788883707064895D-07 -0.6528036311616237D-07 -0.7361567551581665D-07
 -0.8301528114253958D-07 -0.9361507242449009D-07 -0.1055682965482792D-06
 -0.1190477665406811D-06 -0.1342483598575880D-06 -0.1513898386115814D-06
 -0.1707200245537826D-06 -0.1925183817228051D-06 -0.2171000581291725D-06
 -0.2448204421181821D-06 -0.2760802982730009D-06 -0.3113315637990876D-06
 -0.3510838808959963D-06 -0.3959119662585245D-06 -0.4464639174931245D-06
 -0.5034705864989494D-06 -0.5677561418745519D-06 -0.6402499873314809D-06
 -0.7220001974046071D-06 -0.8141886690730350D-06 -0.9181482097405178D-06
 -0.1035381806957693D-05 -0.1167584354884683D-05 -0.1316667163214262D-05
 -0.1484785584493519D-05 -0.1674370177091295D-05 -0.1888161845969449D-05
 -0.2129251467854402D-05 -0.2401124576721729D-05 -0.2707711756652596D-05
 -0.3053445468446125D-05 -0.3443324129857011D-05 -0.3882984381113353D-05
 -0.4378782576105156D-05 -0.4937886678958668D-05 -0.5568379893473428D-05
 -0.6279377525364381D-05 -0.7081158768347955D-05 -0.7985315312364887D-05
 -0.9004918929281132D-05 -0.1015471045938450D-04 -0.1145131292401923D-04
 -0.1291347185178825D-04 -0.1456232629226618D-04 -0.1642171442904559D-04
 -0.1851851822122440D-04 -0.2088305204665152D-04 -0.2354950096776415D-04
 -0.2655641496280592D-04 -0.2994726625559229D-04 -0.3377107781506557D-04
 -0.3808313209780504D-04 -0.4294577029245325D-04 -0.4842929361185344D-04
 -0.5461297966625706D-04 -0.6158622861468768D-04 -0.6944985566035055D-04
 -0.7831754857709113D-04 -0.8831751134404790D-04 -0.9959431764346158D-04
 -0.1123110010221983D-03 -0.1266514119387072D-03 -0.1428228757652298D-03
 -0.1610591901788504D-03 -0.1816240052728669D-03 -0.2048146352574138D-03
 -0.2309663568569513D-03 -0.2604572565468242D-03 -0.2937136967090682D-03
 -0.3312164797335704D-03 -0.3735077991810334D-03 -0.4211990785037324D-03
 -0.4749798106529804D-03 -0.5356275263690943D-03 -0.6040190352720818D-03
 -0.6811431022675801D-03 -0.7681147425392329D-03 -0.8661913417927444D-03
 -0.9767908348124507D-03 -0.1101512205142867D-02 -0.1242158602267605D-02
 -0.1400763410504016D-02 -0.1579619646496458D-02 -0.1781313110327417D-02
 -0.2008759769519448D-02 -0.2265247916408094D-02 -0.2554485708372555D-02
 -0.2880654778231273D-02 -0.3248470689872729D-02 -0.3663251113151942D-02
 -0.4130992703688142D-02 -0.4658457799045458D-02 -0.5253272184700960D-02
 -0.5924035343243272D-02 -0.6680444780721643D-02 -0.7533436227582930D-02
 -0.8495341741142052D-02 -0.9580067995338457D-02 -0.1080329733539011D-01
 -0.1218271450407637D-01 -0.1373826231752723D-01 -0.1549242998693226D-01
 -0.1747057825455768D-01 -0.1970130604469886D-01 -0.2221686393039871D-01
 -0.2505362039359130D-01 -0.2825258761959303D-01 -0.3186001442757437D-01
 -0.3592805490925396D-01 -0.4051552244261276D-01 -0.4568873998172021D-01
 -0.5152249891566772D-01 -0.5810114035924550D-01 -0.6551977450802959D-01
 -0.7388565568661690D-01 -0.8331973296965972D-01 -0.9395839879367612D-01
 -0.1059554608400646D+00 -0.1194843656976640D+00 -0.1347407064532786D+00
 -0.1519450504634822D+00 -0.1713461281899669D+00 -0.1932244292007951D+00
 -0.2178962573264583D+00
