  0.8350000000000000D+01    4
  0.2211313321219523D+01
    1  315    7
  327  327  327  327  327  327  327
  0.1944301846853101D-01  0.0000000000000000D+00  0.0000000000000000D+00
  0.0000000000000000D+00  0.0000000000000000D+00  0.0000000000000000D+00
  0.0000000000000000D+00  0.0000000000000000D+00  0.0000000000000000D+00
  0.0000000000000000D+00  0.0000000000000000D+00  0.0000000000000000D+00
  0.0000000000000000D+00  0.0000000000000000D+00  0.0000000000000000D+00
  0.0000000000000000D+00  0.0000000000000000D+00  0.0000000000000000D+00
  0.0000000000000000D+00  0.0000000000000000D+00  0.0000000000000000D+00
  0.0000000000000000D+00  0.0000000000000000D+00  0.0000000000000000D+00
  0.0000000000000000D+00  0.0000000000000000D+00  0.0000000000000000D+00
  0.0000000000000000D+00  0.0000000000000000D+00  0.0000000000000000D+00
  0.0000000000000000D+00  0.0000000000000000D+00  0.0000000000000000D+00
  0.0000000000000000D+00  0.0000000000000000D+00  0.0000000000000000D+00
  0.0000000000000000D+00  0.0000000000000000D+00  0.0000000000000000D+00
  0.0000000000000000D+00  0.0000000000000000D+00  0.0000000000000000D+00
  0.0000000000000000D+00  0.0000000000000000D+00  0.0000000000000000D+00
  0.0000000000000000D+00  0.0000000000000000D+00  0.0000000000000000D+00
  0.0000000000000000D+00  0.0000000000000000D+00  0.0000000000000000D+00
  0.0000000000000000D+00  0.0000000000000000D+00  0.0000000000000000D+00
  0.0000000000000000D+00  0.0000000000000000D+00  0.0000000000000000D+00
  0.0000000000000000D+00  0.0000000000000000D+00  0.0000000000000000D+00
  0.0000000000000000D+00  0.0000000000000000D+00  0.0000000000000000D+00
  0.0000000000000000D+00  0.0000000000000000D+00  0.0000000000000000D+00
  0.0000000000000000D+00  0.0000000000000000D+00  0.0000000000000000D+00
  0.0000000000000000D+00  0.0000000000000000D+00  0.0000000000000000D+00
  0.0000000000000000D+00  0.0000000000000000D+00  0.0000000000000000D+00
  0.0000000000000000D+00  0.0000000000000000D+00  0.0000000000000000D+00
  0.0000000000000000D+00  0.0000000000000000D+00  0.0000000000000000D+00
  0.0000000000000000D+00  0.0000000000000000D+00  0.0000000000000000D+00
  0.0000000000000000D+00  0.0000000000000000D+00  0.0000000000000000D+00
  0.0000000000000000D+00  0.0000000000000000D+00  0.0000000000000000D+00
  0.0000000000000000D+00  0.0000000000000000D+00  0.0000000000000000D+00
  0.0000000000000000D+00  0.0000000000000000D+00  0.0000000000000000D+00
  0.0000000000000000D+00  0.0000000000000000D+00  0.0000000000000000D+00
  0.0000000000000000D+00  0.0000000000000000D+00  0.0000000000000000D+00
  0.0000000000000000D+00  0.0000000000000000D+00  0.0000000000000000D+00
  0.0000000000000000D+00  0.0000000000000000D+00  0.0000000000000000D+00
  0.0000000000000000D+00  0.0000000000000000D+00  0.0000000000000000D+00
  0.0000000000000000D+00  0.0000000000000000D+00  0.0000000000000000D+00
  0.0000000000000000D+00  0.0000000000000000D+00  0.0000000000000000D+00
  0.0000000000000000D+00  0.0000000000000000D+00  0.0000000000000000D+00
  0.0000000000000000D+00  0.0000000000000000D+00  0.0000000000000000D+00
  0.0000000000000000D+00  0.0000000000000000D+00  0.0000000000000000D+00
  0.0000000000000000D+00  0.0000000000000000D+00  0.0000000000000000D+00
  0.0000000000000000D+00  0.0000000000000000D+00  0.0000000000000000D+00
  0.0000000000000000D+00  0.0000000000000000D+00  0.0000000000000000D+00
  0.0000000000000000D+00  0.0000000000000000D+00  0.0000000000000000D+00
  0.0000000000000000D+00  0.0000000000000000D+00  0.0000000000000000D+00
  0.0000000000000000D+00  0.0000000000000000D+00  0.0000000000000000D+00
  0.0000000000000000D+00  0.0000000000000000D+00  0.0000000000000000D+00
  0.0000000000000000D+00  0.0000000000000000D+00  0.0000000000000000D+00
  0.0000000000000000D+00  0.0000000000000000D+00  0.0000000000000000D+00
  0.0000000000000000D+00  0.0000000000000000D+00  0.0000000000000000D+00
  0.0000000000000000D+00  0.0000000000000000D+00  0.0000000000000000D+00
  0.0000000000000000D+00  0.0000000000000000D+00  0.0000000000000000D+00
  0.0000000000000000D+00  0.0000000000000000D+00  0.0000000000000000D+00
  0.0000000000000000D+00  0.0000000000000000D+00  0.0000000000000000D+00
  0.0000000000000000D+00  0.0000000000000000D+00  0.0000000000000000D+00
  0.0000000000000000D+00  0.0000000000000000D+00  0.0000000000000000D+00
  0.0000000000000000D+00  0.0000000000000000D+00  0.0000000000000000D+00
  0.0000000000000000D+00  0.0000000000000000D+00  0.0000000000000000D+00
  0.0000000000000000D+00  0.0000000000000000D+00  0.0000000000000000D+00
  0.0000000000000000D+00  0.0000000000000000D+00  0.0000000000000000D+00
  0.0000000000000000D+00  0.0000000000000000D+00  0.0000000000000000D+00
  0.0000000000000000D+00  0.0000000000000000D+00  0.0000000000000000D+00
  0.0000000000000000D+00  0.0000000000000000D+00  0.0000000000000000D+00
  0.0000000000000000D+00  0.0000000000000000D+00  0.0000000000000000D+00
  0.0000000000000000D+00  0.0000000000000000D+00  0.0000000000000000D+00
  0.0000000000000000D+00  0.0000000000000000D+00  0.0000000000000000D+00
  0.0000000000000000D+00  0.0000000000000000D+00  0.0000000000000000D+00
  0.0000000000000000D+00  0.0000000000000000D+00  0.0000000000000000D+00
  0.0000000000000000D+00  0.0000000000000000D+00  0.0000000000000000D+00
  0.0000000000000000D+00  0.0000000000000000D+00  0.0000000000000000D+00
  0.0000000000000000D+00  0.0000000000000000D+00  0.0000000000000000D+00
  0.0000000000000000D+00  0.0000000000000000D+00  0.0000000000000000D+00
  0.0000000000000000D+00  0.0000000000000000D+00  0.0000000000000000D+00
  0.0000000000000000D+00  0.0000000000000000D+00  0.0000000000000000D+00
  0.0000000000000000D+00  0.0000000000000000D+00  0.0000000000000000D+00
  0.0000000000000000D+00  0.0000000000000000D+00  0.0000000000000000D+00
  0.0000000000000000D+00  0.0000000000000000D+00  0.0000000000000000D+00
  0.0000000000000000D+00  0.0000000000000000D+00  0.0000000000000000D+00
  0.0000000000000000D+00  0.0000000000000000D+00  0.0000000000000000D+00
  0.0000000000000000D+00  0.0000000000000000D+00  0.0000000000000000D+00
  0.0000000000000000D+00  0.0000000000000000D+00  0.0000000000000000D+00
  0.0000000000000000D+00  0.0000000000000000D+00  0.0000000000000000D+00
  0.0000000000000000D+00  0.0000000000000000D+00  0.0000000000000000D+00
  0.0000000000000000D+00  0.0000000000000000D+00  0.0000000000000000D+00
  0.0000000000000000D+00  0.0000000000000000D+00  0.0000000000000000D+00
  0.0000000000000000D+00  0.0000000000000000D+00  0.0000000000000000D+00
  0.0000000000000000D+00  0.0000000000000000D+00  0.0000000000000000D+00
  0.0000000000000000D+00  0.0000000000000000D+00  0.0000000000000000D+00
  0.0000000000000000D+00  0.0000000000000000D+00  0.0000000000000000D+00
  0.0000000000000000D+00  0.0000000000000000D+00  0.0000000000000000D+00
  0.0000000000000000D+00  0.0000000000000000D+00  0.0000000000000000D+00
  0.0000000000000000D+00  0.0000000000000000D+00  0.0000000000000000D+00
  0.0000000000000000D+00  0.0000000000000000D+00  0.0000000000000000D+00
  0.0000000000000000D+00  0.0000000000000000D+00  0.0000000000000000D+00
  0.0000000000000000D+00  0.0000000000000000D+00  0.0000000000000000D+00
  0.0000000000000000D+00  0.0000000000000000D+00  0.0000000000000000D+00
  0.0000000000000000D+00  0.0000000000000000D+00  0.0000000000000000D+00
  0.0000000000000000D+00  0.0000000000000000D+00  0.0000000000000000D+00
  0.0000000000000000D+00  0.0000000000000000D+00  0.0000000000000000D+00
  0.0000000000000000D+00  0.0000000000000000D+00  0.0000000000000000D+00
  0.0000000000000000D+00  0.0000000000000000D+00  0.0000000000000000D+00
  0.0000000000000000D+00  0.0000000000000000D+00  0.0000000000000000D+00
  0.0000000000000000D+00  0.0000000000000000D+00  0.0000000000000000D+00
  0.0000000000000000D+00  0.1722683857530008D+06  0.1719211511956179D+06
  0.1715733104117024D+06  0.1712248301084578D+06  0.1708756789560691D+06
  0.1705258524760783D+06  0.1701752863794766D+06  0.1698239710170387D+06
  0.1694718509447329D+06  0.1691188930024716D+06  0.1687650554390189D+06
  0.1684102969792121D+06  0.1680545753232522D+06  0.1676978469588846D+06
  0.1673400672996831D+06  0.1669811906197080D+06  0.1666211700227517D+06
  0.1662599574137174D+06  0.1658975034659337D+06  0.1655337575887491D+06
  0.1651686678945865D+06  0.1648021811654148D+06  0.1644342428187223D+06
  0.1640647968729576D+06  0.1636937859124446D+06  0.1633211510517792D+06
  0.1629468318996976D+06  0.1625707665224372D+06  0.1621928914065807D+06
  0.1618131414213994D+06  0.1614314497807113D+06  0.1610477480042523D+06
  0.1606619658785868D+06  0.1602740314175728D+06  0.1598838708223930D+06
  0.1594914084411877D+06  0.1590965667282998D+06  0.1586992662031705D+06
  0.1582994254089133D+06  0.1578969608705979D+06  0.1574917870532859D+06
  0.1570838163198608D+06  0.1566729588886903D+06  0.1562591227911818D+06
  0.1558422138292766D+06  0.1554221355329446D+06  0.1549987891177465D+06
  0.1545720734425258D+06  0.1541418849673120D+06  0.1537081177115117D+06
  0.1532706632124737D+06  0.1528294104845238D+06  0.1523842459785669D+06
  0.1519350535423633D+06  0.1514817143815954D+06  0.1510241070218443D+06
  0.1505621072716102D+06  0.1500955881865133D+06  0.1496244200348261D+06
  0.1491484702644930D+06  0.1486676034718067D+06  0.1481816813719217D+06
  0.1476905627713925D+06  0.1471941035429398D+06  0.1466921566026562D+06
  0.1461845718898826D+06  0.1456711963499896D+06  0.1451518739203205D+06
  0.1446264455195628D+06  0.1440947490408312D+06  0.1435566193487620D+06
  0.1430118882809277D+06  0.1424603846539142D+06  0.1419019342743949D+06
  0.1413363599555812D+06  0.1407634815394275D+06  0.1401831159249952D+06
  0.1395950771034020D+06  0.1389991761998015D+06  0.1383952215228511D+06
  0.1377830186221651D+06  0.1371623703542505D+06  0.1365330769574607D+06
  0.1358949361365210D+06  0.1352477431571926D+06  0.1345912909516837D+06
  0.1339253702354209D+06  0.1332497696358254D+06  0.1325642758337674D+06
  0.1318686737183791D+06  0.1311627465559452D+06  0.1304462761736048D+06
  0.1297190431586150D+06  0.1289808270739620D+06  0.1282314066911047D+06
  0.1274705602406746D+06  0.1266980656819583D+06  0.1259137009920085D+06
  0.1251172444752466D+06  0.1243084750944253D+06  0.1234871728238265D+06
  0.1226531190255865D+06  0.1218060968500231D+06  0.1209458916608561D+06
  0.1200722914861945D+06  0.1191850874961528D+06  0.1182840745079500D+06
  0.1173690515193142D+06  0.1164398222709866D+06  0.1154961958390940D+06
  0.1145379872580948D+06  0.1135650181749725D+06  0.1125771175352734D+06
  0.1115741223015194D+06  0.1105558782044489D+06  0.1095222405274334D+06
  0.1084730749243226D+06  0.1074082582708457D+06  0.1063276795495607D+06
  0.1052312407682009D+06  0.1041188579110988D+06  0.1029904619231818D+06
  0.1018459997258501D+06  0.1006854352638066D+06  0.9950875058169378D+05
  0.9831594692912007D+05  0.9710704589238447D+05  0.9588209055091394D+05
  0.9464114665609744D+05  0.9338430382986132D+05  0.9211167677996856D+05
  0.9082340652862436D+05  0.8951966165057005D+05  0.8820063951640784D+05
  0.8686656753644206D+05  0.8551770439985483D+05  0.8415434130352596D+05
  0.8277680316430716D+05  0.8138544980802255D+05  0.7998067712792759D+05
  0.7856291820480899D+05  0.7713264438034401D+05  0.7569036627477848D+05
  0.7423663473941968D+05  0.7277204173388881D+05  0.7129722111753485D+05
  0.6981284934389162D+05  0.6831964604656374D+05  0.6681837450447064D+05
  0.6530984197395846D+05  0.6379489987493127D+05  0.6227444381785042D+05
  0.6074941345823275D+05  0.5922079216513568D+05  0.5768960649008251D+05
  0.5615692542295520D+05  0.5462385942157640D+05  0.5309155920204509D+05
  0.5156121427737457D+05  0.5003405123264011D+05  0.4851133172567467D+05
  0.4699435020338207D+05  0.4548443132496467D+05  0.4398292708481134D+05
  0.4249121362946310D+05  0.4101068776498047D+05  0.3954276315318160D+05
  0.3808886619760763D+05  0.3665043162270303D+05  0.3522889775257178D+05
  0.3382570149877211D+05  0.3244227306994244D+05  0.3108003041958183D+05
  0.2974037345202977D+05  0.2842467801056541D+05  0.2713428967555224D+05
  0.2587051740464591D+05  0.2463462705121903D+05  0.2342783480128632D+05
  0.2225130057327673D+05  0.2110612142893664D+05  0.1999332504738688D+05
  0.1891386331782720D+05  0.1786860610949969D+05  0.1685833528021152D+05
  0.1588373898688799D+05  0.1494540636319766D+05  0.1404382263017109D+05
  0.1317936470584699D+05  0.1235229737923867D+05  0.1156277011225309D+05
  0.1081081453054342D+05  0.1009634266058737D+05  0.9419145965511969D+04
  0.8778895226312276D+04  0.8175141308127069D+04  0.7607316843158289D+04
  0.7074738852690013D+04  0.6576612320541270D+04  0.6112034719267149D+04
  0.5680001478620559D+04  0.5279412373351996D+04  0.4909078794528664D+04
  0.4567731855400311D+04  0.4254031269650935D+04  0.3966574926901012D+04
  0.3703909077825879D+04  0.3464539029508090D+04  0.3246940264029801D+04
  0.3049569740451114D+04  0.2870877503286035D+04  0.2709318203568246D+04
  0.2563362530366102D+04  0.2431508385364285D+04  0.2312291661696642D+04
  0.2204296491086355D+04  0.2106164828652930D+04  0.2016605252449143D+04
  0.1934400864819158D+04  0.1858416194892014D+04  0.1787603015764935D+04
  0.1721005005963210D+04  0.1657761202320155D+04  0.1597108210193731D+04
  0.1538381156582795D+04  0.1481013391852588D+04  0.1424534966030795D+04
  0.1368569925582747D+04  0.1312832495803567D+04  0.1257122232069155D+04
  0.1201318239778392D+04  0.1145372577535833D+04  0.1089302970648753D+04
  0.1033184972074423D+04  0.9771437153409843D+03  0.9213454085287181D+03
  0.8659887200550608D+03  0.8112962057403713D+03  0.7575059224922558D+03
  0.7048633670461511D+03  0.6536138687073058D+03  0.6039955531732037D+03
  0.5562329805369012D+03  0.5105315447773494D+03  0.4670727047567983D+03
  0.4260100983138295D+03  0.3874665718257344D+03  0.3515321379905044D+03
  0.3182628549310294D+03  0.2876806004442956D+03  0.2597736967050302D+03
  0.2344983233896261D+03  0.2117806414169431D+03  0.1915195288297769D+03
  0.1735898600864510D+03  0.1578461488471972D+03  0.1441265044039808D+03
  0.1322567528971350D+03  0.1220545881872329D+03  0.1133336875133146D+03
  0.1059076321836472D+03  0.9959356606974738D+02  0.9421550322495270D+02
  0.8960721729854730D+02  0.8561466199955936D+02  0.8209788907557326D+02
  0.7893244774238586D+02  0.7601026611567902D+02  0.7324003164233429D+02
  0.7054710084258257D+02  0.6787298304299654D+02  0.6517445113191201D+02
  0.6242234168143700D+02  0.5960011139208052D+02  0.5670221903393922D+02
  0.5373240196235826D+02  0.5070191301140285D+02  0.4762777836916210D+02
  0.4453112978340307D+02  0.4143565578924978D+02  0.3836620708634962D+02
  0.3534758125339182D+02  0.3240350217860402D+02  0.2955580035485787D+02
  0.2682379190557312D+02  0.2422384714501271D+02  0.2176913380391118D+02
  0.1946951583878183D+02  0.1733158597029600D+02  0.1535880866681687D+02
  0.1355175005008967D+02  0.1190837195978017D+02  0.1042436906758645D+02
  0.9093526456528100D+01  0.7908094361302362D+01  0.6859149696215588D+01
  0.5936932151679116D+01  0.5131165411163272D+01  0.4431341961410960D+01
  0.3826971596673558D+01  0.3307791743747309D+01  0.2863939298028968D+01
  0.2486085207158017D+01  0.2165533711014750D+01  0.1894289618812190D+01
  0.1665096623367716D+01  0.1471450990941906D+01  0.1307594268309017D+01
  0.1168489083168527D+01  0.1049781858613129D+01  0.9477558771898463D+00
  0.8592779112692502D+00  0.7817411501684033D+00  0.7130067615967111D+00
  0.6513459921665806D+00  0.5953843008648099D+00  0.5440486535014145D+00
  0.4965187319663897D+00  0.4521826236726409D+00  0.4105970210534226D+00
  0.3714527704753273D+00  0.3345437538472259D+00  0.2997443619455473D+00
  0.2669764426303769D+00  0.2362224749491413D+00  0.2074312219540509D+00
  0.1806781123455951D+00
  0.0000000000000000D+00  0.9249339275494316D-14  0.9443948131338485D-14
  0.9642629306455453D-14  0.9845461393601037D-14  0.1005248586536165D-13
  0.1026433715962819D-13  0.1048073016277728D-13  0.1070234888084822D-13
  0.1092889306520518D-13  0.1116061688009590D-13  0.1139760044444242D-13
  0.1163995073026530D-13  0.1188778857113699D-13  0.1214123161812051D-13
  0.1240040259618545D-13  0.1266542824465784D-13  0.1293643889348959D-13
  0.1321356883053304D-13  0.1349695629279822D-13  0.1378674351403013D-13
  0.1408307679796476D-13  0.1438610658078957D-13  0.1469598750022385D-13
  0.1501287846854245D-13  0.1533694274833529D-13  0.1566834803146968D-13
  0.1600726652090468D-13  0.1635387501512381D-13  0.1670835499499490D-13
  0.1707089271283276D-13  0.1744167928344184D-13  0.1782091077690962D-13
  0.1820878831291472D-13  0.1860551815630472D-13  0.1901131181368693D-13
  0.1942638613076571D-13  0.1985096339014502D-13  0.2028527140930098D-13
  0.2072954363841377D-13  0.2118401925772819D-13  0.2164894327409709D-13
  0.2212456661633718D-13  0.2261114622900713D-13  0.2310894516419384D-13
  0.2361823267086629D-13  0.2413928428133106D-13  0.2467238189429372D-13
  0.2521781385400041D-13  0.2577587502490185D-13  0.2634686686124899D-13
  0.2693109747099093D-13  0.2752888167331248D-13  0.2814054104910482D-13
  0.2876640398362422D-13  0.2940680570054826D-13  0.3006208828659414D-13
  0.3073260070581544D-13  0.3141869880264356D-13  0.3212074529268728D-13
  0.3283910974024970D-13  0.3357416852146345D-13  0.3432630477188699D-13
  0.3509590831734037D-13  0.3588337558669597D-13  0.3668910950527130D-13
  0.3751351936740032D-13  0.3835702068668780D-13  0.3922003502237511D-13
  0.4010298978016644D-13  0.4100631798578465D-13  0.4193045802944177D-13
  0.4287585337931841D-13  0.4384295226206415D-13  0.4483220730822892D-13
  0.4584407516044817D-13  0.4687901604210206D-13  0.4793749328406836D-13
  0.4901997280708884D-13  0.5012692255715989D-13  0.5125881189125159D-13
  0.5241611091055289D-13  0.5359928973832443D-13  0.5480881773933222D-13
  0.5604516267772147D-13  0.5730878981007129D-13  0.5860016091026738D-13
  0.5991973322270283D-13  0.6126795834021482D-13  0.6264528100305312D-13
  0.6405213781506109D-13  0.6548895587315449D-13  0.6695615130607815D-13
  0.6845412771832470D-13  0.6998327453501748D-13  0.7154396524347239D-13
  0.7313655552708942D-13  0.7476138128716311D-13  0.7641875654815433D-13
  0.7810897124193592D-13  0.7983228886651273D-13  0.8158894401471585D-13
  0.8337913976840886D-13  0.8520304495378364D-13  0.8706079125341470D-13
  0.8895247017084642D-13  0.9087812984363095D-13  0.9283777170092570D-13
  0.9483134696197972D-13  0.9685875297210788D-13  0.9891982937308832D-13
  0.1010143541052785D-12  0.1031420392392049D-12  0.1053025266348775D-12
  0.1074953834276590D-12  0.1097200973401888D-12  0.1119760718205866D-12
  0.1142626210080142D-12  0.1165789645275914D-12  0.1189242221177120D-12
  0.1212974080939517D-12  0.1236974256550394D-12  0.1261230610377534D-12
  0.1285729775291643D-12  0.1310457093463022D-12  0.1335396553951895D-12
  0.1360530729231619D-12  0.1385840710805653D-12  0.1411306044102742D-12
  0.1436904662859840D-12  0.1462612823229548D-12  0.1488405037878004D-12
  0.1514254010370104D-12  0.1540130570172332D-12  0.1566003608638545D-12
  0.1591840016381436D-12  0.1617604622471887D-12  0.1643260135949771D-12
  0.1668767090173310D-12  0.1694083790579506D-12  0.1719166266475300D-12
  0.1743968227528090D-12  0.1768441025674574D-12  0.1792533623218538D-12
  0.1816192567940794D-12  0.1839361976097840D-12  0.1861983524239296D-12
  0.1883996450827536D-12  0.1905337568695584D-12  0.1925941289430717D-12
  0.1945739660820479D-12  0.1964662418544482D-12  0.1982637053338230D-12
  0.1999588894893690D-12  0.2015441213793985D-12  0.2030115342805652D-12
  0.2043530818869709D-12  0.2055605547141272D-12  0.2066255988425047D-12
  0.2075397371338941D-12  0.2082943930508942D-12  0.2088809172053012D-12
  0.2092906167548804D-12  0.2095147877596795D-12  0.2095447505985482D-12
  0.2093718885336219D-12  0.2089876894950156D-12  0.2083837911396145D-12
  0.2075520292164529D-12  0.2064844892465420D-12  0.2051735614969304D-12
  0.2036119991970776D-12  0.2017929799101666D-12  0.1997101699325888D-12
  0.1973577915514788D-12  0.1947306929427336D-12  0.1918244204404663D-12
  0.1886352928533570D-12  0.1851604774439920D-12  0.1813980671242514D-12
  0.1773471583533952D-12  0.1730079291561246D-12  0.1683817166060532D-12
  0.1634710930464026D-12  0.1582799402450594D-12  0.1528135206063772D-12
  0.1470785444883608D-12  0.1410832326023891D-12  0.1348373724048480D-12
  0.1283523673276139D-12  0.1216412776389934D-12  0.1147188516805165D-12
  0.1076015461899830D-12  0.1003075343996963D-12  0.9285670059325406D-13
  0.8527061981710555D-13  0.7757252147683781D-13  0.6978723560531963D-13
  0.6194112067282708D-13  0.5406197192034772D-13  0.4617890933837957D-13
  0.3832224458635373D-13  0.3052332635348968D-13  0.2281436390104775D-13
  0.1522822879857231D-13  0.7798235172065566D-14  0.5578991185986093D-15
 -0.6459321692645633D-14 -0.1322030682157506D-13 -0.1969256843598976D-13
 -0.2584456101256897D-13 -0.3164600266177378D-13 -0.3706820492934456D-13
 -0.4208440747891093D-13 -0.4667011362057151D-13 -0.5080342222853973D-13
 -0.5446535119735906D-13 -0.5764014723308094D-13 -0.6031557647689559D-13
 -0.6248319022926336D-13 -0.6413855989895724D-13 -0.6528147526034019D-13
 -0.6591610018004673D-13 -0.6605108018607564D-13 -0.6569959661090677D-13
 -0.6487936255521486D-13 -0.6361255659563419D-13 -0.6192569099973092D-13
 -0.5984941220959906D-13 -0.5741823250256440D-13 -0.5467019301799156D-13
 -0.5164645973226441D-13 -0.4839085544341112D-13 -0.4494933236154828D-13
 -0.4136939145595270D-13 -0.3769945624534527D-13 -0.3398821019345886D-13
 -0.3028390824414932D-13 -0.2663367425565959D-13 -0.2308279712919540D-13
 -0.1967403923141713D-13 -0.1644697124523961D-13 -0.1343734781369432D-13
 -0.1067653823756133D-13 -0.8191026024849074D-14 -0.6001990251637733D-14
 -0.4124980469893657D-14 -0.2569695288348210D-14 -0.1339872767675151D-14
 -0.4332984332974212D-15  0.1580659458304544D-15  0.4478325849387929D-15
  0.4548198088700024D-15  0.2025721976670162D-15 -0.2812218841488273D-15
 -0.9654028781001756D-15 -0.1816087349424511D-14 -0.2797472112084505D-14
 -0.3872675208178692D-14 -0.5004592355043735D-14 -0.6156746713097105D-14
 -0.7294109774207511D-14 -0.8383871820565763D-14 -0.9396141718962732D-14
 -0.1030455774432264D-13 -0.1108679361162947D-13 -0.1172494688659720D-13
 -0.1220580039057593D-13 -0.1252095105025995D-13 -0.1266680477598733D-13
 -0.1264444025433896D-13 -0.1245934884424591D-13 -0.1212106187517917D-13
 -0.1164268035513639D-13 -0.1104032520703626D-13 -0.1033252849638701D-13
 -0.9539587566228623D-14 -0.8682904489244836D-14 -0.7784332774551437D-14
 -0.6865551881582787D-14 -0.5947487904271926D-14 -0.5049795948210936D-14
 -0.4190416415458455D-14 -0.3385213835402325D-14 -0.2647703234897446D-14
 -0.1988865511973450D-14 -0.1417050024126189D-14 -0.9379597498591769D-15
 -0.5547120173683361D-15 -0.2679659642816418D-15 -0.7610660753005257D-16
  0.2452535854403228D-16  0.3936920074004947D-16 -0.2464374520082762D-16
 -0.1593909410624565D-15 -0.3558626770451559D-15 -0.6044604048493307D-15
 -0.8952815974904374D-15 -0.1218384537234537D-14 -0.1564027656018689D-14
 -0.1922879296585096D-14 -0.2286194998280941D-14 -0.2645960625152942D-14
 -0.2995000824108411D-14 -0.3327053407162913D-14 -0.3636811267547292D-14
 -0.3919934330330371D-14 -0.4173034771063116D-14 -0.4393639272074541D-14
 -0.4580132407442224D-14 -0.4731685342492560D-14 -0.4848173923182626D-14
 -0.4930089950912417D-14 -0.4978449041829555D-14 -0.4994698013654089D-14
 -0.4980624273560554D-14 -0.4938269231628424D-14 -0.4869847350660728D-14
 -0.4777672066603604D-14 -0.4664089468616473D-14 -0.4531420302420455D-14
 -0.4381910555893699D-14 -0.4217690566588917D-14 -0.4040742349551129D-14
 -0.3852874391736130D-14 -0.3655703505517297D-14 -0.3450641046244858D-14
 -0.3238886478898560D-14
  0.0000000000000000D+00  0.1099926198374858D-17  0.1147733806864393D-17
  0.1197618440160243D-17  0.1249669168146065D-17  0.1303968556854253D-17
  0.1360741018591947D-17  0.1420014211924246D-17  0.1482040451554288D-17
  0.1546849688645463D-17  0.1614606619995890D-17  0.1685438533322625D-17
  0.1759486798928418D-17  0.1836900840468051D-17  0.1917835979406880D-17
  0.2002455463703978D-17  0.2090930459727604D-17  0.2183440491668304D-17
  0.2280173900085723D-17  0.2381328281871855D-17  0.2487110976569095D-17
  0.2597739569369865D-17  0.2713442423025498D-17  0.2834459239004455D-17
  0.2961041648194109D-17  0.3093453833956801D-17  0.3231973189021736D-17
  0.3376891008116158D-17  0.3528513218436476D-17  0.3687161150062086D-17
  0.3853172348569287D-17  0.4026901432225605D-17  0.4208720996267778D-17
  0.4399022566906611D-17  0.4598217607845621D-17  0.4806738582251454D-17
  0.5025040073274469D-17  0.5253599966385286D-17  0.5492920696970459D-17
  0.5743530566815936D-17  0.6005985133302237D-17  0.6280868675340795D-17
  0.6568795740296002D-17  0.6870412776363579D-17  0.7186399855113522D-17
  0.7517472489153900D-17  0.7864383550132965D-17  0.8227925292569943D-17
  0.8608931489290449D-17  0.9008279684542067D-17  0.9426893571178380D-17
  0.9865745498626277D-17  0.1032585911869383D-16  0.1080831217663211D-16
  0.1131423945523628D-16  0.1184483588015998D-16  0.1240135979501985D-16
  0.1298513641528934D-16  0.1359756147041683D-16  0.1424010504405912D-16
  0.1491431562279251D-16  0.1562182436415378D-16  0.1636434959537087D-16
  0.1714370155466753D-16  0.1796178738756950D-16  0.1882061641120024D-16
  0.1972230566013155D-16  0.2066908572794920D-16  0.2166330691930632D-16
  0.2270744572786134D-16  0.2380411165614406D-16  0.2495605439404614D-16
  0.2616617137330263D-16  0.2743751571601455D-16  0.2877330459594880D-16
  0.3017692803205409D-16  0.3165195813433404D-16  0.3320215882292500D-16
  0.3483149604193434D-16  0.3654414849029748D-16  0.3834451889260664D-16
  0.4023724583355074D-16  0.4222721618026953D-16  0.4431957811757024D-16
  0.4651975482157321D-16  0.4883345879792697D-16  0.5126670691127445D-16
  0.5382583613313352D-16  0.5651752003577485D-16  0.5934878606003568D-16
  0.6232703358526467D-16  0.6546005282977107D-16  0.6875604461020140D-16
  0.7222364098820285D-16  0.7587192683251829D-16  0.7971046232428434D-16
  0.8374930643274845D-16  0.8799904138786382D-16  0.9247079817522589D-16
  0.9717628307758543D-16  0.1021278052856421D-15  0.1073383055989910D-15
  0.1128213862359210D-15  0.1185913417681985D-15  0.1246631911940057D-15
  0.1310527111587616D-15  0.1377764703296235D-15  0.1448518649249904D-15
  0.1522971553952440D-15  0.1601315042452335D-15  0.1683750149825918D-15
  0.1770487721687434D-15  0.1861748825414640D-15  0.1957765171689064D-15
  0.2058779545851304D-15  0.2165046248462531D-15  0.2276831544342789D-15
  0.2394414119224597D-15  0.2518085543015126D-15  0.2648150738501516D-15
  0.2784928454160847D-15  0.2928751739547686D-15  0.3079968421527051D-15
  0.3238941579399116D-15  0.3406050016721052D-15  0.3581688727372892D-15
  0.3766269353134581D-15  0.3960220629741597D-15  0.4163988818064978D-15
  0.4378038116717222D-15  0.4602851052018551D-15  0.4838928840867244D-15
  0.5086791721642091D-15  0.5346979247825952D-15  0.5620050538574511D-15
  0.5906584479965024D-15  0.6207179870146787D-15  0.6522455501076227D-15
  0.6853050168959783D-15  0.7199622604943905D-15  0.7562851316988748D-15
  0.7943434333239853D-15  0.8342088836575036D-15  0.8759550679352567D-15
  0.9196573766727816D-15  0.9653929296240993D-15  0.1013240484071529D-14
  0.1063280326084768D-14  0.1115594143323094D-14  0.1170264877892461D-14
  0.1227376557709978D-14  0.1287014104773390D-14  0.1349263118683168D-14
  0.1414209633721662D-14  0.1481939847758217D-14  0.1552539821223266D-14
  0.1626095144379672D-14  0.1702690571117806D-14  0.1782409617514344D-14
  0.1865334123425294D-14  0.1951543775434224D-14  0.2041115589548929D-14
  0.2134123352137303D-14  0.2230637017717940D-14  0.2330722062376696D-14
  0.2434438791769649D-14  0.2541841602899135D-14  0.2652978199115782D-14
  0.2767888758109149D-14  0.2886605053005965D-14  0.3009149527101228D-14
  0.3135534323206690D-14  0.3265760269116401D-14  0.3399815821262572D-14
  0.3537675969269683D-14  0.3679301104811674D-14  0.3824635858938056D-14
  0.3973607912860040D-14  0.4126126788076758D-14  0.4282082622673653D-14
  0.4441344941636363D-14  0.4603761430091293D-14  0.4769156719501371D-14
  0.4937331198006956D-14  0.5108059857295409D-14  0.5281091189599583D-14
  0.5456146149649527D-14  0.5632917197617422D-14  0.5811067440283802D-14
  0.5990229888791142D-14  0.6170006852414377D-14  0.6349969488739390D-14
  0.6529657531468906D-14  0.6708579217738950D-14  0.6886211437292951D-14
  0.7062000126089089D-14  0.7235360926872592D-14  0.7405680138893192D-14
  0.7572315978253351D-14  0.7734600169303132D-14  0.7891839886025234D-14
  0.8043320060454376D-14  0.8188306072832239D-14  0.8326046835401500D-14
  0.8455778278484843D-14  0.8576727243778057D-14  0.8688115785613457D-14
  0.8789165876325893D-14  0.8879104506781479D-14  0.8957169167604233D-14
  0.9022613690650224D-14  0.9074714423840492D-14  0.9112776705489104D-14
  0.9136141596888901D-14  0.9144192823976042D-14  0.9136363870633969D-14
  0.9112145157572770D-14  0.9071091231989787D-14  0.9012827884575477D-14
  0.8937059102177302D-14  0.8843573756913178D-14  0.8732251926100529D-14
  0.8603070732410355D-14  0.8456109590520562D-14  0.8291554745542569D-14
  0.8109702989887145D-14  0.7910964449205699D-14  0.7695864334702843D-14
  0.7465043568494235D-14  0.7219258200726744D-14  0.6959377551751619D-14
  0.6686381029533423D-14  0.6401353591404000D-14  0.6105479839883774D-14
  0.5800036764190425D-14  0.5486385161797321D-14  0.5165959797523081D-14
  0.4840258380656700D-14  0.4510829463079581D-14  0.4179259382797447D-14
  0.3847158397333418D-14  0.3516146169702299D-14  0.3187836785881270D-14
  0.2863823496561410D-14  0.2545663387302759D-14  0.2234862189850291D-14
  0.1932859453141723D-14  0.1641014295282826D-14  0.1360591957281894D-14
  0.1092751375361369D-14  0.8385339808646616D-15  0.5988539247242407D-15
  0.3744899066554891D-15  0.1660787671581650D-15 -0.2588902743428677D-16
 -0.2010719105047615D-15 -0.3592776947756707D-15 -0.5004619945193545D-15
 -0.6247246275847850D-15 -0.7323040843485225D-15 -0.8235701985200150D-15
 -0.8990151967355175D-15 -0.9592433371583773D-15 -0.1004959369494340D-14
 -0.1036956060228104D-14 -0.1056101028841100D-14 -0.1063323136470699D-14
 -0.1059598661042183D-14 -0.1045937484826496D-14 -0.1023369512741334D-14
 -0.9929315321602828D-15 -0.9556547161591926D-15 -0.9125529601918800D-15
 -0.8646122255793592D-15 -0.8127810408624743D-15 -0.7579622838369755D-15
 -0.7010063335189214D-15 -0.6427056436611805D-15 -0.5837907495154775D-15
 -0.5249276793344620D-15 -0.4667167037304780D-15 -0.4096923214044471D-15
 -0.3543243505987536D-15 -0.3010199731778679D-15 -0.2501265632935431D-15
 -0.2019351254508565D-15 -0.1566841672831942D-15 -0.1145638398728188D-15
 -0.7572019207638274D-16 -0.4025940383361854D-16 -0.8251885495978722D-17
  0.2026384561304564D-16  0.4527757530866527D-16  0.6680412895286126D-16
  0.8488045129617384D-16  0.9956302722938693D-16  0.1109256246652364D-15
  0.1190573288692080D-15  0.1240608300418810D-15  0.1260509226761522D-15
  0.1251531767549172D-15  0.1215027454351111D-15  0.1152432820216992D-15
  0.1065259487249197D-15  0.9550851012320960D-16  0.8235451395678130D-16
  0.6723256955419019D-16  0.5031573908921793D-16  0.3178105848073388D-16
  0.1180920364510744D-16 -0.9415685198155395D-17 -0.3170601189674404D-16
 -0.5487055881373808D-16 -0.7871414189343005D-16 -0.1030370805711768D-15
 -0.1276344759337023D-15 -0.1522952908355031D-15 -0.1768012291175851D-15
 -0.2009254197628515D-15 -0.2244309278136208D-15 -0.2470691389551731D-15
 -0.2685781010155871D-15 -0.2886809534214973D-15 -0.3070846420443529D-15
 -0.3234791852763481D-15 -0.3375379037673565D-15 -0.3489189778985471D-15
 -0.3572693798040397D-15
  0.0000000000000000D+00 -0.7354617193451027D-22 -0.7899891740662084D-22
 -0.8485564802453039D-22 -0.9114610322287107D-22 -0.9790092690656844D-22
 -0.1051770406459889D-21 -0.1129966627533991D-21 -0.1214280313270308D-21
 -0.1304985877012446D-21 -0.1402644421783274D-21 -0.1507778685557938D-21
 -0.1620955586470773D-21 -0.1742798328077846D-21 -0.1873973396142374D-21
 -0.2015200551007435D-21 -0.2167257043593183D-21 -0.2330981171845915D-21
 -0.2507277668527078D-21 -0.2697122995876067D-21 -0.2901571061072908D-21
 -0.3121759500963229D-21 -0.3358916444268012D-21 -0.3614367836577242D-21
 -0.3889545378893735D-21 -0.4185995122263726D-21 -0.4505386777701690D-21
 -0.4849523801872888D-21 -0.5220354323707667D-21 -0.5619982983650758D-21
 -0.6050683763105829D-21 -0.6514913888330162D-21 -0.7015328900380766D-21
 -0.7554798990609080D-21 -0.8136426709814831D-21 -0.8763566168534912D-21
 -0.9439843856119464D-21 -0.1016918121730976D-20 -0.1095581913706141D-20
 -0.1180434449742947D-20 -0.1271971898454447D-20 -0.1370731033915753D-20
 -0.1477292626102494D-20 -0.1592285119565462D-20 -0.1716388625177552D-20
 -0.1850339251945147D-20 -0.1994933808219214D-20 -0.2151034904187802D-20
 -0.2319576490298395D-20 -0.2501569869265158D-20 -0.2698110222582336D-20
 -0.2910383696013616D-20 -0.3139675092382011D-20 -0.3387376224171503D-20
 -0.3654994982999018D-20 -0.3944165187953057D-20 -0.4256657280157107D-20
 -0.4594389936737023D-20 -0.4959442683690373D-20 -0.5354069594014299D-20
 -0.5780714164891464D-20 -0.6242025475809547D-20 -0.6740875738251381D-20
 -0.7280379357096350D-20 -0.7863913634180139D-20 -0.8495141255635174D-20
 -0.9178034716749301D-20 -0.9916902851210451D-20 -0.1071641964583398D-19
 -0.1158165553728386D-19 -0.1251811140399513D-19 -0.1353175548458317D-19
 -0.1462906347359672D-19 -0.1581706206665307D-19 -0.1710337624990888D-19
 -0.1849628065360839D-19 -0.2000475531625119D-19 -0.2163854623489104D-19
 -0.2340823110838259D-19 -0.2532529071420310D-19 -0.2740218639598585D-19
 -0.2965244417830876D-19 -0.3209074606779122D-19 -0.3473302914540178D-19
 -0.3759659310429743D-19 -0.4070021694075753D-19 -0.4406428556311790D-19
 -0.4771092714531842D-19 -0.5166416211806755D-19 -0.5595006476200067D-19
 -0.6059693844389309D-19 -0.6563550561933817D-19 -0.7109911381366249D-19
 -0.7702395888760053D-19 -0.8344932699578833D-19 -0.9041785675483662D-19
 -0.9797582325405023D-19 -0.1061734456661701D-18 -0.1150652203482673D-18
 -0.1247102814645646D-18 -0.1351727913139075D-18 -0.1465223627053274D-18
 -0.1588345158960525D-18 -0.1721911727878329D-18 -0.1866811912700113D-18
 -0.2024009428017105D-18 -0.2194549365412299D-18 -0.2379564935585377D-18
 -0.2580284749068598D-18 -0.2798040675820119D-18 -0.3034276326634680D-18
 -0.3290556202090727D-18 -0.3568575557659572D-18 -0.3870171036631177D-18
 -0.4197332125660850D-18 -0.4552213491005496D-18 -0.4937148256888497D-18
 -0.5354662290900611D-18 -0.5807489564896014D-18 -0.6298588663462368D-18
 -0.6831160515712707D-18 -0.7408667429840040D-18 -0.8034853513565519D-18
 -0.8713766567264788D-18 -0.9449781540133046D-18 -0.1024762564320613D-17
 -0.1111240521633392D-17 -0.1204963444924726D-17 -0.1306526605959833D-17
 -0.1416572403320633D-17 -0.1535793853361644D-17 -0.1664938308937781D-17
 -0.1804811416804712D-17 -0.1956281324570375D-17 -0.2120283147956972D-17
 -0.2297823708900562D-17 -0.2489986554652031D-17 -0.2697937267528844D-17
 -0.2922929074279954D-17 -0.3166308763142032D-17 -0.3429522915557691D-17
 -0.3714124458166744D-17 -0.4021779539038539D-17 -0.4354274730152568D-17
 -0.4713524555820381D-17 -0.5101579344033677D-17 -0.5520633394580466D-17
 -0.5973033454147915D-17 -0.6461287484479687D-17 -0.6988073704928146D-17
 -0.7556249885384242D-17 -0.8168862859528059D-17 -0.8829158221563073D-17
 -0.9540590162022912D-17 -0.1030683138981084D-16 -0.1113178307829510D-16
 -0.1201958476297973D-16 -0.1297462410694852D-16 -0.1400154643788860D-16
 -0.1510526394699673D-16 -0.1629096442541561D-16 -0.1756411939801230D-16
 -0.1893049149728027D-16 -0.2039614090191323D-16 -0.2196743064518039D-16
 -0.2365103057766158D-16 -0.2545391974723405D-16 -0.2738338693652915D-16
 -0.2944702907451284D-16 -0.3165274721454616D-16 -0.3400873974645225D-16
 -0.3652349248499587D-16 -0.3920576525207694D-16 -0.4206457454520598D-16
 -0.4510917186089971D-16 -0.4834901721899828D-16 -0.5179374741314608D-16
 -0.5545313849444704D-16 -0.5933706198035513D-16 -0.6345543427002462D-16
 -0.6781815874155793D-16 -0.7243506000688201D-16 -0.7731580980747409D-16
 -0.8246984405007247D-16 -0.8790627050714364D-16 -0.9363376674360034D-16
 -0.9966046788055959D-16 -0.1059938438702285D-15 -0.1126405660348819D-15
 -0.1196063627188040D-15 -0.1268958640165254D-15 -0.1345124356750626D-15
 -0.1424580024234377D-15 -0.1507328611606453D-15 -0.1593354846342765D-15
 -0.1682623164668611D-15 -0.1775075586358227D-15 -0.1870629527856750D-15
 -0.1969175570470549D-15 -0.2070575203552511D-15 -0.2174658565993653D-15
 -0.2281222212897079D-15 -0.2390026938025371D-15 -0.2500795686438796D-15
 -0.2613211595634177D-15 -0.2726916207395867D-15 -0.2841507896415015D-15
 -0.2956540565441065D-15 -0.3071522660205855D-15 -0.3185916560492566D-15
 -0.3299138406375703D-15 -0.3410558420688529D-15 -0.3519501789978026D-15
 -0.3625250166439978D-15 -0.3727043852310202D-15 -0.3824084725778716D-15
 -0.3915539963424408D-15 -0.4000546608282839D-15 -0.4078217024784291D-15
 -0.4147645271820049D-15 -0.4207914413047987D-15 -0.4258104769227942D-15
 -0.4297303100938662D-15 -0.4324612691591604D-15 -0.4339164280403816D-15
 -0.4340127773166209D-15 -0.4326724635548268D-15 -0.4298240849676762D-15
 -0.4254040290233091D-15 -0.4193578351801298D-15 -0.4116415635187072D-15
 -0.4022231477481744D-15 -0.3910837089366887D-15 -0.3782188044180074D-15
 -0.3636395847250535D-15 -0.3473738301643795D-15 -0.3294668378417294D-15
 -0.3099821296479490D-15 -0.2890019519855425D-15 -0.2666275389272171D-15
 -0.2429791121144078D-15 -0.2181955930874051D-15 -0.1924340069441658D-15
 -0.1658685602970139D-15 -0.1386893814655826D-15 -0.1111009167206369D-15
 -0.8331998315937296D-16 -0.5557348639511924D-16 -0.2809581958449652D-16
 -0.1125969239684688D-17  0.2509563743411151D-16  0.5033049956137549D-16
  0.7434557076341400D-16  0.9691688684383795D-16  0.1178332241062414D-15
  0.1368997137758445D-15  0.1539413343848783D-15  0.1688062027382556D-15
  0.1813685852948213D-15  0.1915315554645961D-15  0.1992292281010893D-15
  0.2044285099392652D-15  0.2071303135265501D-15  0.2073701919186402D-15
  0.2052183621533485D-15  0.2007790973743131D-15  0.1941894808364660D-15
  0.1856175300874040D-15  0.1752597163293253D-15  0.1633379218635544D-15
  0.1500958967502947D-15  0.1357952932566556D-15  0.1207113720813219D-15
  0.1051284865805833D-15  0.8933545932267191D-16  0.7362096863522784D-16
  0.5826906110267879D-16  0.4355489931370529D-16  0.2974084299577400D-16
  0.1707294674297199D-16  0.5777939811202482D-17 -0.3939265973147029D-17
 -0.1189751411281231D-16 -0.1794078046192303D-16 -0.2193900050874325D-16
 -0.2378837350393920D-16 -0.2341118251652439D-16 -0.2075517872958336D-16
 -0.1579258419247730D-16 -0.8518770007454511D-17  0.1049333066837871D-17
  0.1287503682117630D-16  0.2690385961503815D-16  0.4306560587475384D-16
  0.6127651961110128D-16  0.8144147502306256D-16  0.1034561708114210D-15
  0.1272092973251441D-15  0.1525846469003245D-15  0.1794631375032918D-15
  0.2077247191912051D-15  0.2372501312657789D-15  0.2679224771920521D-15
  0.2996285842461118D-15  0.3322601164078688D-15  0.3657144125203367D-15
  0.3998950267998385D-15  0.4347119549303842D-15  0.4700815342622172D-15
  0.5059260098753433D-15  0.5421727570489895D-15  0.5787531442726126D-15
  0.6156010088187093D-15  0.6526506998370241D-15  0.6898346237048791D-15
  0.7270802047139783D-15  0.7643061530269524D-15  0.8014179122745384D-15
  0.8383021415483071D-15  0.8748200705269902D-15  0.9107995503297669D-15
  0.9460256058731755D-15  0.9802292685965016D-15  0.1013074445997984D-14
  0.1044142493539424D-14  0.1072914233403517D-14  0.1098748490519367D-14
  0.1120857759691157D-14
  0.0000000000000000D+00  0.1664381768938031D-23  0.1798188218113428D-23
  0.1942711130011527D-23  0.2098800285016814D-23  0.2267341797875157D-23
  0.2450105669023007D-23  0.2647575017851925D-23  0.2861917863713131D-23
  0.3093788276746659D-23  0.3344863478499066D-23  0.3616703727293282D-23
  0.3910955943873551D-23  0.4229485639816600D-23  0.4574284745739336D-23
  0.4947512325749920D-23  0.5351516637656916D-23  0.5788840221403238D-23
  0.6262239962321753D-23  0.6774705436668366D-23  0.7329477497657311D-23
  0.7930069908623110D-23  0.8580292389333796D-23  0.9284275577037623D-23
  0.1004649827879671D-22  0.1087181702058271D-22  0.1176549814476410D-22
  0.1273325268972360D-22  0.1378127427355080D-22  0.1491628024858685D-22
  0.1614555641081846D-22  0.1747700557069885D-22  0.1891920032130774D-22
  0.2048144036832152D-22  0.2217381481797776D-22  0.2400726985403984D-22
  0.2599368227227016D-22  0.2814593938175477D-22  0.3047802582681313D-22
  0.3300511793141192D-22  0.3574368622035002D-22  0.3871160682834397D-22
  0.4192828256987872D-22  0.4541477450973076D-22  0.4919394494685428D-22
  0.5329061280332201D-22  0.5773172249576439D-22  0.6254652745979503D-22
  0.6776678959886815D-22  0.7342699603852685D-22  0.7956459468577318D-22
  0.8622025022208267D-22  0.9343812229821342D-22  0.1012661678502879D-21
  0.1097564696206207D-21  0.1189655931444183D-21  0.1289549746558913D-21
  0.1397913425756668D-21  0.1515471754669081D-21  0.1643011995916088D-21
  0.1781389294625419D-21  0.1931532550718841D-21  0.2094450797862177D-21
  0.2271240132312146D-21  0.2463091238497106D-21  0.2671297562060624D-21
  0.2897264185297966D-21  0.3142517464448519D-21  0.3408715493196022D-21
  0.3697659461998582D-21  0.4011305988548791D-21  0.4351780500779441D-21
  0.4721391760411681D-21  0.5122647622122899D-21  0.5558272131022125D-21
  0.6031224069298568D-21  0.6544717071687717D-21  0.7102241438818687D-21
  0.7707587787604650D-21  0.8364872688655253D-21  0.9078566452267667D-21
  0.9853523236935115D-21  0.1069501366753830D-20  0.1160876016450461D-20
  0.1260097520027184D-20  0.1367840271542279D-20  0.1484836294391017D-20
  0.1611880091490182D-20  0.1749833891799272D-20  0.1899633323888423D-20
  0.2062293549415249D-20  0.2238915891645401D-20  0.2430694996545907D-20
  0.2638926566498116D-20  0.2865015709319109D-20  0.3110485948045218D-20
  0.3376988939817824D-20  0.3666314955215597D-20  0.3980404172493308D-20
  0.4321358844408195D-20  0.4691456398629484D-20  0.5093163536122317D-20
  0.5529151395357525D-20  0.6002311853701455D-20  0.6515775040862385D-20
  0.7072928142779118D-20  0.7677435577798268D-20  0.8333260630356639D-20
  0.9044688630611682D-20  0.9816351771488890D-20  0.1065325565737057D-19
  0.1156080768105429D-19  0.1254484732757316D-19  0.1361167850488391D-19
  0.1476810400217442D-19  0.1602146217648333D-19  0.1737966596729820D-19
  0.1885124433663764D-19  0.2044538622861643D-19  0.2217198713742357D-19
  0.2404169836575355D-19  0.2606597904673944D-19  0.2825715099102324D-19
  0.3062845640641806D-19  0.3319411852026225D-19  0.3596940511362175D-19
  0.3897069495146441D-19  0.4221554706328921D-19  0.4572277279386405D-19
  0.4951251050305491D-19  0.5360630274653824D-19  0.5802717571469940D-19
  0.6279972064441181D-19  0.6795017684677889D-19  0.7350651591231447D-19
  0.7949852656242572D-19  0.8595789951132012D-19  0.9291831158439336D-19
  0.1004155082065376D-18  0.1084873832252909D-18  0.1171740548679449D-18
  0.1265179364472182D-18  0.1365638002253473D-18  0.1473588326199694D-18
  0.1589526786853695D-18  0.1713974735280456D-18  0.1847478580145190D-18
  0.1990609758004664D-18  0.2143964483521608D-18  0.2308163242426255D-18
  0.2483849985847732D-18  0.2671690980112744D-18  0.2872373261254430D-18
  0.3086602638289300D-18  0.3315101183807607D-18  0.3558604144592188D-18
  0.3817856198847944D-18  0.4093606980213628D-18  0.4386605782073492D-18
  0.4697595348832836D-18  0.5027304653828852D-18  0.5376440556487555D-18
  0.5745678224301849D-18  0.6135650198303436D-18  0.6546933974064737D-18
  0.6980037964053979D-18  0.7435385701559553D-18  0.7913298141613984D-18
  0.8413973910629889D-18  0.8937467354094184D-18  0.9483664230973940D-18
  0.1005225490483157D-17  0.1064270488543657D-17  0.1125422258134891D-17
  0.1188572413403880D-17  0.1253579521814684D-17  0.1320264971107935D-17
  0.1388408515892232D-17  0.1457743499533480D-17  0.1527951750638721D-17
  0.1598658157800706D-17  0.1669424931458567D-17  0.1739745567819730D-17
  0.1809038536860558D-17  0.1876640724558637D-17  0.1941800668784960D-17
  0.2003671638770928D-17  0.2061304619825568D-17  0.2113641278062231D-17
  0.2159506994336689D-17  0.2197604072412987D-17  0.2226505243549377D-17
  0.2244647608192365D-17  0.2250327175205458D-17  0.2241694179920939D-17
  0.2216749384120814D-17  0.2173341583603568D-17  0.2109166571992964D-17
  0.2021767832540091D-17  0.1908539252431864D-17  0.1766730176037378D-17
  0.1593453133997173D-17  0.1385694603394605D-17  0.1140329169644717D-17
  0.8541374722902515D-18  0.5238283235902956D-18  0.1460653894956128D-18
 -0.2825011839145177D-18 -0.7651978305504314D-18 -0.1305284968098171D-17
 -0.1905908439182692D-17 -0.2570044733237324D-17 -0.3300439796536530D-17
 -0.4099541317896377D-17 -0.4969424474727143D-17 -0.5911711239437631D-17
 -0.6927483480268337D-17 -0.8017190243725887D-17 -0.9180549777667181D-17
 -0.1041644704398003D-16 -0.1172282767640286D-16 -0.1309658956038730D-16
 -0.1453347344547559D-16 -0.1602795424321670D-16 -0.1757313491128498D-16
 -0.1916064507258722D-16 -0.2078054676142938D-16 -0.2242124992122138D-16
 -0.2406944049296286D-16 -0.2571002412341980D-16 -0.2732608867833665D-16
 -0.2889888886050312D-16 -0.3040785629571225D-16 -0.3183063845189090D-16
 -0.3314316968790289D-16 -0.3431977757852519D-16 -0.3533332742078826D-16
 -0.3615540748452809D-16 -0.3675655711770955D-16 -0.3710653924724838D-16
 -0.3717465812303351D-16 -0.3693012233376138D-16 -0.3634245217887030D-16
 -0.3538192941689490D-16 -0.3402008623850331D-16 -0.3223022905092198D-16
 -0.2998799133612439D-16 -0.2727190849358413D-16 -0.2406400624407729D-16
 -0.2035039290674933D-16 -0.1612184472662026D-16 -0.1137437248604257D-16
 -0.6109756941358775D-17 -0.3360402362102719D-18  0.5932039609978057D-17
  0.1267268374549162D-16  0.1985674904447689D-16  0.2744755725223960D-16
  0.3540080665069099D-16  0.4366459486075566D-16  0.5217955992322193D-16
  0.6087914511928049D-16  0.6968999102385419D-16  0.7853245587113346D-16
  0.8732126235950598D-16  0.9596626547112084D-16  0.1043733318271591D-15
  0.1124453167605171D-15  0.1200831209931755D-15  0.1271868049359248D-15
  0.1336567355461284D-15  0.1393947386818253D-15  0.1443052291692101D-15
  0.1482962914415796D-15  0.1512806855767078D-15  0.1531767567335800D-15
  0.1539092301535814D-15  0.1534098787719979D-15  0.1516180557658769D-15
  0.1484810897060028D-15  0.1439545450534031D-15  0.1380023552398535D-15
  0.1305968392428035D-15  0.1217186152192518D-15  0.1113564262893748D-15
  0.9950689393259589D-16  0.8617421373392056D-16  0.7136980653366035D-16
  0.5511193559506911D-16  0.3742529747293836D-16  0.1834059114132463D-16
 -0.2105933060597013D-17 -0.2387294565991791D-16 -0.4691453426496774D-16
 -0.7118072737995086D-16 -0.9661804908985564D-16 -0.1231701061103110D-15
 -0.1507782057392140D-15 -0.1793819991707447D-15 -0.2089201392884463D-15
 -0.2393309368764096D-15 -0.2705529932879902D-15 -0.3025257831150079D-15
 -0.3351901569678056D-15 -0.3684887331009144D-15 -0.4023661475330967D-15
 -0.4367691350535060D-15 -0.4716464176422509D-15 -0.5069483803884390D-15
 -0.5426265169384083D-15 -0.5786326245038008D-15 -0.6149177220163111D-15
 -0.6514306537809290D-15 -0.6881163259252853D-15 -0.7249135060618886D-15
 -0.7617520997942042D-15 -0.7985498032040134D-15 -0.8352080196703351D-15
 -0.8716069231688678D-15 -0.9075995490304330D-15 -0.9430047964439277D-15
 -0.9775992361000861D-15 -0.1011107624384386D-14 -0.1043192051983161D-14
 -0.1073439631095775D-14 -0.1101348808391020D-14 -0.1126313846585302D-14
 -0.1147608831591852D-14
  0.0000000000000000D+00  0.5517032782165569D-27  0.6087350105003739D-27
  0.6716572395525450D-27  0.7410759464053285D-27  0.8176443711510473D-27
  0.9023532853598595D-27  0.9958756187735841D-27  0.1099453435967472D-26
  0.1213936918512636D-26  0.1340576029360741D-26  0.1480649891917363D-26
  0.1635588283050756D-26  0.1806983609973189D-26  0.1996593931044286D-26
  0.2206369237712248D-26  0.2438470283645894D-26  0.2695291877084077D-26
  0.2979488891770107D-26  0.3294004633754660D-26  0.3642102756579465D-26
  0.4027402578814852D-26  0.4453918364497791D-26  0.4926103042270070D-26
  0.5448896802780778D-26  0.6027781167309295D-26  0.6668839146309966D-26
  0.7378822178396136D-26  0.8165224631198531D-26  0.9036366729789551D-26
  0.1000148688021123D-25  0.1107084446926502D-25  0.1225583434702612D-25
  0.1356911433969612D-25  0.1502474729806955D-25  0.1663835936307403D-25
  0.1842731632703867D-25  0.2041092018988968D-25  0.2261062825621447D-25
  0.2505029739520630D-25  0.2775645639442740D-25  0.3075860968404322D-25
  0.3408957609509862D-25  0.3778586674848873D-25  0.4188810665606608D-25
  0.4644150515803954D-25  0.5149638092842340D-25  0.5710874796061807D-25
  0.6334096970696945D-25  0.7026248939921800D-25  0.7795064553204930D-25
  0.8649158256190148D-25  0.9598126807150365D-25  0.1065266289928490D-24
  0.1182468209848104D-24  0.1312746467457642D-24  0.1457581409282909D-24
  0.1618623414366246D-24  0.1797712692554280D-24  0.1996901416113253D-24
  0.2218478462408811D-24  0.2464997078687417D-24  0.2739305817307386D-24
  0.3044583131571603D-24  0.3384376069152908D-24  0.3762643552583076D-24
  0.4183804795078873D-24  0.4652793465860125D-24  0.5175118292933476D-24
  0.5756930874020406D-24  0.6405101558970084D-24  0.7127304370814110D-24
  0.7932112048924602D-24  0.8829102428038926D-24  0.9828977512874862D-24
  0.1094369677157484D-23  0.1218662635436805D-23  0.1357270614899096D-23
  0.1511863681417183D-23  0.1684308918981324D-23  0.1876693877067620D-23
  0.2091352825305607D-23  0.2330896152524359D-23  0.2598243287708016D-23
  0.2896659565675687D-23  0.3229797510989984D-23  0.3601743070333602D-23
  0.4017067387084582D-23  0.4480884782868592D-23  0.4998917690357582D-23
  0.5577569370508263D-23  0.6224005346902923D-23  0.6946244601093705D-23
  0.7753261697242751D-23  0.8655101143418769D-23  0.9663005452366834D-23
  0.1078955853830841D-22  0.1204884628047231D-22  0.1345663630094571D-22
  0.1503057924670631D-22  0.1679043413623448D-22  0.1875832063316276D-22
  0.2095900144658828D-22  0.2342019843392106D-22  0.2617294640193283D-22
  0.2925198906987415D-22  0.3269622218061444D-22  0.3654918932776371D-22
  0.4085963671532087D-22  0.4568213378895876D-22  0.5107776748281873D-22
  0.5711491872160944D-22  0.6387013081498032D-22  0.7142908049049071D-22
  0.7988766354526948D-22  0.8935320846801884D-22  0.9994583290711809D-22
  0.1117999595535359D-21  0.1250660098868472D-21  0.1399122963185450D-21
  0.1565271355805831D-21  0.1751212087722197D-21  0.1959301963206562D-21
  0.2192177192589653D-21  0.2452786217090958D-21  0.2744426333123349D-21
  0.3070784546107520D-21  0.3435983130912676D-21  0.3844630428020086D-21
  0.4301877461858797D-21  0.4813481030995559D-21  0.5385873989524593D-21
  0.6026243515690660D-21  0.6742618248128447D-21  0.7543965262801155D-21
  0.8440297965499251D-21  0.9442796086409856D-21  0.1056393908561343D-20
  0.1181765441229889D-20  0.1321948220695021D-20  0.1478675819572464D-20
  0.1653881670076338D-20  0.1849721588031868D-20  0.2068598751947473D-20
  0.2313191391703462D-20  0.2586483465803630D-20  0.2891798632552305D-20
  0.3232837849086817D-20  0.3613720963029911D-20  0.4039032694747419D-20
  0.4513873443913675D-20  0.5043915392405321D-20  0.5635464416554889D-20
  0.6295528365579909D-20  0.7031892309616869D-20  0.7853201410273173D-20
  0.8769052118966525D-20  0.9790092463525760D-20  0.1092813224150367D-19
  0.1219626399928433D-19  0.1360899573916417D-19  0.1518239636190331D-19
  0.1693425491944090D-19  0.1888425482111273D-19  0.2105416420627824D-19
  0.2346804376607499D-19  0.2615247336629614D-19  0.2913679889115177D-19
  0.3245340079282180D-19  0.3613798589288329D-19  0.4022990403739165D-19
  0.4477249125580971D-19  0.4981344111310623D-19  0.5540520597185621D-19
  0.6160542989449349D-19  0.6847741491203444D-19  0.7609062236140932D-19
  0.8452121094533170D-19  0.9385261309251974D-19  0.1041761510876696D-18
  0.1155916942952052D-18  0.1282083586134085D-18  0.1421452490606900D-18
  0.1575322461077193D-18  0.1745108360219001D-18  0.1932349850779608D-18
  0.2138720570037701D-18  0.2366037724673355D-18  0.2616272087626437D-18
  0.2891558371121505D-18  0.3194205941659257D-18  0.3526709833358524D-18
  0.3891762005524030D-18  0.4292262778668011D-18  0.4731332370388806D-18
  0.5212322438483200D-18  0.5738827523430462D-18  0.6314696265939186D-18
  0.6944042257627821D-18  0.7631254364167530D-18  0.8381006340442937D-18
  0.9198265536611330D-18  0.1008830047253810D-17  0.1105668703619162D-17
  0.1210931303949090D-17  0.1325238084319855D-17  0.1449240774119690D-17
  0.1583622377444631D-17  0.1729096662674729D-17  0.1886407323886424D-17
  0.2056326776542415D-17  0.2239654549119769D-17  0.2437215232063167D-17
  0.2649855945795495D-17  0.2878443290521301D-17  0.3123859742326933D-17
  0.3386999462630043D-17  0.3668763491421327D-17  0.3970054298978890D-17
  0.4291769675837365D-17  0.4634795946751540D-17  0.5000000501198272D-17
  0.5388223640595730D-17  0.5800269750860102D-17  0.6236897818141342D-17
  0.6698811315554299D-17  0.7186647499406381D-17  0.7700966164788243D-17
  0.8242237922385905D-17  0.8810832070947796D-17  0.9407004152939840D-17
  0.1003088329447617D-16  0.1068245944454790D-16  0.1136157064277265D-16
  0.1206789045922292D-16  0.1280091576415740D-16  0.1355995499942840D-16
  0.1434411713659935D-16  0.1515230151891885D-16  0.1598318879463796D-16
  0.1683523315694976D-16  0.1770665611012000D-16  0.1859544198102168D-16
  0.1949933538899529D-16  0.2041584087330031D-16  0.2134222485496416D-16
  0.2227552007719627D-16  0.2321253262465342D-16  0.2414985156616839D-16
  0.2508386119841153D-16  0.2601075579091370D-16  0.2692655664913590D-16
  0.2782713122702536D-16  0.2870821394101488D-16  0.2956542827280650D-16
  0.3039430970875783D-16  0.3119032905577618D-16  0.3194891570903909D-16
  0.3266548051057079D-16  0.3333543793401867D-16  0.3395422742302401D-16
  0.3451733377384686D-16  0.3502030646800277D-16  0.3545877778934129D-16
  0.3582847942714073D-16  0.3612525707510308D-16  0.3634508233735594D-16
  0.3648406108727017D-16  0.3653843733364444D-16  0.3650459165606321D-16
  0.3637903338231920D-16  0.3615838588575487D-16  0.3583936465671596D-16
  0.3541874812449885D-16  0.3489334154472425D-16  0.3425993459781643D-16
  0.3351525364370277D-16  0.3265590982814743D-16  0.3167834442313598D-16
  0.3057877289711298D-16  0.2935312924491635D-16  0.2799701205954423D-16
  0.2650563369981909D-16  0.2487377370399985D-16  0.2309573732650686D-16
  0.2116531974245555D-16  0.1907577608364855D-16  0.1681979705247655D-16
  0.1438948942047745D-16  0.1177636027091261D-16  0.8971303405749361D-17
  0.5964585924448126D-17  0.2745832614110550D-17 -0.6959945113401109D-18
 -0.4372624399073122D-17 -0.8296515854424843D-17 -0.1248091009764131D-16
 -0.1693989974472919D-16 -0.2168851665681675D-16 -0.2674284057205483D-16
 -0.3212012983480275D-16 -0.3783897474804932D-16 -0.4391947330183599D-16
 -0.5038342824468686D-16 -0.5725456376857432D-16 -0.6455875951030689D-16
 -0.7232429905470833D-16 -0.8058212955836165D-16 -0.8936612810066397D-16
 -0.9871336855952409D-16 -0.1086643795009917D-15 -0.1192633781948788D-15
 -0.1305584577041289D-15 -0.1426016923669520D-15 -0.1554491112308185D-15
 -0.1691604682285974D-15 -0.1837987110408926D-15 -0.1994290161150051D-15
 -0.2161172130804235D-15 -0.2339273649463050D-15 -0.2529181969901923D-15
 -0.2731379724056448D-15 -0.2946172879848191D-15 -0.3173591046050438D-15
 -0.3413251030900296D-15 -0.3664172263457730D-15 -0.3924527181743957D-15
 -0.4191310637908814D-15
  0.0000000000000000D+00  0.2962537005396810D-27  0.3273905752948805D-27
  0.3617937494720195D-27  0.3998040741020585D-27  0.4417899738280134D-27
  0.4883444167557120D-27  0.5398079699145525D-27  0.5969322674972368D-27
  0.6601588622779082D-27  0.7302043784649915D-27  0.8077993627504775D-27
  0.8937465508469198D-27  0.9889538170735085D-27  0.1094421126127251D-26
  0.1211257971607541D-26  0.1340696995902444D-26  0.1484105239240739D-26
  0.1642999902582551D-26  0.1819065021171890D-26  0.2014169756377689D-26
  0.2230389061121733D-26  0.2470026559335941D-26  0.2735639995577281D-26
  0.3030069585138907D-26  0.3356469554270110D-26  0.3718343249836413D-26
  0.4119582228425617D-26  0.4564509777755778D-26  0.5057929381203158D-26
  0.5605178693757700D-26  0.6212189663852514D-26  0.6885555509915286D-26
  0.7632605342996769D-26  0.8461487319356627D-26  0.9381261310309882D-26
  0.1040200219224103D-25  0.1153491498900389D-25  0.1279246324353796D-25
  0.1418851215727714D-25  0.1573848821685774D-25  0.1745955723003516D-25
  0.1937082291915786D-25  0.2149354847390066D-25  0.2385140374844299D-25
  0.2647074110549586D-25  0.2938090326457287D-25  0.3261456690918709D-25
  0.3620812625229828D-25  0.4020212125701175D-25  0.4464171576658568D-25
  0.4957723142135640D-25  0.5506474393820928D-25  0.6116674910962067D-25
  0.6795290675407284D-25  0.7550087182898107D-25  0.8389722301369362D-25
  0.9323850029766818D-25  0.1036323644832747D-24  0.1151988930514248D-24
  0.1280720285610436D-24  0.1424011976823158D-24  0.1583531211233088D-24
  0.1761138371275869D-24  0.1958909639276614D-24  0.2179162295701253D-24
  0.2424483009217466D-24  0.2697759474648754D-24  0.3002215797436490D-24
  0.3341452070837130D-24  0.3719488645380622D-24  0.4140815649777130D-24
  0.4610448389239072D-24  0.5133989321929629D-24  0.5717697397900378D-24
  0.6368565638497404D-24  0.7094407938973257D-24  0.7903956194260759D-24
  0.8806968979013367D-24  0.9814353159737316D-24  0.1093829998096605D-23
  0.1219243735100382D-23  0.1359200025807176D-23  0.1515402147727454D-23
  0.1689754498550592D-23  0.1884386478838812D-23  0.2101679218412594D-23
  0.2344295484767096D-23  0.2615213151921829D-23  0.2917762652866433D-23
  0.3255668888766018D-23  0.3633098123934012D-23  0.4054710457939038D-23
  0.4525718535830983D-23  0.5051953235179961D-23  0.5639937155339051D-23
  0.6296966831092089D-23  0.7031204700763980D-23  0.7851781979211910D-23
  0.8768913720277305D-23  0.9794027502804525D-23  0.1093990734093573D-22
  0.1222085460496775D-22  0.1365286794569764D-22  0.1525384444521045D-22
  0.1704380447302836D-22  0.1904514301127223D-22  0.2128291052909797D-22
  0.2378512683859231D-22  0.2658313175532566D-22  0.2971197682102628D-22
  0.3321086282791717D-22  0.3712362841918633D-22  0.4149929563332161D-22
  0.4639267891768784D-22  0.5186506486535168D-22  0.5798497073597613D-22
  0.6482899071452105D-22  0.7248273984905605D-22  0.8104190670060052D-22
  0.9061342694370588D-22  0.1013167914875267D-21  0.1132855041553321D-21
  0.1266687055787405D-21  0.1416329817452964D-21  0.1583643775994464D-21
  0.1770706382535345D-21  0.1979837027344473D-21  0.2213624777914143D-21
  0.2474959221408097D-21  0.2767064746454391D-21  0.3093538633407390D-21
  0.3458393359516397D-21  0.3866103566158537D-21  0.4321658179671828D-21
  0.4830618225621987D-21  0.5399180928821549D-21  0.6034250748363455D-21
  0.6743518058609630D-21  0.7535546253758557D-21  0.8419868125572775D-21
  0.9407092441332037D-21  0.1050902173232754D-20  0.1173878239244011D-20
  0.1311096828172723D-20  0.1464179913161342D-20  0.1634929515630906D-20
  0.1825346938947968D-20  0.2037653938586001D-20  0.2274316005426579D-20
  0.2538067952097009D-20  0.2831942006020325D-20  0.3159298627093618D-20
  0.3523860282523898D-20  0.3929748426222511D-20  0.4381523945147245D-20
  0.4884231349908328D-20  0.5443447001603759D-20  0.6065331680961374D-20
  0.6756687819126520D-20  0.7525021721478124D-20  0.8378611126247067D-20
  0.9326578447945397D-20  0.1037897006110476D-19  0.1154684198189309D-19
  0.1284235230305623D-19  0.1427886073043206D-19  0.1587103555601219D-19
  0.1763496838204909D-19  0.1958829688176500D-19  0.2175033584340059D-19
  0.2414221669408002D-19  0.2678703563654210D-19  0.2971001045329533D-19
  0.3293864593713453D-19  0.3650290779196819D-19  0.4043540471113625D-19
  0.4477157817927750D-19  0.4954989935559919D-19  0.5481207217825026D-19
  0.6060324157841875D-19  0.6697220540571012D-19  0.7397162834021511D-19
  0.8165825569835854D-19  0.9009312462611826D-19  0.9934176971166100D-19
  0.1094744195372392D-18  0.1205661801250545D-18  0.1326972006119202D-18
  0.1459528158117404D-18  0.1604236595926566D-18  0.1762057422076642D-18
  0.1934004838752451D-18  0.2121146960130629D-18  0.2324605005875978D-18
  0.2545551770621861D-18  0.2785209254137668D-18  0.3044845326557335D-18
  0.3325769292643377D-18  0.3629326208759423D-18  0.3956889796225188D-18
  0.4309853785274110D-18  0.4689621515214275D-18  0.5097593608943533D-18
  0.5535153534081358D-18  0.6003650859099315D-18  0.6504382011465821D-18
  0.7038568346534774D-18  0.7607331341322226D-18  0.8211664737095712D-18
  0.8852403469544185D-18  0.9530189245935803D-18  0.1024543265573736D-17
  0.1099827173545277D-17  0.1178852695035757D-17  0.1261565260605075D-17
  0.1347868476156026D-17  0.1437618578348346D-17  0.1530618575742922D-17
  0.1626612105886607D-17  0.1725277048024674D-17  0.1826218941469695D-17
  0.1928964270819131D-17  0.2032953691138331D-17  0.2137535278829499D-17
  0.2241957907085957D-17  0.2345364858453796D-17  0.2446787800929256D-17
  0.2545141268016188D-17  0.2639217797023398D-17  0.2727683893324999D-17
  0.2809077001022883D-17  0.2881803672073028D-17  0.2944139136049510D-17
  0.2994228480845934D-17  0.3030089660221395D-17  0.3049618546596275D-17
  0.3050596246249974D-17  0.3030698888384637D-17  0.2987510088691697D-17
  0.2918536271394368D-17  0.2821225010591647D-17  0.2692986521554891D-17
  0.2531218395055613D-17  0.2333333622717116D-17  0.2096791909010357D-17
  0.1819134206519526D-17  0.1498020346663869D-17  0.1131269569926050D-17
  0.7169036901155804D-18  0.2531925590804355D-18 -0.2612985653609316D-18
 -0.8276602016631454D-18 -0.1446588876632210D-17 -0.2118336942088968D-17
 -0.2842662535295627D-17 -0.3618780258474759D-17 -0.4445313165475843D-17
 -0.5320246657282773D-17 -0.6240884907423452D-17 -0.7203810462515194D-17
 -0.8204847685008718D-17 -0.9239030712997310D-17 -0.1030057658325157D-16
 -0.1138286408298609D-16 -0.1247841874644184D-16 -0.1357890419346356D-16
 -0.1467511972847432D-16 -0.1575700380141803D-16 -0.1681364260611867D-16
 -0.1783328278624359D-16 -0.1880334696235775D-16 -0.1971045060687660D-16
 -0.2054041869267366D-16 -0.2127830053278749D-16 -0.2190838131485450D-16
 -0.2241418900862569D-16 -0.2277849557703139D-16 -0.2298331173406145D-16
 -0.2300987484480075D-16 -0.2283862992973553D-16 -0.2244920408983897D-16
 -0.2182037498321025D-16 -0.2093003423110366D-16 -0.1975514678617541D-16
 -0.1827170733761359D-16 -0.1645469474055003D-16 -0.1427802523137299D-16
 -0.1171450482464242D-16 -0.8735780788589224D-17 -0.5312291482081723D-17
 -0.1413213134877427D-17  0.2993598594923927D-17  0.7941675194969912D-17
  0.1346601358675957D-16  0.1960317024946600D-16  0.2639137559558745D-16
  0.3387067302361916D-16  0.4208308672620682D-16  0.5107282146970028D-16
  0.6088649638554937D-16  0.7157341301996884D-16  0.8318585586757577D-16
  0.9577942126344743D-16  0.1094133680503603D-15  0.1241509809939073D-15
  0.1400599354157162D-15  0.1572126488677270D-15  0.1756866022276147D-15
  0.1955646077781744D-15  0.2169349943723883D-15  0.2398916686525278D-15
  0.2645339952036771D-15  0.2909664163595139D-15  0.3192977032118748D-15
  0.3496396921023634D-15  0.3821053143415811D-15  0.4168056694071374D-15
  0.4538458210524978D-15  0.4933189083908327D-15  0.5352980553529130D-15
  0.5798254267196930D-15  0.6268976052397065D-15  0.6764462522857416D-15
  0.7283127066788828D-15  0.7822149155872177D-15  0.8377042228593605D-15
  0.8941101584436358D-15
