  0.8350000000000000D+01    4
  0.2211313321219523D+01
    1  315    7
  327  327  327  327  327  327  327
  0.1944316261110019D-01  0.0000000000000000D+00  0.0000000000000000D+00
  0.0000000000000000D+00  0.0000000000000000D+00  0.0000000000000000D+00
  0.0000000000000000D+00  0.0000000000000000D+00  0.0000000000000000D+00
  0.0000000000000000D+00  0.0000000000000000D+00  0.0000000000000000D+00
  0.0000000000000000D+00  0.0000000000000000D+00  0.0000000000000000D+00
  0.0000000000000000D+00  0.0000000000000000D+00  0.0000000000000000D+00
  0.0000000000000000D+00  0.0000000000000000D+00  0.0000000000000000D+00
  0.0000000000000000D+00  0.0000000000000000D+00  0.0000000000000000D+00
  0.0000000000000000D+00  0.0000000000000000D+00  0.0000000000000000D+00
  0.0000000000000000D+00  0.0000000000000000D+00  0.0000000000000000D+00
  0.0000000000000000D+00  0.0000000000000000D+00  0.0000000000000000D+00
  0.0000000000000000D+00  0.0000000000000000D+00  0.0000000000000000D+00
  0.0000000000000000D+00  0.0000000000000000D+00  0.0000000000000000D+00
  0.0000000000000000D+00  0.0000000000000000D+00  0.0000000000000000D+00
  0.0000000000000000D+00  0.0000000000000000D+00  0.0000000000000000D+00
  0.0000000000000000D+00  0.0000000000000000D+00  0.0000000000000000D+00
  0.0000000000000000D+00  0.0000000000000000D+00  0.0000000000000000D+00
  0.0000000000000000D+00  0.0000000000000000D+00  0.0000000000000000D+00
  0.0000000000000000D+00  0.0000000000000000D+00  0.0000000000000000D+00
  0.0000000000000000D+00  0.0000000000000000D+00  0.0000000000000000D+00
  0.0000000000000000D+00  0.0000000000000000D+00  0.0000000000000000D+00
  0.0000000000000000D+00  0.0000000000000000D+00  0.0000000000000000D+00
  0.0000000000000000D+00  0.0000000000000000D+00  0.0000000000000000D+00
  0.0000000000000000D+00  0.0000000000000000D+00  0.0000000000000000D+00
  0.0000000000000000D+00  0.0000000000000000D+00  0.0000000000000000D+00
  0.0000000000000000D+00  0.0000000000000000D+00  0.0000000000000000D+00
  0.0000000000000000D+00  0.0000000000000000D+00  0.0000000000000000D+00
  0.0000000000000000D+00  0.0000000000000000D+00  0.0000000000000000D+00
  0.0000000000000000D+00  0.0000000000000000D+00  0.0000000000000000D+00
  0.0000000000000000D+00  0.0000000000000000D+00  0.0000000000000000D+00
  0.0000000000000000D+00  0.0000000000000000D+00  0.0000000000000000D+00
  0.0000000000000000D+00  0.0000000000000000D+00  0.0000000000000000D+00
  0.0000000000000000D+00  0.0000000000000000D+00  0.0000000000000000D+00
  0.0000000000000000D+00  0.0000000000000000D+00  0.0000000000000000D+00
  0.0000000000000000D+00  0.0000000000000000D+00  0.0000000000000000D+00
  0.0000000000000000D+00  0.0000000000000000D+00  0.0000000000000000D+00
  0.0000000000000000D+00  0.0000000000000000D+00  0.0000000000000000D+00
  0.0000000000000000D+00  0.0000000000000000D+00  0.0000000000000000D+00
  0.0000000000000000D+00  0.0000000000000000D+00  0.0000000000000000D+00
  0.0000000000000000D+00  0.0000000000000000D+00  0.0000000000000000D+00
  0.0000000000000000D+00  0.0000000000000000D+00  0.0000000000000000D+00
  0.0000000000000000D+00  0.0000000000000000D+00  0.0000000000000000D+00
  0.0000000000000000D+00  0.0000000000000000D+00  0.0000000000000000D+00
  0.0000000000000000D+00  0.0000000000000000D+00  0.0000000000000000D+00
  0.0000000000000000D+00  0.0000000000000000D+00  0.0000000000000000D+00
  0.0000000000000000D+00  0.0000000000000000D+00  0.0000000000000000D+00
  0.0000000000000000D+00  0.0000000000000000D+00  0.0000000000000000D+00
  0.0000000000000000D+00  0.0000000000000000D+00  0.0000000000000000D+00
  0.0000000000000000D+00  0.0000000000000000D+00  0.0000000000000000D+00
  0.0000000000000000D+00  0.0000000000000000D+00  0.0000000000000000D+00
  0.0000000000000000D+00  0.0000000000000000D+00  0.0000000000000000D+00
  0.0000000000000000D+00  0.0000000000000000D+00  0.0000000000000000D+00
  0.0000000000000000D+00  0.0000000000000000D+00  0.0000000000000000D+00
  0.0000000000000000D+00  0.0000000000000000D+00  0.0000000000000000D+00
  0.0000000000000000D+00  0.0000000000000000D+00  0.0000000000000000D+00
  0.0000000000000000D+00  0.0000000000000000D+00  0.0000000000000000D+00
  0.0000000000000000D+00  0.0000000000000000D+00  0.0000000000000000D+00
  0.0000000000000000D+00  0.0000000000000000D+00  0.0000000000000000D+00
  0.0000000000000000D+00  0.0000000000000000D+00  0.0000000000000000D+00
  0.0000000000000000D+00  0.0000000000000000D+00  0.0000000000000000D+00
  0.0000000000000000D+00  0.0000000000000000D+00  0.0000000000000000D+00
  0.0000000000000000D+00  0.0000000000000000D+00  0.0000000000000000D+00
  0.0000000000000000D+00  0.0000000000000000D+00  0.0000000000000000D+00
  0.0000000000000000D+00  0.0000000000000000D+00  0.0000000000000000D+00
  0.0000000000000000D+00  0.0000000000000000D+00  0.0000000000000000D+00
  0.0000000000000000D+00  0.0000000000000000D+00  0.0000000000000000D+00
  0.0000000000000000D+00  0.0000000000000000D+00  0.0000000000000000D+00
  0.0000000000000000D+00  0.0000000000000000D+00  0.0000000000000000D+00
  0.0000000000000000D+00  0.0000000000000000D+00  0.0000000000000000D+00
  0.0000000000000000D+00  0.0000000000000000D+00  0.0000000000000000D+00
  0.0000000000000000D+00  0.0000000000000000D+00  0.0000000000000000D+00
  0.0000000000000000D+00  0.0000000000000000D+00  0.0000000000000000D+00
  0.0000000000000000D+00  0.0000000000000000D+00  0.0000000000000000D+00
  0.0000000000000000D+00  0.0000000000000000D+00  0.0000000000000000D+00
  0.0000000000000000D+00  0.0000000000000000D+00  0.0000000000000000D+00
  0.0000000000000000D+00  0.0000000000000000D+00  0.0000000000000000D+00
  0.0000000000000000D+00  0.0000000000000000D+00  0.0000000000000000D+00
  0.0000000000000000D+00  0.0000000000000000D+00  0.0000000000000000D+00
  0.0000000000000000D+00  0.0000000000000000D+00  0.0000000000000000D+00
  0.0000000000000000D+00  0.0000000000000000D+00  0.0000000000000000D+00
  0.0000000000000000D+00  0.0000000000000000D+00  0.0000000000000000D+00
  0.0000000000000000D+00  0.0000000000000000D+00  0.0000000000000000D+00
  0.0000000000000000D+00  0.0000000000000000D+00  0.0000000000000000D+00
  0.0000000000000000D+00  0.0000000000000000D+00  0.0000000000000000D+00
  0.0000000000000000D+00  0.0000000000000000D+00  0.0000000000000000D+00
  0.0000000000000000D+00  0.0000000000000000D+00  0.0000000000000000D+00
  0.0000000000000000D+00  0.0000000000000000D+00  0.0000000000000000D+00
  0.0000000000000000D+00  0.0000000000000000D+00  0.0000000000000000D+00
  0.0000000000000000D+00  0.0000000000000000D+00  0.0000000000000000D+00
  0.0000000000000000D+00  0.0000000000000000D+00  0.0000000000000000D+00
  0.0000000000000000D+00  0.0000000000000000D+00  0.0000000000000000D+00
  0.0000000000000000D+00  0.0000000000000000D+00  0.0000000000000000D+00
  0.0000000000000000D+00  0.0000000000000000D+00  0.0000000000000000D+00
  0.0000000000000000D+00  0.0000000000000000D+00  0.0000000000000000D+00
  0.0000000000000000D+00  0.0000000000000000D+00  0.0000000000000000D+00
  0.0000000000000000D+00  0.0000000000000000D+00  0.0000000000000000D+00
  0.0000000000000000D+00  0.0000000000000000D+00  0.0000000000000000D+00
  0.0000000000000000D+00  0.0000000000000000D+00  0.0000000000000000D+00
  0.0000000000000000D+00  0.0000000000000000D+00  0.0000000000000000D+00
  0.0000000000000000D+00  0.0000000000000000D+00  0.0000000000000000D+00
  0.0000000000000000D+00  0.0000000000000000D+00  0.0000000000000000D+00
  0.0000000000000000D+00  0.0000000000000000D+00  0.0000000000000000D+00
  0.0000000000000000D+00  0.0000000000000000D+00  0.0000000000000000D+00
  0.0000000000000000D+00  0.0000000000000000D+00  0.0000000000000000D+00
  0.0000000000000000D+00  0.0000000000000000D+00  0.0000000000000000D+00
  0.0000000000000000D+00  0.1722683800344130D+06  0.1719211454885377D+06
  0.1715733047161496D+06  0.1712248244244531D+06  0.1708756732836338D+06
  0.1705258468152378D+06  0.1701752807302558D+06  0.1698239653794664D+06
  0.1694718453188374D+06  0.1691188873882828D+06  0.1687650498365680D+06
  0.1684102913885317D+06  0.1680545697443761D+06  0.1676978413918480D+06
  0.1673400617445226D+06  0.1669811850764617D+06  0.1666211644914594D+06
  0.1662599518944200D+06  0.1658974979586741D+06  0.1655337520935718D+06
  0.1651686624115375D+06  0.1648021756945419D+06  0.1644342373600752D+06
  0.1640647914265878D+06  0.1636937804784056D+06  0.1633211456301261D+06
  0.1629468264904879D+06  0.1625707611257303D+06  0.1621928860224379D+06
  0.1618131360498846D+06  0.1614314444218901D+06  0.1610477426581930D+06
  0.1606619605453599D+06  0.1602740260972513D+06  0.1598838655150521D+06
  0.1594914031469054D+06  0.1590965614471568D+06  0.1586992609352499D+06
  0.1582994201543011D+06  0.1578969556293827D+06  0.1574917818255594D+06
  0.1570838111057175D+06  0.1566729536882281D+06  0.1562591176045013D+06
  0.1558422086564815D+06  0.1554221303741423D+06  0.1549987839730474D+06
  0.1545720683120441D+06  0.1541418798511648D+06  0.1537081126098204D+06
  0.1532706581253627D+06  0.1528294054121219D+06  0.1523842409210064D+06
  0.1519350484997803D+06  0.1514817093541306D+06  0.1510241020096420D+06
  0.1505621022748190D+06  0.1500955832052866D+06  0.1496244150693213D+06
  0.1491484653148719D+06  0.1486675985382361D+06  0.1481816764545730D+06
  0.1476905578704420D+06  0.1471940986585683D+06  0.1466921517350502D+06
  0.1461845670392334D+06  0.1456711915164936D+06  0.1451518691041798D+06
  0.1446264407209847D+06  0.1440947442600288D+06  0.1435566145859539D+06
  0.1430118835363384D+06  0.1424603799277739D+06  0.1419019295669400D+06
  0.1413363552670542D+06  0.1407634768700771D+06  0.1401831112750765D+06
  0.1395950724731763D+06  0.1389991715895369D+06  0.1383952169328221D+06
  0.1377830140526532D+06  0.1371623658055438D+06  0.1365330724298544D+06
  0.1358949316303174D+06  0.1352477386727010D+06  0.1345912864892205D+06
  0.1339253657953101D+06  0.1332497652183982D+06  0.1325642714393626D+06
  0.1318686693473429D+06  0.1311627422086314D+06  0.1304462718503749D+06
  0.1297190388598383D+06  0.1289808228000154D+06  0.1282314024423732D+06
  0.1274705560175507D+06  0.1266980614848425D+06  0.1259136968213093D+06
  0.1251172403313802D+06  0.1243084709778159D+06  0.1234871687349062D+06
  0.1226531149647951D+06  0.1218060928178082D+06  0.1209458876576731D+06
  0.1200722875125064D+06  0.1191850835524303D+06  0.1182840705946710D+06
  0.1173690476369641D+06  0.1164398184200579D+06  0.1154961920200864D+06
  0.1145379834715147D+06  0.1135650144213329D+06  0.1125771138150939D+06
  0.1115741186153255D+06  0.1105558745527721D+06  0.1095222369108108D+06
  0.1084730713432964D+06  0.1074082547259629D+06  0.1063276760413728D+06
  0.1052312372972636D+06  0.1041188544779710D+06  0.1029904585284257D+06
  0.1018459963700302D+06  0.1006854319474895D+06  0.9950874730544725D+05
  0.9831594369351254D+05  0.9710704269798433D+05  0.9588208739828873D+05
  0.9464114354581306D+05  0.9338430076248130D+05  0.9211167375605312D+05
  0.9082340354872940D+05  0.8951965871524623D+05  0.8820063662619954D+05
  0.8686656469188639D+05  0.8551770160148034D+05  0.8415433855185153D+05
  0.8277680045984083D+05  0.8138544715126012D+05  0.7998067451935139D+05
  0.7856291564488639D+05  0.7713264186952608D+05  0.7569036381349848D+05
  0.7423663232809147D+05  0.7277203937290536D+05  0.7129721880726662D+05
  0.6981284708468478D+05  0.6831964383873875D+05  0.6681837234832013D+05
  0.6530983986974582D+05  0.6379489782288877D+05  0.6227444181817728D+05
  0.6074941151109352D+05  0.5922079027065830D+05  0.5768960464835649D+05
  0.5615692363402991D+05  0.5462385768545914D+05  0.5309155751869935D+05
  0.5156121264671841D+05  0.5003404965454425D+05  0.4851133019996099D+05
  0.4699434872982198D+05  0.4548442990327757D+05  0.4398292571466330D+05
  0.4249121231046543D+05  0.4101068649668864D+05  0.3954276193509403D+05
  0.3808886502916494D+05  0.3665043050328719D+05  0.3522889668150551D+05
  0.3382570047531855D+05  0.3244227209330498D+05  0.3108002948890412D+05
  0.2974037256639604D+05  0.2842467716900105D+05  0.2713428887702458D+05
  0.2587051664806540D+05  0.2463462633544061D+05  0.2342783412511124D+05
  0.2225129993545456D+05  0.2110612082816776D+05  0.1999332448232521D+05
  0.1891386278708338D+05  0.1786860561164460D+05  0.1685833481378010D+05
  0.1588373855038355D+05  0.1494540595509650D+05  0.1404382224892748D+05
  0.1317936434989849D+05  0.1235229704701187D+05  0.1156276980216956D+05
  0.1081081424102604D+05  0.1009634239006687D+05  0.9419145712433772D+04
  0.8778894989143471D+04  0.8175141085363580D+04  0.7607316633332096D+04
  0.7074738654376461D+04  0.6576612132366338D+04  0.6112034539914615D+04
  0.5680001306839003D+04  0.5279412207961572D+04  0.4909078634427535D+04
  0.4567731699570677D+04  0.4254031117164556D+04  0.3966574776924136D+04
  0.3703908929623507D+04  0.3464538883415116D+04  0.3246940114612318D+04
  0.3049569587878066D+04  0.2870877347783306D+04  0.2709318045419855D+04
  0.2563362369914456D+04  0.2431508223009512D+04  0.2312291497894945D+04
  0.2204296326347343D+04  0.2106164663535904D+04  0.2016605087558371D+04
  0.1934400700798128D+04  0.1858416032416725D+04  0.1787602855536294D+04
  0.1721004848698613D+04  0.1657761048744373D+04  0.1597108061029228D+04
  0.1538381012539645D+04  0.1481013253618132D+04  0.1424534834259279D+04
  0.1368569800885087D+04  0.1312832378737494D+04  0.1257122123129939D+04
  0.1201318139390356D+04  0.1145372486044869D+04  0.1089302888316034D+04
  0.1033184899071494D+04  0.9771436517463598D+03  0.9213453543261354D+03
  0.8659886751334615D+03  0.8112961698956540D+03  0.7575058954308142D+03
  0.7048633483901519D+03  0.6536138580016233D+03  0.6039955498938823D+03
  0.5562329841009711D+03  0.5105315545537901D+03  0.4670727200783980D+03
  0.4260101184896740D+03  0.3874665961540219D+03  0.3515321657713884D+03
  0.3182628854791691D+03  0.2876806331008087D+03  0.2597737308485532D+03
  0.2344983584462037D+03  0.2117806768685888D+03  0.1915195642169434D+03
  0.1735898950223339D+03  0.1578461830159121D+03  0.1441265375617641D+03
  0.1322567848715632D+03  0.1220546188745148D+03  0.1133337168737616D+03
  0.1059076602354829D+03  0.9959359288147182D+02  0.9421552890652535D+02
  0.8960724199168963D+02  0.8561468586750939D+02  0.8209791229264059D+02
  0.7893247048366180D+02  0.7601028854724836D+02  0.7324005391231566D+02
  0.7054712307329375D+02  0.6787300532449977D+02  0.6517447351714425D+02
  0.6242236418307316D+02  0.5960013398121282D+02  0.5670224164058955D+02
  0.5373242447776936D+02  0.5070193529198566D+02  0.4762780024190985D+02
  0.4453115105252357D+02  0.4143567624371711D+02  0.3836622650803856D+02
  0.3534759942543612D+02  0.3240351889361381D+02  0.2955581542264383D+02
  0.2682380516005482D+02  0.2422385845003537D+02  0.2176914305775553D+02
  0.1946952297722301D+02  0.1733159096814503D+02  0.1535881153795740D+02
  0.1355175084609865D+02  0.1190837076728829D+02  0.1042436600459199D+02
  0.9093521667796661D+01  0.7908088013321251D+01  0.6859141972394744D+01
  0.5936923246773699D+01  0.5131155526260528D+01  0.4431331299341323D+01
  0.3826960357977640D+01  0.3307780123273289D+01  0.2863927482177966D+01
  0.2486073371744004D+01  0.2165522019663447D+01  0.1894278221795047D+01
  0.1665085656752272D+01  0.1471440575941743D+01  0.1307584510731501D+01
  0.1168480072885646D+01  0.1049773669015347D+01  0.9477485646201739D+00
  0.8592715144704614D+00  0.7817356898061015D+00  0.7130022399422723D+00
  0.6513423930354388D+00  0.5953815899067464D+00  0.5440467789317077D+00
  0.4965176258086544D+00  0.4521822035631816D+00  0.4105971926165842D+00
  0.3714534302771854D+00  0.3345447928083722D+00  0.2997456693070938D+00
  0.2669779096798962D+00  0.2362240001449642D+00  0.2074327125344689D+00
  0.1806794928805982D+00
  0.0000000000000000D+00  0.9246482993479622D-14  0.9441031752300455D-14
  0.9639651572824253D-14  0.9842421023536656D-14  0.1004938156421141D-13
  0.1026116743681377D-13  0.1047749361577939D-13  0.1069904389591799D-13
  0.1092551812131286D-13  0.1115717037772378D-13  0.1139408075933124D-13
  0.1163635620512175D-13  0.1188411751135328D-13  0.1213748229275706D-13
  0.1239657323640407D-13  0.1266151704248197D-13  0.1293244400069563D-13
  0.1320948835742801D-13  0.1349278830700025D-13  0.1378248603923424D-13
  0.1407872781268604D-13  0.1438166401708702D-13  0.1469144924240289D-13
  0.1500824235183490D-13  0.1533220655755596D-13  0.1566350949964866D-13
  0.1600232332789414D-13  0.1634882478617895D-13  0.1670319529932795D-13
  0.1706562106213958D-13  0.1743629313040025D-13  0.1781540751364922D-13
  0.1820316526945750D-13  0.1859977259897633D-13  0.1900544094349767D-13
  0.1942038708176220D-13  0.1984483322773089D-13  0.2027900712852782D-13
  0.2072314216224165D-13  0.2117747743525623D-13  0.2164225787876410D-13
  0.2211773434409293D-13  0.2260416369645472D-13  0.2310180890670347D-13
  0.2361093914066182D-13  0.2413182984554956D-13  0.2466476283301953D-13
  0.2521002635827460D-13  0.2576791519470900D-13  0.2633873070348187D-13
  0.2692278089739614D-13  0.2752038049841763D-13  0.2813185098813084D-13
  0.2875752065038390D-13  0.2939772460533460D-13  0.3005280483406099D-13
  0.3072311019285371D-13  0.3140899641625662D-13  0.3211082610786900D-13
  0.3282896871786977D-13  0.3356380050616358D-13  0.3431570448999378D-13
  0.3508507037479930D-13  0.3587229446703238D-13  0.3667777956758440D-13
  0.3750193484439611D-13  0.3834517568275906D-13  0.3920792351173418D-13
  0.4009060560503984D-13  0.4099365485467796D-13  0.4191750951548291D-13
  0.4286261291868965D-13  0.4382941315253286D-13  0.4481836270778753D-13
  0.4582991808607559D-13  0.4686453936865795D-13  0.4792268974333365D-13
  0.4900483498696612D-13  0.5011144290104809D-13  0.5124298269761085D-13
  0.5239992433267449D-13  0.5358273778432448D-13  0.5479189227238596D-13
  0.5602785541655793D-13  0.5729109232974811D-13  0.5858206464324649D-13
  0.5990122946024912D-13  0.6124903823414261D-13  0.6262593556784196D-13
  0.6403235793036905D-13  0.6546873228675467D-13  0.6693547463724588D-13
  0.6843298846170591D-13  0.6996166306500800D-13  0.7152187181914011D-13
  0.7311397029767310D-13  0.7473829429818226D-13  0.7639515774816530D-13
  0.7808485048997306D-13  0.7980763594025219D-13  0.8156374861940277D-13
  0.8335339154658938D-13  0.8517673349588444D-13  0.8703390610921437D-13
  0.8892500086188468D-13  0.9085006587660139D-13  0.9280910258210204D-13
  0.9480206221272222D-13  0.9682884214550179D-13  0.9888928207176543D-13
  0.1009831600004727D-12  0.1031101880910964D-12  0.1052700083142759D-12
  0.1074621879390815D-12  0.1096862148463870D-12  0.1119414926685738D-12
  0.1142273357566473D-12  0.1165429639767621D-12  0.1188874973391953D-12
  0.1212599504639661D-12  0.1236592268885639D-12  0.1260841132246516D-12
  0.1285332731721565D-12  0.1310052414008289D-12  0.1334984173112014D-12
  0.1360110586888717D-12  0.1385412752681873D-12  0.1410870222237742D-12
  0.1436460936108577D-12  0.1462161157780403D-12  0.1487945407791256D-12
  0.1513786398136690D-12  0.1539654967292668D-12  0.1565520016221125D-12
  0.1591348445760783D-12  0.1617105095845280D-12  0.1642752687032033D-12
  0.1668251764868804D-12  0.1693560647670253D-12  0.1718635378324007D-12
  0.1743429680794606D-12  0.1767894922044125D-12  0.1791980080139817D-12
  0.1815631719371740D-12  0.1838793973256690D-12  0.1861408536358156D-12
  0.1883414665905453D-12  0.1904749194247807D-12  0.1925346553230393D-12
  0.1945138811628834D-12  0.1964055726825015D-12  0.1982024811950178D-12
  0.1998971419759594D-12  0.2014818844535788D-12  0.2029488443343321D-12
  0.2042899777976034D-12  0.2054970778945991D-12  0.2065617932861097D-12
  0.2074756494523192D-12  0.2082300725049356D-12  0.2088164157273816D-12
  0.2092259889624894D-12  0.2094500909588166D-12  0.2094800447762310D-12
  0.2093072363384812D-12  0.2089231562049855D-12  0.2083194446157050D-12
  0.2074879398415833D-12  0.2064207298484122D-12  0.2051102072539091D-12
  0.2035491275261111D-12  0.2017306703357267D-12  0.1996485039357298D-12
  0.1972968523981163D-12  0.1946705654903307D-12  0.1917651909223940D-12
  0.1885770486402959D-12  0.1851033067818586D-12  0.1813420588482778D-12
  0.1772924015781391D-12  0.1729545129413736D-12  0.1683297295987881D-12
  0.1634206230992101D-12  0.1582310740116268D-12  0.1527663431149824D-12
  0.1470331386945574D-12  0.1410396789224035D-12  0.1347957482315462D-12
  0.1283127465312468D-12  0.1216037300553085D-12  0.1146834425892032D-12
  0.1075683357868282D-12  0.1002765772662225D-12  0.9282804516802343D-13
  0.8524430787327793D-13  0.7754858761096000D-13  0.6976570674269828D-13
  0.6192201559519129D-13  0.5404530082181737D-13  0.4616467341602968D-13
  0.3831043567188350D-13  0.3051392659265795D-13  0.2280734548761916D-13
  0.1522355376951405D-13  0.7795855270637277D-14  0.5577557317757810D-15
 -0.6457297516288260D-14 -0.1321619426782986D-13 -0.1968645672970509D-13
 -0.2583654912663031D-13 -0.3163619892677939D-13 -0.3705672654135123D-13
 -0.4207137990373413D-13 -0.4665566989437396D-13 -0.5078770215581744D-13
 -0.5444850044893327D-13 -0.5762231634831378D-13 -0.6029691977604734D-13
 -0.6246386464368193D-13 -0.6411872372860586D-13 -0.6526128687000185D-13
 -0.6589571664734729D-13 -0.6603065591620995D-13 -0.6567928193458145D-13
 -0.6485930232779411D-13 -0.6359288881673587D-13 -0.6190654547352378D-13
 -0.5983090926674655D-13 -0.5740048180509985D-13 -0.5465329246835303D-13
 -0.5163049450723212D-13 -0.4837589717274355D-13 -0.4493543846969545D-13
 -0.4135660468332235D-13 -0.3768780436322426D-13 -0.3397770592385757D-13
 -0.3027454939257847D-13 -0.2662544406121296D-13 -0.2307566483235206D-13
 -0.1966796085576920D-13 -0.1644189058497669D-13 -0.1343319761422990D-13
 -0.1067324155227084D-13 -0.8188497726617328D-14 -0.6000138673899298D-14
 -0.4123709148214710D-14 -0.2568904770460289D-14 -0.1339462457347421D-14
 -0.4331684316338426D-15  0.1580130390615709D-15  0.4476899474096351D-15
  0.4546747858078904D-15  0.2025048406618021D-15 -0.2811400978584731D-15
 -0.9651101179437694D-15 -0.1815532272269186D-14 -0.2796614453857850D-14
 -0.3871486114930367D-14 -0.5003054448662548D-14 -0.6154853893770147D-14
 -0.7291866768596943D-14 -0.8381293491367786D-14 -0.9393252157795438D-14
 -0.1030138917557380D-13 -0.1108338513980671D-13 -0.1172134312370643D-13
 -0.1220205000296572D-13 -0.1251710526609075D-13 -0.1266291589492064D-13
 -0.1264056020014225D-13 -0.1245552779877146D-13 -0.1211734702866049D-13
 -0.1163911480307745D-13 -0.1103694701833142D-13 -0.1032936997094311D-13
 -0.9536674693538581D-14 -0.8680256612386860D-14 -0.7781962457257815D-14
 -0.6863464969622842D-14 -0.5945683766678095D-14 -0.5048267879046467D-14
 -0.4189152173029621D-14 -0.3384196293140822D-14 -0.2646911116602033D-14
 -0.1988274183668824D-14 -0.1416632315384826D-14 -0.9376867789121208D-15
 -0.5545539965501153D-15 -0.2678929651425396D-15 -0.7608926813297208D-16
  0.2451519821248917D-16  0.3935794582642636D-16 -0.2463190774090773D-16
 -0.1593344122820003D-15 -0.3557427214408057D-15 -0.6042613332325384D-15
 -0.8949908614513572D-15 -0.1217992741311071D-14 -0.1563528495248209D-14
 -0.1922269428292371D-14 -0.2285473857755188D-14 -0.2645130195309166D-14
 -0.2994065369341174D-14 -0.3326019181419285D-14 -0.3635686206211834D-14
 -0.3918727734875877D-14 -0.4171756994624977D-14 -0.4392301413200730D-14
 -0.4578746018294382D-14 -0.4730262156757740D-14 -0.4846725607923611D-14
 -0.4928627885558212D-14 -0.4976984126508908D-14 -0.4993240508129820D-14
 -0.4979183667159519D-14 -0.4936854143806504D-14 -0.4868465461214851D-14
 -0.4776330074051178D-14 -0.4662793074906527D-14 -0.4530174221907343D-14
 -0.4380718546380168D-14 -0.4216555480186616D-14 -0.4039666201144459D-14
 -0.3851858442741185D-14 -0.3654748361062565D-14 -0.3449746762559695D-14
 -0.3238052681300612D-14
  0.0000000000000000D+00  0.1099406648254857D-17  0.1147191398326669D-17
  0.1197052166754238D-17  0.1249077979635097D-17  0.1303351362240394D-17
  0.1360096615013576D-17  0.1419341384938877D-17  0.1481337860504459D-17
  0.1546115979837156D-17  0.1613840358242025D-17  0.1684638220622187D-17
  0.1758650867888278D-17  0.1836027649902660D-17  0.1916923811505259D-17
  0.2001502520058555D-17  0.2089934857339132D-17  0.2182400258770274D-17
  0.2279086971723166D-17  0.2380192495259691D-17  0.2485924066208528D-17
  0.2596499161910327D-17  0.2712146031859078D-17  0.2833104258577751D-17
  0.2959625348022323D-17  0.3091973352323716D-17  0.3230425526348357D-17
  0.3375273019979929D-17  0.3526821608221802D-17  0.3685392461221961D-17
  0.3851322956476594D-17  0.4024967535591543D-17  0.4206698608103533D-17
  0.4396907505003073D-17  0.4596005484744615D-17  0.4804424794680382D-17
  0.5022619791014757D-17  0.5251068120543380D-17  0.5490271967618364D-17
  0.5740759369966481D-17  0.6003085607182301D-17  0.6277834665923838D-17
  0.6565620786052856D-17  0.6867090092188466D-17  0.7182922315379796D-17
  0.7513832609851501D-17  0.7860573470037064D-17  0.8223936753387355D-17
  0.8604755814727680D-17  0.9003907758235673D-17  0.9422315813425314D-17
  0.9860951841848283D-17  0.1032083898156674D-16  0.1080305443680695D-16
  0.1130873242057544D-16  0.1183906725840748D-16  0.1239531666182049D-16
  0.1297880518046734D-16  0.1359092784241945D-16  0.1423315399246624D-16
  0.1490703133878792D-16  0.1561419021884860D-16  0.1635634809586381D-16
  0.1713531429772117D-16  0.1795299501077538D-16  0.1881139854149938D-16
  0.1971264085955037D-16  0.2065895143640406D-16  0.2165267939432209D-16
  0.2269629998104338D-16  0.2379242138623323D-16  0.2494379191638036D-16
  0.2615330754549886D-16  0.2742401985967733D-16  0.2875914441420129D-16
  0.3016206952268018D-16  0.3163636549830855D-16  0.3318579436810074D-16
  0.3481432008164362D-16  0.3652611923661610D-16  0.3832559234401671D-16
  0.4021737565672891D-16  0.4220635358571438D-16  0.4429767172877401D-16
  0.4649675053742766D-16  0.4880929964804416D-16  0.5124133290389126D-16
  0.5379918409525425D-16  0.5648952344519727D-16  0.5931937486889156D-16
  0.6229613403469478D-16  0.6542758725534212D-16  0.6872193123766187D-16
  0.7218779371916006D-16  0.7583425501961265D-16  0.7967087053542112D-16
  0.8370769420394088D-16  0.8795530296422862D-16  0.9242482223966714D-16
  0.9712795246669263D-16  0.1020769966923218D-15  0.1072848892613459D-15
  0.1127652256118900D-15  0.1185322931954625D-15  0.1246011035346715D-15
  0.1309874254283323D-15  0.1377078193097726D-15  0.1447796727596621D-15
  0.1522212371696127D-15  0.1600516655470724D-15  0.1682910514456165D-15
  0.1769604689975179D-15  0.1860820140174866D-15  0.1956788461375257D-15
  0.2057752319229752D-15  0.2163965889089104D-15  0.2275695304840061D-15
  0.2393219115357703D-15  0.2516828747565490D-15  0.2646828974938324D-15
  0.2783538390111035D-15  0.2927289880066094D-15  0.3078431102169624D-15
  0.3237324959103097D-15  0.3404350070497577D-15  0.3579901238818751D-15
  0.3764389906771662D-15  0.3958244603194283D-15  0.4161911374087649D-15
  0.4375854195086366D-15  0.4600555361306093D-15  0.4836515850114443D-15
  0.5084255651956016D-15  0.5344314063923576D-15  0.5617249940302724D-15
  0.5903641893828249D-15  0.6204088440877714D-15  0.6519208083289189D-15
  0.6849639318930402D-15  0.7196040572563531D-15  0.7559090037946632D-15
  0.7939485421491561D-15  0.8337943577160640D-15  0.8755200021634327D-15
  0.9192008318122496D-15  0.9649139316528930D-15  0.1012738023701430D-14
  0.1062753358334703D-14  0.1115041587178787D-14  0.1169685616063244D-14
  0.1226769436494524D-14  0.1286377934046774D-14  0.1348596672018536D-14
  0.1413511648660514D-14  0.1481209026244080D-14  0.1551774830214369D-14
  0.1625294616656901D-14  0.1701853106305042D-14  0.1781533783328905D-14
  0.1864418457176923D-14  0.1950586785791608D-14  0.2040115758593299D-14
  0.2133079137723054D-14  0.2229546856160597D-14  0.2329584371488695D-14
  0.2433251974264516D-14  0.2540604050184544D-14  0.2651688295495624D-14
  0.2766544885414333D-14  0.2885205595672835D-14  0.3007692877715591D-14
  0.3134018888530023D-14  0.3264184476609299D-14  0.3398178126118411D-14
  0.3535974861969281D-14  0.3677535119206766D-14  0.3822803580868343D-14
  0.3971707989304847D-14  0.4124157936838118D-14  0.4280043642583043D-14
  0.4439234723271968D-14  0.4601578966986930D-14  0.4766901119821938D-14
  0.4935001696658167D-14  0.5105655828428215D-14  0.5278612159461588D-14
  0.5453591809727032D-14  0.5630287418002795D-14  0.5808362283193195D-14
  0.5987449622147646D-14  0.6167151963401514D-14  0.6347040697219313D-14
  0.6526655803149035D-14  0.6705505776960405D-14  0.6883067779303465D-14
  0.7058788028653302D-14  0.7232082461062987D-14  0.7402337678896252D-14
  0.7568912210017677D-14  0.7731138097849790D-14  0.7888322841235483D-14
  0.8039751701146540D-14  0.8184690388938257D-14  0.8322388148054434D-14
  0.8452081237832280D-14  0.8572996824342214D-14  0.8684357279028349D-14
  0.8785384881294023D-14  0.8875306916108407D-14  0.8953361152188817D-14
  0.9018801680331431D-14  0.9070905085027970D-14  0.9108976915536896D-14
  0.9132358415204880D-14  0.9140433459899817D-14  0.9132635648158119D-14
  0.9108455477028770D-14  0.9067447528870012D-14  0.9009237585715432D-14
  0.8933529579577484D-14  0.8840112279536513D-14  0.8728865610038716D-14
  0.8599766489868747D-14  0.8452894078125828D-14  0.8288434312527969D-14
  0.8106683626756495D-14  0.7908051737515798D-14  0.7693063398635383D-14
  0.7462359028909007D-14  0.7216694132398398D-14  0.6956937444489210D-14
  0.6684067753866962D-14  0.6399169369491776D-14  0.6103426222250250D-14
  0.5798114612845221D-14  0.5484594640212540D-14  0.5164300367859016D-14
  0.4838728808525667D-14  0.4509427830026561D-14  0.4177983106554511D-14
  0.3846004259776168D-14  0.3515110352301975D-14  0.3186914912308962D-14
  0.2863010681963484D-14  0.2544954293632164D-14  0.2234251086510316D-14
  0.1932340282079433D-14  0.1640580739563176D-14  0.1360237512082197D-14
  0.1092469420253953D-14  0.8383178522046377D-15  0.5986969869330716D-15
  0.3743856211910881D-15  0.1660207579905100D-15 -0.2590691296540720D-16
 -0.2010555464861529D-15 -0.3592326280915044D-15 -0.5003934035734341D-15
 -0.6246372889843467D-15 -0.7322023479729601D-15 -0.8234579711970502D-15
 -0.8988959345390512D-15 -0.9591200461334072D-15 -0.1004834614412052D-14
 -0.1036831980785493D-14 -0.1055979362549978D-14 -0.1063205247335723D-14
 -0.1059485573010868D-14 -0.1045829918908722D-14 -0.1023267926643962D-14
 -0.9928361612659930D-15 -0.9555656146970075D-15 -0.9124700415003385D-15
 -0.8645353004491296D-15 -0.8127098530606982D-15 -0.7578965420554433D-15
 -0.7009457391472555D-15 -0.6426499139573349D-15 -0.5837396359221955D-15
 -0.5248809808646147D-15 -0.4666742755099067D-15 -0.4096540786114467D-15
 -0.3542902681704529D-15 -0.3009900817611891D-15 -0.2501009420002704D-15
 -0.2019138920315947D-15 -0.1566674663641390D-15 -0.1145518299038187D-15
 -0.7571303162124577D-16 -0.4025723779705511D-16 -0.8254831829410772D-17
  0.2025570824871806D-16  0.4526421851790101D-16  0.6678558389037407D-16
  0.8485681601451751D-16  0.9953447192177306D-16  0.1108923947136063D-15
  0.1190197456807935D-15  0.1240192897249451D-15  0.1260058926661287D-15
  0.1251051905547096D-15  0.1214523956772262D-15  0.1151912120945918D-15
  0.1064728432311368D-15  0.9545508445264367D-16  0.8230150326470993D-16
  0.6718071743128201D-16  0.5026578619991716D-16  0.3173373142826490D-16
  0.1176520429683634D-16 -0.9455689720753247D-17 -0.3174139839230326D-16
 -0.5490075620315470D-16 -0.7873863834929660D-16 -0.1030554295093560D-15
 -0.1276463008371766D-15 -0.1523002889165267D-15 -0.1767991738617700D-15
 -0.2009161624397278D-15 -0.2244143980833102D-15 -0.2470453447504682D-15
 -0.2685471279319947D-15 -0.2886429639002232D-15 -0.3070398746827717D-15
 -0.3234279546219445D-15 -0.3374806009884280D-15 -0.3488560725476856D-15
 -0.3572014231373961D-15
  0.0000000000000000D+00 -0.7351823009709900D-22 -0.7896890451994561D-22
 -0.8482341069191613D-22 -0.9111147675865949D-22 -0.9786373499317202D-22
 -0.1051370853663019D-21 -0.1129537377483871D-21 -0.1213819043466742D-21
 -0.1304490160716963D-21 -0.1402111619305504D-21 -0.1507205958814475D-21
 -0.1620339882192858D-21 -0.1742136356477337D-21 -0.1873261614483449D-21
 -0.2014435143391939D-21 -0.2166433899151063D-21 -0.2330095861572875D-21
 -0.2506325420079583D-21 -0.2696098666358320D-21 -0.2900469107655442D-21
 -0.3120573949117888D-21 -0.3357640853438055D-21 -0.3612995263069111D-21
 -0.3888068335757892D-21 -0.4184405535915717D-21 -0.4503675941012245D-21
 -0.4847682323432823D-21 -0.5218372072948731D-21 -0.5617849031476381D-21
 -0.6048386317656271D-21 -0.6512440225474611D-21 -0.7012665288494307D-21
 -0.7551930609154562D-21 -0.8133337561208856D-21 -0.8760238982732443D-21
 -0.9436259987303331D-21 -0.1016532053201856D-20 -0.1095165989303238D-20
 -0.1179986321237048D-20 -0.1271489029398218D-20 -0.1370210684243501D-20
 -0.1476731835444254D-20 -0.1591680689166133D-20 -0.1715737098302357D-20
 -0.1849636892642488D-20 -0.1994176578300865D-20 -0.2150218438274269D-20
 -0.2318696068764185D-20 -0.2500620388904361D-20 -0.2697086164799471D-20
 -0.2909279092327776D-20 -0.3138483487014059D-20 -0.3386090633464148D-20
 -0.3653607851397914D-20 -0.3942668340253725D-20 -0.4255041869696681D-20
 -0.4592646389182345D-20 -0.4957560636043594D-20 -0.5352037828424570D-20
 -0.5778520536825631D-20 -0.6239656836096115D-20 -0.6738317848470250D-20
 -0.7277616797740972D-20 -0.7860929704969503D-20 -0.8491917867299318D-20
 -0.9174552273553565D-20 -0.9913140123420647D-20 -0.1071235363125579D-19
 -0.1157726131093545D-19 -0.1251336195489079D-19 -0.1352662153851846D-19
 -0.1462351330073025D-19 -0.1581106127257686D-19 -0.1709688754878745D-19
 -0.1848926362184561D-19 -0.1999716612501189D-19 -0.2163033735966309D-19
 -0.2339935101360942D-19 -0.2531568351085078D-19 -0.2739179146972713D-19
 -0.2964119578581066D-19 -0.3207857289838095D-19 -0.3471985384515615D-19
 -0.3758233175935238D-19 -0.4068477851636680D-19 -0.4404757129469848D-19
 -0.4769282987740834D-19 -0.5164456558678081D-19 -0.5592884281620082D-19
 -0.6057395419990893D-19 -0.6561061054362108D-19 -0.7107214672732454D-19
 -0.7699474488627532D-19 -0.8341767627772536D-19 -0.9038356334955981D-19
 -0.9793866364329565D-19 -0.1061331772881485D-18 -0.1150215799755804D-18
 -0.1246629834453327D-18 -0.1351215256648372D-18 -0.1464667930445589D-18
 -0.1587742772026702D-18 -0.1721258689739023D-18 -0.1866103925499028D-18
 -0.2023241828423039D-18 -0.2193717093753290D-18 -0.2378662502424888D-18
 -0.2579306199019263D-18 -0.2796979548375337D-18 -0.3033125613781958D-18
 -0.3289308302453379D-18 -0.3567222226894822D-18 -0.3868703333793118D-18
 -0.4195740355215912D-18 -0.4550487140165917D-18 -0.4935275927906007D-18
 -0.5352631627937792D-18 -0.5805287175066797D-18 -0.6296200031605694D-18
 -0.6828569912434535D-18 -0.7405857812328678D-18 -0.8031806418653573D-18
 -0.8710461996177934D-18 -0.9446197834331612D-18 -0.1024373935068935D-17
 -0.1110819094774008D-17 -0.1204506472304454D-17 -0.1306031113562199D-17
 -0.1416035173375758D-17 -0.1535211405129770D-17 -0.1664306878079724D-17
 -0.1804126933248398D-17 -0.1955539388778414D-17 -0.2119479005496136D-17
 -0.2296952223209951D-17 -0.2489042177902865D-17 -0.2696914009465009D-17
 -0.2921820468925071D-17 -0.3165107833255591D-17 -0.3428222134720100D-17
 -0.3712715710371027D-17 -0.4020254075664593D-17 -0.4352623124199301D-17
 -0.4711736653270805D-17 -0.5099644212229255D-17 -0.5518539267483110D-17
 -0.5970767674371578D-17 -0.6458836441978730D-17 -0.6985422772236427D-17
 -0.7553383349308015D-17 -0.8165763849206735D-17 -0.8825808632825799D-17
 -0.9536970577985591D-17 -0.1030292099767793D-16 -0.1112755958235386D-16
 -0.1201502429380198D-16 -0.1296970112684614D-16 -0.1399623364270573D-16
 -0.1509953216436246D-16 -0.1628478250962790D-16 -0.1755745412177697D-16
 -0.1892330744058807D-16 -0.2038840033840408D-16 -0.2195909342641780D-16
 -0.2364205401582117D-16 -0.2544425849680031D-16 -0.2737299287569259D-16
 -0.2943585118706638D-16 -0.3164073147319694D-16 -0.3399582899859062D-16
 -0.3650962634209856D-16 -0.3919087998406664D-16 -0.4204860298124432D-16
 -0.4509204329825459D-16 -0.4833065734179802D-16 -0.5177407822301450D-16
 -0.5543207825520022D-16 -0.5931452517913426D-16 -0.6343133159743773D-16
 -0.6779239709360275D-16 -0.7240754251162199D-16 -0.7728643587963946D-16
 -0.8243850947694870D-16 -0.8787286756929145D-16 -0.9359818437412536D-16
 -0.9962259186679384D-16 -0.1059535571018212D-15 -0.1125977488023878D-15
 -0.1195608930669266D-15 -0.1268476181561869D-15 -0.1344612884584455D-15
 -0.1424038278860509D-15 -0.1506755331343156D-15 -0.1592748774347304D-15
 -0.1681983056592502D-15 -0.1774400218811349D-15 -0.1869917707704610D-15
 -0.1968426144982765D-15 -0.2069787071413133D-15 -0.2173830689175230D-15
 -0.2280353629390336D-15 -0.2389116775404809D-15 -0.2499843176231721D-15
 -0.2612216088446157D-15 -0.2725877188729818D-15 -0.2840425003103676D-15
 -0.2955413602593935D-15 -0.3070351618551536D-15 -0.3184701633976071D-15
 -0.3297880009848178D-15 -0.3409257207503246D-15 -0.3518158669283472D-15
 -0.3623866319936426D-15 -0.3725620750213321D-15 -0.3822624141710774D-15
 -0.3914043987932707D-15 -0.3999017660666087D-15 -0.4076657862891423D-15
 -0.4146058999473940D-15 -0.4206304484738451D-15 -0.4256474991716089D-15
 -0.4295657631418304D-15 -0.4322956032064144D-15 -0.4337501267940904D-15
 -0.4338463565761291D-15 -0.4325064693292704D-15 -0.4296590911040782D-15
 -0.4252406343284732D-15 -0.4191966600259444D-15 -0.4114832459275982D-15
 -0.4020683389635187D-15 -0.3909330684918050D-15 -0.3780729947269478D-15
 -0.3634992652285641D-15 -0.3472396510750904D-15 -0.3293394335435875D-15
 -0.3098621118160535D-15 -0.2888899025035423D-15 -0.2665240026901776D-15
 -0.2428845898151667D-15 -0.2181105340937220D-15 -0.1923588023820642D-15
 -0.1658035364623050D-15 -0.1386347936903399D-15 -0.1110569438239648D-15
 -0.8328672261190027D-16 -0.5555095032389359D-16 -0.2808393173909108D-16
 -0.1124563031127521D-17  0.2508681972266419D-16  0.5031180630952055D-16
  0.7431743923089224D-16  0.9687984003024145D-16  0.1177878662384716D-15
  0.1368467244365640D-15  0.1538814613244144D-15  0.1687402534421983D-15
  0.1812974174089028D-15  0.1914560662065111D-15  0.1991503428148073D-15
  0.2043471699705531D-15  0.2070474636182773D-15  0.2072867673407149D-15
  0.2051352757944140D-15  0.2006972270302726D-15  0.1941096569339233D-15
  0.1855405240776242D-15  0.1751862299796541D-15  0.1632685776579684D-15
  0.1500312295886799D-15  0.1357357436137893D-15  0.1206572807520500D-15
  0.1050800910984981D-15  0.8929289209717991D-16  0.7358425680805522D-16
  0.5823812808142603D-16  0.4352956789893567D-16  0.2972083998099373D-16
  0.1705790883520051D-16  0.5767420694738577D-17 -0.3945787624965631D-17
 -0.1190062588333125D-16 -0.1794112690270529D-16 -0.2193727352122544D-16
 -0.2378530258544602D-16 -0.2340752504982621D-16 -0.2075171047635855D-16
 -0.1579009012970447D-16 -0.8518035623123761D-17  0.1047529925130127D-17
  0.1286993347326865D-16  0.2689471540001478D-16  0.4305170829529935D-16
  0.6125718975455873D-16  0.8141607225738693D-16  0.1034240967659782D-15
  0.1271699991759492D-15  0.1525376199870098D-15  0.1794079273111418D-15
  0.2076609227359621D-15  0.2371773979218520D-15  0.2678405090060938D-15
  0.2995371357777506D-15  0.3321589941377756D-15  0.3656034738630159D-15
  0.3997741787551568D-15  0.4345811524045501D-15  0.4699407780864945D-15
  0.5057753445497618D-15  0.5420122682388306D-15  0.5785829560873217D-15
  0.6154212809057358D-15  0.6524616243268437D-15  0.6896364220488808D-15
  0.7268731244655302D-15  0.7640904646305067D-15  0.8011939059514646D-15
  0.8380701244051845D-15  0.8745803640667235D-15  0.9105524886225005D-15
  0.9457715347481286D-15  0.9799685463480334D-15  0.1012807446275343D-14
  0.1043869611265533D-14  0.1072635894916438D-14  0.1098465169035179D-14
  0.1120569998574389D-14
  0.0000000000000000D+00  0.1663884179515447D-23  0.1797650642770745D-23
  0.1942130367537808D-23  0.2098172880442068D-23  0.2266664031629420D-23
  0.2449373293168395D-23  0.2646783639992383D-23  0.2861062444331704D-23
  0.3092863580836693D-23  0.3343863770304582D-23  0.3615622805225791D-23
  0.3909787114580860D-23  0.4228221652984156D-23  0.4572917756342849D-23
  0.4946033844166036D-23  0.5349917473199563D-23  0.5787110424333768D-23
  0.6260368759873978D-23  0.6772681163599601D-23  0.7327287521252181D-23
  0.7927700547242272D-23  0.8577728824085432D-23  0.9281501756000533D-23
  0.1004349681311132D-22  0.1086856907172487D-22  0.1176198330224122D-22
  0.1272944883836312D-22  0.1377715744948464D-22  0.1491182448295615D-22
  0.1614073356013797D-22  0.1747178513272866D-22  0.1891354923518060D-22
  0.2047532279756421D-22  0.2216719191494788D-22  0.2400009950416960D-22
  0.2598591881637047D-22  0.2813753331447925D-22  0.3046892346921811D-22
  0.3299526107536766D-22  0.3573301174236429D-22  0.3870004627014574D-22
  0.4191576168288021D-22  0.4540121276023566D-22  0.4917925497860565D-22
  0.5327469985369095D-22  0.5771448376155558D-22  0.6252785140829912D-22
  0.6774655521940881D-22  0.7340507202934105D-22  0.7954083857061365D-22
  0.8619450739044781D-22  0.9341022496257883D-22  0.1012359339131466D-21
  0.1097237014435115D-21  0.1189300762104528D-21  0.1289164761165526D-21
  0.1397496096718627D-21  0.1515019338134016D-21  0.1642521513130058D-21
  0.1780857511680180D-21  0.1930955956547144D-21  0.2093825580330050D-21
  0.2270562152244031D-21  0.2462356001455848D-21  0.2670500187689171D-21
  0.2896399374013190D-21  0.3141579461259902D-21  0.3407698048402697D-21
  0.3696555788497444D-21  0.4010108715464025D-21  0.4350481623099348D-21
  0.4719982584292572D-21  0.5121118705491427D-21  0.5556613219076703D-21
  0.6029424024477599D-21  0.6542763797636469D-21  0.7100121797848338D-21
  0.7705287511095235D-21  0.8362376279809877D-21  0.9075857080576742D-21
  0.9850582623657617D-21  0.1069182196145146D-20  0.1160529580711280D-20
  0.1259721477960146D-20  0.1367432080746028D-20  0.1484393194066574D-20
  0.1611399083800196D-20  0.1749311721661894D-20  0.1899066457078319D-20
  0.2061678148834570D-20  0.2238247791616936D-20  0.2429969674969493D-20
  0.2638139114699430D-20  0.2864160799407196D-20  0.3109557797581544D-20
  0.3375981273585246D-20  0.3665220963860255D-20  0.3979216467796204D-20
  0.4320069410926033D-20  0.4690056541426107D-20  0.5091643824292784D-20
  0.5527501601026724D-20  0.6000520886157739D-20  0.6513830875464369D-20
  0.7070817744250402D-20  0.7675144817500306D-20  0.8330774197104655D-20
  0.9041989934571876D-20  0.9813422840668015D-20  0.1065007702618081D-19
  0.1155735827040724D-19  0.1254110431592751D-19  0.1360761718964126D-19
  0.1476369765078771D-19  0.1601668186661193D-19  0.1737448041531436D-19
  0.1884561971375898D-19  0.2043928596391184D-19  0.2216537170691242D-19
  0.2403452506679398D-19  0.2605820175687916D-19  0.2824871991046786D-19
  0.3061931778325707D-19  0.3318421435758464D-19  0.3595867285764827D-19
  0.3895906715983018D-19  0.4220295105262134D-19  0.4570913026582369D-19
  0.4949773714804928D-19  0.5359030782435562D-19  0.5800986161138811D-19
  0.6278098240480821D-19  0.6792990168219327D-19  0.7348458268301672D-19
  0.7947480523472775D-19  0.8593225058924155D-19  0.9289058551612035D-19
  0.1003855447661508D-18  0.1084550108705389D-18  0.1171390900752068D-18
  0.1264801830251995D-18  0.1365230486095344D-18  0.1473148591504037D-18
  0.1589052448709178D-18  0.1713463253010400D-18  0.1846927249804229D-18
  0.1990015704881120D-18  0.2143324654710860D-18  0.2307474399551517D-18
  0.2483108698016931D-18  0.2670893617213827D-18  0.2871515987706577D-18
  0.3085681407384121D-18  0.3314111732792777D-18  0.3557541990669836D-18
  0.3816716636282138D-18  0.4092385078765006D-18  0.4385296387004740D-18
  0.4696193082756681D-18  0.5025803920699919D-18  0.5374835548071509D-18
  0.5743962929489448D-18  0.6133818415672787D-18  0.6544979328133903D-18
  0.6977953925705237D-18  0.7433165613158848D-18  0.7910935247391865D-18
  0.8411461392934497D-18  0.8934798376171760D-18  0.9480831986977265D-18
  0.1004925267780171D-17  0.1063952611404655D-17  0.1125086093623996D-17
  0.1188217360461772D-17  0.1253205021074837D-17  0.1319870515942535D-17
  0.1387993664783213D-17  0.1457307889865365D-17  0.1527495114010193D-17
  0.1598180336950754D-17  0.1668925898900386D-17  0.1739225446271165D-17
  0.1808497621553299D-17  0.1876079507499394D-17  0.1941219865030140D-17
  0.2003072214761464D-17  0.2060687823810187D-17  0.2113008672615180D-17
  0.2158860490949427D-17  0.2196945968107993D-17  0.2225838259427911D-17
  0.2243974929786094D-17  0.2249652494454055D-17  0.2241021738543793D-17
  0.2216084018090467D-17  0.2172688768361282D-17  0.2108532467972750D-17
  0.2021159330486556D-17  0.1907964017909483D-17  0.1766196692434549D-17
  0.1592970743227993D-17  0.1385273543395436D-17  0.1139980607652245D-17
  0.8538735327737407D-18  0.5236621095949454D-18  0.1460109960377445D-18
 -0.2824286658738482D-18 -0.7649823211364886D-18 -0.1304909418243545D-17
 -0.1905354864814865D-17 -0.2569294265785874D-17 -0.3299472751670481D-17
 -0.4098337284435553D-17 -0.4967962425676266D-17 -0.5909969667061600D-17
 -0.6925440557057710D-17 -0.8014824010985719D-17 -0.9177838363295797D-17
 -0.1041336891078083D-16 -0.1171936190198666D-16 -0.1309271614937253D-16
 -0.1452917367427148D-16 -0.1602321103718233D-16 -0.1756793325348902D-16
 -0.1915497244275228D-16 -0.2077439360293066D-16 -0.2241461013322557D-16
 -0.2406231194394615D-16 -0.2570240918139886D-16 -0.2731799475219570D-16
 -0.2889032894581497D-16 -0.3039884951744583D-16 -0.3182121059539483D-16
 -0.3313335370856657D-16 -0.3430961407958327D-16 -0.3532286508786334D-16
 -0.3614470346474126D-16 -0.3674567733055985D-16 -0.3709555861399954D-16
 -0.3716366070109491D-16 -0.3691920134254109D-16 -0.3633170990385179D-16
 -0.3537147697928255D-16 -0.3401004321872224D-16 -0.3222072295558028D-16
 -0.2997915689976065D-16 -0.2726388680864587D-16 -0.2405694371509523D-16
 -0.2034444002757557D-16 -0.1611715468283727D-16 -0.1137109958817705D-16
 -0.6108054898269703D-17 -0.3360602818733184D-18  0.5930150719193946D-17
  0.1266878584217386D-16  0.1985071074566153D-16  0.2743925821123428D-16
  0.3539013983442896D-16  0.4365146881929151D-16  0.5216390101583564D-16
  0.6086089966001820D-16  0.6966912730829112D-16  0.7850896604582245D-16
  0.8729516409614048D-16  0.9593760340906824D-16  0.1043421787508540D-15
  0.1124117744823457D-15  0.1200473209179023D-15  0.1271489082892977D-15
  0.1336169332578161D-15  0.1393532509209537D-15  0.1442623045391133D-15
  0.1482522058485265D-15  0.1512357407949341D-15  0.1531312786955616D-15
  0.1538635669998258D-15  0.1533643986984958D-15  0.1515731447095903D-15
  0.1484371489093610D-15  0.1439119885477907D-15  0.1379616072856559D-15
  0.1305583317599746D-15  0.1216827852378852D-15  0.1113237134446894D-15
  0.9947773802348732D-16  0.8614905235907184D-16  0.7134907281446510D-16
  0.5509605599055843D-16  0.3741468968868293D-16  0.1833566213202868D-16
 -0.2104788996360267D-17 -0.2386534869470337D-16 -0.4690012076856434D-16
 -0.7115915155682172D-16 -0.9658898452653513D-16 -0.1231332472295576D-15
 -0.1507332691558587D-15 -0.1793287249423859D-15 -0.2088582920525930D-15
 -0.2392603068641736D-15 -0.2704733972030678D-15 -0.3024370648651549D-15
 -0.3350921882342879D-15 -0.3683814137294926D-15 -0.4022494057281964D-15
 -0.4366429273558656D-15 -0.4715107286700832D-15 -0.5068032223237746D-15
 -0.5424719287439847D-15 -0.5784686708617664D-15 -0.6147444919875466D-15
 -0.6512482591925156D-15 -0.6879248995034580D-15 -0.7247131993393409D-15
 -0.7615430808356896D-15 -0.7983322542155063D-15 -0.8349821345880804D-15
 -0.8713729053694666D-15 -0.9073576093657703D-15 -0.9427551518892791D-15
 -0.9773421094149244D-15 -0.1010843245321940D-14 -0.1042920660761205D-14
 -0.1073161485007770D-14 -0.1101064192768040D-14 -0.1126023091172414D-14
 -0.1147312334755431D-14
  0.0000000000000000D+00  0.5515668946351197D-27  0.6085846223543827D-27
  0.6714914098160633D-27  0.7408930911471185D-27  0.8174427482597349D-27
  0.9021309184666078D-27  0.9956303621265702D-27  0.1099182851593351D-26
  0.1213638356360378D-26  0.1340246538742291D-26  0.1480286214135570D-26
  0.1635186812777938D-26  0.1806540358195295D-26  0.1996104484799821D-26
  0.2205828713893942D-26  0.2437873278785660D-26  0.2694632411185091D-26
  0.2978760346040206D-26  0.3293199681610081D-26  0.3641213286989685D-26
  0.4026419611247920D-26  0.4452831954507851D-26  0.4924902176666122D-26
  0.5447569283226535D-26  0.6026313481052217D-26  0.6667216322594551D-26
  0.7377027628952448D-26  0.8163239973012013D-26  0.9034171588152709D-26
  0.9999058669829122D-26  0.1106815815092940D-25  0.1225286215708851D-25
  0.1356582548925093D-25  0.1502110763839926D-25  0.1663433101351481D-25
  0.1842285726097528D-25  0.2040598377409522D-25  0.2260516273819119D-25
  0.2504424533256637D-25  0.2774975401965603D-25  0.3075118619721071D-25
  0.3408135287622096D-25  0.3777675648026607D-25  0.4187801234664259D-25
  0.4643031905221209D-25  0.5148398329437665D-25  0.5709500573772914D-25
  0.6332573499854677D-25  0.7024559779211144D-25  0.7793191422296464D-25
  0.8647080826785087D-25  0.9595822469916630D-25  0.1065010650386240D-24
  0.1182184566340118D-24  0.1312431706356485D-24  0.1457232065354334D-24
  0.1618235630444629D-24  0.1797282174525155D-24  0.1996423382649875D-24
  0.2217947588843462D-24  0.2464407434324313D-24  0.2738650795401526D-24
  0.3043855371104894D-24  0.3383567367435483D-24  0.3761744767590949D-24
  0.4182805736308782D-24  0.4651682772337054D-24  0.5173883296841347D-24
  0.5755557448244564D-24  0.6403573946633623D-24  0.7125604994659997D-24
  0.7930221298138305D-24  0.8826998419815659D-24  0.9826635825713264D-24
  0.1094109014691339D-23  0.1218372436277689D-23  0.1356947481667158D-23
  0.1511503820500984D-23  0.1683908093765398D-23  0.1876247355585293D-23
  0.2090855321647963D-23  0.2330341761255810D-23  0.2597625410448565D-23
  0.2895970828908600D-23  0.3229029674040714D-23  0.3600886922338257D-23
  0.4016112631624146D-23  0.4479819908785891D-23  0.4997729827094965D-23
  0.5576244126104794D-23  0.6222526626564362D-23  0.6944594403999949D-23
  0.7751419888973842D-23  0.8653045201067977D-23  0.9660710179056808D-23
  0.1078699574343105D-22  0.1204598442153185D-22  0.1345344008239277D-22
  0.1502700917059398D-22  0.1678644599891186D-22  0.1875386496152901D-22
  0.2095402286665169D-22  0.2341463496355059D-22  0.2616672865871049D-22
  0.2924503938388100D-22  0.3268845360076943D-22  0.3654050450898296D-22
  0.4084992667224820D-22  0.4567127650033815D-22  0.5106562632867737D-22
  0.5710134073332704D-22  0.6385494471595641D-22  0.7141209450249527D-22
  0.7986866293263542D-22  0.8933195278855026D-22  0.9992205293495444D-22
  0.1117733538351248D-21  0.1250362408866426D-21  0.1398789861060116D-21
  0.1564898610044047D-21  0.1750794960613855D-21  0.1958835150450616D-21
  0.2191654755743997D-21  0.2452201508028641D-21  0.2743771909560450D-21
  0.3070052077161911D-21  0.3435163291533100D-21  0.3843712780993012D-21
  0.4300850325953988D-21  0.4812331333647690D-21  0.5384587102267831D-21
  0.6024803070362421D-21  0.6741005931636546D-21  0.7542160588001489D-21
  0.8438278015459696D-21  0.9440535229033561D-21  0.1056140865526088D-20
  0.1181482235467982D-20  0.1321631268314938D-20  0.1478321114077380D-20
  0.1653484733167977D-20  0.1849277414797812D-20  0.2068101749808985D-20
  0.2312635312434504D-20  0.2585861329858444D-20  0.2891102644859515D-20
  0.3232059305379563D-20  0.3612850145685134D-20  0.4038058757001879D-20
  0.4512784281208636D-20  0.5042697499484961D-20  0.5634102728805807D-20
  0.6294006082947778D-20  0.7030190701272502D-20  0.7851299598020551D-20
  0.8766926837192489D-20  0.9787717793278049D-20  0.1092547931605755D-19
  0.1219330067830806D-19  0.1360568624832890D-19  0.1517870089449302D-19
  0.1693012919620713D-19  0.1887964960428922D-19  0.2104902476330648D-19
  0.2346230927821753D-19  0.2614607627689878D-19  0.2912966418788980D-19
  0.3244544521779493D-19  0.3612911707394623D-19  0.4022001953358589D-19
  0.4476147750922647D-19  0.4980117229894001D-19  0.5539154273782195D-19
  0.6159021798017038D-19  0.6846048363806275D-19  0.7607178297782143D-19
  0.8450025482764213D-19  0.9382930977352618D-19  0.1041502461122582D-18
  0.1155629068847761D-18  0.1281763791259175D-18  0.1421097362316513D-18
  0.1574928240569446D-18  0.1744670910102279D-18  0.1931864619977243D-18
  0.2138182555864042D-18  0.2365441431912008D-18  0.2615611484440171D-18
  0.2890826841622701D-18  0.3193396234971923D-18  0.3525814009005728D-18
  0.3890771374981213D-18  0.4291167842930656D-18  0.4730122753414752D-18
  0.5210986816384990D-18  0.5737353549311261D-18  0.6313070490289922D-18
  0.6942250044230366D-18  0.7629279801481131D-18  0.8378832148491150D-18
  0.9195872969430315D-18  0.1008566921629848D-17  0.1105379510316570D-17
  0.1210613665810177D-17  0.1324889434446230D-17  0.1448858344194982D-17
  0.1583203185784206D-17  0.1728637502060467D-17  0.1885904749255549D-17
  0.2055777092610915D-17  0.2239053798033105D-17  0.2436559181180039D-17
  0.2649140075724164D-17  0.2877662783542107D-17  0.3123009471348537D-17
  0.3386073980843210D-17  0.3667757022826747D-17  0.3968960729982231D-17
  0.4290582548118225D-17  0.4633508451626843D-17  0.4998605475714850D-17
  0.5386713565598195D-17  0.5798636751292124D-17  0.6235133665848396D-17
  0.6696907434863675D-17  0.7184594975766899D-17  0.7698755756756479D-17
  0.8239860077245965D-17  0.8808276944251691D-17  0.9404261632248266D-17
  0.1002794302757218D-16  0.1067931087238138D-16  0.1135820303737519D-16
  0.1206429296680754D-16  0.1279707745358922D-16  0.1355586491621215D-16
  0.1433976436248812D-16  0.1514767523719343D-16  0.1597827836104757D-16
  0.1683002817623533D-16  0.1770114651796441D-16  0.1858961813118840D-16
  0.1949318814532352D-16  0.2040936170613435D-16  0.2133540594148965D-16
  0.2226835440506585D-16  0.2320501409818516D-16  0.2414197511431719D-16
  0.2507562288364121D-16  0.2600215291803911D-16  0.2691758787317294D-16
  0.2781779665907037D-16  0.2869851525119320D-16  0.2955536878936036D-16
  0.3038389451239767D-16  0.3117956506847393D-16  0.3193781177650470D-16
  0.3265404747768498D-16  0.3332368871252142D-16  0.3394217705075002D-16
  0.3450499946478736D-16  0.3500770765246328D-16  0.3544593614349955D-16
  0.3581541889140657D-16  0.3611200386087370D-16  0.3633166492205149D-16
  0.3647051019792066D-16  0.3652478591975248D-16  0.3649087485295639D-16
  0.3636528846668251D-16  0.3614465222546065D-16  0.3582568365741120D-16
  0.3540516317563141D-16  0.3487989796778138D-16  0.3424667959949506D-16
  0.3350223627653274D-16  0.3264318096075913D-16  0.3166595672190871D-16
  0.3056678082039474D-16  0.2934158905038505D-16  0.2798598182462331D-16
  0.2649517335439174D-16  0.2486394507402694D-16  0.2308660418656483D-16
  0.2115694787470872D-16  0.1906823334037448D-16  0.1681315341899450D-16
  0.1438381707520146D-16  0.1177173363926762D-16  0.8967799204853101D-17
  0.5962283195760893D-17  0.2744812741679475D-17 -0.6956477988938899D-18
 -0.4370825044080967D-17 -0.8293175503833920D-17 -0.1247593815479938D-16
 -0.1693320343866540D-16 -0.2168000112782669D-16 -0.2673240897189911D-16
 -0.3210768343936451D-16 -0.3782441307985859D-16 -0.4390269425937780D-16
 -0.5036432823481128D-16 -0.5723303783754286D-16 -0.6453470146799803D-16
 -0.7229760158527992D-16 -0.8055268430926558D-16 -0.8933382574047474D-16
 -0.9867809879366193D-16 -0.1086260310332373D-15 -0.1192218386216470D-15
 -0.1305136133278833D-15 -0.1425534279150425D-15 -0.1553973094667630D-15
 -0.1691050094450501D-15 -0.1837394724283433D-15 -0.1993658710093061D-15
 -0.2160500301079334D-15 -0.2338560071112951D-15 -0.2528425207898228D-15
 -0.2730578271203089D-15 -0.2945325153838479D-15 -0.3172695394451766D-15
 -0.3412305749687899D-15 -0.3663175637767868D-15 -0.3923477560069400D-15
 -0.4190206559695153D-15
  0.0000000000000000D+00  0.2961267967404808D-27  0.3272503175955347D-27
  0.3616387352736877D-27  0.3996327542490048D-27  0.4416006407187061D-27
  0.4881351074217523D-27  0.5395765753256303D-27  0.5966763547593404D-27
  0.6598758089250810D-27  0.7298912536065213D-27  0.8074529209951234D-27
  0.8933632014195837D-27  0.9885295783484487D-27  0.1093951585961446D-26
  0.1210738240153725D-26  0.1340121652484256D-26  0.1483468274410105D-26
  0.1642294653366692D-26  0.1818284099113271D-26  0.2013304967682181D-26
  0.2229431317880576D-26  0.2468965780864910D-26  0.2734464998763844D-26
  0.3028767962541602D-26  0.3355027538590837D-26  0.3716745563222000D-26
  0.4117811914877184D-26  0.4562548016728469D-26  0.5055755280257825D-26
  0.5602769057879769D-26  0.6209518738778731D-26  0.6882594696501954D-26
  0.7629322879320369D-26  0.8457847926854887D-26  0.9377225799843765D-26
  0.1039752702548017D-25  0.1152995179000440D-25  0.1278695825478492D-25
  0.1418240563379744D-25  0.1573171375126408D-25  0.1745204100052895D-25
  0.1936248285158818D-25  0.2148429330793518D-25  0.2384113199674377D-25
  0.2645933989349075D-25  0.2936824703695922D-25  0.3260051598767624D-25
  0.3619252522728954D-25  0.4018479719384854D-25  0.4462247620476924D-25
  0.4955586214254434D-25  0.5504100647597587D-25  0.6114037797076681D-25
  0.6792360631770438D-25  0.7546831288558214D-25  0.8386103890195145D-25
  0.9319828259180657D-25  0.1035876581780562D-24  0.1151491911857173D-24
  0.1280167662138367D-24  0.1423397452672262D-24  0.1582847768988293D-24
  0.1760378188305023D-24  0.1958063994260508D-24  0.2178221464200514D-24
  0.2423436146979393D-24  0.2696594487202863D-24  0.3000919194354682D-24
  0.3340008802840996D-24  0.3717881922261848D-24  0.4139026736854599D-24
  0.4608456379804909D-24  0.5131770882832764D-24  0.5715226485076231D-24
  0.6365813178871769D-24  0.7091341474742627D-24  0.7900539485074654D-24
  0.8803161557050759D-24  0.9810109832072245D-24  0.1093357027294948D-23
  0.1218716488364127D-23  0.1358612205153967D-23  0.1514746717178282D-23
  0.1689023596966677D-23  0.1883571322408072D-23  0.2100769991553589D-23
  0.2343281218071941D-23  0.2614081585595617D-23  0.2916500083937629D-23
  0.3254260000137397D-23  0.3631525793114827D-23  0.4052955543043081D-23
  0.4523759636139343D-23  0.5049766423247600D-23  0.5637495677267283D-23
  0.6294240771190278D-23  0.7028160606378231D-23  0.7848382441001234D-23
  0.8765116902662381D-23  0.9789786618694293D-23  0.1093517006414550D-22
  0.1221556241297055D-22  0.1364695538448990D-22  0.1524723830711279D-22
  0.1703642287717240D-22  0.1903689437533086D-22  0.2127369241948742D-22
  0.2377482468489370D-22  0.2657161741302409D-22  0.2969910696483013D-22
  0.3319647715587651D-22  0.3710754764555668D-22  0.4148131924559056D-22
  0.4637258267037198D-22  0.5184259798004731D-22  0.5795985277367869D-22
  0.6480090808237408D-22  0.7245134189941634D-22  0.8100680137556083D-22
  0.9057417591295855D-22  0.1012729047216202D-21  0.1132364338699168D-21
  0.1266138394782496D-21  0.1415716354865991D-21  0.1582957863872623D-21
  0.1769939474697302D-21  0.1978979574926628D-21  0.2212666112966800D-21
  0.2473887427208207D-21  0.2765866513058316D-21  0.3092199096809400D-21
  0.3456895922605064D-21  0.3864429699472401D-21  0.4319787199746139D-21
  0.4828527048488282D-21  0.5396843795969778D-21  0.6031638922200162D-21
  0.6740599484143581D-21  0.7532285182915186D-21  0.8416224700178428D-21
  0.9403022230416347D-21  0.1050447521896468D-20  0.1173370440488514D-20
  0.1310529736309920D-20  0.1463546684183043D-20  0.1634222529938954D-20
  0.1824557715868529D-20  0.2036773041846820D-20  0.2273332938702014D-20
  0.2536971043646249D-20  0.2830718281359303D-20  0.3157933668550405D-20
  0.3522338074430862D-20  0.3928051184396032D-20  0.4379631929197558D-20
  0.4882122656807927D-20  0.5441097338823020D-20  0.6062714117355238D-20
  0.6753772511626110D-20  0.7521775615507339D-20  0.8374997627646674D-20
  0.9322557064047590D-20  0.1037449600846022D-19  0.1154186575801280D-19
  0.1283681921939195D-19  0.1427271040368756D-19  0.1586420135475119D-19
  0.1762737682545226D-19  0.1957986698728834D-19  0.2174097842000712D-19
  0.2413183357766024D-19  0.2677551886411249D-19  0.2969724137257359D-19
  0.3292449424814550D-19  0.3648723051743999D-19  0.4041804509261549D-19
  0.4475236449613283D-19  0.4952864366440750D-19  0.5478856897048112D-19
  0.6057726635486428D-19  0.6694351316676697D-19  0.7393995199192278D-19
  0.8162330437505849D-19  0.9005458193173602D-19  0.9929929188294878D-19
  0.1094276335338669D-18  0.1205146816532348D-18  0.1326405520902990D-18
  0.1458905442906290D-18  0.1603552546403120D-18  0.1761306537802940D-18
  0.1933181201907217D-18  0.2120244214519983D-18  0.2323616336494809D-18
  0.2544469884087152D-18  0.2784026360363450D-18  0.3043553122093161D-18
  0.3324358946154486D-18  0.3627788349186612D-18  0.3955214504226052D-18
  0.4308030588614051D-18  0.4687639388845133D-18  0.5095440980579278D-18
  0.5532818296153422D-18  0.6001120388047114D-18  0.6501643195390706D-18
  0.7035607622315551D-18  0.7604134742356401D-18  0.8208217952890647D-18
  0.8848691918434245D-18  0.9526198162241633D-18  0.1024114719271164D-17
  0.1099367708536597D-17  0.1178360848306845D-17  0.1261039602737263D-17
  0.1347307629267397D-17  0.1437021236255692D-17  0.1529983526447868D-17
  0.1625938256473110D-17  0.1724563452034747D-17  0.1825464828799442D-17
  0.1928169080147719D-17  0.2032117104868205D-17  0.2136657260476675D-17
  0.2241038741014625D-17  0.2344405191799540D-17  0.2445788687500093D-17
  0.2544104213900503D-17  0.2638144807568789D-17  0.2726577521082660D-17
  0.2807940394178920D-17  0.2880640622811483D-17  0.2942954128213242D-17
  0.2993026736181419D-17  0.3028877182413723D-17  0.3048402162222402D-17
  0.3049383641703507D-17  0.3029498641756344D-17  0.2986331695528454D-17
  0.2917390163208221D-17  0.2820122564952765D-17  0.2691940062580132D-17
  0.2530241183101226D-17  0.2332439832102639D-17  0.2095996592643483D-17
  0.1818453246360860D-17  0.1497470389067759D-17  0.1130867945019438D-17
  0.7166683145310500D-18  0.2531418215404362D-18 -0.2611459359071170D-18
 -0.8272852854239923D-18 -0.1445972729715963D-17 -0.2117460780191820D-17
 -0.2841507933674627D-17 -0.3617329367294985D-17 -0.4443548939376768D-17
 -0.5318153097768491D-17 -0.6238447316446083D-17 -0.7201015705388349D-17
 -0.8201684460561778D-17 -0.9235489828666813D-17 -0.1029665123261893D-16
 -0.1137855012312961D-16 -0.1247371497240105D-16 -0.1357381260713981D-16
 -0.1466964579943143D-16 -0.1575115671731186D-16 -0.1680743551087167D-16
 -0.1782673300457792D-16 -0.1879647620988251D-16 -0.1970328518556347D-16
 -0.2053298967220938D-16 -0.2127064391892788D-16 -0.2190053820648369D-16
 -0.2240620574571031D-16 -0.2277042388202700D-16 -0.2297520884955235D-16
 -0.2300180367022247D-16 -0.2283065915993733D-16 -0.2244140835799346D-16
 -0.2181283501018693D-16 -0.2092283698291067D-16 -0.1974838564047091D-16
 -0.1826548225962733D-16 -0.1644911246807750D-16 -0.1427319946784579D-16
 -0.1171055643867831D-16 -0.8732838017920968D-17 -0.5310490139381546D-17
 -0.1412696812759906D-17  0.2992678322511884D-17  0.7939158577672401D-17
  0.1346173251149898D-16  0.1959694806494836D-16  0.2638302694915974D-16
  0.3386000371138594D-16  0.4206989355658564D-16  0.5105689213978092D-16
  0.6086760936866105D-16  0.7155133746172829D-16  0.8316035148627276D-16
  0.9575023824884257D-16  0.1093802469527367D-15  0.1241136525925226D-15
  0.1400181205527121D-15  0.1571660582302777D-15  0.1756349360578966D-15
  0.1955075554879278D-15  0.2168722340366560D-15  0.2398228663557834D-15
  0.2644588042111635D-15  0.2908844760875901D-15  0.3192086379743510D-15
  0.3495431096167716D-15  0.3820008039927752D-15  0.4166928002894580D-15
  0.4537241398516222D-15  0.4931879372300481D-15  0.5351572898261161D-15
  0.5796743344790849D-15  0.6267356257151598D-15  0.6762727984151501D-15
  0.7281271699220929D-15  0.7820166761302850D-15  0.8374926674025374D-15
  0.8938847097510712D-15
