    1
  315
 -0.6482721052447316D+00  0.4056339175218194D+00 -0.3256552643437111D+00
  0.1720210504061077D+01 -0.7422847299845827D+00 -0.7180598569083578D+00
 -0.3904049651388539D+00  0.1305274359623497D+00  0.4205312016742882D+00
 -0.6671596634696696D-01  0.4162479327814489D+00 -0.2605906063236347D+00
  0.2424668633614920D+00 -0.1587204672458514D+00  0.3213298885438636D+00
 -0.5864000225981364D-01 -0.8791857162856538D-01  0.3762472224389957D+00
 -0.5584337252930821D-01 -0.2569815203798347D+00  0.1210416188422658D+00
 -0.1385065277386863D+00 -0.1641087086941332D+00  0.4760009034268194D-01
  0.4760009034268022D-01 -0.4702540462858536D-01  0.1634638935609017D-01
 -0.1834619074844499D+00  0.1361424126776147D+00 -0.7838378360148168D-01
  0.4774147438074477D-01  0.4774147438074659D-01  0.6852654095862834D-01
  0.5500278499992257D-01 -0.1811805183747527D-01 -0.5473397365734901D-01
  0.1182584978640999D+00  0.9605058949560081D-02  0.2125586174018373D-02
 -0.8563953753723051D-01 -0.5666593911018830D-01  0.5769573145041438D-01
  0.4154986066654311D-01 -0.5515709967180411D-02  0.3612572252691381D-01
  0.1178038580711686D-01 -0.3320042638547167D-01 -0.3320042638547226D-01
  0.7844074997773610D-02 -0.3088519567462323D-01 -0.2648285287799101D-01
  0.5044433265097441D-01 -0.1765963582053676D-01  0.5193365913028052D-01
 -0.6911779127919878D-02 -0.2093035348158507D-01  0.4536525030943662D-01
 -0.4182981633942067D-01 -0.8237900251736398D-02 -0.1952413083012781D-01
 -0.3350760243882923D-01  0.1597540780882452D-01 -0.3704899900203827D-01
 -0.2245110555308442D-01  0.4661659891379678D-02  0.1330809418383108D-01
  0.1330809418382965D-01 -0.6677399416628763D-02  0.4740403240606279D-02
  0.1582838643773731D-02  0.1582838643773512D-02 -0.5274378114996859D-02
 -0.2503579021252637D-01  0.2050911324969782D-01  0.1472061503917842D-01
  0.1472061503918012D-01  0.2129013792506671D-01  0.1801409272387177D-01
 -0.1420221911280376D-02 -0.8608978286418423D-02  0.9340395351536294D-02
  0.1529718722421545D-02  0.5667551092293774D-02  0.2044335253339478D-02
 -0.6812961973166942D-02 -0.6947413335546245D-02 -0.7698938623566237D-02
 -0.4674603963112359D-02  0.6894367532019208D-02  0.5551938392904904D-02
 -0.1840347806863260D-02  0.1210702421346698D-01  0.1983400565070601D-02
 -0.1120287025431878D-01 -0.1120287025431939D-01  0.3674679724721903D-02
 -0.3893368178048463D-02 -0.1049508875092195D-01 -0.9012618987050436D-02
  0.4301945710748050D-02 -0.6065689362896903D-02  0.6183482253314358D-02
  0.8946148308212113D-02  0.3785256866749795D-02  0.3785256866749992D-02
 -0.1193985673124325D-02 -0.1809596783333782D-02  0.7854355150354412D-02
 -0.1097559965218413D-02  0.4767008511288446D-02 -0.2865316290286417D-02
 -0.2525095713817266D-02 -0.3402692842764567D-02 -0.5843598585618720D-02
  0.5577733067177950D-02 -0.3929911444277829D-02  0.4902489208464080D-02
 -0.2342685796420007D-02 -0.4261080914965396D-02  0.4161070719368373D-03
 -0.4699214671488997D-02  0.5559005748350920D-03  0.5559005748348614D-03
 -0.9262260401107132D-03 -0.3264779140660676D-02 -0.4396963778299755D-02
  0.3601588782940186D-02 -0.2089381054432524D-02  0.9376109247621171D-03
  0.1866788503406570D-02  0.7513553589186884D-03  0.7513553589184726D-03
 -0.4977106165346967D-03 -0.1507963727830991D-02  0.3270496064409730D-02
  0.5350146530406189D-03  0.1980965492774486D-02 -0.1189847178140136D-02
 -0.2421063494582859D-02 -0.2676611096501635D-02  0.6003910510592506D-03
 -0.1620978974493700D-02  0.8258574918748584D-03  0.8258574918751113D-03
  0.2385480257998393D-02  0.9597463565360366D-03  0.9597463565358298D-03
  0.1107574486338103D-02 -0.8733236113258765D-03 -0.8733236113259068D-03
  0.3406401902333273D-03  0.6302288252550231D-03  0.2271244247758872D-03
 -0.1333033515097302D-02 -0.8955720986672912D-03  0.1463590506344841D-02
  0.7601546267693775D-03  0.1043653320756359D-02  0.1043653320756599D-02
  0.1505394931894824D-02 -0.4692163651104887D-04  0.1272266891024781D-02
  0.1272266891024981D-02  0.6985381122707404D-03 -0.2001110755262884D-03
 -0.6056431292002093D-03  0.1311587540352860D-02 -0.1098170327462529D-02
 -0.6028432656247740D-03 -0.6028432656248607D-03  0.7908317774639748D-03
 -0.2371247848228318D-03 -0.4177021686598341D-03 -0.1120357797881913D-02
 -0.9602181092031070D-03 -0.6369459922681406D-03 -0.1745133655939087D-03
  0.8659283928952790D-03  0.1318039081861045D-03 -0.7420397294951678D-03
 -0.7420397294952482D-03 -0.2914805612366734D-03 -0.5132921133926290D-03
 -0.6865694274225097D-03  0.5583826975906422D-03 -0.3222533492066096D-03
 -0.3191780841105060D-03  0.2886260552614817D-03  0.5657400669513353D-03
  0.4772892310471661D-03  0.2270779460613644D-03 -0.7479604688317843D-04
 -0.3739802344154317D-04 -0.2259059611584985D-03  0.4878417370810114D-03
  0.2439208685404814D-03  0.1457986231294174D-03  0.2620184386232702D-04
  0.2620184386229805D-04 -0.1743341133156735D-03 -0.3496385389016050D-03
 -0.1748192694508390D-03 -0.1887500978416357D-03  0.8529665040129240D-04
 -0.2278085120405521D-03 -0.1139042560202861D-03  0.2316007439169087D-03
 -0.3090641452496757D-04 -0.3090641452497247D-04  0.3066120787237654D-03
 -0.4363797322192184D-04  0.2834573746632479D-03 -0.1313183382970568D-04
 -0.2365356401065993D-03 -0.2365356401066238D-03  0.4574215171071315D-04
  0.1681915250034912D-03  0.3017375732216663D-04  0.3017375732214159D-04
 -0.8821459039478176D-04 -0.2338584813213089D-03 -0.1995186054499593D-03
  0.1884021889444530D-03  0.9420109447223140D-04 -0.2135783757764135D-03
  0.9644113570944494D-04 -0.1279808708894547D-03  0.1850639364174265D-03
 -0.3442711953427633D-04  0.8535981009187311D-04 -0.7274171710529976D-04
 -0.3637085855262933D-04 -0.7228090751253652D-05 -0.1397340497589925D-03
  0.9159365428210744D-04  0.2318175503895185D-04 -0.5439621181681310D-04
 -0.9559277840834237D-04  0.1002903259696977D-03 -0.1141792070758886D-03
  0.3999552319538367D-04  0.3999552319540035D-04  0.3804939198155012D-04
  0.3804939198152963D-04  0.8775250852552252D-04 -0.3693725927441714D-04
 -0.7284198039827385D-05 -0.6531102559915642D-04  0.1245037915191654D-04
  0.6225189575966349D-05  0.6844400139083737D-04 -0.4682614603355555D-04
 -0.6056887344168226D-04 -0.5258978572221486D-04  0.1182823365609907D-04
  0.3068690070916846D-04  0.3068690070918610D-04  0.4255462855306928D-04
  0.2127731427652906D-04  0.3535324943936743D-04  0.3535324943937849D-04
 -0.5360752629609718D-05  0.3340758425222794D-04  0.5120195770330413D-05
  0.5548615383365979D-05  0.1831615174583729D-04  0.3222036938998502D-05
 -0.1060510500347978D-04 -0.1911227215330233D-04 -0.1864919124684993D-04
 -0.9106847932115680D-05  0.8131727679233057D-05 -0.9803557828584971D-05
  0.1269659048829331D-04 -0.2270212305577021D-05 -0.2270212305578100D-05
  0.4868967543983218D-05  0.4868967543981468D-05  0.5597778055936873D-05
 -0.7267802940046530D-06  0.4081061859850442D-05 -0.7419097510383263D-06
  0.1140169723772478D-05 -0.5359979205556010D-05 -0.5359979205557459D-05
  0.2418528183062984D-05  0.2418528183063150D-05 -0.3025727770024303D-05
 -0.2621471209501792D-05 -0.1310735604751371D-05 -0.8860748683609580D-06
  0.9386083631078250D-06  0.1230268843293164D-06 -0.1388232810741560D-06
  0.5355703833032324D-06 -0.1278035764478632D-05 -0.1278035764479121D-05
  0.1178768694467373D-05 -0.3116479896129743D-05  0.5605073691041675D-06
  0.1899078538959612D-05 -0.4710098140923001D-05  0.2241968717489058D-06
  0.2132652947072272D-05  0.2132652947072863D-05 -0.2149411930829633D-05
 -0.3930173420070593D-05 -0.6370060563607119D-05  0.2581931641132087D-05
  0.1290965820566153D-05  0.7311653979155558D-05  0.6623862217599440D-05
 -0.3432448852475409D-05  0.6079252255555300D-05  0.4283932029385395D-05
    7
    1    1  327
  0.0000000000000000D+00 -0.2679770724539632D+07 -0.2600423376406068D+07
 -0.2523424298943599D+07 -0.2448703995252323D+07 -0.2376195025187511D+07
 -0.2305831944505734D+07 -0.2237551245742661D+07 -0.2171291300964735D+07
 -0.2106992306082738D+07 -0.2044596226917116D+07 -0.1984046746798725D+07
 -0.1925289215744768D+07 -0.1868270601132475D+07 -0.1812939439833320D+07
 -0.1759245791764071D+07 -0.1707141194812340D+07 -0.1656578621096134D+07
 -0.1607512434517916D+07 -0.1559898349574835D+07 -0.1513693391387955D+07
 -0.1468855856914450D+07 -0.1425345277307670D+07 -0.1383122381391209D+07
 -0.1342149060213921D+07 -0.1302388332653936D+07 -0.1263804312040628D+07
 -0.1226362173764398D+07 -0.1190028123845049D+07 -0.1154769368430366D+07
 -0.1120554084197395D+07 -0.1087351389629694D+07 -0.1055131317144623D+07
 -0.1023864786045531D+07 -0.9935235762744281D+06 -0.9640803029414307D+06
 -0.9355083916080282D+06 -0.9077820543018174D+06 -0.8808762662410998D+06
 -0.8547667432483063D+06 -0.8294299198318687D+06 -0.8048429279167653D+06
 -0.7809835762045357D+06 -0.7578303301441314D+06 -0.7353622924955380D+06
 -0.7135591844686130D+06 -0.6924013274201251D+06 -0.6718696250924733D+06
 -0.6519455463780477D+06 -0.6326111085936876D+06 -0.6138488612501381D+06
 -0.5956418703018441D+06 -0.5779737028628866D+06 -0.5608284123752498D+06
 -0.5441905242160393D+06 -0.5280450217306664D+06 -0.5123773326793764D+06
 -0.4971733160849096D+06 -0.4824192494694079D+06 -0.4681018164690544D+06
 -0.4542080948152689D+06 -0.4407255446716069D+06 -0.4276419973158402D+06
 -0.4149456441570045D+06 -0.4026250260774950D+06 -0.3906690230906010D+06
 -0.3790668443041357D+06 -0.3678080181811100D+06 -0.3568823830886569D+06
 -0.3462800781266748D+06 -0.3359915342279195D+06 -0.3260074655215058D+06
 -0.3163188609520245D+06 -0.3069169761467190D+06 -0.2977933255233685D+06
 -0.2889396746317683D+06 -0.2803480327218869D+06 -0.2720106455319950D+06
 -0.2639199882902594D+06 -0.2560687589234862D+06 -0.2484498714668781D+06
 -0.2410564496688691D+06 -0.2338818207852548D+06 -0.2269195095570238D+06
 -0.2201632323664553D+06 -0.2136068915662037D+06 -0.2072445699762604D+06
 -0.2010705255438207D+06 -0.1950791861612373D+06 -0.1892651446373887D+06
 -0.1836231538179165D+06 -0.1781481218499348D+06 -0.1728351075869359D+06
 -0.1676793161297429D+06 -0.1626760944994912D+06 -0.1578209274387260D+06
 -0.1531094333368340D+06 -0.1485373602761269D+06 -0.1441005821950102D+06
 -0.1397950951647743D+06 -0.1356170137766479D+06 -0.1315625676358509D+06
 -0.1276280979594852D+06 -0.1238100542751894D+06 -0.1201049912175790D+06
 -0.1165095654195803D+06 -0.1130205324958485D+06 -0.1096347441155509D+06
 -0.1063491451618673D+06 -0.1031607709756445D+06 -0.1000667446807159D+06
 -0.9706427458846777D+05 -0.9415065167930823D+05 -0.9132324715876418D+05
 -0.8857951008599336D+05 -0.8591696507257260D+05 -0.8333321004947567D+05
 -0.8082591410022471D+05 -0.7839281535825187D+05 -0.7603171896656863D+05
 -0.7374049509789440D+05 -0.7151707703345087D+05 -0.6935945929867928D+05
 -0.6726569585419148D+05 -0.6523389834031021D+05 -0.6326223437360623D+05
 -0.6134892589388347D+05 -0.5949224756010749D+05 -0.5769052519381850D+05
 -0.5594213426860946D+05 -0.5424549844429139D+05 -0.5259908814440845D+05
 -0.5100141917580109D+05 -0.4945105138895513D+05 -0.4794658737790892D+05
 -0.4648667121852491D+05 -0.4506998724396846D+05 -0.4369525885626517D+05
 -0.4236124737284386D+05 -0.4106675090699992D+05 -0.3981060328124546D+05
 -0.3859167297254108D+05 -0.3740886208843247D+05 -0.3626110537314205D+05
 -0.3514736924269373D+05 -0.3406665084817398D+05 -0.3301797716625863D+05
 -0.3200040411615973D+05 -0.3101301570217106D+05 -0.3005492318101582D+05
 -0.2912526425322285D+05 -0.2822320227778225D+05 -0.2734792550935358D+05
 -0.2649864635732402D+05 -0.2567460066603565D+05 -0.2487504701552523D+05
 -0.2409926604214195D+05 -0.2334655977843197D+05 -0.2261625101170203D+05
 -0.2190768266069761D+05 -0.2122021716985468D+05 -0.2055323592060832D+05
 -0.1990613865926567D+05 -0.1927834294097546D+05 -0.1866928358935122D+05
 -0.1807841217133089D+05 -0.1750519648688172D+05 -0.1694912007318484D+05
 -0.1640968172296132D+05 -0.1588639501662756D+05 -0.1537878786799542D+05
 -0.1488640208325905D+05 -0.1440879293303750D+05 -0.1394552873726834D+05
 -0.1349619046277370D+05 -0.1306037133334484D+05 -0.1263767645221483D+05
 -0.1222772243681117D+05 -0.1183013706569900D+05 -0.1144455893764281D+05
 -0.1107063714272686D+05 -0.1070803094548307D+05 -0.1035640947997777D+05
 -0.1001545145680453D+05 -0.9684844881918187D+04 -0.9364286787223227D+04
 -0.9053482972795951D+04 -0.8752147760573502D+04 -0.8460003759279709D+04
 -0.8176781640277535D+04 -0.7902219923936816D+04 -0.7636064775982804D+04
 -0.7378069813143093D+04 -0.7127995917237675D+04 -0.6885611056658946D+04
 -0.6650690113969040D+04 -0.6423014718105993D+04 -0.6202373079450066D+04
 -0.5988559825772999D+04 -0.5781375836901414D+04 -0.5580628075804329D+04
 -0.5386129413806104D+04 -0.5197698447780544D+04 -0.5015159307552311D+04
 -0.4838341452368609D+04 -0.4667079456240069D+04 -0.4501212783188944D+04
 -0.4340585554938799D+04 -0.4185046315228587D+04 -0.4034447796723430D+04
 -0.3888646696723678D+04 -0.3747503471580461D+04 -0.3610882155752416D+04
 -0.3478650213511491D+04 -0.3350678428063260D+04 -0.3226840830187580D+04
 -0.3107014665088466D+04 -0.2991080392640903D+04 -0.2878921713143551D+04
 -0.2770425608473033D+04 -0.2665482387474429D+04 -0.2563985724593784D+04
 -0.2465832682036117D+04 -0.2370923707837331D+04 -0.2279162604812199D+04
 -0.2190456468026765D+04 -0.2104715590946075D+04 -0.2021853342525881D+04
 -0.1941786019147437D+04 -0.1864432676420115D+04 -0.1789714946539126D+04
 -0.1717556847160819D+04 -0.1647884587731920D+04 -0.1580626378964183D+04
 -0.1515712250750447D+04 -0.1453073883324183D+04 -0.1392644455907174D+04
 -0.1334358516489922D+04 -0.1278151875755670D+04 -0.1223961527492184D+04
 -0.1171725597129837D+04 -0.1121383319289032D+04 -0.1072875044399617D+04
 -0.1026142273550435D+04 -0.9811277197151506D+03 -0.9377753923542749D+03
 -0.8960307010849222D+03 -0.8558405726162919D+03 -0.8171535734649773D+03
 -0.7799200291246042D+03 -0.7440921284798369D+03 -0.7096240005614786D+03
 -0.6764717496555807D+03 -0.6445934349467834D+03 -0.6139489827391395D+03
 -0.5845000269043672D+03 -0.5562096764181773D+03 -0.5290422284739429D+03
 -0.5029628546973748D+03 -0.4779373004866831D+03 -0.4539316486331160D+03
 -0.4309121869519461D+03 -0.4088454092256842D+03 -0.3876981511228759D+03
 -0.3674378355514114D+03 -0.3480327802875814D+03 -0.3294525112516685D+03
 -0.3116680289744063D+03 -0.2946519903371138D+03 -0.2783787869239626D+03
 -0.2628245194441813D+03 -0.2479668815527099D+03 -0.2337849741015299D+03
 -0.2202590737609514D+03 -0.2073703789323565D+03 -0.1951007527404198D+03
 -0.1834324789109274D+03 -0.1723480422084654D+03 -0.1618299413880361D+03
 -0.1518605394261688D+03 -0.1424219531888878D+03 -0.1334959826149082D+03
 -0.1250640778694567D+03 -0.1171073416842439D+03 -0.1096065631797218D+03
 -0.1025422788168496D+03 -0.9589485570726215D+02 -0.8964459229025914D+02
 -0.8377183133381459D+02 -0.7825708030791472D+02 -0.7308113438558101D+02
 -0.6822519762344504D+02 -0.6367099823333333D+02 -0.5940089429797216D+02
 -0.5539796510323502D+02 -0.5164609074444773D+02 -0.4813001173728907D+02
 -0.4483536418478180D+02 -0.4174869829474246D+02 -0.3885747249348557D+02
 -0.3615002453599134D+02 -0.3361552045996214D+02 -0.3124388358952625D+02
 -0.2902570775586112D+02 -0.2695216055429758D+02 -0.2501488500064953D+02
 -0.2320590818883377D+02 -0.2151756653635357D+02 -0.1994245444126621D+02
 -0.1847340013755436D+02 -0.1710346787873230D+02 -0.1582598085960716D+02
 -0.1463455626915672D+02 -0.1352314260618398D+02 -0.1248605050821591D+02
 -0.1151797099236045D+02 -0.1061397829963856D+02 -0.9769517604515356D+01
 -0.8980379944560637D+01 -0.8242668214378954D+01 -0.7552757386021956D+01
 -0.6907255320253823D+01 -0.6302960010816099D+01 -0.5736837761400968D+01
 -0.5205940093469128D+01 -0.4707528214863331D+01 -0.4238631404059644D+01
 -0.3796993528047390D+01
    1 1000  327
  0.0000000000000000D+00  0.3133414129618101D-04  0.3228975366877999D-04
  0.3327450981223064D-04  0.3428929853313500D-04  0.3533503575474338D-04
  0.3641266533071969D-04  0.3752315989292437D-04  0.3866752174172154D-04
  0.3984678374256879D-04  0.4106201026442873D-04  0.4231429813339760D-04
  0.4360477762888563D-04  0.4493461349171080D-04  0.4630500600483641D-04
  0.4771719203641052D-04  0.4917244618513574D-04  0.5067208191805615D-04
  0.5221745276237878D-04  0.5380995352298934D-04  0.5545102155015185D-04
  0.5714213801338784D-04  0.5888482926870119D-04  0.6068066821867658D-04
  0.6253127573234042D-04  0.6443832210893516D-04  0.6640352860370926D-04
  0.6842866894039676D-04  0.7051557095479435D-04  0.7266611822772347D-04
  0.7488225177146311D-04  0.7716597180251808D-04  0.7951933954966235D-04
  0.8194447907656993D-04  0.8444357925400922D-04  0.8701889569029197D-04
  0.8967275279089524D-04  0.9240754584370763D-04  0.9522574319715807D-04
  0.9812988846925479D-04  0.1011226028601650D-03  0.1042065874961639D-03
  0.1073846258975520D-03  0.1106595864623290D-03  0.1140344250746158D-03
  0.1175121877629013D-03  0.1210960134490466D-03  0.1247891367949631D-03
  0.1285948910938924D-03  0.1325167113151650D-03  0.1365581371726007D-03
  0.1407228163373948D-03  0.1450145077229070D-03  0.1494370848855125D-03
  0.1539945395137969D-03  0.1586909850235916D-03  0.1635306602905824D-03
  0.1685179334606696D-03  0.1736573058949718D-03  0.1789534162486742D-03
  0.1844110446201710D-03  0.1900351169108305D-03  0.1958307092380420D-03
  0.2018030525288831D-03  0.2079575372473469D-03  0.2142997182445777D-03
  0.2208353197846636D-03  0.2275702407059929D-03  0.2345105597481950D-03
  0.2416625410391805D-03  0.2490326397407925D-03  0.2566275078864488D-03
  0.2644540003774282D-03  0.2725191811706399D-03  0.2808303296633422D-03
  0.2893949472458595D-03  0.2982207640884342D-03  0.3073157461122190D-03
  0.3166881021735087D-03  0.3263462914868450D-03  0.3362990312407532D-03
  0.3465553044847588D-03  0.3571243682228420D-03  0.3680157617836406D-03
  0.3792393154059615D-03  0.3908051591434065D-03  0.4027237319739917D-03
  0.4150057912502464D-03  0.4276624223947386D-03  0.4407050489059855D-03
  0.4541454426653653D-03  0.4679957345783181D-03  0.4822684255038802D-03
  0.4969763975424576D-03  0.5121329256757760D-03  0.5277516897395515D-03
  0.5438467867560303D-03  0.5604327436861966D-03  0.5775245305188087D-03
  0.5951375737917606D-03  0.6132877705131405D-03  0.6319915025094384D-03
  0.6512656512138015D-03  0.6711276129028909D-03  0.6915953143787187D-03
  0.7126872291906400D-03  0.7344223942689673D-03  0.7568204271275531D-03
  0.7799015435632129D-03  0.8036865759019173D-03  0.8281969918091416D-03
  0.8534549136533949D-03  0.8794831384857061D-03  0.9063051586030065D-03
  0.9339451827632810D-03  0.9624281580295285D-03  0.9917797922866761D-03
  0.1022026577444322D-02  0.1053195813354830D-02  0.1085315632435599D-02
  0.1118415025083160D-02  0.1152523865820568D-02  0.1187672940274347D-02
  0.1223893972952400D-02  0.1261219655873321D-02  0.1299683678097377D-02
  0.1339320756097937D-02  0.1380166665122607D-02  0.1422258271474776D-02
  0.1465633565782704D-02  0.1510331697292823D-02  0.1556393009210164D-02
  0.1603859075103155D-02  0.1652772736430895D-02  0.1703178141203325D-02
  0.1755120783841185D-02  0.1808647546223784D-02  0.1863806740013169D-02
  0.1920648150258447D-02  0.1979223080316423D-02  0.2039584398179351D-02
  0.2101786584174728D-02  0.2165885780140304D-02  0.2231939840105001D-02
  0.2300008382495897D-02  0.2370152843947668D-02  0.2442436534765765D-02
  0.2516924696055649D-02  0.2593684558615640D-02  0.2672785403606000D-02
  0.2754298625096329D-02  0.2838297794494024D-02  0.2924858726947706D-02
  0.3014059549773997D-02  0.3105980772981622D-02  0.3200705361928443D-02
  0.3298318812205462D-02  0.3398909226805385D-02  0.3502567395645148D-02
  0.3609386877495632D-02  0.3719464084441059D-02  0.3832898368889249D-02
  0.3949792113248253D-02  0.4070250822333405D-02  0.4194383218581406D-02
  0.4322301340200411D-02  0.4454120642272231D-02  0.4589960100979425D-02
  0.4729942320967863D-02  0.4874193646020947D-02  0.5022844273087768D-02
  0.5176028369798024D-02  0.5333884195552979D-02  0.5496554226322577D-02
  0.5664185283227213D-02  0.5836928665072178D-02  0.6014940284884791D-02
  0.6198380810652471D-02  0.6387415810329504D-02  0.6582215901276849D-02
  0.6782956904257155D-02  0.6989820002115902D-02  0.7202991903328232D-02
  0.7422665010502695D-02  0.7649037594040982D-02  0.7882313971096242D-02
  0.8122704689980911D-02  0.8370426720193768D-02  0.8625703648263093D-02
  0.8888765879541996D-02  0.9159850846165005D-02  0.9439203221349623D-02
  0.9727075140228525D-02  0.1002372642742191D-01  0.1032942483154621D-01
  0.1064444626687717D-01  0.1096907506237879D-01  0.1130360421833406D-01
  0.1164833567079602D-01  0.1200358056410565D-01  0.1236965953172209D-01
  0.1274690298562160D-01  0.1313565141450684D-01  0.1353625569113298D-01
  0.1394907738898754D-01  0.1437448910864153D-01  0.1481287481404109D-01
  0.1526463017906838D-01  0.1573016294466044D-01  0.1620989328682678D-01
  0.1670425419588502D-01  0.1721369186726876D-01  0.1773866610424748D-01
  0.1827965073293238D-01  0.1883713402993592D-01  0.1941161916307722D-01
  0.2000362464552947D-01  0.2061368480380704D-01  0.2124235026004068D-01
  0.2189018842894700D-01  0.2255778402996068D-01  0.2324573961499079D-01
  0.2395467611225605D-01  0.2468523338672516D-01  0.2543807081763655D-01
  0.2621386789363051D-01  0.2701332482604461D-01  0.2783716318089443D-01
  0.2868612653014044D-01  0.2956098112282031D-01  0.3046251657663088D-01
  0.3139154659062086D-01  0.3234890967961299D-01  0.3333546993101578D-01
  0.3435211778473016D-01  0.3539977083682949D-01  0.3647937466775629D-01
  0.3759190369577346D-01  0.3873836205644582D-01  0.3991978450894534D-01
  0.4113723736998964D-01  0.4239181947627167D-01  0.4368466317623493D-01
  0.4501693535209680D-01  0.4638983847304387D-01  0.4780461168054317D-01
  0.4926253190675448D-01  0.5076491502705306D-01  0.5231311704769529D-01
  0.5390853532971487D-01  0.5555260985013649D-01  0.5724682450165566D-01
  0.5899270843195645D-01  0.6079183742387670D-01  0.6264583531765952D-01
  0.6455637547658505D-01  0.6652518229729892D-01  0.6855403276619851D-01
  0.7064475806329110D-01  0.7279924521496070D-01  0.7501943879714237D-01
  0.7730734269043826D-01  0.7966502188875953D-01  0.8209460436313101D-01
  0.8459828298233377D-01  0.8717831749211988D-01  0.8983703655479480D-01
  0.9257683985099915D-01  0.9540020024558760D-01  0.9830966601956199D-01
  0.1013078631700753D+00  0.1043974977805795D+00  0.1075813584632541D+00
  0.1108623188759231D+00  0.1142433403157375D+00  0.1177274743919498D+00
  0.1213178657802071D+00  0.1250177550608432D+00  0.1288304816437245D+00
  0.1327594867823106D+00  0.1368083166796188D+00  0.1409806256889266D+00
  0.1452801796120783D+00  0.1497108590983899D+00  0.1542766631472045D+00
  0.1589817127172711D+00  0.1638302544461974D+00  0.1688266644833424D+00
  0.1739754524395948D+00  0.1792812654576138D+00  0.1847488924062044D+00
  0.1903832682026050D+00  0.1961894782665973D+00  0.2021727631104560D+00
  0.2083385230688775D+00  0.2146923231731627D+00  0.2212398981740467D+00
  0.2279871577177148D+00  0.2349401916796750D+00  0.2421052756612949D+00
  0.2494888766539740D+00  0.2570976588760597D+00  0.2649384897877681D+00
  0.2730184462895537D+00  0.2813448211095048D+00  0.2899251293855440D+00
  0.2987671154483706D+00  0.3078787598112584D+00  0.3172682863730331D+00
  0.3269441698407158D+00  0.3369151433785415D+00  0.3471902064902556D+00
  0.3577786331417949D+00  0.3686899801316932D+00  0.3799340957167665D+00
  0.3915211285008509D+00  0.4034615365946360D+00  0.4157660970548389D+00
  0.4284459156112568D+00  0.4415124366904705D+00  0.4549774537452378D+00
  0.4688531198989160D+00  0.4831519589145105D+00  0.4978868764982450D+00
  0.5130711719478743D+00  0.5287185501562284D+00  0.5448431339808427D+00
  0.5614594769908323D+00
    1 1000  327
  0.0000000000000000D+00  0.3073549082461340D-09  0.3263876502813904D-09
  0.3465993536071230D-09  0.3680627455994264D-09  0.3908547385468551D-09
  0.4150587858923293D-09  0.4407606924948013D-09  0.4680564834769684D-09
  0.4970398523333871D-09  0.5278181365173815D-09  0.5605034195719641D-09
  0.5952119805703825D-09  0.6320703985301857D-09  0.6712121860934494D-09
  0.7127768853929941D-09  0.7569149114904770D-09  0.8037877051350674D-09
  0.8535613289063686D-09  0.9064187037228585D-09  0.9625485953797803D-09
  0.1022154200494450D-08  0.1085452170855994D-08  0.1152666814053036D-08
  0.1224046970938689D-08  0.1299845830265960D-08  0.1380339285145216D-08
  0.1465817249475589D-08  0.1556586714731393D-08  0.1652979165491762D-08
  0.1755339510876937D-08  0.1864039810971818D-08  0.1979469164909257D-08
  0.2102047973342583D-08  0.2232218088960082D-08  0.2370448997106463D-08
  0.2517238039017987D-08  0.2673118166046864D-08  0.2838652004843887D-08
  0.3014434771778212D-08  0.3201103702506837D-08  0.3399332085202565D-08
  0.3609835997432725D-08  0.3833375048321824D-08  0.4070756943044019D-08
  0.4322838779407119D-08  0.4590530431246105D-08  0.4874800095012774D-08
  0.5176671565111745D-08  0.5497236673238421D-08  0.5837654257041261D-08
  0.6199151207003518D-08  0.6583033329872442D-08  0.6990688608797247D-08
  0.7423586372429841D-08  0.7883293446036538D-08  0.8371465446393262D-08
  0.8889869144229121D-08  0.9440375261742779D-08  0.1002497202574644D-07
  0.1064576787727454D-07  0.1130500752692209D-07  0.1200507094944911D-07
  0.1274848608699448D-07  0.1353793646033244D-07  0.1437627326327881D-07
  0.1526652512176256D-07  0.1621190540913360D-07  0.1721582809972818D-07
  0.1828192086399539D-07  0.1941402863344948D-07  0.2061624368296401D-07
  0.2189290463727907D-07  0.2324862390632988D-07  0.2468829744211876D-07
  0.2621712148126607D-07  0.2784061785230436D-07  0.2956464985744018D-07
  0.3139544173628430D-07  0.3333960682489388D-07  0.3540416355074463D-07
  0.3759656797982156D-07  0.3992473856510588D-07  0.4239707940135373D-07
  0.4502252141577632D-07  0.4781054322627668D-07  0.5077121390760510D-07
  0.5391522449793116D-07  0.5725392799920280D-07  0.6079937962136894D-07
  0.6456438506168338D-07  0.6856253927603685D-07  0.7280827683764481D-07
  0.7731693492709315D-07  0.8210479037734389D-07  0.8718913356901971D-07
  0.9258832616938093D-07  0.9832186245475247D-07  0.1044104499104016D-06
  0.1108760737327638D-06  0.1177420816903197D-06  0.1250332654185042D-06
  0.1327759579139131D-06  0.1409981167964318D-06  0.1497294323156724D-06
  0.1590014378817200D-06  0.1688476102202191D-06  0.1793035081855119D-06
  0.1904068882942248D-06  0.2021978457488140D-06  0.2147189598469552D-06
  0.2280154429832249D-06  0.2421353129207370D-06  0.2571295552191213D-06
  0.2730523183258893D-06  0.2899610982430755D-06  0.3079169557460861D-06
  0.3269847313923459D-06  0.3472332800041359D-06  0.3687357206562040D-06
  0.3915697014242264D-06  0.4158176774618422D-06  0.4415672116458651D-06
  0.4689112869870471D-06  0.4979486456258239D-06  0.5287841431221204D-06
  0.5615291324097451D-06  0.5963018567799496D-06  0.6332278834541408D-06
  0.6724405572097514D-06  0.7140814768953157D-06  0.7583010138449586D-06
  0.8052588483783375D-06  0.8551245485952486D-06  0.9080781857329427D-06
  0.9643109803786221D-06  0.1024025993961508D-05  0.1087438862174389D-05
  0.1154778576446491D-05  0.1226288306589668D-05  0.1302226280764291D-05
  0.1382866718230709D-05  0.1468500820646769D-05  0.1559437818681932D-05
  0.1656006094623242D-05  0.1758554369254784D-05  0.1867452948924358D-05
  0.1983095081655042D-05  0.2105898359416313D-05  0.2236306236860067D-05
  0.2374789630641015D-05  0.2521848615548267D-05  0.2678014237146457D-05
  0.2843850424189812D-05  0.3019956026224183D-05  0.3206966978352231D-05
  0.3405558594057410D-05  0.3616448007498922D-05  0.3840396759093254D-05
  0.4078213550898721D-05  0.4330757160623313D-05  0.4598939549134915D-05
  0.4883729146691315D-05  0.5186154356894266D-05  0.5507307265508892D-05
  0.5848347586261797D-05  0.6210506850225114D-05  0.6595092845878588D-05
  0.7003494352740709D-05  0.7437186146040561D-05  0.7897734328265710D-05
  0.8386801984288243D-05  0.8906155182137894D-05  0.9457669358044118D-05
  0.1004333608006053D-04  0.1066527024840540D-04  0.1132571772546824D-04
  0.1202706345212170D-04  0.1277184005274130D-04  0.1356273698724763D-04
  0.1440261026042116D-04  0.1529449273491697D-04  0.1624160508276282D-04
  0.1724736741847692D-04  0.1831541164484403D-04  0.1944959457148676D-04
  0.2065401184089990D-04  0.2193301272057022D-04  0.2329121580343228D-04
  0.2473352569055717D-04  0.2626515070072171D-04  0.2789162167880472D-04
  0.2961881196651617D-04  0.3145295861279790D-04  0.3340068489613228D-04
  0.3546902424208471D-04  0.3766544562262001D-04  0.3999788052344205D-04
  0.4247475159105816D-04  0.4510500304280036D-04  0.4789813296790524D-04
  0.5086422762530588D-04  0.5401399786676256D-04  0.5735881781259215D-04
  0.6091076592672384D-04  0.6468266863372340D-04  0.6868814663437071D-04
  0.7294166409214174D-04  0.7745858086493710D-04  0.8225520797022019D-04
  0.8734886648702213D-04  0.9275795010223145D-04  0.9850199153362986D-04
  0.1046017330630098D-03  0.1110792014402279D-03  0.1179577874213764D-03
  0.1252623302379354D-03  0.1330192072914400D-03  0.1412564294056749D-03
  0.1500037419763443D-03  0.1592927323841341D-03  0.1691569440611613D-03
  0.1796319976172463D-03  0.1907557194714768D-03  0.2025682784456998D-03
  0.2151123308183292D-03  0.2284331743609316D-03  0.2425789119106960D-03
  0.2576006250776329D-03  0.2735525587020869D-03  0.2904923167406905D-03
  0.3084810702761443D-03  0.3275837784158746D-03  0.3478694228629945D-03
  0.3694112570177994D-03  0.3922870704998324D-03  0.4165794700564462D-03
  0.4423761778622409D-03  0.4697703482926935D-03  0.4988609043134984D-03
  0.5297528947000841D-03  0.5625578733804536D-03  0.5973943022651696D-03
  0.6343879790259642D-03  0.6736724913620753D-03  0.7153896993996922D-03
  0.7596902479606677D-03  0.8067341105564101D-03  0.8566911670676615D-03
  0.9097418171961216D-03  0.9660776319058238D-03  0.1025902045203503D-02
  0.1089431088758945D-02  0.1156894172015353D-02  0.1228534910609004D-02
  0.1304612006088402D-02  0.1385400180110664D-02  0.1471191166487510D-02
  0.1562294764663642D-02  0.1659039958432152D-02  0.1761776103927005D-02
  0.1870874191180859D-02  0.1986728183805326D-02  0.2109756441631748D-02
  0.2240403231447902D-02  0.2379140331289145D-02  0.2526468734071369D-02
  0.2682920456727247D-02  0.2849060461368721D-02  0.3025488695417286D-02
  0.3212842258076079D-02  0.3411797700951444D-02  0.3623073471148168D-02
  0.3847432505647918D-02  0.4085684986351159D-02  0.4338691265718067D-02
  0.4607364973585732D-02  0.4892676316370557D-02  0.5195655580579066D-02
  0.5517396853268079D-02  0.5859061972898824D-02  0.6221884724847769D-02
  0.6607175296720727D-02  0.7016325009567675D-02  0.7450811342075166D-02
  0.7912203265882736D-02  0.8402166911289354D-02  0.8922471583810054D-02
  0.9474996153305465D-02  0.1006173583876154D-01  0.1068480941321542D-01
  0.1134646685484740D-01  0.1204909747186650D-01  0.1279523853053142D-01
  0.1358758441746036D-01  0.1442899636931930D-01  0.1532251280502014D-01
  0.1627136029774214D-01  0.1727896522639527D-01  0.1834896614860205D-01
  0.1948522693987610D-01  0.2069185074644676D-01  0.2197319480211038D-01
  0.2333388616261913D-01  0.2477883841441988D-01  0.2631326941808544D-01
  0.2794272015050646D-01  0.2967307471388792D-01  0.3151058158380553D-01
  0.3346187617304611D-01  0.3553400479271774D-01  0.3773445009715206D-01
  0.4007115810448337D-01  0.4255256689047885D-01  0.4518763705923661D-01
  0.4798588410078181D-01  0.5095741275241121D-01  0.5411295348786336D-01
  0.5746390126608399D-01  0.6102235667951243D-01  0.6480116965047465D-01
  0.6881398583348081D-01  0.7307529589098757D-01  0.7760048782056220D-01
  0.8240590252241342D-01  0.8750889280794097D-01  0.9292788606239519D-01
  0.9868245078792609D-01
    1 1000  327
  0.0000000000000000D+00 -0.4497718898104481D-13 -0.4790021232673072D-13
 -0.5071639603189370D-13 -0.5824651568500634D-13 -0.6622489066721725D-13
 -0.6654986565603765D-13 -0.7532276361501536D-13 -0.8033848239267486D-13
 -0.8943132908804651D-13 -0.9805202121780021D-13 -0.1039190425965356D-12
 -0.1162491690792663D-12 -0.1225373960284899D-12 -0.1393733873384031D-12
 -0.1509878711784919D-12 -0.1601202823180106D-12 -0.1803328405110933D-12
 -0.1979529250569664D-12 -0.2148700119590443D-12 -0.2322292860919646D-12
 -0.2522351236014502D-12 -0.2771890061183133D-12 -0.3096611773365659D-12
 -0.3318138176549841D-12 -0.3653821278391329D-12 -0.3984347783761558D-12
 -0.4325775431976067D-12 -0.4762187959858524D-12 -0.5234567381491486D-12
 -0.5727482376485066D-12 -0.6183540051822718D-12 -0.6822293387399565D-12
 -0.7478929152405839D-12 -0.8186199742794052D-12 -0.8918480163289731D-12
 -0.9792860325376624D-12 -0.1068273422160555D-11 -0.1171728448441566D-11
 -0.1279606436891922D-11 -0.1401352496065108D-11 -0.1526767345285658D-11
 -0.1666677891187324D-11 -0.1830317348562329D-11 -0.2000574712343253D-11
 -0.2192373231360458D-11 -0.2400877655519782D-11 -0.2624945292253133D-11
 -0.2878569935354358D-11 -0.3142228387311263D-11 -0.3433167424615192D-11
 -0.3761651064324545D-11 -0.4122333032638433D-11 -0.4503461257198611D-11
 -0.4933591348625224D-11 -0.5397151980749703D-11 -0.5902785584012816D-11
 -0.6460323779118818D-11 -0.7067642639781899D-11 -0.7738838248669518D-11
 -0.8463625568363144D-11 -0.9267491837424501D-11 -0.1013893110996396D-10
 -0.1109443479522910D-10 -0.1214157564164237D-10 -0.1328259065023968D-10
 -0.1454117525678444D-10 -0.1590896741342208D-10 -0.1741077577454949D-10
 -0.1905260539479767D-10 -0.2084743424538480D-10 -0.2281298438004073D-10
 -0.2496304954602097D-10 -0.2731886018875969D-10 -0.2989401494126015D-10
 -0.3271148157754661D-10 -0.3580043050106807D-10 -0.3917407393950371D-10
 -0.4286717812137316D-10 -0.4690711503615982D-10 -0.5133555089747069D-10
 -0.5617431472929259D-10 -0.6147194506113295D-10 -0.6727057436966364D-10
 -0.7360717567272276D-10 -0.8055769383675585D-10 -0.8815133921499378D-10
 -0.9646254226590485D-10 -0.1055609687230500D-09 -0.1155221073095709D-09
 -0.1264148823419708D-09 -0.1383345349368056D-09 -0.1513859244238687D-09
 -0.1656594049224132D-09 -0.1812845469681551D-09 -0.1983774509825802D-09
 -0.2170838897056482D-09 -0.2375624303711347D-09 -0.2599643904173682D-09
 -0.2844736892599010D-09 -0.3113153447137070D-09 -0.3406729479270057D-09
 -0.3727992233839361D-09 -0.4079563373022880D-09 -0.4464338439510141D-09
 -0.4885349607530532D-09 -0.5346133903314730D-09 -0.5850321432010111D-09
 -0.6402022763539954D-09 -0.7005807461896770D-09 -0.7666580124796557D-09
 -0.8389552313842769D-09 -0.9180839899249800D-09 -0.1004669958986238D-08
 -0.1099411249003688D-08 -0.1203104724066281D-08 -0.1316571018226763D-08
 -0.1440740185618827D-08 -0.1576611748929186D-08 -0.1725301815913931D-08
 -0.1888017542447575D-08 -0.2066079588734795D-08 -0.2260931987578376D-08
 -0.2474163177012512D-08 -0.2707502430793824D-08 -0.2962854057399156D-08
 -0.3242285024336555D-08 -0.3548064518798839D-08 -0.3882693582517085D-08
 -0.4248867998892977D-08 -0.4649581575598580D-08 -0.5088089575249822D-08
 -0.5567953273178442D-08 -0.6093071693478179D-08 -0.6667711435507317D-08
 -0.7296555998183132D-08 -0.7984697807033482D-08 -0.8737743122649156D-08
 -0.9561812506167033D-08 -0.1046359578314238D-07 -0.1145043115221086D-07
 -0.1253033842537694D-07 -0.1371208714907491D-07 -0.1500528708782847D-07
 -0.1642045143444354D-07 -0.1796907742549990D-07 -0.1966376520215477D-07
 -0.2151827339353174D-07 -0.2354768717199156D-07 -0.2576849587105696D-07
 -0.2819874841195765D-07 -0.3085820919937368D-07 -0.3376848318434721D-07
 -0.3695321907980407D-07 -0.4043831582931589D-07 -0.4425209997125943D-07
 -0.4842556358795621D-07 -0.5299262923213917D-07 -0.5799042375587004D-07
 -0.6345956161823124D-07 -0.6944450259978288D-07 -0.7599388927712617D-07
 -0.8316095535182964D-07 -0.9100395736333567D-07 -0.9958663949793468D-07
 -0.1089787643525215D-06 -0.1192566702958388D-06 -0.1305039005466849D-06
 -0.1428118649976111D-06 -0.1562806116843813D-06 -0.1710196047043934D-06
 -0.1871486501497304D-06 -0.2047988447250691D-06 -0.2241136500434557D-06
 -0.2452500512938532D-06 -0.2683798543746439D-06 -0.2936910531060235D-06
 -0.3213893767970611D-06 -0.3516999603701516D-06 -0.3848691684733623D-06
 -0.4211666036594548D-06 -0.4608872847974262D-06 -0.5043540731063829D-06
 -0.5519202605124558D-06 -0.6039724626087500D-06 -0.6609337685383160D-06
 -0.7232671566427226D-06 -0.7914792770133041D-06 -0.8661245526576880D-06
 -0.9478097119982453D-06 -0.1037198683532306D-05 -0.1135018028486625D-05
 -0.1242062826265265D-05 -0.1359203132023677D-05 -0.1487391071898938D-05
 -0.1627668556676021D-05 -0.1781175760594287D-05 -0.1949160401971850D-05
 -0.2132987856883997D-05 -0.2334152282071295D-05 -0.2554288743719756D-05
 -0.2795186515181962D-05 -0.3058803622343604D-05 -0.3347282748250706D-05
 -0.3662968656066228D-05 -0.4008427249084213D-05 -0.4386466419402573D-05
 -0.4800158879566148D-05 -0.5252867128462246D-05 -0.5748270789548382D-05
 -0.6290396511847389D-05 -0.6883650707603518D-05 -0.7532855356126176D-05
 -0.8243287209165409D-05 -0.9020720667810768D-05 -0.9871474730436586D-05
 -0.1080246433924560D-04 -0.1182125660148051D-04 -0.1293613227899259D-04
 -0.1415615310475275D-04 -0.1549123543303895D-04 -0.1695223083796016D-04
 -0.1855101432392985D-04 -0.2030058083533732D-04 -0.2221515088319798D-04
 -0.2431028613121969D-04 -0.2660301588302340D-04 -0.2911197549494159D-04
 -0.3185755783730598D-04 -0.3486207906327009D-04 -0.3814995998207594D-04
 -0.4174792455700631D-04 -0.4568521711619742D-04 -0.4999384005808952D-04
 -0.5470881395608385D-04 -0.5986846221263757D-04 -0.6551472255712188D-04
 -0.7169348790808334D-04 -0.7845497939643100D-04 -0.8585415456538466D-04
 -0.9395115406080621D-04 -0.1028117904604636D-03 -0.1125080831990400D-03
 -0.1231188439414645D-03 -0.1347303171699121D-03 -0.1474368811746941D-03
 -0.1613418151708818D-03 -0.1765581387436994D-03 -0.1932095304859362D-03
 -0.2114313332484358D-03 -0.2313716542172568D-03 -0.2531925687311983D-03
 -0.2770714376290143D-03 -0.3032023488474306D-03 -0.3317976949668059D-03
 -0.3630898995464826D-03 -0.3973333062666337D-03 -0.4348062462374730D-03
 -0.4758133002834964D-03 -0.5206877745791268D-03 -0.5697944097714478D-03
 -0.6235323455962642D-03 -0.6823383650969852D-03 -0.7466904448049790D-03
 -0.8171116397404767D-03 -0.8941743348205286D-03 -0.9785048972072510D-03
 -0.1070788767440193D-02 -0.1171776030705526D-02 -0.1282287513547578D-02
 -0.1403221455564033D-02 -0.1535560810310146D-02 -0.1680381234773160D-02
 -0.1838859832329690D-02 -0.2012284720264501D-02 -0.2202065499620847D-02
 -0.2409744712459460D-02 -0.2637010379675309D-02 -0.2885709721267398D-02
 -0.3157864170576888D-02 -0.3455685804541946D-02 -0.3781595323503788D-02
 -0.4138241726707124D-02 -0.4528523843422467D-02 -0.4955613894687481D-02
 -0.5422983277185899D-02 -0.5934430778831698D-02 -0.6494113455393620D-02
 -0.7106580419129030D-02 -0.7776809814063678D-02 -0.8510249278446860D-02
 -0.9312860223266883D-02 -0.1019116628672177D-01 -0.1115230635848430D-01
 -0.1220409260474319D-01 -0.1335507396565032D-01 -0.1461460564128046D-01
 -0.1599292513089018D-01 -0.1750123544352081D-01 -0.1915179615628598D-01
 -0.2095802306046458D-01 -0.2293459720532823D-01 -0.2509758422600852D-01
 -0.2746456492531109D-01 -0.3005477817083874D-01 -0.3288927726890220D-01
 -0.3599110108622545D-01 -0.3938546131032465D-01 -0.4309994737062276D-01
 -0.4716475068589591D-01 -0.5161291006074273D-01 -0.5648058022566710D-01
 -0.6180732570346622D-01 -0.6763644239048169D-01 -0.7401530946653534D-01
 -0.8099577449386822D-01 -0.8863457483519284D-01 -0.9699379881613633D-01
 -0.1061413903804236D+00 -0.1161517013396455D+00 -0.1271060957063034D+00
 -0.1390936110221696D+00 -0.1522116820572537D+00 -0.1665669327616038D+00
 -0.1822760429069614D+00 -0.1994666964623320D+00 -0.2182786194119004D+00
 -0.2388647154506972D+00
    1 1000  327
  0.0000000000000000D+00  0.4088056441652509D-13  0.4610064825291431D-13
  0.5063052627786387D-13  0.5411905124141534D-13  0.5775009749320395D-13
  0.6582879046019343D-13  0.7111186459496941D-13  0.7927854446833181D-13
  0.8663661664278540D-13  0.9516510219514174D-13  0.1041765101228419D-12
  0.1131391093886000D-12  0.1246955047994507D-12  0.1351916791983001D-12
  0.1513212287566062D-12  0.1634665373614715D-12  0.1806826977318306D-12
  0.1972984773478927D-12  0.2143355442178563D-12  0.2377661428507615D-12
  0.2591369390104395D-12  0.2831660539630676D-12  0.3101290896364484D-12
  0.3386569116713420D-12  0.3720864075856195D-12  0.4074834126376137D-12
  0.4440836072252613D-12  0.4869430169176979D-12  0.5319033706526863D-12
  0.5855159015319885D-12  0.6396051164839857D-12  0.6999265154368584D-12
  0.7655450798977182D-12  0.8395077227005691D-12  0.9185125794313973D-12
  0.1004445660463650D-11  0.1099453086565537D-11  0.1203212344412542D-11
  0.1316811433263893D-11  0.1439636735547971D-11  0.1576209780544950D-11
  0.1725586752096191D-11  0.1888557377045338D-11  0.2067476617209851D-11
  0.2262537257190898D-11  0.2475526304948482D-11  0.2710469435249639D-11
  0.2965678610781161D-11  0.3246243652688607D-11  0.3550881447718799D-11
  0.3886830522775345D-11  0.4252331476394733D-11  0.4652621450792985D-11
  0.5093865286659103D-11  0.5575144548476590D-11  0.6099180886205796D-11
  0.6674432774172983D-11  0.7305304184055863D-11  0.7994748776983944D-11
  0.8749441932768207D-11  0.9573624610922855D-11  0.1047591021072276D-10
  0.1146532846313613D-10  0.1254729187870391D-10  0.1372951101290717D-10
  0.1502488848690789D-10  0.1644149991638965D-10  0.1799371913559378D-10
  0.1968978155894832D-10  0.2154733696025275D-10  0.2357995035009890D-10
  0.2580239639713333D-10  0.2823764308176024D-10  0.3090022577596906D-10
  0.3381561568958835D-10  0.3700440625595106D-10  0.4049516464999951D-10
  0.4431431172587406D-10  0.4849284761952661D-10  0.5306621683930120D-10
  0.5806964055954451D-10  0.6354826736924216D-10  0.6954235704618861D-10
  0.7609912116395434D-10  0.8327820520532191D-10  0.9113178311379074D-10
  0.9972767510083501D-10  0.1091320850598659D-09  0.1194245740986323D-09
  0.1306889663232594D-09  0.1430143947315605D-09  0.1565014689919576D-09
  0.1712630406394129D-09  0.1874142410491612D-09  0.2050896226269219D-09
  0.2244327266323245D-09  0.2455973939819496D-09  0.2687602516024482D-09
  0.2941078281528997D-09  0.3218457097530573D-09  0.3521994733859441D-09
  0.3854157589585856D-09  0.4217664802186961D-09  0.4615422246689047D-09
  0.5050733669912526D-09  0.5527057198243406D-09  0.6048327474420053D-09
  0.6618752681552436D-09  0.7242967605519211D-09  0.7926064161395390D-09
  0.8673580510148970D-09  0.9491616806814598D-09  0.1038675905848502D-08
  0.1136635741901052D-08  0.1243831923328658D-08  0.1361140445192271D-08
  0.1489511736108984D-08  0.1629988478881321D-08  0.1783715539487785D-08
  0.1951939899658949D-08  0.2136028761608197D-08  0.2337480457888687D-08
  0.2557930602274885D-08  0.2799171840759140D-08  0.3063164873289506D-08
  0.3352055114804582D-08  0.3668193236820462D-08  0.4014143293676323D-08
  0.4392722645656624D-08  0.4807004482674529D-08  0.5260358865127231D-08
  0.5756469574174192D-08  0.6299368484911741D-08  0.6893469494546021D-08
  0.7543599411350582D-08  0.8255045817234012D-08  0.9033588292130043D-08
  0.9885554694554953D-08  0.1081787264504512D-07  0.1183811896318418D-07
  0.1295458483500068D-07  0.1417634495866661D-07  0.1551333238850761D-07
  0.1697641160154370D-07  0.1857747700791017D-07  0.2032953902402119D-07
  0.2224683970579162D-07  0.2434496354062058D-07  0.2664096470764380D-07
  0.2915350411996320D-07  0.3190300257232325D-07  0.3491180908605834D-07
  0.3820438127186566D-07  0.4180747802639474D-07  0.4575038795328461D-07
  0.5006515677870553D-07  0.5478685694529267D-07  0.5995386584081130D-07
  0.6560817987951587D-07  0.7179576015750754D-07  0.7856689745667175D-07
  0.8597662684844168D-07  0.9408517781677848D-07  0.1029584542515649D-06
  0.1126685793675709D-06  0.1232944757332492D-06  0.1349225135437814D-06
  0.1476472040940858D-06  0.1615719743650931D-06  0.1768100051061623D-06
  0.1934851497537410D-06  0.2117329467867399D-06  0.2317017139198656D-06
  0.2535537558961525D-06  0.2774666902313531D-06  0.3036348769780220D-06
  0.3322710158749162D-06  0.3636078603607599D-06  0.3979001166114447D-06
  0.4354265136825676D-06  0.4764920654586971D-06  0.5214305546639066D-06
  0.5706072427870553D-06  0.6244218374553806D-06  0.6833117464087925D-06
  0.7477556262860562D-06  0.8182772799785113D-06  0.8954499079094333D-06
  0.9799007713357322D-06  0.1072316287427534D-05  0.1173447613770889D-05
  0.1284116745290440D-05  0.1405223203848095D-05  0.1537751346660982D-05
  0.1682778363062410D-05  0.1841483036290563D-05  0.2015155321331575D-05
  0.2205206830271411D-05  0.2413182305259685D-05  0.2640772176581774D-05
  0.2889826296736598D-05  0.3162368985357150D-05  0.3460615473257180D-05
  0.3786989914610225D-05  0.4144145087644478D-05  0.4534983957056987D-05
  0.4962683268963989D-05  0.5430719372004310D-05  0.5942896472814090D-05
  0.6503377558475408D-05  0.7116718229771758D-05  0.7787903733171528D-05
  0.8522389477366391D-05  0.9326145377830442D-05  0.1020570437839800D-04
  0.1116821555368841D-04  0.1222150221342975D-04  0.1337412549424193D-04
  0.1463545394051155D-04  0.1601573965584289D-04  0.1752620163119670D-04
  0.1917911693281966D-04  0.2098792048958968D-04  0.2296731429367079D-04
  0.2513338689864536D-04  0.2750374418752842D-04  0.3009765247198527D-04
  0.3293619509269659D-04  0.3604244378151762D-04  0.3944164619157275D-04
  0.4316143110981114D-04  0.4723203302395750D-04  0.5168653787012712D-04
  0.5656115195443594D-04  0.6189549624029441D-04  0.6773292838745618D-04
  0.7412089516375907D-04  0.8111131809396266D-04  0.8876101547901645D-04
  0.9713216421567202D-04  0.1062928051728264D-03  0.1163173962273360D-03
  0.1272874174606296D-03  0.1392920334298610D-03  0.1524288178999963D-03
  0.1668045469237757D-03  0.1825360667215616D-03  0.1997512434081700D-03
  0.2185900022925025D-03  0.2392054651921917D-03  0.2617651950123218D-03
  0.2864525576989725D-03  0.3134682126416652D-03  0.3430317436366577D-03
  0.3753834436697064D-03  0.4107862680213841D-03  0.4495279715729997D-03
  0.4919234476845356D-03  0.5383172876541321D-03  0.5890865815632384D-03
  0.6446439832726278D-03  0.7054410644811645D-03  0.7719719851103908D-03
  0.8447775098455561D-03  0.9244494034829686D-03  0.1011635240805776D-02
  0.1107043670085595D-02  0.1211450172989623D-02  0.1325703367711966D-02
  0.1450731906559242D-02  0.1587552024056058D-02  0.1737275796919637D-02
  0.1901120183042376D-02  0.2080416912950395D-02  0.2276623314136901D-02
  0.2491334156248968D-02  0.2726294613408922D-02  0.2983414449024986D-02
  0.3264783538387291D-02  0.3572688855216590D-02  0.3909633060234941D-02
  0.4278354842841416D-02  0.4681851181237259D-02  0.5123401701924857D-02
  0.5606595336580147D-02  0.6135359492961774D-02  0.6713991976962955D-02
  0.7347195925264722D-02  0.8040118032527584D-02  0.8798390383831704D-02
  0.9628176232378733D-02  0.1053622009454087D-01  0.1152990256942782D-01
  0.1261730032854722D-01  0.1380725176315691D-01  0.1510942882288897D-01
  0.1653441562955548D-01  0.1809379450510671D-01  0.1980024011298131D-01
  0.2166762247803039D-01  0.2371111972236380D-01  0.2594734143343691D-01
  0.2839446366711874D-01  0.3107237668304442D-01  0.3400284661305486D-01
  0.3720969237676168D-01  0.4071897928221248D-01  0.4455923088525009D-01
  0.4876166082955773D-01  0.5336042655179371D-01  0.5839290691393801D-01
  0.6390000601944625D-01  0.6992648568264041D-01  0.7652132925365437D-01
  0.8373813975610397D-01  0.9163557557356442D-01  0.1002778272261097D+00
  0.1097351391121765D+00  0.1200843804564748D+00  0.1314096701046170D+00
  0.1438030602428202D+00  0.1573652845999630D+00  0.1722065772133916D+00
  0.1884475684134396D+00  0.2062202653092187D+00  0.2256691247451054D+00
  0.2469522274489364D+00
    1 1000  327
  0.0000000000000000D+00 -0.9844873836416841D-15 -0.1436144331173231D-14
 -0.4767001701233932D-15 -0.3564357398639878D-15 -0.1035693607526701D-14
 -0.7049434185803081D-15  0.7156991651460837D-16 -0.1228098512178046D-14
 -0.1772366587832355D-15 -0.1949117208800715D-15 -0.8648281997076763D-15
 -0.8763437669574979D-15 -0.7536244882859363D-15  0.7811209092038424D-15
 -0.1207072066559995D-14 -0.7810234120775977D-15 -0.1044416263152690D-14
 -0.2900754860208486D-15 -0.1512440847773063D-15 -0.1360319438984945D-15
 -0.3990597067387119D-15 -0.3745596133544863D-15 -0.4627882948984129D-15
 -0.4630917856734029D-15 -0.8806349011550973D-16 -0.9104164766386827D-16
 -0.8145892809264100D-15 -0.3071738213237290D-15 -0.3631239445430572D-15
 -0.3899517867596738D-15 -0.9281333045940235D-15 -0.1660502467114991D-14
 -0.3302922821854828D-15 -0.4456090215204554D-15 -0.6566916986849586D-15
 -0.4624442123145656D-15 -0.9403613221981109D-15  0.6440211888238872D-16
 -0.5634778933969012D-15 -0.2500642533500442D-16 -0.8232777934976452D-15
 -0.9280990270000405D-15 -0.9115238963916023D-15 -0.7913112678584545D-15
 -0.6101987258653012D-15  0.3753252433593944D-15  0.3010937891675062D-15
  0.1493495907659549D-15 -0.5073195096943798D-15 -0.7160358452913785D-16
 -0.1385927464179995D-15  0.1072193027148841D-14 -0.1166653086637541D-14
 -0.3974286750125077D-15 -0.5996583803349086D-15  0.5106543261789133D-15
  0.2893244484203428D-15 -0.2875401270271131D-15 -0.1798930522606009D-15
  0.9671874620291748D-15  0.4664915728800583D-15  0.1495925748610367D-14
  0.1479048381120667D-14  0.1686817856540811D-14  0.1373901974924878D-14
  0.2625719220026955D-14  0.1870978976951262D-14  0.2299683403726999D-14
  0.1101161934337455D-14  0.3484752245646158D-14  0.3571855173034046D-14
  0.4404645315560572D-14  0.4337764381368385D-14  0.5791924744383649D-14
  0.6346219187332077D-14  0.6851115200214337D-14  0.8291600911729987D-14
  0.8497285152611986D-14  0.1116555201776907D-13  0.1242251140617804D-13
  0.1321084705980020D-13  0.1529865903956976D-13  0.1659180655625138D-13
  0.1854252307426653D-13  0.2171320992697981D-13  0.2530408182421983D-13
  0.2880790950423566D-13  0.3290859230515777D-13  0.3671958537258805D-13
  0.4078991321978710D-13  0.4625903452401436D-13  0.5196692606718705D-13
  0.5830826328451153D-13  0.6569330969387996D-13  0.7405555576792522D-13
  0.8374840431250995D-13  0.9485619273930589D-13  0.1063661111291396D-12
  0.1203055473051538D-12  0.1355543984531817D-12  0.1534204235502795D-12
  0.1729557119392030D-12  0.1945844470783896D-12  0.2205395462449628D-12
  0.2482663788175866D-12  0.2809419505854880D-12  0.3156643965042243D-12
  0.3563752649308494D-12  0.4015119425378869D-12  0.4526072071850003D-12
  0.5106772623800660D-12  0.5761825049445601D-12  0.6501756081824662D-12
  0.7336280695617381D-12  0.8267582846644144D-12  0.9323829133597571D-12
  0.1051421178943619D-11  0.1185631415807314D-11  0.1336739984890456D-11
  0.1507389217720513D-11  0.1700972720296040D-11  0.1917179709333868D-11
  0.2163118494097495D-11  0.2438761862788698D-11  0.2750833135364196D-11
  0.3101636460199169D-11  0.3497347399935685D-11  0.3944036956145275D-11
  0.4447532271965328D-11  0.5016463428651822D-11  0.5657958971858484D-11
  0.6378668654101698D-11  0.7194114032684662D-11  0.8113084055518369D-11
  0.9148520482557557D-11  0.1031631542597588D-10  0.1163432927010624D-10
  0.1311952564505173D-10  0.1479443339632994D-10  0.1668408640820021D-10
  0.1881395378351505D-10  0.2121579664630816D-10  0.2392512849547432D-10
  0.2698145371569100D-10  0.3042507860193432D-10  0.3431056478790291D-10
  0.3869123124334292D-10  0.4363225340892173D-10  0.4920308216561931D-10
  0.5548615066933742D-10  0.6257040852394227D-10  0.7056012394508557D-10
  0.7956908485303332D-10  0.8972891132455469D-10  0.1011860411989068D-09
  0.1141071264723311D-09  0.1286763637530751D-09  0.1451071676613404D-09
  0.1636337709231704D-09  0.1845283978244016D-09  0.2080893491542397D-09
  0.2346587329744654D-09  0.2646207261273166D-09  0.2984093115603057D-09
  0.3365119255472861D-09  0.3794797218238941D-09  0.4279340673806041D-09
  0.4825745986222190D-09  0.5441918160172276D-09  0.6136772000286548D-09
  0.6920343776057658D-09  0.7803964229670583D-09  0.8800412509443402D-09
  0.9924093565820419D-09  0.1119124286454605D-08  0.1262020512334798D-08
  0.1423161073122256D-08  0.1604877123770810D-08  0.1809794945165648D-08
  0.2040878848132534D-08  0.2301467400542433D-08  0.2595330583730545D-08
  0.2926714853566803D-08  0.3300412397223165D-08  0.3721824284403049D-08
  0.4197045371111449D-08  0.4732944880806914D-08  0.5337269868695482D-08
  0.6018758400557597D-08  0.6787262666875103D-08  0.7653892578493960D-08
  0.8631179247824809D-08  0.9733249716073026D-08  0.1097603790373174D-07
  0.1237751162091645D-07  0.1395793203323393D-07  0.1574014776647688D-07
  0.1774992639617756D-07  0.2001632270195555D-07  0.2257210353384108D-07
  0.2545421861657423D-07  0.2870433594460159D-07  0.3236944469480086D-07
  0.3650253168460888D-07  0.4116335066014717D-07  0.4641928673878509D-07
  0.5234632518238439D-07  0.5903015654532513D-07  0.6656741203613402D-07
  0.7506706066903907D-07  0.8465198548032128D-07  0.9546075991825212D-07
  0.1076496505025162D-06  0.1213948772703523D-06  0.1368951618019439D-06
  0.1543745970123905D-06  0.1740858910068735D-06  0.1963140182418004D-06
  0.2213803399704779D-06  0.2496472508398632D-06  0.2815234171700454D-06
  0.3174696863777271D-06  0.3580057491886914D-06  0.4037176517719846D-06
  0.4552662712020939D-06  0.5133968666931424D-06  0.5789498580525650D-06
  0.6528729710496477D-06  0.7362349444839979D-06  0.8302409774035173D-06
  0.9362501544287696D-06  0.1055795095034802D-05  0.1190604110494413D-05
  0.1342626192364487D-05  0.1514059187823593D-05  0.1707381575574349D-05
  0.1925388299272696D-05  0.2171231174518055D-05  0.2448464455011572D-05
  0.2761096219213206D-05  0.3113646316644023D-05  0.3511211712956318D-05
  0.3959540178783357D-05  0.4465113387971893D-05  0.5035240625635389D-05
  0.5678164461912226D-05  0.6403179917970383D-05  0.7220768848383214D-05
  0.8142751481234666D-05  0.9182457308582789D-05  0.1035491779639806D-04
  0.1167708370033243D-04  0.1316807013134151D-04  0.1484943290901617D-04
  0.1674548020503531D-04  0.1888362397501759D-04  0.2129477626567022D-04
  0.2401379612339931D-04  0.2707999356586270D-04  0.3053769790291575D-04
  0.3443689862599825D-04  0.3883396812483360D-04  0.4379247668900130D-04
  0.4938411156945274D-04  0.5568971339122590D-04  0.6280044490093335D-04
  0.7081910894489416D-04  0.7986163473273947D-04  0.9005875387610317D-04
  0.1015578904294358D-03  0.1145252922630093D-03  0.1291484345769977D-03
  0.1456387303110683D-03  0.1642345866295309D-03  0.1852048516749740D-03
  0.2088527014188769D-03  0.2355200228041395D-03  0.2655923565500823D-03
  0.2995044710759681D-03  0.3377466481332673D-03  0.3808717710137243D-03
  0.4295033178176474D-03  0.4843443753403412D-03  0.5461878038936064D-03
  0.6159277000224077D-03  0.6945723228354943D-03  0.7832586708335881D-03
  0.8832689199759326D-03  0.9960489606390707D-03  0.1123229301464940D-02
  0.1266648642311593D-02  0.1428380457113549D-02  0.1610762970969165D-02
  0.1816432964847807D-02  0.2048363896644935D-02  0.2309908889717919D-02
  0.2604849210404936D-02  0.2937448935389012D-02  0.3312516599253111D-02
  0.3735474713494663D-02  0.4212438162062255D-02  0.4750302606812957D-02
  0.5356844181006830D-02  0.6040831912146280D-02  0.6812154499507185D-02
  0.7681963279237849D-02  0.8662833443931491D-02  0.9768945847492088D-02
  0.1101629202372434D-01  0.1242290538268511D-01  0.1400912192730473D-01
  0.1579787425956164D-01  0.1781502312678724D-01  0.2008973130140446D-01
  0.2265488519943423D-01  0.2554757033329079D-01  0.2880960747268506D-01
  0.3248815726514022D-01  0.3663640205737672D-01  0.4131431477493985D-01
  0.4658952597609475D-01  0.5253830161534807D-01  0.5924664565253526D-01
  0.6681154344836422D-01  0.7534236392270177D-01  0.8496244074720254D-01
  0.9581085543225006D-01
    1 1000  327
  0.0000000000000000D+00 -0.1217022167326599D-14  0.1377808895169065D-15
 -0.8078884429334953D-15  0.6716709837765696D-15 -0.2525516872421406D-16
 -0.2058629972407429D-15 -0.3212971608860797D-15 -0.2212711368988597D-14
 -0.9407278865973773D-15 -0.2844262274058758D-15 -0.2994166808541323D-14
  0.2040676300343776D-15 -0.5041917833366502D-15 -0.1522632559296487D-15
 -0.6720384525063203D-15 -0.2250241312734139D-14 -0.1288691217135400D-14
 -0.1561614425331334D-14  0.8442316460315240D-15  0.9986309198725643D-17
 -0.1604964058691253D-14 -0.4653315398312629D-15  0.1707437746294987D-16
 -0.1508760699162636D-14  0.6343960086774759D-15 -0.1024941106014025D-14
 -0.1326874421816966D-14  0.3282333536192968D-16 -0.8935327900151034D-15
 -0.1784919221023014D-15 -0.1090242715217729D-14  0.5794776404362704D-15
 -0.2965429769546494D-15 -0.1247353728148836D-14  0.1009209017730327D-14
 -0.4611471067862153D-15 -0.2614365463022106D-15 -0.3460179763533123D-15
 -0.8625071744771846D-15 -0.1003686897535500D-14  0.3051499800254269D-15
 -0.3255581827135955D-15  0.8891959904032113D-15 -0.1569648670306181D-14
 -0.8050898864794722D-15 -0.5546700856163281D-15 -0.6581232396988163D-15
 -0.2986966116093684D-16 -0.1199547220558722D-14 -0.9622593696816231D-15
 -0.1933048053280329D-14 -0.4308328303472873D-15 -0.7912453406788330D-15
 -0.1097839092123833D-14 -0.1074834481380772D-14 -0.8738891020537012D-15
 -0.2504810866315372D-14 -0.2177228950995966D-14 -0.1783498316757573D-14
 -0.2235010184569597D-14 -0.2711594842780487D-14 -0.3946815738523540D-14
 -0.4075705562586650D-14 -0.4209318551659662D-14 -0.4627509224852121D-14
 -0.6085472936830868D-14 -0.6207845718927836D-14 -0.5975595374103129D-14
 -0.7746621257160922D-14 -0.7571632913154079D-14 -0.9605758253624019D-14
 -0.1002343290326654D-13 -0.1258768498594742D-13 -0.1510172966214806D-13
 -0.1674022049644064D-13 -0.1713075233433865D-13 -0.1941300976033415D-13
 -0.2320103175277632D-13 -0.2498066091340262D-13 -0.2836337639561534D-13
 -0.3211990486186864D-13 -0.3559508781348794D-13 -0.4161761270759060D-13
 -0.4549404353962353D-13 -0.5108440711492445D-13 -0.5903492424657848D-13
 -0.6503421794115904D-13 -0.7417736137552986D-13 -0.8240967623523531D-13
 -0.9395507723252782D-13 -0.1051104890785194D-12 -0.1190132775659220D-12
 -0.1335785835921737D-12 -0.1516275640001891D-12 -0.1705503291980129D-12
 -0.1929602287744467D-12 -0.2148963172982200D-12 -0.2452845629584833D-12
 -0.2755411959586254D-12 -0.3104500587603029D-12 -0.3505908040768577D-12
 -0.3933188814167524D-12 -0.4447907841685980D-12 -0.5012563569769032D-12
 -0.5664756123740796D-12 -0.6376216940419587D-12 -0.7200084141021149D-12
 -0.8115609320407798D-12 -0.9150597469298802D-12 -0.1031876248173309D-11
 -0.1163967139433924D-11 -0.1311647477639285D-11 -0.1479194491915186D-11
 -0.1668925837626341D-11 -0.1882024073765469D-11 -0.2121121820414449D-11
 -0.2391730127672351D-11 -0.2696467607736105D-11 -0.3041676209625642D-11
 -0.3430781277990293D-11 -0.3868599193047403D-11 -0.4362577866086636D-11
 -0.4919838074511389D-11 -0.5547518341893716D-11 -0.6254952041340330D-11
 -0.7054191018678314D-11 -0.7955716422450498D-11 -0.8970602173656950D-11
 -0.1011722590623064D-10 -0.1140797341803919D-10 -0.1286319998899513D-10
 -0.1450717836942724D-10 -0.1635888730408072D-10 -0.1844843601410294D-10
 -0.2080332337526431D-10 -0.2346015599066975D-10 -0.2645607213199628D-10
 -0.2983227673505439D-10 -0.3364294571931146D-10 -0.3793789724998043D-10
 -0.4278220828969776D-10 -0.4824427984955156D-10 -0.5440305297935122D-10
 -0.6135102531116717D-10 -0.6918518078518580D-10 -0.7801645225916935D-10
 -0.8797945775973292D-10 -0.9921289635857059D-10 -0.1118808345631299D-09
 -0.1261661322383392D-09 -0.1422765442902485D-09 -0.1604417387417511D-09
 -0.1809270014022679D-09 -0.2040303636059882D-09 -0.2300814343515266D-09
 -0.2594598317437846D-09 -0.2925879027097617D-09 -0.3299487609022427D-09
 -0.3720771527888609D-09 -0.4195872318215600D-09 -0.4731597653090533D-09
 -0.5335750432806820D-09 -0.6017059730255051D-09 -0.6785320663517916D-09
 -0.7651723286872248D-09 -0.8628729886328161D-09 -0.9730478820171402D-09
 -0.1097291979100930D-08 -0.1237399911428310D-08 -0.1395396761938139D-08
 -0.1573567005557639D-08 -0.1774487999337293D-08 -0.2001063411429992D-08
 -0.2256569087071829D-08 -0.2544697614200283D-08 -0.2869617463561732D-08
 -0.3236023899858095D-08 -0.3649214523827184D-08 -0.4115165068419054D-08
 -0.4640608433723293D-08 -0.5233144074607121D-08 -0.5901336511397732D-08
 -0.6654848557860529D-08 -0.7504570469074680D-08 -0.8462791219746425D-08
 -0.9543361451040512D-08 -0.1076190239475882D-07 -0.1213603441989278D-07
 -0.1368562295157191D-07 -0.1543306887179893D-07 -0.1740363791481208D-07
 -0.1962581785422406D-07 -0.2213173784618155D-07 -0.2495762477873156D-07
 -0.2814433471992058D-07 -0.3173793850118574D-07 -0.3579039141464617D-07
 -0.4036028243720146D-07 -0.4551367807311415D-07 -0.5132508414187489D-07
 -0.5787851883524937D-07 -0.6526872752276930D-07 -0.7360255380549417D-07
 -0.8300048332848603D-07 -0.9359838525433986D-07 -0.1055494791320696D-06
 -0.1190265463233293D-06 -0.1342244303926599D-06 -0.1513628538250334D-06
 -0.1706895941528641D-06 -0.1924840654926777D-06 -0.2170613599832651D-06
 -0.2447768029382389D-06 -0.2760310875748861D-06 -0.3112760694019015D-06
 -0.3510213005638857D-06 -0.3958413951886932D-06 -0.4463843360450296D-06
 -0.5033808438474037D-06 -0.5676549399871589D-06 -0.6401358640457395D-06
 -0.7218715017608075D-06 -0.8140435406726446D-06 -0.9179845510138446D-06
 -0.1035197251101906D-05 -0.1167376234543451D-05 -0.1316432468617338D-05
 -0.1484520922891290D-05 -0.1674071722649519D-05 -0.1887825283374317D-05
 -0.2128871931329783D-05 -0.2400696578929793D-05 -0.2707229110347010D-05
 -0.3052901195297039D-05 -0.3442710361257013D-05 -0.3882292243313442D-05
 -0.4378002063358683D-05 -0.4937006506371258D-05 -0.5567387335922126D-05
 -0.6278258233787710D-05 -0.7079896560408801D-05 -0.7983891939402841D-05
 -0.9003313813206058D-05 -0.1015290039412617D-04 -0.1144927174091608D-04
 -0.1291117004074918D-04 -0.1455973057485658D-04 -0.1641878727765221D-04
 -0.1851521731737027D-04 -0.2087932966712291D-04 -0.2354530329699040D-04
 -0.2655168131312012D-04 -0.2994192819067356D-04 -0.3376505816039473D-04
 -0.3807634382428215D-04 -0.4293811525952853D-04 -0.4842066114718363D-04
 -0.5460324496717023D-04 -0.6157525094210202D-04 -0.6943747630536134D-04
 -0.7830358856627490D-04 -0.8830176885191293D-04 -0.9957656507378781D-04
 -0.1122909817186925D-03 -0.1266288364736955D-03 -0.1427974177560925D-03
 -0.1610304815681077D-03 -0.1815916310080440D-03 -0.2047781272901490D-03
 -0.2309251873762091D-03 -0.2604108303477777D-03 -0.2936613425888633D-03
 -0.3311574407866121D-03 -0.3734412218561787D-03 -0.4211240002645328D-03
 -0.4748951460616602D-03 -0.5355320513939669D-03 -0.6039113695910999D-03
 -0.6810216893125730D-03 -0.7679778269917660D-03 -0.8660369442069040D-03
 -0.9766167229976759D-03 -0.1101315861890777D-02 -0.1241937188961050D-02
 -0.1400513726077381D-02 -0.1579338081156634D-02 -0.1780995593365449D-02
 -0.2008401710458546D-02 -0.2264844138637352D-02 -0.2554030374306400D-02
 -0.2880141304912957D-02 -0.3247891653801704D-02 -0.3662598142959439D-02
 -0.4130256359108557D-02 -0.4657627434434452D-02 -0.5252335795126842D-02
 -0.5922979390926956D-02 -0.6679253999314732D-02 -0.7532093401456191D-02
 -0.8493827456491411D-02 -0.9578360359511814D-02 -0.1080137166037553D-01
 -0.1218054294957761D-01 -0.1373581348846451D-01 -0.1548966847955043D-01
 -0.1746746414457903D-01 -0.1969779431012136D-01 -0.2221290380059348D-01
 -0.2504915461529067D-01 -0.2824755162915548D-01 -0.3185433541756091D-01
 -0.3592165077582027D-01 -0.4050830059849918D-01 -0.4568059601767877D-01
 -0.5151331509097336D-01 -0.5809078389946917D-01 -0.6550809568546172D-01
 -0.7387248565559106D-01 -0.8330488132547960D-01 -0.9394165081985431D-01
 -0.1059365744040757D+00 -0.1194630677503329D+00 -0.1347166890811928D+00
 -0.1519179664373579D+00 -0.1713155859446088D+00 -0.1931899871740732D+00
 -0.2178574175754574D+00
