 POTENTIAL OF ATOM  1  As (SPIN=1)
                 327
  0.0000000000000000D+00 -0.6596711285416906D+02 -0.6596610597368338D+02
 -0.6596506554167053D+02 -0.6596399476668788D+02 -0.6596289046061298D+02
 -0.6596175252872305D+02 -0.6596057959227861D+02 -0.6595937069559731D+02
 -0.6595812469426104D+02 -0.6595684046098134D+02 -0.6595551681704117D+02
 -0.6595415255260959D+02 -0.6595274641900301D+02 -0.6595129712953052D+02
 -0.6594980335771068D+02 -0.6594826373621596D+02 -0.6594667685555659D+02
 -0.6594504126278851D+02 -0.6594335546016258D+02 -0.6594161790373687D+02
 -0.6593982700194367D+02 -0.6593798111411274D+02 -0.6593607854894772D+02
 -0.6593411756295522D+02 -0.6593209635882451D+02 -0.6593001308375689D+02
 -0.6592786582774222D+02 -0.6592565262178191D+02 -0.6592337143605610D+02
 -0.6592102017803339D+02 -0.6591859669052130D+02 -0.6591609874965586D+02
 -0.6591352406282785D+02 -0.6591087026654439D+02 -0.6590813492422325D+02
 -0.6590531552391808D+02 -0.6590240947597242D+02 -0.6589941411060003D+02
 -0.6589632667538949D+02 -0.6589314433273047D+02 -0.6588986415715949D+02
 -0.6588648313262235D+02 -0.6588299814965100D+02 -0.6587940600245186D+02
 -0.6587570338590301D+02 -0.6587188689245752D+02 -0.6586795300894990D+02
 -0.6586389811330261D+02 -0.6585971847112997D+02 -0.6585541023223576D+02
 -0.6585096942700187D+02 -0.6584639196266433D+02 -0.6584167361947335D+02
 -0.6583681004673416D+02 -0.6583179675872486D+02 -0.6582662913048766D+02
 -0.6582130239348976D+02 -0.6581581163115027D+02 -0.6581015177422917D+02
 -0.6580431759607409D+02 -0.6579830370772129D+02 -0.6579210455284634D+02
 -0.6578571440256057D+02 -0.6577912735004875D+02 -0.6577233730504389D+02
 -0.6576533798813449D+02 -0.6575812292490015D+02 -0.6575068543987051D+02
 -0.6574301865030343D+02 -0.6573511545977740D+02 -0.6572696855159397D+02
 -0.6571857038198500D+02 -0.6570991317312057D+02 -0.6570098890591257D+02
 -0.6569178931260943D+02 -0.6568230586917743D+02 -0.6567252978746372D+02
 -0.6566245200713706D+02 -0.6565206318740148D+02 -0.6564135369847867D+02
 -0.6563031361285488D+02 -0.6561893269628827D+02 -0.6560720039857296D+02
 -0.6559510584405635D+02 -0.6558263782190618D+02 -0.6556978477612419D+02
 -0.6555653479530412D+02 -0.6554287560213120D+02 -0.6552879454262147D+02
 -0.6551427857509965D+02 -0.6549931425891452D+02 -0.6548388774289143D+02
 -0.6546798475352254D+02 -0.6545159058289590D+02 -0.6543469007636502D+02
 -0.6541726761996173D+02 -0.6539930712755665D+02 -0.6538079202777109D+02
 -0.6536170525064705D+02 -0.6534202921408213D+02 -0.6532174581003800D+02
 -0.6530083639053207D+02 -0.6527928175342412D+02 -0.6525706212801096D+02
 -0.6523415716044403D+02 -0.6521054589898759D+02 -0.6518620677913388D+02
 -0.6516111760859833D+02 -0.6513525555221781D+02 -0.6510859711677763D+02
 -0.6508111813579544D+02 -0.6505279375429306D+02 -0.6502359841359021D+02
 -0.6499350583615669D+02 -0.6496248901056315D+02 -0.6493052017657328D+02
 -0.6489757081042391D+02 -0.6486361161034262D+02 -0.6482861248235641D+02
 -0.6479254252644770D+02 -0.6475537002311843D+02 -0.6471706242042580D+02
 -0.6467758632155744D+02 -0.6463690747301675D+02 -0.6459499075349282D+02
 -0.6455180016349304D+02 -0.6450729881581849D+02 -0.6446144892696657D+02
 -0.6441421180954642D+02 -0.6436554786579626D+02 -0.6431541658229455D+02
 -0.6426377652595683D+02 -0.6421058534139914D+02 -0.6415579974977182D+02
 -0.6409937554915167D+02 -0.6404126761658095D+02 -0.6398142991183908D+02
 -0.6391981548302874D+02 -0.6385637647405309D+02 -0.6379106413405302D+02
 -0.6372382882886589D+02 -0.6365462005455592D+02 -0.6358338645305553D+02
 -0.6351007582994167D+02 -0.6343463517435597D+02 -0.6335701068105871D+02
 -0.6327714777458637D+02 -0.6319499113545888D+02 -0.6311048472835839D+02
 -0.6302357183217251D+02 -0.6293419507176569D+02 -0.6284229645130964D+02
 -0.6274781738896952D+02 -0.6265069875270616D+02 -0.6255088089691694D+02
 -0.6244830369959915D+02 -0.6234290659969601D+02 -0.6223462863421188D+02
 -0.6212340847462966D+02 -0.6200918446221224D+02 -0.6189189464166772D+02
 -0.6177147679264105D+02 -0.6164786845847403D+02 -0.6152100697165798D+02
 -0.6139082947539647D+02 -0.6125727294069931D+02 -0.6112027417844629D+02
 -0.6097976984589388D+02 -0.6083569644714985D+02 -0.6068799032721690D+02
 -0.6053658765930510D+02 -0.6038142442524183D+02 -0.6022243638896640D+02
 -0.6005955906329084D+02 -0.5989272767033859D+02 -0.5972187709634344D+02
 -0.5954694184180294D+02 -0.5936785596833477D+02 -0.5918455304398098D+02
 -0.5899696608914196D+02 -0.5880502752579468D+02 -0.5860866913315240D+02
 -0.5840782201343713D+02 -0.5820241657194071D+02 -0.5799238251612530D+02
 -0.5777764887894493D+02 -0.5755814407193602D+02 -0.5733379597389693D+02
 -0.5710453206105556D+02 -0.5687027958445249D+02 -0.5663096579976364D+02
 -0.5638651825385916D+02 -0.5613686513093758D+02 -0.5588193565898182D+02
 -0.5562166057444898D+02 -0.5535597263944690D+02 -0.5508480720112232D+02
 -0.5480810277761764D+02 -0.5452580164887887D+02 -0.5423785042412387D+02
 -0.5394420055135868D+02 -0.5364480872884860D+02 -0.5333963717439664D+02
 -0.5302865370855745D+02 -0.5271183160851051D+02 -0.5238914920758890D+02
 -0.5206058920827881D+02 -0.5172613771020588D+02 -0.5138578332568608D+02
 -0.5103951515050104D+02 -0.5068732194767144D+02 -0.5032919063904697D+02
 -0.4996510512468971D+02 -0.4959504548775841D+02 -0.4921898765038504D+02
 -0.4883690359986606D+02 -0.4844876222094221D+02 -0.4805453072851444D+02
 -0.4765417663448618D+02 -0.4724767013537718D+02 -0.4683498677042495D+02
 -0.4641611017974468D+02 -0.4599103478778051D+02 -0.4555976824754273D+02
 -0.4512233350223667D+02 -0.4467877034894836D+02 -0.4422913642060715D+02
 -0.4377350753395330D+02 -0.4331197738184922D+02 -0.4284465657535792D+02
 -0.4237167106663839D+02 -0.4189316000497008D+02 -0.4140927309960604D+02
 -0.4092016758030987D+02 -0.4042600486599447D+02 -0.3992694706287937D+02
 -0.3942315343532829D+02 -0.3891477700275424D+02 -0.3840196142925145D+02
 -0.3788483837923429D+02 -0.3736352552037395D+02 -0.3683812535121699D+02
 -0.3630872502552620D+02 -0.3577539732343832D+02 -0.3523820288975695D+02
 -0.3469719380676278D+02 -0.3415241849848169D+02 -0.3360392786137761D+02
 -0.3305178238908455D+02 -0.3249605988833439D+02 -0.3193686322580395D+02
 -0.3137432723848222D+02 -0.3080862416799983D+02 -0.3023996612358739D+02
 -0.2966860314784827D+02 -0.2909481851198701D+02 -0.2851891813417907D+02
 -0.2794121689329403D+02 -0.2736202209735789D+02 -0.2678161891333260D+02
 -0.2620025854751482D+02 -0.2561815319214108D+02 -0.2503547916808257D+02
 -0.2445238845254476D+02 -0.2386902710659579D+02 -0.2328555788008654D+02
 -0.2270218370761419D+02 -0.2211916902316126D+02 -0.2153685650732089D+02
 -0.2095567786119030D+02 -0.2037615810044668D+02 -0.1979891360766052D+02
 -0.1922464465900384D+02 -0.1865412341048122D+02 -0.1808817841719123D+02
 -0.1752767674991850D+02 -0.1697350470517252D+02 -0.1642654798331691D+02
 -0.1588767214337540D+02 -0.1535770399543534D+02 -0.1483741452288826D+02
 -0.1432750378514106D+02 -0.1382858822440507D+02 -0.1334119061031663D+02
 -0.1286573290120972D+02 -0.1240253228384045D+02 -0.1195179918365178D+02
 -0.1151363977467197D+02 -0.1108806058428468D+02 -0.1067497486191323D+02
 -0.1027421268596390D+02 -0.9885532252931835D+01 -0.9508632741686311D+01
 -0.9143168214419141D+01 -0.8788762827649128D+01 -0.8445026210000648D+01
 -0.8111566945256902D+01 -0.7788005533293978D+01 -0.7473986058271315D+01
 -0.7169184894971506D+01 -0.6873316255117947D+01 -0.6586133758506864D+01
 -0.6307428273318198D+01 -0.6037021508014172D+01 -0.5774755796742896D+01
 -0.5520481404053849D+01 -0.5274043379297233D+01 -0.5035268659931019D+01
 -0.4803955924032842D+01 -0.4579871473394516D+01 -0.4362749705452964D+01
 -0.4152298718665897D+01 -0.3948212749591363D+01 -0.3750184651197075D+01
 -0.3557922831505073D+01 -0.3371164239090838D+01 -0.3189689349246934D+01
 -0.3013330493273176D+01 -0.2841981886640160D+01 -0.2675602859668796D+01
 -0.2514224115323983D+01 -0.2357950489273394D+01 -0.2206962664297417D+01
 -0.2061524654448395D+01 -0.1921986487881246D+01 -0.1788792542641113D+01
 -0.1662491476874355D+01
 -0.1361946451316247D+00
