#total charge for As  SPIN = 1
 0.00012341   0.00657323
 0.00012717   0.00697025
 0.00013105   0.00738403
 0.00013505   0.00782669
 0.00013917   0.00829389
 0.00014341   0.00878965
 0.00014779   0.00931469
 0.00015229   0.00987111
 0.00015694   0.01046064
 0.00016172   0.01108528
 0.00016666   0.01174711
 0.00017174   0.01244833
 0.00017698   0.01319127
 0.00018237   0.01397840
 0.00018793   0.01481235
 0.00019367   0.01569587
 0.00019957   0.01663190
 0.00020566   0.01762355
 0.00021193   0.01867409
 0.00021839   0.01978700
 0.00022505   0.02096597
 0.00023192   0.02221489
 0.00023899   0.02353788
 0.00024628   0.02493931
 0.00025379   0.02642379
 0.00026153   0.02799621
 0.00026951   0.02966174
 0.00027773   0.03142585
 0.00028620   0.03329433
 0.00029492   0.03527330
 0.00030392   0.03736925
 0.00031319   0.03958902
 0.00032274   0.04193987
 0.00033258   0.04442946
 0.00034272   0.04706590
 0.00035318   0.04985777
 0.00036395   0.05281415
 0.00037505   0.05594461
 0.00038649   0.05925931
 0.00039827   0.06276895
 0.00041042   0.06648488
 0.00042294   0.07041907
 0.00043583   0.07458419
 0.00044913   0.07899361
 0.00046282   0.08366149
 0.00047694   0.08860275
 0.00049148   0.09383320
 0.00050647   0.09936951
 0.00052192   0.10522929
 0.00053784   0.11143116
 0.00055424   0.11799477
 0.00057114   0.12494087
 0.00058856   0.13229138
 0.00060651   0.14006942
 0.00062501   0.14829941
 0.00064407   0.15700713
 0.00066371   0.16621976
 0.00068395   0.17596600
 0.00070481   0.18627612
 0.00072630   0.19718205
 0.00074846   0.20871746
 0.00077128   0.22091787
 0.00079480   0.23382069
 0.00081904   0.24746540
 0.00084402   0.26189357
 0.00086976   0.27714902
 0.00089629   0.29327792
 0.00092362   0.31032889
 0.00095179   0.32835312
 0.00098082   0.34740451
 0.00101073   0.36753982
 0.00104155   0.38881874
 0.00107332   0.41130409
 0.00110605   0.43506196
 0.00113978   0.46016180
 0.00117455   0.48667668
 0.00121037   0.51468335
 0.00124728   0.54426247
 0.00128532   0.57549875
 0.00132452   0.60848115
 0.00136491   0.64330303
 0.00140654   0.68006239
 0.00144943   0.71886200
 0.00149364   0.75980964
 0.00153919   0.80301827
 0.00158613   0.84860626
 0.00163450   0.89669759
 0.00168435   0.94742205
 0.00173572   1.00091547
 0.00178866   1.05731991
 0.00184321   1.11678391
 0.00189942   1.17946269
 0.00195735   1.24551836
 0.00201704   1.31512015
 0.00207855   1.38844460
 0.00214195   1.46567581
 0.00220727   1.54700561
 0.00227459   1.63263375
 0.00234395   1.72276814
 0.00241544   1.81762496
 0.00248910   1.91742888
 0.00256502   2.02241321
 0.00264324   2.13281999
 0.00272385   2.24890017
 0.00280693   2.37091364
 0.00289253   2.49912936
 0.00298074   2.63382537
 0.00307165   2.77528876
 0.00316533   2.92381574
 0.00326186   3.07971146
 0.00336134   3.24328998
 0.00346385   3.41487408
 0.00356949   3.59479501
 0.00367835   3.78339226
 0.00379053   3.98101321
 0.00390613   4.18801269
 0.00402526   4.40475250
 0.00414802   4.63160084
 0.00427453   4.86893166
 0.00440489   5.11712384
 0.00453923   5.37656037
 0.00467766   5.64762735
 0.00482032   5.93071289
 0.00496733   6.22620585
 0.00511882   6.53449450
 0.00527493   6.85596501
 0.00543580   7.19099973
 0.00560158   7.53997542
 0.00577241   7.90326122
 0.00594846   8.28121649
 0.00612987   8.67418843
 0.00631681   9.08250958
 0.00650946   9.50649503
 0.00670798   9.94643952
 0.00691256  10.40261424
 0.00712338  10.87526356
 0.00734062  11.36460140
 0.00756449  11.87080749
 0.00779519  12.39402343
 0.00803292  12.93434847
 0.00827791  13.49183517
 0.00853036  14.06648489
 0.00879052  14.65824300
 0.00905860  15.26699409
 0.00933487  15.89255695
 0.00961956  16.53467943
 0.00991293  17.19303330
 0.01021525  17.86720901
 0.01052679  18.55671043
 0.01084783  19.26094971
 0.01117866  19.97924211
 0.01151958  20.71080111
 0.01187090  21.45473360
 0.01223293  22.21003549
 0.01260601  22.97558752
 0.01299046  23.75015163
 0.01338664  24.53236785
 0.01379489  25.32075173
 0.01421560  26.11369258
 0.01464914  26.90945252
 0.01509591  27.70616651
 0.01555629  28.50184337
 0.01603072  29.29436807
 0.01651962  30.08150532
 0.01702342  30.86090456
 0.01754260  31.63010655
 0.01807760  32.38655164
 0.01862892  33.12758982
 0.01919706  33.85049270
 0.01978252  34.55246745
 0.02038584  35.23067291
 0.02100755  35.88223778
 0.02164823  36.50428101
 0.02230845  37.09393449
 0.02298880  37.64836788
 0.02368990  38.16481560
 0.02441238  38.64060603
 0.02515690  39.07319255
 0.02592412  39.46018649
 0.02671474  39.79939163
 0.02752947  40.08884008
 0.02836905  40.32682910
 0.02923423  40.51195865
 0.03012581  40.64316901
 0.03104457  40.71977815
 0.03199135  40.74151824
 0.03296700  40.70857058
 0.03397241  40.62159840
 0.03500849  40.48177671
 0.03607616  40.29081851
 0.03717639  40.05099643
 0.03831018  39.76515905
 0.03947854  39.43674110
 0.04068253  39.06976651
 0.04192325  38.66884370
 0.04320180  38.23915224
 0.04451935  37.78642006
 0.04587708  37.31689079
 0.04727621  36.83728053
 0.04871802  36.35472371
 0.05020379  35.87670784
 0.05173488  35.41099709
 0.05331267  34.96554487
 0.05493857  34.54839581
 0.05661406  34.16757764
 0.05834064  33.83098459
 0.06011989  33.54625176
 0.06195339  33.32062169
 0.06384281  33.16083580
 0.06578986  33.07293294
 0.06779628  33.06216658
 0.06986390  33.13285420
 0.07199457  33.28824404
 0.07419023  33.53039396
 0.07645284  33.86005977
 0.07878446  34.27659880
 0.08118719  34.77789087
 0.08366319  35.36028003
 0.08621471  36.01854004
 0.08884404  36.74586629
 0.09155356  37.53389648
 0.09434571  38.37276223
 0.09722302  39.25117285
 0.10018808  40.15653246
 0.10324356  41.07509039
 0.10639223  41.99212459
 0.10963692  42.89215656
 0.11298057  43.75919578
 0.11642620  44.57701046
 0.11997690  45.32942086
 0.12363590  46.00061025
 0.12740648  46.57544805
 0.13129206  47.03981867
 0.13529613  47.38094913
 0.13942232  47.58772790
 0.14367435  47.65100673
 0.14805606  47.56387745
 0.15257140  47.32191554
 0.15722444  46.92338235
 0.16201939  46.36937825
 0.16696057  45.66393986
 0.17205245  44.81407506
 0.17729961  43.82973100
 0.18270681  42.72369165
 0.18827890  41.51140290
 0.19402094  40.21072543
 0.19993809  38.84161729
 0.20603569  37.42575058
 0.21231926  35.98606872
 0.21879447  34.54629267
 0.22546715  33.13038857
 0.23234333  31.76200410
 0.23942921  30.46390654
 0.24673120  29.25741031
 0.25425588  28.16179094
 0.26201004  27.19382557
 0.27000069  26.36731032
 0.27823503  25.69268117
 0.28672050  25.17667718
 0.29546475  24.82216228
 0.30447568  24.62800483
 0.31376142  24.58908149
 0.32333036  24.69639243
 0.33319112  24.93728798
 0.34335261  25.29580105
 0.35382400  25.75307677
 0.36461474  26.28788640
 0.37573457  26.87721001
 0.38719353  27.49686895
 0.39900195  28.12218803
 0.41117051  28.72866510
 0.42371017  29.29262606
 0.43663226  29.79184354
 0.44994845  30.20609942
 0.46367074  30.51767331
 0.47781153  30.71174264
 0.49238358  30.77668378
 0.50740004  30.70426733
 0.52287446  30.48974565
 0.53882082  30.13183421
 0.55525349  29.63259303
 0.57218733  28.99721693
 0.58963760  28.23374754
 0.60762006  27.35271989
 0.62615094  26.36676152
 0.64524697  25.29016635
 0.66492537  24.13841453
 0.68520392  22.92774806
 0.70610092  21.67473042
 0.72763521  20.39580623
 0.74982626  19.10694171
 0.77269407  17.82328332
 0.79625929  16.55886558
 0.82054319  15.32637102
 0.84556769  14.13696234
 0.87135538  13.00016586
 0.89792952  11.92378026
 0.92531411  10.91385403
 0.95353386   9.97471876
 0.98261424   9.10905292
 1.01258150   8.31798325
 1.04346268   7.60121450
 1.07528567   6.95718246
 1.10807917   6.38322199
 1.14187279   5.87574515
 1.17669704   5.43042254
 1.21258333   5.04236325
 1.24956407   4.70628794
 1.28767262   4.41669116
 1.32694340   4.16799026
 1.36741183   3.95465763
 1.40911444   3.77133607
 1.45208888   3.61293473
 1.49637394   3.47470501
 1.54200957   3.35230236
 1.58903698   3.24182777
 1.63749860   3.13985347
 1.68743818   3.04343459
 1.73890080   2.95010745
 1.79193289   2.85787693
 1.84658233   2.76519406
 1.90289844   2.67092610
 1.96093205   2.57432041
 2.02073554   2.47496410
 2.08236288   2.37274064
 2.14586970   2.26778519
 2.21131332   2.16043970
 2.27875281   2.05120903
 2.34824903   1.94071905
 2.41986471   1.82967751
 2.49366448   1.71883835
 2.56971497   1.60896979
 2.64808480   1.50082649
 2.72884472   1.39512748
 2.81206761   1.29253933
 2.89782858   1.19364398
 2.98620506   1.09899799
 3.07727679   1.00896952
 3.17112598   0.92393645
 3.26783733   0.84386663
 3.36749814   0.76864101
 3.47019835   0.69813918
 3.57603065   0.63223150
 3.68509058   0.57078214
 3.79747656   0.51364800
 3.91329003   0.46067964
 4.03263551   0.41172176
 4.15562074   0.36661402
 4.28235670   0.32519174
 4.41295779   0.28728669
 4.54754189   0.25272790
 4.68623046   0.22134230
 4.82914868   0.19295544
 4.97642555   0.16739211
 5.12819399   0.14447695
 5.28459099   0.12403515
 5.44575771   0.10589307
 5.61183960   0.08987898
 5.78298657   0.07582381
 5.95935309   0.06356192
 6.14109834   0.05293199
 6.32838637   0.04377785
 6.52138621   0.03594934
 6.72027207   0.02930311
 6.92522343   0.02370345
 7.13642530   0.01902290
 7.35406830   0.01514287
 7.57834885   0.01195400
 7.80946940   0.00935650
 8.04763854   0.00726028
 8.29307125   0.00558471
 8.54598903   0.00425855
 8.80662016   0.00321957
 9.07519989   0.00241404
 9.35197063   0.00179616
 9.63718217   0.00132731
 9.93109195   0.00097541
10.23396524   0.00071413
10.54607539   0.00052218
10.86770412   0.00038254
11.19914172   0.00028186
11.54068733   0.00020976
11.89264922   0.00015836
12.25534506   0.00012172
12.62910221   0.00009547
13.01425802   0.00007642
13.41116010   0.00006233
13.82016670   0.00005162
14.24164697   0.00004321
14.67598132   0.00003635
15.12356178   0.00003124
15.58479231   0.00002694
16.06008922   0.00002316
16.54988148   0.00001983
17.05461117   0.00001687
17.57473385   0.00001424
18.11071896   0.00001192
18.66305026   0.00000987
19.23222628   0.00000809
19.81876073   0.00000656
20.42318300   0.00000526
21.04603863   0.00000417
21.68788979   0.00000326
22.34931580   0.00000251
23.03091362   0.00000192
23.73329847   0.00000144
24.45710428   0.00000107
25.20298435   0.00000078
25.97161188   0.00000056
26.76368062   0.00000040
27.57990545   0.00000028
28.42102309   0.00000019
29.28779270   0.00000013
30.18099659   0.00000008
31.10144095   0.00000005
32.04995655   0.00000003
33.02739949   0.00000002
34.03465197   0.00000001
35.07262311   0.00000001
 
