 TOTAL CHARGE DENSITY OF ATOM  1  As (SPIN=1)
                  327
 0.0000000000000000D+00 0.6573229879797276D-02 0.6970245814631634D-02
 0.7384032431449780D-02 0.7826693955462968D-02 0.8293887042949628D-02
 0.8789648753851513D-02 0.9314693992980582D-02 0.9871109680033466D-02
 0.1046063778356443D-01 0.1108528116158043D-01 0.1174710869540271D-01
 0.1244832764081734D-01 0.1319126988656472D-01 0.1397840597482142D-01
 0.1481235108949378D-01 0.1569587406614011D-01 0.1663190611210493D-01
 0.1762355025863301D-01 0.1867409127902244D-01 0.1978700618742002D-01
 0.2096597532427507D-01 0.2221489406747919D-01 0.2353788520100007D-01
 0.2493931197694736D-01 0.2642379190810560D-01 0.2799621132997854D-01
 0.2966174077326360D-01 0.3142585118975587D-01 0.3329433107643053D-01
 0.3527330454485960D-01 0.3736925038542071D-01 0.3958902217786349D-01
 0.4193986950224118D-01 0.4442946030667993D-01 0.4706590449100349D-01
 0.4985777876784529D-01 0.5281415286558607D-01 0.5594461714022171D-01
 0.5925931166611574D-01 0.6276895687850660D-01 0.6648488584361635D-01
 0.7041907823524853D-01 0.7458419609985630D-01 0.7899362149519569D-01
 0.8366149609085666D-01 0.8860276282216341D-01 0.9383320969215080D-01
 0.9936951581954349D-01 0.1052292998338609D+00 0.1114311707219481D+00
 0.1179947812333501D+00 0.1249408839549907D+00 0.1322913901686475D+00
 0.1400694316079441D+00 0.1482994252323990D+00 0.1570071411405913D+00
 0.1662197737464161D+00 0.1759660163437282D+00 0.1862761391865758D+00
 0.1971820712135076D+00 0.2087174855452743D+00 0.2209178888855800D+00
 0.2338207149543312D+00 0.2474654220819685D+00 0.2618935950918729D+00
 0.2771490515954641D+00 0.2932779528212799D+00 0.3103289190950131D+00
 0.3283531500820175D+00 0.3474045498970638D+00 0.3675398571780070D+00
 0.3888187802103695D+00 0.4113041371784295D+00 0.4350620016052106D+00
 0.4601618530283892D+00 0.4866767329416036D+00 0.5146834060105927D+00
 0.5442625265508267D+00 0.5754988102285172D+00 0.6084812109198707D+00
 0.6433031026187316D+00 0.6800624662630056D+00 0.7188620813040125D+00
 0.7598097217964047D+00 0.8030183567383314D+00 0.8486063543371368D+00
 0.8966976898161173D+00 0.9474221563122383D+00 0.1000915578342781D+01
 0.1057320027240507D+01 0.1116784037871253D+01 0.1179462825854883D+01
 0.1245518504409564D+01 0.1315120299829899D+01 0.1388444764491450D+01
 0.1465675986146687D+01 0.1547005792140438D+01 0.1632633947025856D+01
 0.1722768341904346D+01 0.1817625173644664D+01 0.1917429111957056D+01
 0.2022413452107475D+01 0.2132820250854930D+01 0.2248900442980942D+01
 0.2370913935567723D+01 0.2499129676948090D+01 0.2633825696896900D+01
 0.2775289114538269D+01 0.2923816110091607D+01 0.3079711856298346D+01
 0.3243290405091835D+01 0.3414874524777187D+01 0.3594795482686699D+01
 0.3783392767971114D+01 0.3981013748879265D+01 0.4188013258572541D+01
 0.4404753103217136D+01 0.4631601485801533D+01 0.4868932338842273D+01
 0.5117124558872102D+01 0.5376561135357295D+01 0.5647628166470404D+01
 0.5930713753957340D+01 0.6226206769192290D+01 0.6534495482416615D+01
 0.6855966047119478D+01 0.7191000831547614D+01 0.7539976589439709D+01
 0.7903262462280287D+01 0.8281217805671501D+01 0.8674189833045537D+01
 0.9082511070281210D+01 0.9506496614651347D+01 0.9946441194111108D+01
 0.1040261602292522D+02 0.1087526545098759D+02 0.1136460340570319D+02
 0.1187080962699254D+02 0.1239402569792434D+02 0.1293435087569724D+02
 0.1349183773019713D+02 0.1406648760016672D+02 0.1465824588015600D+02
 0.1526699715488887D+02 0.1589256020149120D+02 0.1653468288419099D+02
 0.1719303697061997D+02 0.1786721290372193D+02 0.1855671456849436D+02
 0.1926095409834760D+02 0.1997924677173284D+02 0.2071080605584134D+02
 0.2145473886056623D+02 0.2221004107249750D+02 0.2297559344542176D+02
 0.2375015793057381D+02 0.2453237453857199D+02 0.2532075882734274D+02
 0.2611370011440647D+02 0.2690946052858706D+02 0.2770617501292076D+02
 0.2850185239662081D+02 0.2929437765766824D+02 0.3008151549983023D+02
 0.3086091536869118D+02 0.3163011803035913D+02 0.3238656383361256D+02
 0.3312760277109910D+02 0.3385050644749744D+02 0.3455248205201987D+02
 0.3523068841897554D+02 0.3588225424306211D+02 0.3650429849534629D+02
 0.3709395306130749D+02 0.3764838759366679D+02 0.3816483653986716D+02
 0.3864062826694337D+02 0.3907321616512636D+02 0.3946021156596907D+02
 0.3979941826126866D+02 0.4008886835592522D+02 0.4032685913159523D+02
 0.4051199053822754D+02 0.4064320286737316D+02 0.4071981410889833D+02
 0.4074155642717800D+02 0.4070861113100552D+02 0.4062164145723590D+02
 0.4048182243713073D+02 0.4029086707006500D+02 0.4005104799370549D+02
 0.3976521381507678D+02 0.3943679925534411D+02 0.3906982826481804D+02
 0.3866890928583969D+02 0.3823922188191979D+02 0.3778649401367556D+02
 0.3731696932749367D+02 0.3683736393239268D+02 0.3635481227645086D+02
 0.3587680189214120D+02 0.3541109697551949D+02 0.3496565094329906D+02
 0.3454850844577455D+02 0.3416769725773220D+02 0.3383111162296324D+02
 0.3354638665879083D+02 0.3332076494264217D+02 0.3316098793111837D+02
 0.3307309450338387D+02 0.3306233815342114D+02 0.3313303639721014D+02
 0.3328843753599590D+02 0.3353059944652333D+02 0.3386027799051627D+02
 0.3427683055330914D+02 0.3477813699029537D+02 0.3536054140970436D+02
 0.3601881763302705D+02 0.3674616109727167D+02 0.3753420958159398D+02
 0.3837309475382356D+02 0.3925152601599120D+02 0.4015690754625296D+02
 0.4107548876357613D+02 0.4199254769578059D+02 0.4289260594481421D+02
 0.4375967307453550D+02 0.4457751741042629D+02 0.4532995931017985D+02
 0.4600118217105254D+02 0.4657605552425000D+02 0.4704046392023051D+02
 0.4738163451626401D+02 0.4758845593359969D+02 0.4765178007203918D+02
 0.4756469893836240D+02 0.4732278818315111D+02 0.4692430934560146D+02
 0.4637036300973135D+02 0.4566498600532265D+02 0.4481518642817418D+02
 0.4383091169515601D+02 0.4272494601793188D+02 0.4151273557480464D+02
 0.4021214132678929D+02 0.3884312165231744D+02 0.3742734898334754D+02
 0.3598776709188306D+02 0.3454809733946301D+02 0.3313230626035687D+02
 0.3176404198201347D+02 0.3046607226053822D+02 0.2925971199576672D+02
 0.2816423727637303D+02 0.2719642578892150D+02 0.2637007426393833D+02
 0.2569561933503178D+02 0.2517980075469494D+02 0.2482548317192698D+02
 0.2463153576599716D+02 0.2459283602059133D+02 0.2470038503381864D+02
 0.2494153408704886D+02 0.2530031712351091D+02 0.2575788044379209D+02
 0.2629299650675542D+02 0.2688264668446812D+02 0.2750265374313769D+02
 0.2812834400886365D+02 0.2873521695785217D+02 0.2929960023173440D+02
 0.2979926834272772D+02 0.3021400516802422D+02 0.3052609247080285D+02
 0.3072071002972434D+02 0.3078623689853981D+02 0.3071444646327829D+02
 0.3050059407541576D+02 0.3014339841104868D+02 0.2964492309088920D+02
 0.2901036670915038D+02 0.2824777511376617D+02 0.2736768789379605D+02
 0.2638273783636119D+02 0.2530722430900703D+02 0.2415663331781413D+02
 0.2294721321703892D+02 0.2169553453782436D+02 0.2041804968955779D+02
 0.1913073406553669D+02 0.1784874374721124D+02 0.1658612351830127D+02
 0.1535556723892156D+02 0.1416824995139674D+02 0.1303371265682929D+02
 0.1195977031589908D+02 0.1095248871255988D+02 0.1001621806597984D+02
 0.9153658541518423D+01 0.8365961896744206D+01 0.7652859159519687D+01
 0.7012816346335686D+01 0.6443203292071548D+01 0.5940469979163735D+01
 0.5500328279533528D+01 0.5117937286078799D+01 0.4788074077615165D+01
 0.4505292867147745D+01 0.4264082587487133D+01 0.4058998135063737D+01
 0.3884771005529946D+01 0.3736418234937120D+01 0.3609309794925863D+01
 0.3499242621223221D+01 0.3402473535129007D+01 0.3315762906080427D+01
 0.3236376507819089D+01 0.3162102928002849D+01 0.3091231850921830D+01
 0.3022552175330153D+01 0.2955326615911978D+01 0.2889256599460233D+01
 0.2824472250092610D+01 0.2761487696571163D+01 0.2701179376316312D+01
 0.2644764980962903D+01
 CORE CHARGE DENSITY OF ATOM  1  As (SPIN=1)
                  327
 0.0000000000000000D+00 0.6564419344733350D-02 0.6960902558936647D-02
 0.7374134545451817D-02 0.7816202738806670D-02 0.8282769616739013D-02
 0.8777866829107606D-02 0.9302208323105309D-02 0.9857878221670238D-02
 0.1044661615915930D-01 0.1107042230977277D-01 0.1173136278258071D-01
 0.1243164187575969D-01 0.1317358835348510D-01 0.1395966944763788D-01
 0.1479249683808369D-01 0.1567483565053177D-01 0.1660961316499602D-01
 0.1759992825525631D-01 0.1864906129373587D-01 0.1976048463624451D-01
 0.2093787369259628D-01 0.2218511862207640D-01 0.2350633668552388D-01
 0.2490588528991928D-01 0.2638837576246375D-01 0.2795868789314139D-01
 0.2962198528662930D-01 0.3138373156649750D-01 0.3324970747638801D-01
 0.3522602892526624D-01 0.3731916602613679D-01 0.3953596317972059D-01
 0.4188366025702916D-01 0.4436991493723387D-01 0.4700282625976906D-01
 0.4979095945221981D-01 0.5274337209824676D-01 0.5586964171256430D-01
 0.5917989479283357D-01 0.6268483742124438D-01 0.6639578749153191D-01
 0.7032470864021269D-01 0.7448424596391215D-01 0.7888776360778654D-01
 0.8354938431321612D-01 0.8848403101614047D-01 0.9370747059061844D-01
 0.9923635983541157D-01 0.1050882938045808D+00 0.1112818565862615D+00
 0.1178366746368930D+00 0.1247734727812214D+00 0.1321141329914189D+00
 0.1398817560618899D+00 0.1481007262971519D+00 0.1567967793346935D+00
 0.1659970732266250D+00 0.1757302629052576D+00 0.1860265781596538D+00
 0.1969179052514675D+00 0.2084378722992341D+00 0.2206219385606029D+00
 0.2335074877417989D+00 0.2471339254627413D+00 0.2615427810046582D+00
 0.2767778134646598D+00 0.2928851224384236D+00 0.3099132633478253D+00
 0.3279133675249057D+00 0.3469392671568394D+00 0.3670476251884618D+00
 0.3882980702692790D+00 0.4107533368204819D+00 0.4344794102843121D+00
 0.4595456776027800D+00 0.4860250829552233D+00 0.5139942887641751D+00
 0.5435338419562741D+00 0.5747283454402230D+00 0.6076666347368140D+00
 0.6424419596513855D+00 0.6791521708593695D+00 0.7178999112293900D+00
 0.7587928116619664D+00 0.8019436911739591D+00 0.8474707609046157D+00
 0.8954978316593833D+00 0.9461545245421472D+00 0.9995764841547192D+00
 0.1055905593764157D+01 0.1115290191752935D+01 0.1177885288574149D+01
 0.1243852783333158D+01 0.1313361679007739D+01 0.1386588295201108D+01
 0.1463716477194763D+01 0.1544937799931413D+01 0.1630451765411444D+01
 0.1720465991828958D+01 0.1815196392605564D+01 0.1914867343300958D+01
 0.2019711834188807D+01 0.2129971606084839D+01 0.2245897266800207D+01
 0.2367748385381266D+01 0.2495793561063611D+01 0.2630310463515535D+01
 0.2771585840850750D+01 0.2919915491539542D+01 0.3075604196066762D+01
 0.3238965603906148D+01 0.3410322071085271D+01 0.3590004443314672D+01
 0.3778351779349911D+01 0.3975711008948074D+01 0.4182436519474599D+01
 0.4398889664913336D+01 0.4625438190737768D+01 0.4862455567817296D+01
 0.5110320228264084D+01 0.5369414695878975D+01 0.5640124603634895D+01
 0.5922837590449022D+01 0.6217942069350001D+01 0.6525825859049047D+01
 0.6846874670885722D+01 0.7181470443148530D+01 0.7529989514878445D+01
 0.7892800631462625D+01 0.8270262774628286D+01 0.8662722810070319D+01
 0.9070512946285959D+01 0.9493947998053237D+01 0.9933322450568973D+01
 0.1038890732024988D+02 0.1086094680955305D+02 0.1134965475468592D+02
 0.1185521086676279D+02 0.1237775676890658D+02 0.1291739183400586D+02
 0.1347416883033702D+02 0.1404808938506702D+02 0.1463909927877717D+02
 0.1524708358760810D+02 0.1587186169342843D+02 0.1651318218658598D+02
 0.1717071769030954D+02 0.1784405964069493D+02 0.1853271306141831D+02
 0.1923609137786525D+02 0.1995351132121786D+02 0.2068418797917856D+02
 0.2142723005638307D+02 0.2218163541411834D+02 0.2294628696564499D+02
 0.2371994901018170D+02 0.2450126409727284D+02 0.2528875051562208D+02
 0.2608080050452610D+02 0.2687567930269824D+02 0.2767152514597960D+02
 0.2846635033149745D+02 0.2925804346952827D+02 0.3004437304654066D+02
 0.3082299242366619D+02 0.3159144639391589D+02 0.3234717941855973D+02
 0.3308754565793343D+02 0.3380982090424521D+02 0.3451121651343469D+02
 0.3518889541950274D+02 0.3583999029770903D+02 0.3646162392237129D+02
 0.3705093174046769D+02 0.3760508665366043D+02 0.3812132596858516D+02
 0.3859698043822305D+02 0.3902950527589486D+02 0.3941651297799498D+02
 0.3975580774222544D+02 0.4004542121513259D+02 0.4028364924666307D+02
 0.4046908926990714D+02 0.4060067786124411D+02 0.4067772798408333D+02
 0.4069996535413136D+02 0.4066756330257213D+02 0.4058117545962658D+02
 0.4044196553023943D+02 0.4025163338963173D+02 0.4001243669121938D+02
 0.3972720715502196D+02 0.3939936069336343D+02 0.3903290053458903D+02
 0.3863241252687369D+02 0.3820305184504339D+02 0.3775052038557484D+02
 0.3728103422022750D+02 0.3680128058836569D+02 0.3631836404289160D+02
 0.3583974152484454D+02 0.3537314632786530D+02 0.3492650112137949D+02
 0.3450782044003627D+02 0.3412510327860767D+02 0.3378621675732953D+02
 0.3349877195558078D+02 0.3326999340422078D+02 0.3310658596566759D+02
 0.3301459314229793D+02 0.3299926362894920D+02 0.3306491527322714D+02
 0.3321480514257095D+02 0.3345100803888863D+02 0.3377430614401834D+02
 0.3418409310501476D+02 0.3467829563836154D+02 0.3525331574975077D+02
 0.3590399648277015D+02 0.3662361388770614D+02 0.3740389757307499D+02
 0.3823508179354981D+02 0.3910598852508490D+02 0.4000414339355591D+02
 0.4091592465835992D+02 0.4182674471703795D+02 0.4272126280755828D+02
 0.4358362674505742D+02 0.4439774067673832D+02 0.4514755496240605D+02
 0.4581737345294975D+02 0.4639217261279821D+02 0.4685792621218256D+02
 0.4720192864811555D+02 0.4741310949773182D+02 0.4748233119485774D+02
 0.4740266193409656D+02 0.4716961574264988D+02 0.4678135177717717D+02
 0.4623882532236804D+02 0.4554588368207256D+02 0.4470930100919821D+02
 0.4373874733546862D+02 0.4264668841716111D+02 0.4144821469525304D+02
 0.4016079946590054D+02 0.3880398839921141D+02 0.3739902463621117D+02
 0.3596841592517930D+02 0.3453545230462394D+02 0.3312368534819180D+02
 0.3175638033425828D+02 0.3045595959943138D+02 0.2924344619139185D+02
 0.2813791991145700D+02 0.2715602951965037D+02 0.2631153960172104D+02
 0.2561495301440591D+02 0.2507320321505569D+02 0.2468945624619043D+02
 0.2446300070328046D+02 0.2438924826241329D+02 0.2445984248081328D+02
 0.2466287468091061D+02 0.2498320174022954D+02 0.2540285701182793D+02
 0.2590154196673981D+02 0.2645718348004962D+02 0.2704653845318838D+02
 0.2764582640221921D+02 0.2823136884340560D+02 0.2878021425261237D+02
 0.2927072823731800D+02 0.2968312982769882D+02 0.2999995731209856D+02
 0.3020645013156107D+02 0.3029083691763134D+02 0.3024452374165217D+02
 0.3006218076993687D+02 0.2974172942296912D+02 0.2928423593912991D+02
 0.2869372032883618D+02 0.2797689246121851D+02 0.2714282878176454D+02
 0.2620260450249189D+02 0.2516889636395280D+02 0.2405557095715067D+02
 0.2287727301506707D+02 0.2164902632880737D+02 0.2038585843573776D+02
 0.1910245837149386D+02 0.1781287431663768D+02 0.1653025692707214D+02
 0.1526664390421224D+02 0.1403280943813635D+02 0.1283816429741712D+02
 0.1169067489926111D+02 0.1059684061992564D+02 0.9561720204562748D+01
 0.8588982469201664D+01 0.7680988475686755D+01 0.6838895996157241D+01
 0.6062781315828258D+01 0.5351772511426510D+01 0.4704189394152428D+01
 0.4117684128661451D+01 0.3589379677330510D+01 0.3116001024063210D+01
 0.2693996881018414D+01 0.2319649562360937D+01 0.1989171254344557D+01
 0.1698786112438961D+01 0.1444797904886361D+01 0.1223643565890177D+01
 0.1031933688275541D+01 0.8664811744304692D+00 0.7243195265107779D+00
 0.6027123641872909D+00 0.4991557757023143D+00 0.4113750255267081D+00
 0.3373170128014819D+00 0.2751396968049054D+00 0.2231995171233871D+00
 0.1800376405009073D+00 0.1443656840030203D+00 0.1150513998777084D+00
 0.9110466640247869D-01
 0.6600000000000000D+02 0.0000000000000000D+00
    8
    1    1
 -0.8598551809805793D+03  0.2202112624050394D+04
 -0.1092005495359477D+03  0.4316481017812687D+03
 -0.9586787143121238D+02  0.1243688264317806D+04
 -0.1404423521768403D+02  0.9996064871038095D+02
 -0.9921728982101786D+01  0.2669394073955241D+03
 -0.3121706567239915D+01  0.3412894227241844D+03
 -0.1170748551020075D+01  0.1261530022515041D+02
 -0.4902942285641742D+00  0.1019532134301992D+02
