 TOTAL CHARGE DENSITY OF ATOM  1  As (SPIN=1)
                  327
 0.0000000000000000D+00 0.6575291949291207D-02 0.6968393828973882D-02
 0.7384940327213436D-02 0.7826325159984101D-02 0.8294025306543086D-02
 0.8789602168023805D-02 0.9314711971069714D-02 0.9871106571079308D-02
 0.1046064204766366D-01 0.1108528363127846D-01 0.1174711228363655D-01
 0.1244833146020365D-01 0.1319127420875126D-01 0.1397841070911160D-01
 0.1481235623803504D-01 0.1569587958525905D-01 0.1663191194899705D-01
 0.1762355633606956D-01 0.1867409749432228D-01 0.1978701240650624D-01
 0.2096598137613054D-01 0.2221489973738299D-01 0.2353789022283288D-01
 0.2493931602431346D-01 0.2642379458414078D-01 0.2799621215565703D-01
 0.2966174152007498D-01 0.3142585326132719D-01 0.3329433465015592D-01
 0.3527330980346861D-01 0.3736925751471337D-01 0.3958903136380372D-01
 0.4193988092729133D-01 0.4442947414524170D-01 0.4706592090380703D-01
 0.4985779789510898D-01 0.5281417481873827D-01 0.5594464199194864D-01
 0.5925933943846493D-01 0.6276898752873451D-01 0.6648491924742712D-01
 0.7041911416702032D-01 0.7458423420939424D-01 0.7899366128048949D-01
 0.8366153686624762D-01 0.8860280368124644D-01 0.9383324946464679D-01
 0.9936955302127422D-01 0.1052293326088479D+00 0.1114311967755267D+00
 0.1179947977550476D+00 0.1249408875297587D+00 0.1322913963955348D+00
 0.1400694470430268D+00 0.1482994511731963D+00 0.1570071789333367D+00
 0.1662198247698173D+00 0.1759660819877620D+00 0.1862762208253924D+00
 0.1971821701713729D+00 0.2087176030543166D+00 0.2209180260339331D+00
 0.2338208726230587D+00 0.2474656008689203D+00 0.2618937952203790D+00
 0.2771492728054674D+00 0.2932781942401982D+00 0.3103291790852515D+00
 0.3283534260616495D+00 0.3474048381297515D+00 0.3675401525277333D+00
 0.3888190758559858D+00 0.4113044242824352D+00 0.4350622689304675D+00
 0.4601620864957496D+00 0.4866769151206007D+00 0.5146835155344206D+00
 0.5442625374458682D+00 0.5754988646657995D+00 0.6084813343709283D+00
 0.6433033048355757D+00 0.6800627573347935D+00 0.7188624715222001D+00
 0.7598102214809264D+00 0.8030189760180211D+00 0.8486071028767177D+00
 0.8966985764810939D+00 0.9474231887619101D+00 0.1000916762540461D+01
 0.1057321366868665D+01 0.1116785533637960D+01 0.1179464474676388D+01
 0.1245520298452200D+01 0.1315122225392841D+01 0.1388446800709938D+01
 0.1465678103493444D+01 0.1547007950701002D+01 0.1632636094521431D+01
 0.1722770411433677D+01 0.1817627081114305D+01 0.1917430753167221D+01
 0.2022414699458715D+01 0.2132820949638804D+01 0.2248900460293981D+01
 0.2370914386998474D+01 0.2499130625104875D+01 0.2633827206050427D+01
 0.2775291249683189D+01 0.2923818935779312D+01 0.3079715435210398D+01
 0.3243294796321180D+01 0.3414879781782492D+01 0.3594801650883475D+01
 0.3783399881921905D+01 0.3981021829044661D+01 0.4188022307584454D+01
 0.4404763101636708D+01 0.4631612387325876D+01 0.4868944064927316D+01
 0.5117136992743670D+01 0.5376574115389195D+01 0.5647641478917044D+01
 0.5930727125040296D+01 0.6226219856554543D+01 0.6534507865976649D+01
 0.6855977219379761D+01 0.7191010187438787D+01 0.7539983415814286D+01
 0.7903265927207754D+01 0.8281218221642630D+01 0.8674192707006728D+01
 0.9082516660125224D+01 0.9506505163359938D+01 0.9946452922707909D+01
 0.1040263112266501D+02 0.1087528407482668D+02 0.1136462565912732D+02
 0.1187083555831798D+02 0.1239405528823334D+02 0.1293438402862275D+02
 0.1349187426183323D+02 0.1406652722945159D+02 0.1465828822015385D+02
 0.1526704170548478D+02 0.1589260634411105D+02 0.1653472987926305D+02
 0.1719308395860853D+02 0.1786725891068166D+02 0.1855675851721801D+02
 0.1926099482630355D+02 0.1997928305711256D+02 0.2071083665315258D+02
 0.2145476254731335D+02 0.2221005670857734D+02 0.2297560004692507D+02
 0.2375015956252991D+02 0.2453238107277775D+02 0.2532076977016962D+02
 0.2611371475656693D+02 0.2690947793785162D+02 0.2770619403329880D+02
 0.2850187165549363D+02 0.2929439558244391D+02 0.3008153034573712D+02
 0.3086092525932733D+02 0.3163012101255693D+02 0.3238655794805010D+02
 0.3312758613987531D+02 0.3385047737957537D+02 0.3455243916701632D+02
 0.3523063078922229D+02 0.3588218155317226D+02 0.3650421121767936D+02
 0.3709385264473362D+02 0.3764827666188044D+02 0.3816471909420122D+02
 0.3864050988719688D+02 0.3907310420036362D+02 0.3946011530560970D+02
 0.3979934907510828D+02 0.4008883979006566D+02 0.4032684620415623D+02
 0.4051194552473488D+02 0.4064312090874137D+02 0.4071969085273351D+02
 0.4074138825239383D+02 0.4070839537710864D+02 0.4062137664944103D+02
 0.4048150849686175D+02 0.4029050549891487D+02 0.4005064201766206D+02
 0.3976476847488284D+02 0.3943632142836911D+02 0.3906932660390036D+02
 0.3866839406134367D+02 0.3823870471485307D+02 0.3778598749026827D+02
 0.3731648648915122D+02 0.3683691763975052D+02 0.3635441445136670D+02
 0.3587646265040149D+02 0.3541082366345837D+02 0.3496544712415417D+02
 0.3454837281394108D+02 0.3416762270051670D+02 0.3383108408945831D+02
 0.3354638433312638D+02 0.3332076441718097D+02 0.3316100030717412D+02
 0.3307313715455013D+02 0.3306242958729430D+02 0.3313319383026121D+02
 0.3328867679254619D+02 0.3353093362696102D+02 0.3386071664734538D+02
 0.3427737877587638D+02 0.3477879469355531D+02 0.3536130280804449D+02
 0.3601967098447766D+02 0.3674708876610730D+02 0.3753518846555229D+02
 0.3837409711182949D+02 0.3925252070873690D+02 0.4015786169131358D+02
 0.4107636977024599D+02 0.4199332563401138D+02 0.4289325615588957D+02
 0.4376017892453256D+02 0.4457787303531057D+02 0.4533017220414980D+02
 0.4600127542031916D+02 0.4657606950444213D+02 0.4704045724128444D+02
 0.4738162167855650D+02 0.4758839124980189D+02 0.4765162405809129D+02
 0.4756441434475508D+02 0.4732234252532204D+02 0.4692367736309382D+02
 0.4636952888699038D+02 0.4566394519768288D+02 0.4481394691837892D+02
 0.4382949455496193D+02 0.4272338513065285D+02 0.4151107647231484D+02
 0.4021043907080313D+02 0.3884143783200417D+02 0.3742574789052403D+02
 0.3598631121259807D+02 0.3454684265958935D+02 0.3313129659299095D+02
 0.3176330468323658D+02 0.3046561790252662D+02 0.2925951971106657D+02
 0.2816426752035579D+02 0.2719661048440326D+02 0.2637032378116569D+02
 0.2569582197204858D+02 0.2517983315751443D+02 0.2482559786673552D+02
 0.2463182474696698D+02 0.2459333224460451D+02 0.2470110494501046D+02
 0.2494247584500585D+02 0.2530146012635044D+02 0.2575918630864618D+02
 0.2629441144992692D+02 0.2688410522416166D+02 0.2750408339290489D+02
 0.2812967077929727D+02 0.2873637104921137D+02 0.2930052167082420D+02
 0.2979991191357928D+02 0.3021434438652804D+02 0.3052612206852475D+02
 0.3072044692612386D+02 0.3078571929504907D+02 0.3071373139312000D+02
 0.3049975325805769D+02 0.3014251306214996D+02 0.2964407770786966D+02
 0.2900964270506444D+02 0.2824724425156169D+02 0.2736740659312205D+02
 0.2638273942054419D+02 0.2530707632099765D+02 0.2415635266145658D+02
 0.2294682795248632D+02 0.2169508045404474D+02 0.2041756663670888D+02
 0.1913026435991507D+02 0.1784832769832948D+02 0.1658579682859385D+02
 0.1535535793303065D+02 0.1416817937678938D+02 0.1303379285676445D+02
 0.1196000151505835D+02 0.1095286303247922D+02 0.1001671871355795D+02
 0.9154261756791112D+01 0.8366638473894987D+01 0.7653576743684822D+01
 0.7013541338550754D+01 0.6443903066967980D+01 0.5941114657867131D+01
 0.5500892407970178D+01 0.5118401054293451D+01 0.4788424107119544D+01
 0.4505522654876565D+01 0.4264192425125347D+01 0.4059019303700056D+01
 0.3884846125426671D+01 0.3736534298576780D+01 0.3609453459653204D+01
 0.3499401137038366D+01 0.3402635343188895D+01 0.3315918190120615D+01
 0.3236517534196419D+01 0.3162224221546629D+01 0.3091330237923884D+01
 0.3022626633565465D+01 0.2955378061627984D+01 0.2889287474791727D+01
 0.2824486229718687D+01 0.2761489167834585D+01 0.2701173097035175D+01
 0.2644755593453381D+01
 CORE CHARGE DENSITY OF ATOM  1  As (SPIN=1)
                  327
 0.0000000000000000D+00 0.6575277307940064D-02 0.6968377708793828D-02
 0.7384923242088990D-02 0.7826307052279040D-02 0.8294006115330724D-02
 0.8789581828652448D-02 0.9314690415184644D-02 0.9871083726194158D-02
 0.1046061783701523D-01 0.1108525797355194D-01 0.1174708509269752D-01
 0.1244830264481721D-01 0.1319124367228127D-01 0.1397837834920360D-01
 0.1481232194628053D-01 0.1569584324684039D-01 0.1663187344231200D-01
 0.1762351553233378D-01 0.1867405425714909D-01 0.1978696659146224D-01
 0.2096593283026529D-01 0.2221484829873206D-01 0.2353783571989201D-01
 0.2493925827548270D-01 0.2642373339713693D-01 0.2799614732689212D-01
 0.2966167283399428D-01 0.3142578048972080D-01 0.3329425755142710D-01
 0.3527322812185571D-01 0.3736917097947007D-01 0.3958893968833317D-01
 0.4193978380823186D-01 0.4442937126149998D-01 0.4706581191553798D-01
 0.4985768244263711D-01 0.5281405252141962D-01 0.5594451244696885D-01
 0.5925920221956977D-01 0.6276884218489058D-01 0.6648476530140766D-01
 0.7041895111391276D-01 0.7458406151502574D-01 0.7899347837976546D-01
 0.8366134316139937D-01 0.8860259853998259D-01 0.9383303221820388D-01
 0.9936932296236176D-01 0.1052290889894817D+00 0.1114309388047450D+00
 0.1179945245965052D+00 0.1249405982991910D+00 0.1322910901580414D+00
 0.1400691228103242D+00 0.1482991079006462D+00 0.1570068155168167D+00
 0.1662194400424390D+00 0.1759656747164176D+00 0.1862757897071230D+00
 0.1971817138295477D+00 0.2087171200346169D+00 0.2209175148001308D+00
 0.2338203315525794D+00 0.2474650282481835D+00 0.2618931892399040D+00
 0.2771486315547353D+00 0.2932775157022601D+00 0.3103284611310704D+00
 0.3283526664441683D+00 0.3474040344776742D+00 0.3675393023390043D+00
 0.3888181764909674D+00 0.4113034729567540D+00 0.4350612627075354D+00
 0.4601610222789371D+00 0.4866757896450507D+00 0.5146823253584975D+00
 0.5442612789422252D+00 0.5754975340116429D+00 0.6084799275389540D+00
 0.6433018175835814D+00 0.6800611851950639D+00 0.7188608097904953D+00
 0.7598084652050137D+00 0.8030171199857601D+00 0.8486051416036701D+00
 0.8966965041976566D+00 0.9474209993999806D+00 0.1000914449719597D+01
 0.1057318923881767D+01 0.1116782953436449D+01 0.1179461749854891D+01
 0.1245517421232750D+01 0.1315119187608568D+01 0.1388443593788288D+01
 0.1465674718438919D+01 0.1547004378077426D+01 0.1632632324433780D+01
 0.1722766433509476D+01 0.1817622884484594D+01 0.1917426326447187D+01
 0.2022410030727933D+01 0.2132816026421197D+01 0.2248895269537387D+01
 0.2370908915051277D+01 0.2499124857700642D+01 0.2633821128284689D+01
 0.2775284845992651D+01 0.2923812189921155D+01 0.3079708330241699D+01
 0.3243287314578648D+01 0.3414871904862554D+01 0.3594793359622861D+01
 0.3783391156378928D+01 0.3981012648481240D+01 0.4188012650449127D+01
 0.4404752945548794D+01 0.4631601709060972D+01 0.4868932840404351D+01
 0.5117125197013753D+01 0.5376561722626458D+01 0.5647628462411887D+01
 0.5930713457195085D+01 0.6226205508882311D+01 0.6534492809102963D+01
 0.6855961423048146D+01 0.7190993620520145D+01 0.7539966046320584D+01
 0.7903247722310431D+01 0.8281199147693297D+01 0.8674172729556940D+01
 0.9082495743985861D+01 0.9506483272630959D+01 0.9946430020827208D+01
 0.1040260717246497D+02 0.1087525903859871D+02 0.1136459949869515D+02
 0.1187080823512010D+02 0.1239402676341516D+02 0.1293435426313910D+02
 0.1349184321656161D+02 0.1406649486531677D+02 0.1465825449826426D+02
 0.1526700658728121D+02 0.1589256979152799D+02 0.1653469185490312D+02
 0.1719304442593021D+02 0.1786721783420063D+02 0.1855671586272221D+02
 0.1926095056108192D+02 0.1997923715019732D+02 0.2071078907557508D+02
 0.2145471327237265D+02 0.2221000571212125D+02 0.2297554730764272D+02
 0.2375010506224271D+02 0.2453232479674974D+02 0.2532071170746775D+02
 0.2611365490036182D+02 0.2690941628574679D+02 0.2770613058766084D+02
 0.2850180642378005D+02 0.2929432857752536D+02 0.3008146158621010D+02
 0.3086085476981279D+02 0.3163004882398027D+02 0.3238648409789668D+02
 0.3312751067241580D+02 0.3385040034605473D+02 0.3455236062579880D+02
 0.3523055080588558D+02 0.3588210020054227D+02 0.3650412857579749D+02
 0.3709376880074750D+02 0.3764819170984880D+02 0.3816463313480348D+02
 0.3864042302733755D+02 0.3907301655266180D+02 0.3946002698776388D+02
 0.3979926020912674D+02 0.4008875050135327D+02 0.4032675662057068D+02
 0.4051185577531971D+02 0.4064303112213641D+02 0.4071960115573402D+02
 0.4074129876820693D+02 0.4070830622342988D+02 0.4062128793634653D+02
 0.4048142032452520D+02 0.4029041795515411D+02 0.4005055517531541D+02
 0.3976468238902874D+02 0.3943623613340267D+02 0.3906924211048351D+02
 0.3866831035324914D+02 0.3823862174572636D+02 0.3778590518033457D+02
 0.3731640472189788D+02 0.3683683625861882D+02 0.3635433325648891D+02
 0.3587638139542189D+02 0.3541074205247826D+02 0.3496536480884146D+02
 0.3454828939084551D+02 0.3416753770863001D+02 0.3383099692999262D+02
 0.3354629475779126D+02 0.3332067469039189D+02 0.3316089301801558D+02
 0.3307301182064723D+02 0.3306228593236004D+02 0.3313303156435215D+02
 0.3328849560447696D+02 0.3353073317955999D+02 0.3386049657241120D+02
 0.3427713866825742D+02 0.3477853410717771D+02 0.3536102125027457D+02
 0.3601936791255729D+02 0.3674676358176558D+02 0.3753484051205905D+02
 0.3837372566882112D+02 0.3925212498956868D+02 0.4015744083794544D+02
 0.4107592285024270D+02 0.4199285163522484D+02 0.4289275398205616D+02
 0.4375964738922401D+02 0.4457731085450283D+02 0.4532957798981797D+02
 0.4600064766830372D+02 0.4657540658688396D+02 0.4703975738737245D+02
 0.4738088296738180D+02 0.4758761158073850D+02 0.4765080114101420D+02
 0.4756354566366196D+02 0.4732142532548340D+02 0.4692270860707013D+02
 0.4636850523893569D+02 0.4566286297399864D+02 0.4481280207060051D+02
 0.4382828261831222D+02 0.4272210120739187D+02 0.4150971518364287D+02
 0.4020899454638507D+02 0.3883990367199989D+02 0.3742411716319295D+02
 0.3598457642900924D+02 0.3454499577764209D+02 0.3312932899798054D+02
 0.3176120881156607D+02 0.3046337783617082D+02 0.2925711598017523D+02
 0.2816169018262444D+02 0.2719385004147222D+02 0.2636736873537392D+02
 0.2569265554844500D+02 0.2517644547936659D+02 0.2482197899885552D+02
 0.2462796476972161D+02 0.2458922122786421D+02 0.2469673298424709D+02
 0.2493783299482380D+02 0.2529653638636755D+02 0.2575397144626528D+02
 0.2628889492414699D+02 0.2687827598153179D+02 0.2749792966000999D+02
 0.2812317973192085D+02 0.2872952854295810D+02 0.2929331178711642D+02
 0.2979231660731480D+02 0.3020634296737088D+02 0.3051769074293443D+02
 0.3071155821733461D+02 0.3077634137373075D+02 0.3070382759773622D+02
 0.3048928163709985D+02 0.3013142588057710D+02 0.2963232090410455D+02
 0.2899715561809785D+02 0.2823395917210933D+02 0.2735324877468658D+02
 0.2636762585363453D+02 0.2529090730202232D+02 0.2413903127423054D+02
 0.2292825037158349D+02 0.2167512739226539D+02 0.2039611922646398D+02
 0.1910719602601855D+02 0.1782350384824460D+02 0.1655907636567470D+02
 0.1532659299430173D+02 0.1413721128306752D+02 0.1300044977414079D+02
 0.1192409821065164D+02 0.1091420032236840D+02 0.9975081840656230D+01
 0.9109416764585278D+01 0.8318328633469809D+01 0.7601520852902306D+01
 0.6957429019569796D+01 0.6383389384309623D+01 0.5875816647293547D+01
 0.5430385181761075D+01 0.5042208665573382D+01 0.4706012803796796D+01
 0.4416297470524015D+01 0.4167485125197648D+01 0.3954077541672333D+01
 0.3770826954766248D+01 0.3612484976293520D+01 0.3474302600458261D+01
 0.3351935115952538D+01 0.3241484077196156D+01 0.3139523180407803D+01
 0.3043109499069007D+01 0.2949781753234448D+01 0.2857547320097008D+01
 0.2764859782392214D+01 0.2670588747555069D+01 0.2573983679299542D+01
 0.2474633353436265D+01 0.2372422504651258D+01 0.2267487058867819D+01
 0.2160169259314584D+01
 0.6600000000000000D+02 0.0000000000000000D+00
    8
    1    1
 -0.8598551809759182D+03  0.2202112624048639D+04
 -0.1092005495323830D+03  0.4316481017795305D+03
 -0.9586787142757115D+02  0.1243688264312782D+04
 -0.1404423521453401D+02  0.9996064870908336D+02
 -0.9921728978974068D+01  0.2669394073907951D+03
 -0.3121706564188492D+01  0.3412894227109510D+03
 -0.1170748548379917D+01  0.1261530022061383D+02
 -0.4902942264835428D+00  0.1019532131296301D+02
