    1
  115
 -0.7068995678427802D+00  0.3386111676118754D+00 -0.3168257303892944D+00
  0.2573814122230318D+01 -0.1281724552205382D+01 -0.1260236012753739D+01
 -0.4663044297814914D+00  0.2423901441776080D+00  0.5415516875682973D+00
 -0.9810036323378850D-01  0.7348853953268432D+00 -0.4300500255418027D+00
  0.2780314530209744D+00 -0.1882842113702408D+00  0.5596855201083575D+00
 -0.6975815084192533D-01  0.5949096258364374D+00 -0.1759067403125676D+00
 -0.3995397984574428D+00 -0.5775423434211818D-01 -0.2055244776912789D+00
  0.1263156357918388D+00 -0.1711265358753833D+00  0.4896525881443914D-01
  0.5044209498488181D-01 -0.8472746920461424D-01 -0.1686642742133172D+00
  0.5078387528261769D-01 -0.1007471963179866D+00  0.1241383058764050D+00
  0.6763009131346680D-01  0.6607617181603899D-01  0.4891127421760289D-01
 -0.1474111694220251D-01  0.1425015206847602D+00 -0.8735079486998612D-01
  0.5576901686714070D-01 -0.1002903508857148D+00  0.2626568268101769D-01
 -0.4334126423675391D-01 -0.4281834115291468D-02  0.6780856326778999D-01
 -0.4657342638600903D-02  0.3648660551052116D-01  0.2821601355721460D-01
 -0.2498541619301277D-01 -0.2129658256136552D-01 -0.2159881842111318D-01
  0.2639065080155861D-01  0.3121443836584241D-01 -0.1052531601573707D-01
 -0.1324317537021211D-01 -0.4349412124933357D-02  0.3661882904504831D-01
 -0.1800064460411240D-01 -0.2202206153548023D-01  0.2822843619020794D-01
 -0.2519093734408002D-01 -0.2152669368745718D-01 -0.2598832402360103D-01
  0.7984940774790878D-02 -0.1060662955577062D-01  0.5910626848638264D-02
  0.6550048690937702D-02  0.8405089827025205D-03 -0.8923003872896847D-02
 -0.5349762232342558D-02  0.6420419721112583D-02  0.7725500383427622D-02
  0.1841479226215815D-02 -0.1602639220929757D-02 -0.1642260509687132D-02
  0.8181845890557041D-02  0.8250237478415683D-02 -0.3636524424636796D-03
  0.4391152066666840D-02  0.4194773037596425D-03 -0.8679696621950363D-02
 -0.5217822062365090D-02  0.6725894435529301D-02 -0.2935608257400031D-02
  0.1542834399013600D-02 -0.3041046502641827D-02  0.5160362232192768D-02
 -0.1282477948914901D-02 -0.1526809803078580D-02  0.1394441803336783D-02
 -0.3747633539895250D-03  0.4053761522198261D-02  0.3894621616388117D-03
  0.2446907640586089D-03  0.1498018659163078D-02 -0.2626308541604857D-02
 -0.2165579232758399D-02 -0.2236926083045673D-02  0.1367738383936612D-02
  0.7393418182065503D-03 -0.1066194986191071D-02  0.1641681356093120D-02
 -0.2666185434933443D-03  0.1680574863320951D-02 -0.1641318960398647D-02
 -0.4658272813853656D-03  0.9471576170551788D-04  0.1182762722344351D-02
 -0.5419681242672629D-03 -0.9725861349185836D-03  0.5426010787705685D-03
  0.3984904104845558D-03  0.3789159043951399D-03 -0.3168729468514552D-03
  0.5217994396229278D-04 -0.2501969997747629D-03 -0.2731765558500573D-03
  0.5003379922616750D-04
    7
    1    1  333
  0.0000000000000000D+00 -0.4141018465987409D+07 -0.4017943080233726D+07
 -0.3898523352087877D+07 -0.3782650698172702D+07 -0.3670219760342436D+07
 -0.3561128309970363D+07 -0.3455277154743587D+07 -0.3352570048793431D+07
 -0.3252913604883829D+07 -0.3156217209713049D+07 -0.3062392941422665D+07
 -0.2971355489683002D+07 -0.2883022078118661D+07 -0.2797312389042461D+07
 -0.2714148490425989D+07 -0.2633454765038696D+07 -0.2555157841691889D+07
 -0.2479186528524966D+07 -0.2405471748273235D+07 -0.2333946475458491D+07
 -0.2264545675445165D+07 -0.2197206245306710D+07 -0.2131866956448454D+07
 -0.2068468398934641D+07 -0.2006952927469225D+07 -0.1947264608981102D+07
 -0.1889349171766262D+07 -0.1833153956140571D+07 -0.1778627866558274D+07
 -0.1725721325152774D+07 -0.1674386226657338D+07 -0.1624575894664835D+07
 -0.1576245039186664D+07 -0.1529349715472331D+07 -0.1483847284052192D+07
 -0.1439696371967080D+07 -0.1396856835149489D+07 -0.1355289721922223D+07
 -0.1314957237581171D+07 -0.1275822710030151D+07 -0.1237850556436492D+07
 -0.1201006250877051D+07 -0.1165256292945250D+07 -0.1130568177290614D+07
 -0.1096910364063053D+07 -0.1064252250235098D+07 -0.1032564141775940D+07
 -0.1001817226651997D+07 -0.9719835486295072D+06 -0.9430359818552342D+06
 -0.9149482061922569D+06 -0.8876946832883877D+06 -0.8612506333554398D+06
 -0.8355920126382587D+06 -0.8106954915530273D+06 -0.7865384334749569D+06
 -0.7630988741560779D+06 -0.7403555017544322D+06 -0.7182876374564929D+06
 -0.6968752166751939D+06 -0.6760987708064856D+06 -0.6559394095278219D+06
 -0.6363788036224832D+06 -0.6173991683141161D+06 -0.5989832470963500D+06
 -0.5811142960427752D+06 -0.5637760685830234D+06 -0.5469528007311089D+06
 -0.5306291967525919D+06 -0.5147904152575494D+06 -0.4994220557066924D+06
 -0.4845101453183673D+06 -0.4700411263645409D+06 -0.4560018438442091D+06
 -0.4423795335230337D+06 -0.4291618103283212D+06 -0.4163366570888022D+06
 -0.4038924136089601D+06 -0.3918177660679945D+06 -0.3801017367337571D+06
 -0.3687336739823296D+06 -0.3577032426141490D+06 -0.3470004144578917D+06
 -0.3366154592535596D+06 -0.3265389358064838D+06 -0.3167616834042024D+06
 -0.3072748134884011D+06 -0.2980697015743491D+06 -0.2891379794104792D+06
 -0.2804715273709773D+06 -0.2720624670744662D+06 -0.2639031542220640D+06
 -0.2559861716483116D+06 -0.2483043225786331D+06 -0.2408506240872019D+06
 -0.2336183007492629D+06 -0.2266007784821205D+06 -0.2197916785692006D+06
 -0.2131848118617350D+06 -0.2067741731527918D+06 -0.2005539357185331D+06
 -0.1945184460217156D+06 -0.1886622185726193D+06 -0.1829799309427129D+06
 -0.1774664189265150D+06 -0.1721166718472329D+06 -0.1669258280019006D+06
 -0.1618891702418581D+06 -0.1570021216845345D+06 -0.1522602415526225D+06
 -0.1476592211368341D+06 -0.1431948798785533D+06 -0.1388631615688007D+06
 -0.1346601306600233D+06 -0.1305819686873438D+06 -0.1266249707959768D+06
 -0.1227855423716363D+06 -0.1190601957708362D+06 -0.1154455471480822D+06
 -0.1119383133770414D+06 -0.1085353090628543D+06 -0.1052334436428398D+06
 -0.1020297185729235D+06 -0.9892122459719545D+05 -0.9590513909807717D+05
 -0.9297872352465658D+05 -0.9013932089680956D+05 -0.8738435338280848D+05
 -0.8471131994817639D+05 -0.8211779407361528D+05 -0.7960142153989880D+05
 -0.7715991827768604D+05 -0.7479106828026865D+05 -0.7249272157733109D+05
 -0.7026279226785572D+05 -0.6809925661036733D+05 -0.6600015116876831D+05
 -0.6396357101206906D+05 -0.6198766796637954D+05 -0.6007064891757804D+05
 -0.5821077416313071D+05 -0.5640635581159208D+05 -0.5465575622836479D+05
 -0.5295738652636068D+05 -0.5130970510024923D+05 -0.4971121620304242D+05
 -0.4816046856381401D+05 -0.4665605404540800D+05 -0.4519660634104445D+05
 -0.4378079970878685D+05 -0.4240734774288800D+05 -0.4107500218108681D+05
 -0.3978255174698290D+05 -0.3852882102666806D+05 -0.3731266937884878D+05
 -0.3613298987774385D+05 -0.3498870828809276D+05 -0.3387878207165869D+05
 -0.3280219942465572D+05 -0.3175797834557156D+05 -0.3074516573289719D+05
 -0.2976283651230569D+05 -0.2881009279284983D+05 -0.2788606305176614D+05
 -0.2698990134748218D+05 -0.2612078656042006D+05 -0.2527792166117277D+05
 -0.2446053300559645D+05 -0.2366786965630961D+05 -0.2289920273001483D+05
 -0.2215382476995856D+05 -0.2143104914271629D+05 -0.2073020945832833D+05
 -0.2005065901261811D+05 -0.1939177025029405D+05 -0.1875293424717067D+05
 -0.1813356020955103D+05 -0.1753307498849143D+05 -0.1695092260634518D+05
 -0.1638656379266659D+05 -0.1583947552628855D+05 -0.1530915058020649D+05
 -0.1479509706586138D+05 -0.1429683797358056D+05 -0.1381391070637585D+05
 -0.1334586660507635D+05 -0.1289227046394129D+05 -0.1245270003746551D+05
 -0.1202674554101721D+05 -0.1161400915011653D+05 -0.1121410450537217D+05
 -0.1082665623205525D+05 -0.1045129948496697D+05 -0.1008767952785132D+05
 -0.9735451360542927D+04 -0.9394279398544826D+04 -0.9063837211242486D+04
 -0.8743807318670835D+04 -0.8433881042357987D+04 -0.8133758401253572D+04
 -0.7843148040073714D+04 -0.7561767175053967D+04 -0.7289341541357730D+04
 -0.7025605327246907D+04 -0.6770301082338188D+04 -0.6523179590451097D+04
 -0.6283999701226954D+04 -0.6052528118425093D+04 -0.5828539146224895D+04
 -0.5611814397747340D+04 -0.5402142472240744D+04 -0.5199318608937323D+04
 -0.5003144326531344D+04 -0.4813427057645055D+04 -0.4629979787635702D+04
 -0.4452620706746665D+04 -0.4281172883994425D+04 -0.4115463970361836D+04
 -0.3955325937867524D+04 -0.3800594859911761D+04 -0.3651110736955378D+04
 -0.3506717370050655D+04 -0.3367262282986526D+04 -0.3232596691803634D+04
 -0.3102575518151939D+04 -0.2977057440392132D+04 -0.2855904973501922D+04
 -0.2738984565817203D+04 -0.2626166697590475D+04 -0.2517325963600936D+04
 -0.2412341120115489D+04 -0.2311095076093181D+04 -0.2213474810575282D+04
 -0.2119371203634656D+04 -0.2028678777754159D+04 -0.1941295359956993D+04
 -0.1857121690616845D+04 -0.1776061022774640D+04 -0.1698018760892347D+04
 -0.1622902196169393D+04 -0.1550620379784809D+04 -0.1481084151077173D+04
 -0.1414206314921232D+04 -0.1349901922016815D+04 -0.1288088593680181D+04
 -0.1228686822306033D+04 -0.1171620186931367D+04 -0.1116815441702069D+04
 -0.1064202458253622D+04 -0.1013714025432829D+04 -0.9652855274392327D+03
 -0.9188545329356134D+03 -0.8743603327063011D+03 -0.8317434640974328D+03
 -0.7909452570474880D+03 -0.7519074317495497D+03 -0.7145717719176865D+03
 -0.6788798913645277D+03 -0.6447731055783490D+03 -0.6121924141676499D+03
 -0.5810785946957523D+03 -0.5513724034531874D+03 -0.5230148740447698D+03
 -0.4959477002163807D+03 -0.4701136848816840D+03 -0.4454572325677662D+03
 -0.4219248571057418D+03 -0.3994656699765709D+03 -0.3780318071234371D+03
 -0.3575787437831424D+03 -0.3380654365401945D+03 -0.3194542515358767D+03
 -0.3017105970205677D+03 -0.2848022881943896D+03 -0.2686986724251741D+03
 -0.2533696594842804D+03 -0.2387848641710125D+03 -0.2249130899375244D+03
 -0.2117223101948565D+03 -0.1991801537815180D+03 -0.1872547378418552D+03
 -0.1759155953011441D+03 -0.1651344531337206D+03 -0.1548857080268120D+03
 -0.1451465585637722D+03 -0.1358968416317073D+03 -0.1271186628391495D+03
 -0.1187959182475768D+03 -0.1109137877924142D+03 -0.1034582582975901D+03
 -0.9641571176323673D+02 -0.8977259682092078D+02 -0.8351518888648145D+02
 -0.7762943609659824D+02 -0.7210088302301168D+02 -0.6691466123595751D+02
 -0.6205553440179715D+02 -0.5750798524910279D+02 -0.5325633209288048D+02
 -0.4928486344315305D+02 -0.4557798059021651D+02 -0.4212033802425131D+02
 -0.3889697548723817D+02 -0.3589343906864347D+02 -0.3309587617381978D+02
 -0.3049111252746976D+02 -0.2806670376940680D+02 -0.2581096218040923D+02
 -0.2371295369650736D+02 -0.2176249468893623D+02 -0.1995009564380370D+02
 -0.1826691337311533D+02 -0.1670468773092188D+02 -0.1525567565450336D+02
 -0.1391258839547149D+02 -0.1266853855082239D+02 -0.1151700047930916D+02
 -0.1045178636412463D+02 -0.9467037071048964D+01 -0.8557224437199311D+01
 -0.7717159900186081D+01 -0.6942004264202878D+01 -0.6227273457757492D+01
 -0.5568837006648146D+01 -0.4962907880590751D+01 -0.4406023025578842D+01
 -0.3895018840605656D+01 -0.3426996811443880D+01 -0.2999302735188472D+01
 -0.2609443372722811D+01 -0.2255194331302668D+01 -0.1934184765266958D+01
 -0.1644731953329965D+01
    1    1  333
  0.0000000000000000D+00  0.2912841499163138D-04  0.2980538498647558D-04
  0.3049850685983483D-04  0.3120817344636059D-04  0.3193466702301729D-04
  0.3267897785508628D-04  0.3344127897419670D-04  0.3422267984708875D-04
  0.3502317126840058D-04  0.3584341356622341D-04  0.3668386767944278D-04
  0.3754503794594136D-04  0.3842745634796590D-04  0.3933166257648481D-04
  0.4025821434923370D-04  0.4120768654776191D-04  0.4218067109719025D-04
  0.4317777787548316D-04  0.4419963516560554D-04  0.4524689020079187D-04
  0.4632020974135486D-04  0.4742028069188798D-04  0.4854781071350454D-04
  0.4970352888168127D-04  0.5088818636477755D-04  0.5210255721007803D-04
  0.5334743895381096D-04  0.5462365351812630D-04  0.5593204800958603D-04
  0.5727349549456825D-04  0.5864889591972826D-04  0.6005917711063821D-04
  0.6150529558593987D-04  0.6298823767397169D-04  0.6450902051193653D-04
  0.6606869314147097D-04  0.6766833764255453D-04  0.6930907033360301D-04
  0.7099204302741133D-04  0.7271844423749994D-04  0.7448950065399429D-04
  0.7630647845641045D-04  0.7817068484691914D-04  0.8008346960794800D-04
  0.8204622658272136D-04  0.8406039555861294D-04  0.8612746391786620D-04
  0.8824896845066620D-04  0.9042649742750784D-04  0.9266169249791922D-04
  0.9495625089687034D-04  0.9731192762512334D-04  0.9973053785623047D-04
  0.1022139593278371D-03  0.1047641349655969D-03  0.1073830755749894D-03
  0.1100728627331925D-03  0.1128356516920549D-03  0.1156736746935130D-03
  0.1185892441327842D-03  0.1215847561821068D-03  0.1246626944142379D-03
  0.1278256337012420D-03  0.1310762443845959D-03  0.1344172964974963D-03
  0.1378516644855358D-03  0.1413823319580109D-03  0.1450123967931215D-03
  0.1487450766343056D-03  0.1525837145378515D-03  0.1565317850958859D-03
  0.1605929008405591D-03  0.1647708190781330D-03  0.1690694490761612D-03
  0.1734928597601881D-03  0.1780452878953806D-03  0.1827311466080357D-03
  0.1875550346229199D-03  0.1925217460699173D-03  0.1976362807376585D-03
  0.2029038551175227D-03  0.2083299141778229D-03  0.2139201437825739D-03
  0.2196804839031985D-03  0.2256171428398496D-03  0.2317366121120981D-03
  0.2380456826191271D-03  0.2445514614973672D-03  0.2512613903903512D-03
  0.2581832647014026D-03  0.2653252541947830D-03  0.2726959248984790D-03
  0.2803042624392367D-03  0.2881596968988039D-03  0.2962721293337191D-03
  0.3046519598547086D-03  0.3133101177279914D-03  0.3222580932390035D-03
  0.3315079717287321D-03  0.3410724696654087D-03  0.3509649731124724D-03
  0.3611995785830202D-03  0.3717911364451940D-03  0.3827552969373468D-03
  0.3941085591863221D-03  0.4058683230465534D-03  0.4180529441176714D-03
  0.4306817919325350D-03  0.4437753117582070D-03  0.4573550896749375D-03
  0.4714439215426791D-03  0.4860658856913171D-03  0.5012464196228916D-03
  0.5170124006638241D-03  0.5333922309013233D-03  0.5504159263081027D-03
  0.5681152102162342D-03  0.5865236111072829D-03  0.6056765648473698D-03
  0.6256115212301517D-03  0.6463680547835301D-03  0.6679879798620094D-03
  0.6905154695931648D-03  0.7139971787965899D-03  0.7384823701625860D-03
  0.7640230436684479D-03  0.7906740685264507D-03  0.8184933170768227D-03
  0.8475417999633048D-03  0.8778838016613899D-03  0.9095870153601554D-03
  0.9427226758867894D-03  0.9773656893896743D-03  0.1013594758060821D-02
  0.1051492497922848D-02  0.1091145547612579D-02  0.1132644665624038D-02
  0.1176084813174254D-02  0.1221565219464858D-02  0.1269189425712663D-02
  0.1319065304020978D-02  0.1371305046291623D-02  0.1426025118206256D-02
  0.1483346172842054D-02  0.1543392917149520D-02  0.1606293924970699D-02
  0.1672181388487001D-02  0.1741190800064111D-02  0.1813460555418664D-02
  0.1889131467970458D-02  0.1968346184053345D-02  0.2051248487425673D-02
  0.2137982480753158D-02  0.2228691631443360D-02  0.2323517667971690D-02
  0.2422599312972533D-02  0.2526070838517402D-02  0.2634060429152137D-02
  0.2746688338738112D-02  0.2864064827413647D-02  0.2986287866715572D-02
  0.3113440602671349D-02  0.3245588570012362D-02  0.3382776654523935D-02
  0.3525025806647035D-02  0.3672329516875215D-02  0.3824650073486301D-02
  0.3981914635644173D-02  0.4144011170896411D-02  0.4310784325497973D-02
  0.4482031319789350D-02  0.4657497989232761D-02  0.4836875124628479D-02
  0.5019795302653827D-02  0.5205830439080829D-02  0.5394490340405751D-02
  0.5585222571971351D-02  0.5777413997917115D-02  0.5970394373431508D-02
  0.6163442374333870D-02  0.6355794421347562D-02  0.6546656583512483D-02
  0.6735219712447763D-02  0.6920677753575092D-02  0.7102248893854043D-02
  0.7279198838306066D-02  0.7450865076685386D-02  0.7616680542598972D-02
  0.7776194641182895D-02  0.7929089311083919D-02  0.8075187687642172D-02
  0.8214453141023922D-02  0.8346977043017147D-02  0.8472954541446514D-02
  0.8592648943011547D-02  0.8706346631506399D-02  0.8814305845195923D-02
  0.8916703643196158D-02  0.9013585906192896D-02  0.9104825099996662D-02
  0.9190089796608538D-02  0.9268828731397682D-02  0.9340270698225041D-02
  0.9403440096334512D-02  0.9457186662077633D-02  0.9500226989560231D-02
  0.9531194921465706D-02  0.9548697747807653D-02  0.9551375303998478D-02
  0.9537959403430409D-02  0.9507331468644744D-02  0.9458576654393163D-02
  0.9391033127075473D-02  0.9304335448279270D-02  0.9198451196392643D-02
  0.9073710057475178D-02  0.8930824640330650D-02  0.8770902242550034D-02
  0.8595446735454978D-02  0.8406349669293012D-02  0.8205869648331780D-02
  0.7996599015176709D-02  0.7781416946457545D-02  0.7563428241019183D-02
  0.7345887433625726D-02  0.7132108468186424D-02  0.6925361107776121D-02
  0.6728756647787265D-02  0.6545127421665703D-02  0.6376907071337220D-02
  0.6226021478247295D-02  0.6093803243945636D-02  0.5980944933024456D-02
  0.5887506793012111D-02  0.5812991905235052D-02  0.5756494400904994D-02
  0.5716914126765913D-02  0.5693215271219443D-02  0.5684691129867275D-02
  0.5691187191724166D-02  0.5713236187224974D-02  0.5752073483337280D-02
  0.5809525930239518D-02  0.5887795873574885D-02  0.5989183506740858D-02
  0.6115800179529529D-02  0.6269320645949469D-02  0.6450807508670564D-02
  0.6660622452312019D-02  0.6898421911408089D-02  0.7163222933467621D-02
  0.7453518953700795D-02  0.7767424036478804D-02  0.8102826169125313D-02
  0.8457533839460036D-02  0.8829404215501921D-02  0.9216445140327198D-02
  0.9616886586834867D-02  0.1002922016843465D-01  0.1045220786757987D-01
  0.1088486345468244D-01  0.1132641224620441D-01  0.1177623698746002D-01
  0.1223381979813987D-01  0.1269869228551233D-01  0.1317040800332940D-01
  0.1364855309816467D-01  0.1413281153785100D-01  0.1462309942211398D-01
  0.1511977633665324D-01  0.1562392759081736D-01  0.1613768688774352D-01
  0.1666453533338787D-01  0.1720947841910109D-01  0.1777898870027164D-01
  0.1838063613397544D-01  0.1902242529636099D-01  0.1971199199671721D-01
  0.2045590703478073D-01  0.2125931669022324D-01  0.2212601172476720D-01
  0.2305883991972495D-01  0.2406026379015892D-01  0.2513285844629905D-01
  0.2627961405630363D-01  0.2750399396014429D-01  0.2880976338094314D-01
  0.3020063445880372D-01  0.3167978068523057D-01  0.3324926950355087D-01
  0.3490945503904481D-01  0.3665836764644696D-01  0.3849113397466406D-01
  0.4039946031553676D-01  0.4237121217562555D-01  0.4439012367663788D-01
  0.4643567106613181D-01  0.4848314502138761D-01  0.5050395633499964D-01
  0.5246620869638102D-01  0.5433557014090744D-01  0.5607647048002210D-01
  0.5765364342973429D-01  0.5903402202581252D-01  0.6018896915188367D-01
  0.6109679693179200D-01  0.6174548058647109D-01  0.6213541271762121D-01
  0.6228195734903184D-01  0.6221758636327464D-01  0.6199311280606667D-01
  0.6167781293376247D-01  0.6135811251880338D-01  0.6113476715781105D-01
  0.6111871690563164D-01  0.6142610590992865D-01  0.6217320330595411D-01
  0.6347207241681184D-01  0.6542773053364211D-01  0.6813724087178798D-01
  0.7169077053288921D-01  0.7617426198940483D-01  0.8167310713942197D-01
  0.8827614151761931D-01  0.9607936154711333D-01  0.1051889610673157D+00
  0.1157234440220066D+00  0.1278148790213204D+00  0.1416088796841991D+00
  0.1572656960829382D+00  0.1749540690032210D+00  0.1948657875058029D+00
  0.2171723128330616D+00
    1    1  333
  0.0000000000000000D+00  0.2610992644517202D-08  0.2995051025021937D-08
  0.3413014845984117D-08  0.3867472922180746D-08  0.4361334804040265D-08
  0.4896836233971107D-08  0.5477375300390764D-08  0.6105416608972335D-08
  0.6785086147653510D-08  0.7519920032005686D-08  0.8313971136407953D-08
  0.9171550296873727D-08  0.1009722044615362D-07  0.1109589442816350D-07
  0.1217277438959314D-07  0.1333345472574300D-07  0.1458387907996616D-07
  0.1593041304504482D-07  0.1737981891056801D-07  0.1893934297299856D-07
  0.2061668896212721D-07  0.2242010186669434D-07  0.2435835512395265D-07
  0.2644080876021917D-07  0.2867744849759039D-07  0.3107891650250859D-07
  0.3365654750741219D-07  0.3642245923849900D-07  0.3938952743550709D-07
  0.4257149129647056D-07  0.4598300770698144D-07  0.4963966416763685D-07
  0.5355808454820466D-07  0.5775599790960449D-07  0.6225223349089720D-07
  0.6706690706386576D-07  0.7222140090179019D-07  0.7773850998633057D-07
  0.8364250496897426D-07  0.8995921170642765D-07  0.9671613750600687D-07
  0.1039425614532693D-06  0.1116696528650365D-06  0.1199305915237029D-06
  0.1287606740156700D-06  0.1381974744375183D-06  0.1482809740451017D-06
  0.1590537114325564D-06  0.1705609278891978D-06  0.1828507916094983D-06
  0.1959745068241704D-06  0.2099865398186100D-06  0.2249448329320586D-06
  0.2409109999527855D-06  0.2579505579609983D-06  0.2761331633040582D-06
  0.2955329070054591D-06  0.3162285131974482D-06  0.3383036865372582D-06
  0.3618474318599319D-06  0.3869543026588017D-06  0.4137248146140277D-06
  0.4422657670980849D-06  0.4726906694745177D-06  0.5051200904573697D-06
  0.5396821527892973D-06  0.5765129524997258D-06  0.6157570501629545D-06
  0.6575679889399190D-06  0.7021088369536343D-06  0.7495527533301413D-06
  0.8000836183130869D-06  0.8538966312716169D-06  0.9111990469246527D-06
  0.9722108433662698D-06  0.1037165524217762D-05  0.1106310875101472D-05
  0.1179909848331114D-05  0.1258241448034362D-05  0.1341601659971707D-05
  0.1430304456608288D-05  0.1524682863138009D-05  0.1625090054861387D-05
  0.1731900509664663D-05  0.1845511260108552D-05  0.1966343197493250D-05
  0.2094842404796949D-05  0.2231481629560089D-05  0.2376761778954439D-05
  0.2531213502156918D-05  0.2695398862489807D-05  0.2869913100196223D-05
  0.3055386462337789D-05  0.3252486114537220D-05  0.3461918191307179D-05
  0.3684429879274029D-05  0.3920811650782639D-05  0.4171899539791313D-05
  0.4438577584519366D-05  0.4721780317656841D-05  0.5022495405155324D-05
  0.5341766328808468D-05  0.5680695256918337D-05  0.6040445943197481D-05
  0.6422246777311030D-05  0.6827393905057510D-05  0.7257254492188179D-05
  0.7713270034181658D-05  0.8196959789573518D-05  0.8709924267565724D-05
  0.9253848840493627D-05  0.9830507350843192D-05  0.1044176586334603D-04
  0.1108958632089276D-04  0.1177603040296890D-04  0.1250326319868485D-04
  0.1327355699684415D-04  0.1408929496331343D-04  0.1495297473992186D-04
  0.1586721194338437D-04  0.1683474349819092D-04  0.1785843078769586D-04
  0.1894126249120295D-04  0.2008635720823295D-04  0.2129696558985185D-04
  0.2257647210845002D-04  0.2392839622526185D-04  0.2535639297600193D-04
  0.2686425279781759D-04  0.2845590051807235D-04  0.3013539338311154D-04
  0.3190691795395875D-04  0.3377478578100826D-04  0.3574342759843229D-04
  0.3781738596098916D-04  0.4000130605187279D-04  0.4229992446946336D-04
  0.4471805576291026D-04  0.4726057646209864D-04  0.4993240635732656D-04
  0.5273848669990310D-04  0.5568375506221752D-04  0.5877311651395837D-04
  0.6201141078645276D-04  0.6540337510380023D-04  0.6895360226813664D-04
  0.7266649370843825D-04  0.7654620707266524D-04  0.8059659807741675D-04
  0.8482115618083990D-04  0.8922293389841876D-04  0.9380446944850696D-04
  0.9856770245157211D-04  0.1035138827386149D-03  0.1086434721355365D-03
  0.1139560394288352D-03  0.1194501488387372D-03  0.1251232426113880D-03
  0.1309715185383596D-03  0.1369898036537601D-03  0.1431714258479122D-03
  0.1495080854888515D-03  0.1559897300250749D-03  0.1626044350874181D-03
  0.1693382966704098D-03  0.1761753399100445D-03  0.1830974512312232D-03
  0.1900843419236932D-03  0.1971135527769687D-03  0.2041605108705516D-03
  0.2111986513905341D-03  0.2181996187868882D-03  0.2251335631220453D-03
  0.2319695483561166D-03  0.2386760896433381D-03  0.2452218359698487D-03
  0.2515764120673733D-03  0.2577114290855527D-03  0.2636016660993943D-03
  0.2692264137372922D-03  0.2745709561842626D-03  0.2796281482574587D-03
  0.2844000204538806D-03  0.2888993173964205D-03  0.2931508463119468D-03
  0.2971924852868203D-03  0.3010756809411445D-03  0.3048652585398008D-03
  0.3086383806144255D-03  0.3124825299959518D-03  0.3164924625785712D-03
  0.3207661740219619D-03  0.3254000460320187D-03  0.3304834553637369D-03
  0.3360932660567411D-03  0.3422886696263950D-03  0.3491068825663172D-03
  0.3565601537139522D-03  0.3646344230260284D-03  0.3732898109079459D-03
  0.3824629314064798D-03  0.3920708438933175D-03  0.4020163138789689D-03
  0.4121939625340084D-03  0.4224968521597660D-03  0.4328230755878457D-03
  0.4430819774205488D-03  0.4531997165105432D-03  0.4631239656516382D-03
  0.4728276232032788D-03  0.4823114742729618D-03  0.4916057834612704D-03
  0.5007708274001150D-03  0.5098963870885535D-03  0.5191002214753885D-03
  0.5285255396987843D-03  0.5383374843501722D-03  0.5487186359285691D-03
  0.5598635528946926D-03  0.5719723755799388D-03  0.5852435488640740D-03
  0.5998657613807110D-03  0.6160092616319581D-03  0.6338167975509163D-03
  0.6533945388421082D-03  0.6748034823725123D-03  0.6980520067840845D-03
  0.7230904226142264D-03  0.7498085338835513D-03  0.7780373423951257D-03
  0.8075560183326104D-03  0.8381050377062576D-03  0.8694058469548461D-03
  0.9011864802180741D-03  0.9332112333698462D-03  0.9653109569688747D-03
  0.9974091438927201D-03  0.1029538315392334D-02  0.1061841824454489D-02
  0.1094558399712028D-02  0.1127990293083852D-02  0.1162459831454511D-02
  0.1198262282383822D-02  0.1235623990983263D-02  0.1274673498617220D-02
  0.1315430226310602D-02  0.1357811482048419D-02  0.1401655193356365D-02
  0.1446753625389987D-02  0.1492892585183538D-02  0.1539890949829629D-02
  0.1587636322271760D-02  0.1636113772690626D-02  0.1685425690366826D-02
  0.1735801604827739D-02  0.1787597440894802D-02  0.1841284085251484D-02
  0.1897425437727390D-02  0.1956646366643934D-02  0.2019591238896446D-02
  0.2086874005295190D-02  0.2159021239926304D-02  0.2236410123518903D-02
  0.2319204212469802D-02  0.2407291066173283D-02  0.2500227558540055D-02
  0.2597201100207134D-02  0.2697018037773535D-02  0.2798133790996422D-02
  0.2898741665046398D-02  0.2996936233993970D-02  0.3090958853811597D-02
  0.3179512227882681D-02  0.3262097072001741D-02  0.3339283445324943D-02
  0.3412804707850605D-02  0.3485383125912335D-02  0.3560278820463532D-02
  0.3640671077334277D-02  0.3729065567709097D-02  0.3826913421229615D-02
  0.3934531591419431D-02  0.4051292677890686D-02  0.4175974416881246D-02
  0.4307147335989685D-02  0.4443512897960522D-02  0.4584149735288544D-02
  0.4728660929538459D-02  0.4877234164740955D-02  0.5030632994857766D-02
  0.5190136818144479D-02  0.5357443957548198D-02  0.5534548955213696D-02
  0.5723602673602847D-02  0.5926762250554908D-02  0.6146037191533237D-02
  0.6383137676210823D-02  0.6639331314548597D-02  0.6915314976419142D-02
  0.7211108851382746D-02  0.7525980496371102D-02  0.7858407257311748D-02
  0.8206085823846486D-02  0.8565997592542703D-02  0.8934538219909732D-02
  0.9307716920236644D-02  0.9681427466358018D-02  0.1005178601215896D-01
  0.1041552063749802D-01  0.1077039020164159D-01  0.1111558904525885D-01
  0.1145209557517795D-01  0.1178291456766742D-01  0.1211317490816075D-01
  0.1245006551443129D-01  0.1280262335728219D-01  0.1318141812742222D-01
  0.1359820076197935D-01  0.1406558838463351D-01  0.1459684548388424D-01
  0.1520579564174070D-01  0.1590686961643118D-01  0.1671527029256855D-01
  0.1764722015831024D-01  0.1872025124975035D-01  0.1995349638511146D-01
  0.2136795026041202D-01  0.2298665500237181D-01  0.2483480536008133D-01
  0.2693961814721740D-01  0.2933020064625955D-01  0.3203649049338793D-01
  0.3508868638780496D-01
    1    1  333
  0.0000000000000000D+00 -0.1399777097224314D-11 -0.2010313994150781D-11
 -0.2780902078474611D-11 -0.3619300731824317D-11 -0.4575531218486348D-11
 -0.5677625436257395D-11 -0.6941154077865864D-11 -0.8401221259675451D-11
 -0.1001898470879099D-10 -0.1186747971134343D-10 -0.1391837406774350D-10
 -0.1627668532914818D-10 -0.1889505073246533D-10 -0.2187079240900497D-10
 -0.2520640389434644D-10 -0.2893214488290277D-10 -0.3315118081752616D-10
 -0.3784842244021393D-10 -0.4308484248106367D-10 -0.4896718171003434D-10
 -0.5554952176632550D-10 -0.6284627656404063D-10 -0.7104243143770739D-10
 -0.8014918885033890D-10 -0.9029763230780288D-10 -0.1015782554322723D-09
 -0.1141525531611528D-09 -0.1281195922626375D-09 -0.1436388217093938D-09
 -0.1608583918182980D-09 -0.1800140980894482D-09 -0.2012051295864914D-09
 -0.2247443069512443D-09 -0.2508760596588901D-09 -0.2797841105951944D-09
 -0.3118349706585209D-09 -0.3473161558467120D-09 -0.3865271116832188D-09
 -0.4300183426159961D-09 -0.4780325732788159D-09 -0.5311656906989683D-09
 -0.5898725754763019D-09 -0.6547734113036644D-09 -0.7264653456664590D-09
 -0.8056289336067850D-09 -0.8930046928334983D-09 -0.9894665049443907D-09
 -0.1095950118095859D-08 -0.1213414717526995D-08 -0.1342906563595276D-08
 -0.1485750320240515D-08 -0.1643251720309376D-08 -0.1816841212150395D-08
 -0.2008117313383871D-08 -0.2218874238077829D-08 -0.2451019571042144D-08
 -0.2706705772473998D-08 -0.2988261049436299D-08 -0.3298234464231902D-08
 -0.3639378738089042D-08 -0.4014874856361943D-08 -0.4428047578992984D-08
 -0.4882587711318890D-08 -0.5382612565436881D-08 -0.5932534684365005D-08
 -0.6537241663706635D-08 -0.7202147177045044D-08 -0.7933068824853104D-08
 -0.8736478924364941D-08 -0.9619466699565062D-08 -0.1058972608486841D-07
 -0.1165576884017080D-07 -0.1282690245911674D-07 -0.1411328668879261D-07
 -0.1552610886663092D-07 -0.1707760371580600D-07 -0.1878116287041048D-07
 -0.2065145891253776D-07 -0.2270453596784431D-07 -0.2495802311833810D-07
 -0.2743118083306398D-07 -0.3014512053801481D-07 -0.3312290556850685D-07
 -0.3638984998176710D-07 -0.3997358400096503D-07 -0.4390440713235132D-07
 -0.4821545402601499D-07 -0.5294294683895596D-07 -0.5812659904007256D-07
 -0.6380970435378853D-07 -0.7003975095430306D-07 -0.7686860627931521D-07
 -0.8435298362106500D-07 -0.9255487818474853D-07 -0.1015420838678818D-06
 -0.1113887011212109D-06 -0.1221756251109040D-06 -0.1339913359564227D-06
 -0.1469324587037380D-06 -0.1611044900701087D-06 -0.1766226908177663D-06
 -0.1936128801323600D-06 -0.2122124209667894D-06 -0.2325712285991943D-06
 -0.2548528328356417D-06 -0.2792357859489893D-06 -0.3059146903028421D-06
 -0.3351017970801856D-06 -0.3670285326776907D-06 -0.4019471149697531D-06
 -0.4401324039196865D-06 -0.4818837674213105D-06 -0.5275272395867543D-06
 -0.5774178013672585D-06 -0.6319417320987753D-06 -0.6915193586892264D-06
 -0.7566077826506012D-06 -0.8277040016900030D-06 -0.9053481129937566D-06
 -0.9901267988337683D-06 -0.1082677125284486D-05 -0.1183690580182642D-05
 -0.1293917167254334D-05 -0.1414170209093516D-05 -0.1545330990111715D-05
 -0.1688354017358008D-05 -0.1844272361613180D-05 -0.2014203512142668D-05
 -0.2199355391911893D-05 -0.2401032658165764D-05 -0.2620643432524775D-05
 -0.2859706201466268D-05 -0.3119856970277241D-05 -0.3402856795268688D-05
 -0.3710599220332683D-05 -0.4045118169340749D-05 -0.4408595751650265D-05
 -0.4803370025294853D-05 -0.5231942831294426D-05 -0.5696987237533974D-05
 -0.6201354703553854D-05 -0.6748081791702030D-05 -0.7340395933142597D-05
 -0.7981720566602817D-05 -0.8675678651979188D-05 -0.9426094955069655D-05
 -0.1023699614306907D-04 -0.1111260862296916D-04 -0.1205735356437346D-04
 -0.1307583837480339D-04 -0.1417284404430301D-04 -0.1535330787233296D-04
 -0.1662230038185272D-04 -0.1798499580527997D-04 -0.1944663497020516D-04
 -0.2101247951167114D-04 -0.2268775624930976D-04 -0.2447759051747048D-04
 -0.2638692677973558D-04 -0.2842043547154527D-04 -0.3058240447900429D-04
 -0.3287661379929678D-04 -0.3530619210200712D-04 -0.3787345422558808D-04
 -0.4057971843725803D-04 -0.4342510353808338D-04 -0.4640830567298192D-04
 -0.4952635630387222D-04 -0.5277436357824732D-04 -0.5614524094249084D-04
 -0.5962942905437710D-04 -0.6321461896319130D-04 -0.6688548807994538D-04
 -0.7062346308337216D-04 -0.7440652883762615D-04 -0.7820910535611933D-04
 -0.8200202034492452D-04 -0.8575260794260144D-04 -0.8942496763830873D-04
 -0.9298041866619337D-04 -0.9637818313317127D-04 -0.9957632551426485D-04
 -0.1025329639117505D-03 -0.1052077498388248D-03 -0.1075635855150723D-03
 -0.1095685121100815D-03 -0.1111976590865029D-03 -0.1124350977906540D-03
 -0.1132753974240864D-03 -0.1137246460913758D-03 -0.1138006846363972D-03
 -0.1135323151280197D-03 -0.1129572986138597D-03 -0.1121190385636035D-03
 -0.1110619909183939D-03 -0.1098259562811408D-03 -0.1084395706500828D-03
 -0.1069134169021980D-03 -0.1052332474177506D-03 -0.1033538148066979D-03
 -0.1011937543740186D-03 -0.9863185937442199D-04 -0.9550496036173244D-04
 -0.9160748609166290D-04 -0.8669266767561219D-04 -0.8047526451195451D-04
 -0.7263564591027187D-04 -0.6282505388666402D-04 -0.5067189224630075D-04
 -0.3578892450746903D-04 -0.1778130645427247D-04  0.3744580272001305D-05
  0.2917149724897844D-04  0.5886090981257030D-04  0.9314173137054192D-04
  0.1322982680966869D-03  0.1765574269216399D-03  0.2260753211651424D-03
  0.2809235069427062D-03  0.3410752135041473D-03  0.4063920966106256D-03
  0.4766122491569082D-03  0.5513404497589644D-03  0.6300419149548934D-03
  0.7120411305447086D-03  0.7965276431062070D-03  0.8825709371828152D-03
  0.9691466131070239D-03  0.1055175873832778D-02  0.1139579636154040D-02
  0.1221347184405547D-02  0.1299616991011639D-02  0.1373764085832040D-02
  0.1443484412170846D-02  0.1508862686960712D-02  0.1570407674852051D-02
  0.1629039164108217D-02  0.1686015917302591D-02  0.1742803645356995D-02
  0.1800895670999128D-02  0.1861612258043732D-02  0.1925913090590387D-02
  0.1994257884858687D-02  0.2066540393315601D-02  0.2142105850520063D-02
  0.2219844904083875D-02  0.2298344094319389D-02  0.2376066632202352D-02
  0.2451537598545837D-02  0.2523512691235946D-02  0.2591116562023290D-02
  0.2653943399532328D-02  0.2712117457848932D-02  0.2766314435103320D-02
  0.2817746148493684D-02  0.2868111425051056D-02  0.2919515964439401D-02
  0.2974363559355792D-02  0.3035220754573388D-02  0.3104656952034667D-02
  0.3185062274182018D-02  0.3278446317192010D-02  0.3386222470412493D-02
  0.3508985068526152D-02  0.3646290749620779D-02  0.3796461625271771D-02
  0.3956436844315472D-02  0.4121711074450736D-02  0.4286412283697789D-02
  0.4443583073526624D-02  0.4585730748144958D-02  0.4705686648578529D-02
  0.4797744760669379D-02  0.4858926122308026D-02  0.4890058405205917D-02
  0.4896249333195551D-02  0.4886382745779441D-02  0.4871550734504103D-02
  0.4862772457431917D-02  0.4868695830907060D-02  0.4893996309290137D-02
  0.4938862056452008D-02  0.4999508475109903D-02  0.5069355282165240D-02
  0.5140428529261646D-02  0.5204655630941527D-02  0.5254880661018502D-02
  0.5285557930012330D-02  0.5293154550078925D-02  0.5276319401372368D-02
  0.5235875091103327D-02  0.5174677828216789D-02  0.5097377162179915D-02
  0.5010096812169232D-02  0.4920050456080662D-02  0.4835101803147853D-02
  0.4763275819096227D-02  0.4712226945374135D-02  0.4688670136731742D-02
  0.4697781367667873D-02  0.4742575977154001D-02  0.4823276039643387D-02
  0.4936682475633735D-02  0.5075572440089035D-02  0.5228152338346079D-02
  0.5377604309648838D-02  0.5501774411852988D-02  0.5573058072324716D-02
  0.5558540886786461D-02  0.5420435375054766D-02  0.5116848938186099D-02
  0.4602838803116116D-02  0.3831666853968957D-02  0.2756080152067047D-02
  0.1329377751131273D-02 -0.4940040816150929D-03 -0.2758627428978401D-02
 -0.5509052384076664D-02 -0.8791702696550208D-02 -0.1265745312240023D-01
 -0.1716469079990274D-01 -0.2238256939712531D-01 -0.2839422634563072D-01
 -0.3529983378796152D-01 -0.4321947134611026D-01 -0.5229593683025677D-01
 -0.6269761201290465D-01 -0.7462177072900675D-01 -0.8829797999832895D-01
 -0.1039944700339970D+00 -0.1220187123028001D+00 -0.1427413770632371D+00
 -0.1665663535396096D+00
    1    1  333
  0.0000000000000000D+00  0.1568140387000647D-11  0.2288000858696729D-11
  0.3120248201970560D-11  0.4082008701058444D-11  0.5171429206163287D-11
  0.6426596065714592D-11  0.7869724439321911D-11  0.9481298220635018D-11
  0.1132132903824568D-10  0.1340170424167381D-10  0.1575679170923935D-10
  0.1840734054333685D-10  0.2139278849642474D-10  0.2473896531197711D-10
  0.2851671841650236D-10  0.3275174573002112D-10  0.3749316831180978D-10
  0.4282321517763463D-10  0.4876618225857673D-10  0.5541228445026245D-10
  0.6285342346491242D-10  0.7113809228156161D-10  0.8038660873981197D-10
  0.9070204259621457D-10  0.1021855075902188D-09  0.1149631874135555D-09
  0.1291811983128902D-09  0.1449877164879056D-09  0.1625522684401432D-09
  0.1820634081058436D-09  0.2037193894875346D-09  0.2277554364065370D-09
  0.2543955560273933D-09  0.2839416136755142D-09  0.3166755962073155D-09
  0.3529373532250447D-09  0.3930862677007702D-09  0.4375273531751269D-09
  0.4866935293389337D-09  0.5410731640556468D-09  0.6012067753739911D-09
  0.6676679874644292D-09  0.7411173328829463D-09  0.8222500917017182D-09
  0.9118468029712373D-09  0.1010776117710682D-08  0.1119974799084491D-08
  0.1240474873941361D-08  0.1373412793328335D-08  0.1520042499068421D-08
  0.1681725258838674D-08  0.1859993558432885D-08  0.2056462553518539D-08
  0.2272988332770236D-08  0.2511534224884010D-08  0.2774316834169471D-08
  0.3063728731302745D-08  0.3382405139032196D-08  0.3733251885326770D-08
  0.4119439294509522D-08  0.4544452512242937D-08  0.5012118211490577D-08
  0.5526642977923671D-08  0.6092601881531218D-08  0.6715068158992093D-08
  0.7399562827029604D-08  0.8152166527796692D-08  0.8979522073375865D-08
  0.9888922175345961D-08  0.1088837333003687D-07  0.1198664361472175D-07
  0.1319332352640738D-07  0.1451893503172655D-07  0.1597503218693705D-07
  0.1757424143667655D-07  0.1933040380752962D-07  0.2125868929138552D-07
  0.2337570956729640D-07  0.2569964254934970D-07  0.2825041818149107D-07
  0.3104984455422011D-07  0.3412181365697009D-07  0.3749243808501755D-07
  0.4119035537718824D-07  0.4524688142402321D-07  0.4969627968400600D-07
  0.5457605516579103D-07  0.5992723861397382D-07  0.6579470980067897D-07
  0.7222756623444661D-07  0.7927951549799095D-07  0.8700925248685746D-07
  0.9548100374493028D-07  0.1047649334214734D-06  0.1149377811680770D-06
  0.1260833906834327D-06  0.1382933879240832D-06  0.1516678895216747D-06
  0.1663162651909507D-06  0.1823579485146681D-06  0.1999233936768506D-06
  0.2191550230466939D-06  0.2402083189601775D-06  0.2632529565945603D-06
  0.2884741050194197D-06  0.3160737689926098D-06  0.3462722919822985D-06
  0.3793099300820150D-06  0.4154486227984414D-06  0.4549738641633892D-06
  0.4981967579480391D-06  0.5454561859246381D-06  0.5971211908194141D-06
  0.6535935684939810D-06  0.7153105894002408D-06  0.7827480127005657D-06
  0.8564232580142291D-06  0.9368988537850491D-06  0.1024786157593007D-05
  0.1120749260883370D-05  0.1225509279359149D-05  0.1339848871183065D-05
  0.1464617050510373D-05  0.1600734390609549D-05  0.1749198436578742D-05
  0.1911089597438583D-05  0.2087577272080518D-05  0.2279926345444008D-05
  0.2489504048660021D-05  0.2717787182361155D-05  0.2966369607197189D-05
  0.3236970117557133D-05  0.3531440538748811D-05  0.3851774181738238D-05
  0.4200114417138761D-05  0.4578763454899622D-05  0.4990191209564182D-05
  0.5437044195121966D-05  0.5922154217277861D-05  0.6448546925869274D-05
  0.7019449920760386D-05  0.7638300238625972D-05  0.8308751062494469D-05
  0.9034677297885923D-05  0.9820179797152323D-05  0.1066958772700759D-04
  0.1158745881537639D-04  0.1257857692453469D-04  0.1364794623132994D-04
  0.1480078172304705D-04  0.1604249490594578D-04  0.1737867410682016D-04
  0.1881505845056122D-04  0.2035750439808785D-04  0.2201194372644727D-04
  0.2378433172246249D-04  0.2568058424296348D-04  0.2770650212675147D-04
  0.2986768146015169D-04  0.3216940808616069D-04  0.3461653471437853D-04
  0.3721333906415101D-04  0.3996336154847391D-04  0.4286922121978562D-04
  0.4593240906599134D-04  0.4915305820499704D-04  0.5252969134348933D-04
  0.5605894677852797D-04  0.5973528567112321D-04  0.6355068490202661D-04
  0.6749432225418845D-04  0.7155226320343989D-04  0.7570716193603434D-04
  0.7993799322661952D-04  0.8421983600499321D-04  0.8852373433560257D-04
  0.9281666631125979D-04  0.9706165591481870D-04  0.1012180662258291D-03
  0.1052421137983085D-03  0.1090876420289926D-03  0.1127071845767951D-03
  0.1160533364667829D-03  0.1190804289328827D-03  0.1217464731802973D-03
  0.1240152974107262D-03  0.1258587529343573D-03  0.1272588117701479D-03
  0.1282093271894255D-03  0.1287171887499956D-03  0.1288025861919078D-03
  0.1284981127541691D-03  0.1278464981887394D-03  0.1268968542494055D-03
  0.1256994791597968D-03  0.1242993970780831D-03  0.1227289907327736D-03
  0.1210002051233957D-03  0.1190968771946904D-03  0.1169677540473058D-03
  0.1145207015087902D-03  0.1116184891853395D-03  0.1080763910076979D-03
  0.1036616888697821D-03  0.9809503607651793D-04  0.9105354313270653D-04
  0.8217539790905921D-04  0.7106582267804228D-04  0.5730419290105739D-04
  0.4045218469642975D-04  0.2006286720783296D-04 -0.4309298270964827D-05
 -0.3309755652860595D-04 -0.6671104136764822D-04 -0.1055220346339855D-03
 -0.1498523200696696D-03 -0.1999587033775301D-03 -0.2560178505867571D-03
 -0.3181107086529397D-03 -0.3862069195975984D-03 -0.4601498270668185D-03
 -0.5396429065393076D-03 -0.6242387294982670D-03 -0.7133318941698674D-03
 -0.8061577063848517D-03 -0.9017987397803059D-03 -0.9992016811212973D-03
 -0.1097206967831026D-02 -0.1194593490514173D-02 -0.1290139848945865D-02
 -0.1382702067836847D-02 -0.1471305082504139D-02 -0.1555241634260121D-02
 -0.1634167751294485D-02 -0.1708179554084404D-02 -0.1777853173222987D-02
 -0.1844229996879743D-02 -0.1908735108378538D-02 -0.1973027839263798D-02
 -0.2038798776387830D-02 -0.2107542625904434D-02 -0.2180345965483714D-02
 -0.2257729479749079D-02 -0.2339573268390993D-02 -0.2425136600981031D-02
 -0.2513164244202386D-02 -0.2602056796049643D-02 -0.2690075314524443D-02
 -0.2775550950371576D-02 -0.2857075956828363D-02 -0.2933660275538175D-02
 -0.3004845385607232D-02 -0.3070772810698998D-02 -0.3132208307529886D-02
 -0.3190524504749356D-02 -0.3247645297177970D-02 -0.3305955116145720D-02
 -0.3368175777686767D-02 -0.3437213265978879D-02 -0.3515976726715780D-02
 -0.3607172290629941D-02 -0.3713075275398801D-02 -0.3835286063156293D-02
 -0.3974477882704181D-02 -0.4130149373706482D-02 -0.4300401863904070D-02
 -0.4481771447556273D-02 -0.4669159467646519D-02 -0.4855920686500125D-02
 -0.5034181864192637D-02 -0.5195464526677710D-02 -0.5331657818244825D-02
 -0.5436307544421821D-02 -0.5506047766361021D-02 -0.5541823401773181D-02
 -0.5549426842456007D-02 -0.5538928150903208D-02 -0.5522900422722228D-02
 -0.5513836884779211D-02 -0.5521547916258382D-02 -0.5551347012880506D-02
 -0.5603467038893951D-02 -0.5673642566527940D-02 -0.5754442993750685D-02
 -0.5836860715833791D-02 -0.5911778211167322D-02 -0.5971118249882595D-02
 -0.6008629606605675D-02 -0.6020343058765005D-02 -0.6004762734383145D-02
 -0.5962856949320606D-02 -0.5897899454058124D-02 -0.5815197306788140D-02
 -0.5721729437997002D-02 -0.5625711632731551D-02 -0.5536098502050636D-02
 -0.5462030227088440D-02 -0.5412230685004828D-02 -0.5394363532098581D-02
 -0.5414353737001013D-02 -0.5475683983715570D-02 -0.5578678543714296D-02
 -0.5719792339102089D-02 -0.5890928416942802D-02 -0.6078818291676879D-02
 -0.6264508260780181D-02 -0.6423006925026438D-02 -0.6523157896417695D-02
 -0.6527805061403629D-02 -0.6394298392737806D-02 -0.6075382375515972D-02
 -0.5520418330543202D-02 -0.4676841772919865D-02 -0.3491654607518893D-02
 -0.1912675116351075D-02  0.1107657715340707D-03  0.2627960989446287D-02
  0.5687964236669144D-02  0.9341729468950717D-02  0.1364508375270458D-01
  0.1866224290078481D-01  0.2446954014618110D-01  0.3115909865104965D-01
  0.3884229642077185D-01  0.4765300989294131D-01  0.5775077148955718D-01
  0.6932398102785492D-01  0.8259362056589994D-01  0.9781709783868585D-01
  0.1152954984290306D+00  0.1353744438714350D+00  0.1584715711429818D+00
  0.1850439336055722D+00
    1   24  333
  0.0000000000000000D+00 -0.6486728969900608D-15 -0.1039467682856127D-13
  0.6279572654255555D-15 -0.7316149220533775D-14 -0.5748778286722082D-14
 -0.9845614484787046D-14 -0.6737211649070575D-14 -0.1104121459689803D-13
 -0.4890363410264691D-14 -0.7982356338964683D-14 -0.1158408512747412D-13
 -0.6397610672100305D-14 -0.1597594739491464D-13 -0.1030468250217999D-13
 -0.1493440872779907D-13 -0.1708802250151050D-13 -0.1930767508155280D-13
 -0.1689029893936412D-13 -0.1371110155343551D-13 -0.1840862068568357D-13
 -0.1550651893173278D-13 -0.1542723577832482D-13 -0.2377034701815636D-13
 -0.2573573606698477D-13 -0.2897705900279271D-13 -0.3617912325028717D-13
 -0.4158218534621434D-13 -0.5034774174302717D-13 -0.6037434321525629D-13
 -0.6198210809161979D-13 -0.7248400021240620D-13 -0.8418619814122673D-13
 -0.1027974000074225D-12 -0.1086488725307149D-12 -0.1247389812996878D-12
 -0.1405130103077960D-12 -0.1635746320986348D-12 -0.1887444139052809D-12
 -0.2049864198667247D-12 -0.2372180734002120D-12 -0.2654516789508548D-12
 -0.3045264027642640D-12 -0.3443076381633303D-12 -0.3827624994668501D-12
 -0.4478358059313416D-12 -0.5068596701581106D-12 -0.5742809372152978D-12
 -0.6421446314376926D-12 -0.7367240457866645D-12 -0.8369997391875667D-12
 -0.9530250646935249D-12 -0.1077097853896861D-11 -0.1221587529170248D-11
 -0.1387447020692364D-11 -0.1571770569245022D-11 -0.1786492872821618D-11
 -0.2020302653140049D-11 -0.2287735445957664D-11 -0.2596577655113844D-11
 -0.2943647032918548D-11 -0.3330055454517395D-11 -0.3774108419318647D-11
 -0.4277242808239708D-11 -0.4837875849449536D-11 -0.5474443029914379D-11
 -0.6202569348835928D-11 -0.7026328583416671D-11 -0.7948654664661676D-11
 -0.8997846501407842D-11 -0.1017890061373273D-10 -0.1152777847755585D-10
 -0.1304425804810541D-10 -0.1475946855801140D-10 -0.1669398779397610D-10
 -0.1888410216639231D-10 -0.2135918376068543D-10 -0.2416424685343812D-10
 -0.2731497372836166D-10 -0.3089960953979134D-10 -0.3493723048340767D-10
 -0.3950596882606946D-10 -0.4467097826812302D-10 -0.5049559292626784D-10
 -0.5708287451638216D-10 -0.6451594761315005D-10 -0.7292207262007192D-10
 -0.8241251046047884D-10 -0.9313293506661386D-10 -0.1052461399884155D-09
 -0.1189124912319462D-09 -0.1343537113153920D-09 -0.1517850545790546D-09
 -0.1714745229161137D-09 -0.1936880017459468D-09 -0.2187749182631610D-09
 -0.2470938080722094D-09 -0.2790645180307410D-09 -0.3151474943821592D-09
 -0.3558671139026355D-09 -0.4018258711042616D-09 -0.4536946224617623D-09
 -0.5122185228403670D-09 -0.5782525255612294D-09 -0.6527594708469083D-09
 -0.7368127215495762D-09 -0.8316390650894000D-09 -0.9385924014584891D-09
 -0.1059238112979112D-08 -0.1195304112384740D-08 -0.1348755020304706D-08
 -0.1521795891593565D-08 -0.1716918652298468D-08 -0.1936912135978396D-08
 -0.2184937879035537D-08 -0.2464529305203668D-08 -0.2779688759184154D-08
 -0.3134902261408052D-08 -0.3535215731519809D-08 -0.3986323949744904D-08
 -0.4494614438743925D-08 -0.5067268201181892D-08 -0.5712387404237659D-08
 -0.6439045890008075D-08 -0.7257448867652183D-08 -0.8179079182492667D-08
 -0.9216823311515333D-08 -0.1038516229949777D-07 -0.1170034917719178D-07
 -0.1318063036028368D-07 -0.1484648258898863D-07 -0.1672089508700223D-07
 -0.1882961877704119D-07 -0.2120157071976758D-07 -0.2386912935953489D-07
 -0.2686858296551566D-07 -0.3024058659420289D-07 -0.3403065670049981D-07
 -0.3828971239780214D-07 -0.4307475188475227D-07 -0.4844947551888763D-07
 -0.5448508440021865D-07 -0.6126112517620974D-07 -0.6886638410903722D-07
 -0.7739992641710594D-07 -0.8697221845512256D-07 -0.9770635360420763D-07
 -0.1097393847481687D-06 -0.1232238188734343D-06 -0.1383291966046879D-06
 -0.1552438518511571D-06 -0.1741767955455880D-06 -0.1953597617019484D-06
 -0.2190494037439115D-06 -0.2455296820595725D-06 -0.2751143464476878D-06
 -0.3081496645177402D-06 -0.3450172597181474D-06 -0.3861370854845528D-06
 -0.4319705694379092D-06 -0.4830238433297942D-06 -0.5398510873746052D-06
 -0.6030579048583035D-06 -0.6733047380205603D-06 -0.7513102128473979D-06
 -0.8378544548798052D-06 -0.9337821924386750D-06 -0.1040005672689260D-05
 -0.1157507271325467D-05 -0.1287341756163423D-05 -0.1430638129980604D-05
 -0.1588601035947213D-05 -0.1762511710257077D-05 -0.1953728590822559D-05
 -0.2163687686219693D-05 -0.2393903014375301D-05 -0.2645967547671323D-05
 -0.2921555249092961D-05 -0.3222425184163025D-05 -0.3550428792183171D-05
 -0.3907521957949785D-05 -0.4295783650761828D-05 -0.4717443453709712D-05
 -0.5174920323746308D-05 -0.5670875232258991D-05 -0.6208280019913355D-05
 -0.6790504330536571D-05 -0.7421421500028022D-05 -0.8105532706418098D-05
 -0.8848106640560796D-05 -0.9655329367382861D-05 -0.1053445631946755D-04
 -0.1149395570992250D-04 -0.1254363071993473D-04 -0.1369470650367640D-04
 -0.1495986941850070D-04 -0.1635324708985990D-04 -0.1789032234267223D-04
 -0.1958777845194737D-04 -0.2146327810611949D-04 -0.2353518280230230D-04
 -0.2582222224448871D-04 -0.2834312440175129D-04 -0.3111621606308797D-04
 -0.3415900140128781D-04 -0.3748772277651501D-04 -0.4111690462203458D-04
 -0.4505887815369046D-04 -0.4932328266230944D-04 -0.5391653824805214D-04
 -0.5884128535302292D-04 -0.6409578827511763D-04 -0.6967330288950374D-04
 -0.7556141314274048D-04 -0.8174134644788799D-04 -0.8818728501259680D-04
 -0.9486569864907690D-04 -0.1017347349363897D-03 -0.1087437150379275D-03
 -0.1158327984565663D-03 -0.1229328974911027D-03 -0.1299659422373560D-03
 -0.1368456189825384D-03 -0.1434787270334332D-03 -0.1497673186589897D-03
 -0.1556117984023640D-03 -0.1609151532289916D-03 -0.1655884516310440D-03
 -0.1695576711748947D-03 -0.1727717704024875D-03 -0.1752116927656842D-03
 -0.1768996660537648D-03 -0.1779077505208810D-03 -0.1783641422241437D-03
 -0.1784553622282080D-03 -0.1784223276541478D-03 -0.1785486155967948D-03
 -0.1791401640112599D-03 -0.1804972743606570D-03 -0.1828816952253578D-03
 -0.1864835197463473D-03 -0.1913935932379804D-03 -0.1975867194478994D-03
 -0.2049192058549164D-03 -0.2131412226873442D-03 -0.2219216425785012D-03
 -0.2308808545059368D-03 -0.2396262920888403D-03 -0.2477859532973082D-03
 -0.2550365615513060D-03 -0.2611246369104994D-03 -0.2658801422496045D-03
 -0.2692233128323470D-03 -0.2711657391999532D-03 -0.2718068695144810D-03
 -0.2713269527866140D-03 -0.2699772063298253D-03 -0.2680677324372982D-03
 -0.2659534871470166D-03 -0.2640184394523510D-03 -0.2626579547191613D-03
 -0.2622593939349431D-03 -0.2631809419877206D-03 -0.2657287769281511D-03
 -0.2701328971118235D-03 -0.2765222858617334D-03 -0.2849006911066540D-03
 -0.2951252273503972D-03 -0.3068913560281608D-03 -0.3197295627875913D-03
 -0.3330209643693280D-03 -0.3460403582226099D-03 -0.3580343116295355D-03
 -0.3683364424646632D-03 -0.3765100427054979D-03 -0.3824903426819597D-03
 -0.3866816758641937D-03 -0.3899613232259215D-03 -0.3935635906257426D-03
 -0.3988622325998258D-03 -0.4071141966382266D-03 -0.4192440864113212D-03
 -0.4357263216911073D-03 -0.4565776762565528D-03 -0.4814345668947509D-03
 -0.5096733726298302D-03 -0.5405365420435277D-03 -0.5732410633750928D-03
 -0.6070595897094004D-03 -0.6413734256231112D-03 -0.6757008214361765D-03
 -0.7097049891262323D-03 -0.7431856105164019D-03 -0.7760564619436894D-03
 -0.8083106237109458D-03 -0.8399738064527331D-03 -0.8710456147370526D-03
 -0.9014280435182653D-03 -0.9308401157519463D-03 -0.9587172898080061D-03
 -0.9840940934803687D-03 -0.1005468433199751D-02 -0.1020646082382056D-02
 -0.1026564575226824D-02 -0.1019097096719160D-02 -0.9928369989109051D-03
 -0.9408683688817100D-03 -0.8545295893639857D-03 -0.7231813103678241D-03
 -0.5339916980189241D-03 -0.2717653035590284D-03  0.8118658401249740D-04
  0.5451108079368959D-03  0.1142829674489534D-02  0.1899743805078587D-02
  0.2843886103695357D-02  0.4006118817727607D-02  0.5420581519417080D-02
  0.7125489682996955D-02  0.9164353603871389D-02  0.1158764356461663D-01
  0.1445488640683966D-01  0.1783715523337526D-01  0.2181992379192586D-01
  0.2650629129246027D-01  0.3202063535655635D-01  0.3851282331499898D-01
  0.4616312993168949D-01  0.5518819807630152D-01  0.6584799121347155D-01
  0.7845572806485322D-01  0.9338558610866776D-01  0.1110976307539103D+00
  0.1321286208110908D+00
    1   17  333
  0.0000000000000000D+00  0.7438445587787665D-14  0.6198152678522383D-14
  0.1245579546188841D-13  0.1173415081901311D-13  0.8502190735432939D-14
  0.1436249381383223D-13  0.1387422243285407D-13  0.1769346672568786D-13
  0.9551645477786123D-14  0.1286949864113108D-13  0.2216455776155441D-13
  0.1560502569046753D-13  0.2169664343067880D-13  0.2946217061964223D-13
  0.2288358439322593D-13  0.2142970483559493D-13  0.3027106017420067D-13
  0.1868602716395853D-13  0.2438959341495228D-13  0.3028420590622454D-13
  0.4140573491365728D-13  0.4540538339788444D-13  0.5444010518569603D-13
  0.6890862657332539D-13  0.6425676072715868D-13  0.7214896075099191D-13
  0.8405424980212787D-13  0.9571611499094005D-13  0.1102367812726097D-12
  0.1321891982421613D-12  0.1474166315183933D-12  0.1566061939870124D-12
  0.1880167531629666D-12  0.2120080818161040D-12  0.2329822313324185D-12
  0.2801422102011192D-12  0.3147456179720834D-12  0.3629626970565221D-12
  0.4090102727009686D-12  0.4607393983910446D-12  0.5338596649018575D-12
  0.6036655030709599D-12  0.6775359788611004D-12  0.7763574788780934D-12
  0.8821784491972178D-12  0.9978767925088928D-12  0.1133618187714171D-11
  0.1293075274987982D-11  0.1472503476643956D-11  0.1664264419444738D-11
  0.1885403419140869D-11  0.2137300168485038D-11  0.2435868574838847D-11
  0.2750653348642934D-11  0.3123369523569786D-11  0.3537672905029518D-11
  0.4004909630194198D-11  0.4543617208568593D-11  0.5143315883377625D-11
  0.5834053017292789D-11  0.6608151598018563D-11  0.7487372983905974D-11
  0.8481970123873122D-11  0.9596615827098572D-11  0.1088172959933034D-10
  0.1231902884943688D-10  0.1393966558749314D-10  0.1578295028103948D-10
  0.1786682689897241D-10  0.2021591666937930D-10  0.2287955736224348D-10
  0.2589156829655933D-10  0.2929842071132914D-10  0.3315111873602052D-10
  0.3749990674681001D-10  0.4240830738061722D-10  0.4796948638641585D-10
  0.5425209927216036D-10  0.6135204508190065D-10  0.6937785758267072D-10
  0.7844484832319647D-10  0.8868749962296571D-10  0.1002587734532006D-09
  0.1133370036244313D-09  0.1280954209309076D-09  0.1447910006925430D-09
  0.1636381497393147D-09  0.1849165203080838D-09  0.2089613631608211D-09
  0.2361027028104413D-09  0.2667559603747483D-09  0.3013725327196699D-09
  0.3404586473803058D-09  0.3845776890270527D-09  0.4343885274703092D-09
  0.4906191499608614D-09  0.5540963867922577D-09  0.6257385748727276D-09
  0.7065946915511189D-09  0.7978426154915320D-09  0.9008272875737236D-09
  0.1017028779291038D-08  0.1148139255554485D-08  0.1296073786591450D-08
  0.1462966697049660D-08  0.1651233432672707D-08  0.1863605558519312D-08
  0.2103146052202635D-08  0.2373311121910521D-08  0.2677989444756601D-08
  0.3021576095221031D-08  0.3408986900909927D-08  0.3845786726907685D-08
  0.4338241645811584D-08  0.4893381944458471D-08  0.5519135454478407D-08
  0.6224416266912404D-08  0.7019252826616140D-08  0.7914934125916017D-08
  0.8924160457972175D-08  0.1006118910732313D-07  0.1134208439102715D-07
  0.1278487552748134D-07  0.1440984755784947D-07  0.1623976893512210D-07
  0.1830024792278312D-07  0.2062002454673575D-07  0.2323135971505282D-07
  0.2617051623893795D-07  0.2947813531069705D-07  0.3319984647362391D-07
  0.3738682795583335D-07  0.4209643675483660D-07  0.4739299138662770D-07
  0.5334856522360279D-07  0.6004386339191510D-07  0.6756925700047515D-07
  0.7602587272489136D-07  0.8552686927097762D-07  0.9619874255484371D-07
  0.1081828835257107D-06  0.1216372160198366D-06  0.1367380635076373D-06
  0.1536821365062134D-06  0.1726887798284284D-06  0.1940024237916484D-06
  0.2178952182324756D-06  0.2446699860336717D-06  0.2746634051853462D-06
  0.3082494591104328D-06  0.3458431814378618D-06  0.3879047574384236D-06
  0.4349438502624047D-06  0.4875243298793236D-06  0.5462692712404263D-06
  0.6118663022244179D-06  0.6850732660899129D-06  0.7667241428183110D-06
  0.8577352720681261D-06  0.9591118031402183D-06  0.1071954290334254D-05
  0.1197465435473246D-05  0.1336956843205819D-05  0.1491855712863902D-05
  0.1663711354941605D-05  0.1854201412934998D-05  0.2065137616583741D-05
  0.2298470995741084D-05  0.2556296334167725D-05  0.2840855829044705D-05
  0.3154541868938837D-05  0.3499898907898380D-05  0.3879624632983200D-05
  0.4296570665317901D-05  0.4753743360662689D-05  0.5254305601052852D-05
  0.5801580778832652D-05  0.6399060796323369D-05  0.7050420408106686D-05
  0.7759540982637550D-05  0.8530547375290393D-05  0.9367862353369162D-05
  0.1027628338377590D-04  0.1126108696800693D-04  0.1232816523262563D-04
  0.1348419848871130D-04  0.1473686553103745D-04  0.1609509038617808D-04
  0.1756932002708978D-04  0.1917182256612143D-04  0.2091698988653990D-04
  0.2282162347118352D-04  0.2490517813003395D-04  0.2718993602255182D-04
  0.2970108565689317D-04  0.3246668325352069D-04  0.3551748247473992D-04
  0.3888662735263664D-04  0.4260921320736993D-04  0.4672172885162874D-04
  0.5126139921925663D-04  0.5626544967842526D-04  0.6177031168370921D-04
  0.6781078482793985D-04  0.7441916381528079D-04  0.8162433201375406D-04
  0.8945081720957821D-04  0.9791780107204955D-04  0.1070380720791334D-03
  0.1168169126385508D-03  0.1272509146848923D-03  0.1383267241813450D-03
  0.1500197234840749D-03  0.1622926715749038D-03  0.1750943360059246D-03
  0.1883581671343277D-03  0.2020010858748863D-03  0.2159224808770554D-03
  0.2300035406927823D-03  0.2441070814197235D-03  0.2580780700677854D-03
  0.2717450877564250D-03  0.2849230210092366D-03  0.2974173085311120D-03
  0.3090300940496116D-03  0.3195686264593696D-03  0.3288561825589507D-03
  0.3367456316202554D-03  0.3431354759191415D-03  0.3479877478375810D-03
  0.3513464994503033D-03  0.3533548043507723D-03  0.3542673022562518D-03
  0.3544545679606444D-03  0.3543953165411945D-03  0.3546530817067163D-03
  0.3558358595568197D-03  0.3585404346949643D-03  0.3632869168021158D-03
  0.3704529049776668D-03  0.3802186159548365D-03  0.3925334999060415D-03
  0.4071113854560083D-03  0.4234550924455580D-03  0.4409058617105214D-03
  0.4587086290935216D-03  0.4760826763779240D-03  0.4922882664758971D-03
  0.5066826065367059D-03  0.5187617052202113D-03  0.5281874674513529D-03
  0.5348012444200808D-03  0.5386259715535851D-03  0.5398592157623459D-03
  0.5388591631901224D-03  0.5361251038978609D-03  0.5322734553040021D-03
  0.5280099242188055D-03  0.5240980801301974D-03  0.5213244045752411D-03
  0.5204597980658469D-03  0.5222175697587984D-03  0.5272081330502084D-03
  0.5358910406709801D-03  0.5485257190956671D-03  0.5651234579891593D-03
  0.5854050685190687D-03  0.6087713135204184D-03  0.6342967136916600D-03
  0.6607611073746597D-03  0.6867357983218069D-03  0.7107391319561326D-03
  0.7314652868043454D-03  0.7480660377223947D-03  0.7604299293890895D-03
  0.7693702146205289D-03  0.7766273126238074D-03  0.7846358662766404D-03
  0.7960946410055815D-03  0.8134644888458599D-03  0.8385496086088148D-03
  0.8722716594527833D-03  0.9146593488046670D-03  0.9650021717170198D-03
  0.1022086683349413D-02  0.1084443074994121D-02  0.1150556874449367D-02
  0.1219027159767968D-02  0.1288669837402210D-02  0.1358572659929836D-02
  0.1428110484555572D-02  0.1496928009150524D-02  0.1564895000164666D-02
  0.1632036791751764D-02  0.1698441030842991D-02  0.1764140280035189D-02
  0.1828969103709198D-02  0.1892393566107173D-02  0.1953310618503038D-02
  0.2009814662260062D-02  0.2058928772005684D-02  0.2096298459732234D-02
  0.2115847653190226D-02  0.2109399677373144D-02  0.2066266452647084D-02
  0.1972818826872165D-02  0.1812053677447154D-02  0.1563181243753741D-02
  0.1201256766730594D-02  0.6969039576467936D-03  0.1611602004536547D-04
 -0.8798335276589522D-03 -0.2034421766028968D-02 -0.3495930041759113D-02
 -0.5317657690663924D-02 -0.7558470622883137D-02 -0.1028387312632055D-01
 -0.1356776062526582D-01 -0.1749494763190941D-01 -0.2216448761584115D-01
 -0.2769374094764885D-01 -0.3422312403995760D-01 -0.4192150975244027D-01
 -0.5099232347819811D-01 -0.6168047790474920D-01 -0.7428042075249129D-01
 -0.8914559603328245D-01 -0.1066999723036224D+00 -0.1274515573250422D+00
 -0.1520117084420069D+00 -0.1811103759322029D+00 -0.2156444335094475D+00
 -0.2566613937553882D+00
