  0.5920000000000000D+01    4
  0.2747673412109099D+01
    1  115    7
  333  333  333  333  333  333  333
  0.3447381595228428D-01 -0.1021318026512585D-01  0.9592237107962091D-02
 -0.7084101632384271D-01  0.2739757082527100D-01  0.2599077209063527D-01
  0.7723549578264249D-02 -0.3544812746792846D-02 -0.6346139491705566D-02
 -0.6091592265167345D-03 -0.9725791786604090D-02  0.6547025301232749D-02
 -0.1824233183865012D-02  0.6986123456638089D-03 -0.4872405790214676D-02
  0.6697827383940133D-03 -0.3866950323358871D-02  0.7263081453531350D-03
  0.8317101394743060D-03  0.2959836060569491D-04  0.2802639901639029D-03
 -0.5464003308444347D-04 -0.3237445371052193D-03  0.3102239652713125D-03
  0.4003674046432241D-04  0.4949328225405997D-04 -0.3358479961465526D-03
  0.6013273410191504D-04 -0.1272816179164614D-03  0.3702831811733358D-03
 -0.1016321753321396D-03  0.1389314526468060D-03  0.1726067503506020D-03
 -0.1742831384286390D-03  0.3600981438143641D-03  0.5857221197443887D-05
  0.1481217368076491D-03 -0.1056288197335919D-03  0.2753880343125241D-04
 -0.1201892393949215D-03 -0.9532649688890305D-05  0.1428893081792530D-03
 -0.7733853298381383D-05  0.9049747859571625D-04  0.6737748377998901D-04
 -0.6544263048564008D-04 -0.6868733859605727D-04 -0.5548538033855992D-04
  0.5907372272411736D-04  0.1228607191936377D-03 -0.5443260680771976D-04
 -0.4083297861124834D-04 -0.8315752232269441D-05  0.9935504029020208D-04
 -0.4346809102328771D-04 -0.6561502314508700D-04  0.8561751710378754D-04
 -0.7124893304873018D-04 -0.7146704749582163D-04 -0.7636292342801802D-04
  0.1533261123296004D-04 -0.4431623968119244D-04  0.3767652778885334D-04
  0.1576873828586354D-04  0.4863409583920389D-05 -0.2298097642871641D-04
  0.5954907332363156D-05 -0.9407816906554246D-05  0.2100864974808623D-04
  0.2994935747499010D-05  0.4143104136845029D-05 -0.6260148595493896D-05
 -0.2853741072144079D-05  0.1719409382875892D-04 -0.4993606521432189D-05
  0.9241162496591102D-05  0.3872391999654274D-05 -0.1576241751667160D-04
  0.1948587829323179D-05  0.1200333383516767D-04 -0.1400213946910202D-06
  0.4167199275820232D-05 -0.6288306423543108D-05  0.7000546214696953D-05
 -0.1447153953998459D-05  0.2770144607678340D-05  0.4749728281461844D-05
 -0.3930134796456281D-05  0.7312328540101223D-05 -0.2527929734139018D-05
 -0.6140751132703811D-06  0.3789938426476141D-06  0.3184331710558422D-06
 -0.4678721730630602D-06 -0.2199968330361921D-05 -0.5516936148246674D-06
  0.1259751008097136D-06 -0.1435384396981628D-05 -0.2058988412222292D-06
  0.6527353056277473D-06  0.1172507094904567D-07 -0.2630393640262297D-06
 -0.4091497435962748D-06  0.2678780528169712D-06  0.1382494241431479D-06
 -0.2005674337618504D-06 -0.6315137434383637D-06  0.2041907708420965D-07
  0.9255752091565907D-08  0.3844382868076023D-07 -0.6261674208384137D-08
 -0.1541606991125653D-09 -0.1923038675698243D-08  0.4228096665262720D-08
  0.1965719088900260D-08
  0.0000000000000000D+00  0.9972578218037451D+06  0.9925599352615345D+06
  0.9878723852484330D+06  0.9831948750126180D+06  0.9785271137614765D+06
  0.9738692557976436D+06  0.9692206091512995D+06  0.9645812842813702D+06
  0.9599506709471046D+06  0.9553285352568147D+06  0.9507145128437948D+06
  0.9461082593078064D+06  0.9415094254614700D+06  0.9369176547495936D+06
  0.9323325858024271D+06  0.9277538517256689D+06  0.9231810799517573D+06
  0.9186138921364181D+06  0.9140519039991087D+06  0.9094947251771864D+06
  0.9049419590812048D+06  0.9003932027507733D+06  0.8958480467122028D+06
  0.8913060748378081D+06  0.8867668642070043D+06  0.8822299849693589D+06
  0.8776950002097843D+06  0.8731614658160441D+06  0.8686289303488050D+06
  0.8640969349144545D+06  0.8595650130409694D+06  0.8550326905570758D+06
  0.8504994854750632D+06  0.8459649078775457D+06  0.8414284598085466D+06
  0.8368896351693016D+06  0.8323479196191842D+06  0.8278027904822195D+06
  0.8232537166596508D+06  0.8187001585490876D+06  0.8141415679707550D+06
  0.8095773881014688D+06  0.8050070534169084D+06  0.8004299896428909D+06
  0.7958456137162923D+06  0.7912533337564039D+06  0.7866525490474718D+06
  0.7820426500332521D+06  0.7774230183244576D+06  0.7727930267200132D+06
  0.7681520392430668D+06  0.7634994111928204D+06  0.7588344892131804D+06
  0.7541566113794263D+06  0.7494651073040102D+06  0.7447592982627758D+06
  0.7400384973428400D+06  0.7353020096135384D+06  0.7305491323218116D+06
  0.7257791551135293D+06  0.7209913602822832D+06  0.7161850230472595D+06
  0.7113594118618628D+06  0.7065137887548113D+06  0.7016474097055340D+06
  0.6967595250557257D+06  0.6918493799590024D+06  0.6869162148706611D+06
  0.6819592660796260D+06  0.6769777662847247D+06  0.6719709452174852D+06
  0.6669380303137528D+06  0.6618782474364351D+06  0.6567908216517837D+06
  0.6516749780616724D+06  0.6465299426943584D+06  0.6413549434562948D+06
  0.6361492111476060D+06  0.6309119805438388D+06  0.6256424915466944D+06
  0.6203399904064161D+06  0.6150037310185664D+06  0.6096329762979081D+06
  0.6042269996321138D+06  0.5987850864180097D+06  0.5933065356830459D+06
  0.5877906617945987D+06  0.5822367962597195D+06  0.5766442896178103D+06
  0.5710125134286269D+06  0.5653408623579121D+06  0.5596287563627994D+06
  0.5538756429789508D+06  0.5480809997112423D+06  0.5422443365295226D+06
  0.5363651984707793D+06  0.5304431683486979D+06  0.5244778695713170D+06
  0.5184689690670651D+06  0.5124161803191057D+06  0.5063192665074174D+06
  0.5001780437575423D+06  0.4939923844943907D+06  0.4877622208988590D+06
  0.4814875484643666D+06  0.4751684296496739D+06  0.4688049976235702D+06
  0.4623974600961503D+06  0.4559461032304920D+06  0.4494512956275358D+06
  0.4429134923759371D+06  0.4363332391575052D+06  0.4297111763976295D+06
  0.4230480434488514D+06  0.4163446827943523D+06  0.4096020442567114D+06
  0.4028211891958023D+06  0.3960032946781199D+06  0.3891496575982039D+06
  0.3822616987311317D+06  0.3753409666933169D+06  0.3683891417870341D+06
  0.3614080397022888D+06  0.3543996150477540D+06  0.3473659646806460D+06
  0.3403093308035025D+06  0.3332321037939675D+06  0.3261368247318454D+06
  0.3190261875858773D+06  0.3119030410209929D+06  0.3047703897851477D+06
  0.2976313956333622D+06  0.2904893777452267D+06  0.2833478125909789D+06
  0.2762103332003118D+06  0.2690807277873894D+06  0.2619629376851504D+06
  0.2548610545419486D+06  0.2477793167338899D+06  0.2407221049470030D+06
  0.2336939368845995D+06  0.2266994610569534D+06  0.2197434496127277D+06
  0.2128307901745426D+06  0.2059664766446583D+06  0.1991555989510637D+06
  0.1924033317093102D+06  0.1857149217812699D+06  0.1790956747186421D+06
  0.1725509400865356D+06  0.1660860956707938D+06  0.1597065305819534D+06
  0.1534176272788089D+06  0.1472247425454797D+06  0.1411331874676381D+06
  0.1351482064660710D+06  0.1292749554589996D+06  0.1235184792384495D+06
  0.1178836881603790D+06  0.1123753342630882D+06  0.1069979869435344D+06
  0.1017560083363625D+06  0.9665352855557682D+05  0.9169442097358621D+05
  0.8688227772663726D+05  0.8222038564912812D+05  0.7771170285173097D+05
  0.7335883616930233D+05  0.6916401971396653D+05  0.6512909477617023D+05
  0.6125549132161357D+05  0.5754421133445150D+05  0.5399581425669203D+05
  0.5061040477001514D+05  0.4738762315900471D+05  0.4432663848377871D+05
  0.4142614477501362D+05  0.3868436044522250D+05  0.3609903108676418D+05
  0.3366743579939723D+05  0.3138639715829616D+05  0.2925229489744770D+05
  0.2726108334347027D+05  0.2540831259148127D+05  0.2368915336810427D+05
  0.2209842547761038D+05  0.2063062967617167D+05  0.1927998276702578D+05
  0.1804045565686217D+05  0.1690581406187388D+05  0.1586966150168316D+05
  0.1492548417179470D+05  0.1406669733270423D+05  0.1328669224915697D+05
  0.1257888414029402D+05  0.1193675956569786D+05  0.1135392320854747D+05
  0.1082414336625229D+05  0.1034139556839455D+05  0.9899903750912694D+04
  0.9494178434619240D+04  0.9119051385474640D+04  0.8769706273471320D+04
  0.8441704896240770D+04  0.8131008592083610D+04  0.7833994534324272D+04
  0.7547466673771109D+04  0.7268661177472394D+04  0.6995246298547787D+04
  0.6725316702113890D+04  0.6457382364525623D+04  0.6190352255517399D+04
  0.5923513103463095D+04  0.5656503630959329D+04  0.5389284729361917D+04
  0.5122106114917655D+04  0.4855470073988364D+04  0.4590092958967050D+04
  0.4326865138433784D+04  0.4066810133715665D+04  0.3811043688379577D+04
  0.3560733516654178D+04  0.3317060460999224D+04  0.3081181757972352D+04
  0.2854197065452654D+04  0.2637117843753630D+04  0.2430840609098779D+04
  0.2236124491567211D+04  0.2053573432492454D+04  0.1883623250285031D+04
  0.1726533690938758D+04  0.1582385462573631D+04  0.1451082135058292D+04
  0.1332356669094735D+04  0.1225782227390687D+04  0.1130786816980885D+04
  0.1046671199291028D+04  0.9726295491955142D+03  0.9077719903452602D+03
  0.8511484725049802D+03  0.8017731905833119D+03  0.7586487170375872D+03
  0.7207893917923557D+03  0.6872430529622576D+03  0.6571106688260658D+03
  0.6295633465878650D+03  0.6038563264074552D+03  0.5793396827690810D+03
  0.5554655752799752D+03  0.5317920144507483D+03  0.5079832268106471D+03
  0.4838068204704576D+03  0.4591280469750097D+03  0.4339015525135193D+03
  0.4081610662855866D+03  0.3820075289611767D+03  0.3555961846653590D+03
  0.3291231605204884D+03  0.3028120402761450D+03  0.2769008982906740D+03
  0.2516302066633394D+03  0.2272319616371745D+03  0.2039203007056684D+03
  0.1818838029176548D+03  0.1612795854234024D+03  0.1422292326603947D+03
  0.1248165235122912D+03  0.1090868584588026D+03  0.9504823474002549D+02
  0.8267357391812953D+02  0.7190414303816107D+02  0.6265397940579353D+02
  0.5481471700072195D+02  0.4826093459002087D+02  0.4285554048135347D+02
  0.3845504884138643D+02  0.3491452720726735D+02  0.3209205243941308D+02
  0.2985254872544378D+02  0.2807092273640844D+02  0.2663445170374769D+02
  0.2544441838085971D+02  0.2441701966258193D+02  0.2348360496508199D+02
  0.2259031993590569D+02  0.2169725192213496D+02  0.2077717771635379D+02
  0.1981402525490306D+02  0.1880115457627011D+02  0.1773956016861772D+02
  0.1663608576662780D+02  0.1550172817279394D+02  0.1435009133024585D+02
  0.1319603430402980D+02  0.1205454005580117D+02  0.1093981608912954D+02
  0.9864624288454481D+01  0.8839826079699558D+01  0.7874120680250203D+01
  0.6973948699934629D+01  0.6143530865412638D+01  0.5385008699693285D+01
  0.4698660235714994D+01  0.4083167637558785D+01  0.3535897555457343D+01
  0.3053192903066026D+01  0.2630651687666105D+01  0.2263383665395934D+01
  0.1946233138573775D+01  0.1673986083155365D+01  0.1441512780811769D+01
  0.1243896888294469D+01  0.1076526103505710D+01  0.9351537100484889D+00
  0.8159344990560843D+00  0.7154396374407125D+00  0.6306543001745583D+00
  0.5589622375826756D+00  0.4981208857973499D+00  0.4462301885295410D+00
  0.4016978057008857D+00  0.3632029924282272D+00  0.3296607689964611D+00
  0.3001876932537055D+00  0.2740701694407979D+00  0.2507356883348429D+00
  0.2297278640473203D+00  0.2106840426287826D+00  0.1933190893524104D+00
  0.1774025229175831D+00  0.1627677290196027D+00  0.1492481068160923D+00
  0.1367871858681414D+00
  0.0000000000000000D+00 -0.1281845578236277D+00 -0.1306055764814935D+00
 -0.1330719016204094D+00 -0.1355843276425839D+00 -0.1381430563187943D+00
 -0.1407518412099812D+00 -0.1434102048771162D+00 -0.1461223751871018D+00
 -0.1488868817254296D+00 -0.1517055815959947D+00 -0.1545792786385736D+00
 -0.1575089444732677D+00 -0.1604956349629428D+00 -0.1635403899193717D+00
 -0.1666442818472549D+00 -0.1698084093476742D+00 -0.1730338945005617D+00
 -0.1763218847695968D+00 -0.1796735527171409D+00 -0.1830900960372642D+00
 -0.1865727377173181D+00 -0.1901227261227072D+00 -0.1937413351019676D+00
 -0.1974298640952573D+00 -0.2011896382381370D+00 -0.2050220084615972D+00
 -0.2089283515846961D+00 -0.2129100703967568D+00 -0.2169685937262201D+00
 -0.2211053764929775D+00 -0.2253218997409243D+00 -0.2296196706473306D+00
 -0.2340002225055064D+00 -0.2384651146770365D+00 -0.2430159325097114D+00
 -0.2476542872170770D+00 -0.2523818157153198D+00 -0.2572001804129839D+00
 -0.2621110689487770D+00 -0.2671161938724738D+00 -0.2722172922636438D+00
 -0.2774161252826725D+00 -0.2827144776482132D+00 -0.2881141570349184D+00
 -0.2936169933849486D+00 -0.2992248381264190D+00 -0.3049395632915807D+00
 -0.3107630605271410D+00 -0.3166972399887458D+00 -0.3227440291112245D+00
 -0.3289053712457664D+00 -0.3351832241547680D+00 -0.3415795583545999D+00
 -0.3480963552961087D+00 -0.3547356053721256D+00 -0.3614993057408027D+00
 -0.3683894579530269D+00 -0.3754080653716637D+00 -0.3825571303698268D+00
 -0.3898386512948013D+00 -0.3972546191836981D+00 -0.4048070142163308D+00
 -0.4124978018902232D+00 -0.4203289289020664D+00 -0.4283023187193512D+00
 -0.4364198668253116D+00 -0.4446834356197063D+00 -0.4530948489573876D+00
 -0.4616558863060164D+00 -0.4703682765037102D+00 -0.4792336910968413D+00
 -0.4882537372376734D+00 -0.4974299501209897D+00 -0.5067637849383805D+00
 -0.5162566083283970D+00 -0.5259096893003514D+00 -0.5357241896091783D+00
 -0.5457011535584435D+00 -0.5558414972083214D+00 -0.5661459969651935D+00
 -0.5766152775293779D+00 -0.5872497991775185D+00 -0.5980498443562074D+00
 -0.6090155035636424D+00 -0.6201466604964189D+00 -0.6314429764390547D+00
 -0.6429038738744174D+00 -0.6545285192940865D+00 -0.6663158051886194D+00
 -0.6782643311989129D+00 -0.6903723844112912D+00 -0.7026379187806292D+00
 -0.7150585336677838D+00 -0.7276314514798942D+00 -0.7403534944046776D+00
 -0.7532210602328463D+00 -0.7662300972660840D+00 -0.7793760783117955D+00
 -0.7926539737700665D+00 -0.8060582238229673D+00 -0.8195827097415741D+00
 -0.8332207243318442D+00 -0.8469649415469097D+00 -0.8608073853003455D+00
 -0.8747393975227012D+00 -0.8887516055120059D+00 -0.9028338886381561D+00
 -0.9169753444711151D+00 -0.9311642544136847D+00 -0.9453880489313715D+00
 -0.9596332724845688D+00 -0.9738855482819121D+00 -0.9881295429883170D+00
 -0.1002348931536967D+01 -0.1016526362211275D+01 -0.1030643422180712D+01
 -0.1044680603693452D+01 -0.1058617271148866D+01 -0.1072431629294223D+01
 -0.1086100692812337D+01 -0.1099600257590420D+01 -0.1112904873985016D+01
 -0.1125987822423548D+01 -0.1138821091709593D+01 -0.1151375360426567D+01
 -0.1163619981862770D+01 -0.1175522972909728D+01 -0.1187051007415250D+01
 -0.1198169414502428D+01 -0.1208842182395685D+01 -0.1219031968324796D+01
 -0.1228700115107095D+01 -0.1237806675036596D+01 -0.1246310441736267D+01
 -0.1254168990655359D+01 -0.1261338728917582D+01 -0.1267774955246902D+01
 -0.1273431930715885D+01 -0.1278262961075395D+01 -0.1282220491434155D+01
 -0.1285256214060718D+01 -0.1287321190078478D+01 -0.1288365985815140D+01
 -0.1288340824550863D+01 -0.1287195754382992D+01 -0.1284880832888577D+01
 -0.1281346329218078D+01 -0.1276542944192953D+01 -0.1270422048905523D+01
 -0.1262935942230032D+01 -0.1254038127547886D+01 -0.1243683608866576D+01
 -0.1231829206369290D+01 -0.1218433891269589D+01 -0.1203459139661591D+01
 -0.1186869304849842D+01 -0.1168632007413499D+01 -0.1148718542005931D+01
 -0.1127104299612852D+01 -0.1103769203689309D+01 -0.1078698158268565D+01
 -0.1051881505784286D+01 -0.1023315491972831D+01 -0.9930027348258275D+00
 -0.9609526941471758D+00 -0.9271821378352505D+00 -0.8917156005645678D+00
 -0.8545858300850652D+00 -0.8158342158972324D+00 -0.7755111946033580D+00
 -0.7336766257864586D+00 -0.6904001318372934D+00 -0.6457613947454541D+00
 -0.5998504025034784D+00 -0.5527676374547079D+00 -0.5046241986589762D+00
 -0.4555418501685633D+00 -0.4056529870149175D+00 -0.3551005107192738D+00
 -0.3040376062732157D+00 -0.2526274128040256D+00 -0.2010425805598276D+00
 -0.1494647074358344D+00 -0.9808364902926917D-01 -0.4709669716880804D-01
  0.3292376975129494D-02  0.5287441772278743D-01  0.1014361185993860D+00
  0.1487613940709600D+00  0.1946328864291953D+00  0.2388336027348188D+00
  0.2811486743166360D+00  0.3213672287322851D+00  0.3592843613483863D+00
  0.3947031908199923D+00  0.4274369797750271D+00  0.4573112989838632D+00
  0.4841662102663759D+00  0.5078584404250275D+00  0.5282635156638330D+00
  0.5452778233470199D+00  0.5588205656625040D+00  0.5688355678885292D+00
  0.5752929026264045D+00  0.5781902906694080D+00  0.5775542392360643D+00
  0.5734408792061749D+00  0.5659364648490557D+00  0.5551575023973955D+00
  0.5412504777477228D+00  0.5243911585849845D+00  0.5047834523306816D+00
  0.4826578084656912D+00  0.4582691619103646D+00  0.4318944231498776D+00
  0.4038295305293466D+00  0.3743860904320821D+00  0.3438876416814294D+00
  0.3126655912253861D+00  0.2810548786979546D+00  0.2493894375019836D+00
  0.2179975293063718D+00  0.1871970369654142D+00  0.1572908075151659D+00
  0.1285621417512600D+00  0.1012705296299530D+00  0.7564773107080214D-01
  0.5189429942582197D-01  0.3017663971961740D-01  0.1062468562959403D-01
 -0.6669731978543661D-02 -0.2165376625869223D-01 -0.3431364353109959D-01
 -0.4467393793258990D-01 -0.5279603052258826D-01 -0.5877577460397277D-01
 -0.6274041250781409D-01 -0.6484481241745758D-01 -0.6526711605013835D-01
 -0.6420390824473322D-01 -0.6186503682182160D-01 -0.5846822470860603D-01
 -0.5423362559228465D-01 -0.4937847878269019D-01 -0.4411201819702906D-01
 -0.3863078420768967D-01 -0.3311447550677698D-01 -0.2772246125457110D-01
 -0.2259105195973928D-01 -0.1783160138233345D-01 -0.1352948212720162D-01
 -0.9743945633554452D-02 -0.6508844308847555D-02 -0.3834161087146154D-02
 -0.1708261245781675D-02 -0.1007543659877371D-03  0.1034167807802128D-02
  0.1754068093258669D-02  0.2124435242715014D-02  0.2214852529581696D-02
  0.2095321488517962D-02  0.1832887285060953D-02  0.1488694496817096D-02
  0.1115579041318762D-02  0.7562746752777994D-03  0.4422821664348970D-03
  0.1934172631936141D-03  0.1802138601057123D-04 -0.8621200781587685D-04
 -0.1308707370562295D-03 -0.1350164914014886D-03 -0.1230552582541347D-03
 -0.1224167145545867D-03 -0.1611791871959165D-03 -0.2657747997758510D-03
 -0.4589001533113189D-03 -0.7577420284855720D-03 -0.1172606332223081D-02
 -0.1706013310302757D-02 -0.2352294458420590D-02 -0.3097698031009888D-02
 -0.3920981885667018D-02 -0.4794445895269736D-02 -0.5685332661842696D-02
 -0.6557506184418373D-02 -0.7373304779447281D-02 -0.8095457911665544D-02
 -0.8688957132975246D-02 -0.9122778875129580D-02 -0.9371370616722687D-02
 -0.9415830626252324D-02 -0.9244733407200242D-02 -0.8854576304550228D-02
 -0.8249845683426456D-02 -0.7442722079402612D-02 -0.6452461504244547D-02
 -0.5304503845350562D-02 -0.4029368626663519D-02 -0.2661403307624461D-02
 -0.1237450116461145D-02  0.2045052886422817D-03  0.1626645559299453D-02
  0.2992543620829481D-02  0.4268253632401351D-02  0.5423239361121430D-02
  0.6431118234580534D-02  0.7270208888896966D-02  0.7923879051404386D-02
  0.8380698746034337D-02  0.8634411015864756D-02  0.8683738158909970D-02
  0.8532046575636523D-02  0.8186896126270266D-02  0.7659502321285008D-02
  0.6964139700860775D-02  0.6117514071444517D-02  0.5138129032390837D-02
  0.4045669144869211D-02  0.2860418311655297D-02  0.1602727833101752D-02
  0.2925444644567300D-03 -0.1050995141314009D-02 -0.2409900843555269D-02
 -0.3767596796513966D-02 -0.5109124132713659D-02 -0.6421284923230719D-02
 -0.7692736634165214D-02 -0.8914049218040926D-02 -0.1007774034161184D-01
 -0.1117830741010855D-01 -0.1221228169604786D-01 -0.1317832679750283D-01
 -0.1407743814046377D-01
  0.0000000000000000D+00  0.6924532940540712D-04  0.7223097461651020D-04
  0.7534583758248758D-04  0.7859550922846483D-04  0.8198501232653343D-04
  0.8552382706800129D-04  0.8921710279203408D-04  0.9307580959815971D-04
  0.9710423135953800D-04  0.1013111048679904D-03  0.1057041580138398D-03
  0.1102916638976762D-03  0.1150823663622675D-03  0.1200853580556935D-03
  0.1253101668257197D-03  0.1307667672211011D-03  0.1364655975308173D-03
  0.1424175848886172D-03  0.1486341681721674D-03  0.1551273225128081D-03
  0.1619095852602612D-03  0.1689940831107295D-03  0.1763945606312289D-03
  0.1841254102285535D-03  0.1922017036245621D-03  0.2006392249215037D-03
  0.2094545053364387D-03  0.2186648596887905D-03  0.2282884247298246D-03
  0.2383441994067874D-03  0.2488520871589992D-03  0.2598329403478724D-03
  0.2713086069276870D-03  0.2833019794689814D-03  0.2958370466516490D-03
  0.3089389473502650D-03  0.3226340274397665D-03  0.3369498994554168D-03
  0.3519155052469863D-03  0.3675611817732634D-03  0.3839187301893712D-03
  0.4010214883859401D-03  0.4189044071458972D-03  0.4376041300915371D-03
  0.4571590776015921D-03  0.4776095348852410D-03  0.4989977444073018D-03
  0.5213680028663400D-03  0.5447667629349470D-03  0.5692427399790987D-03
  0.5948470239811386D-03  0.6216331968986673D-03  0.6496574556992398D-03
  0.6789787413184531D-03  0.7096588737964561D-03  0.7417626938553443D-03
  0.7753582111869941D-03  0.8105167597278540D-03  0.8473131602036841D-03
  0.8858258902334167D-03  0.9261372622868959D-03  0.9683336097962966D-03
  0.1012505481725310D-02  0.1058747845903634D-02  0.1107160301436891D-02
  0.1157847300503416D-02  0.1210918379849570D-02  0.1266488402293877D-02
  0.1324677808547449D-02  0.1385612879653322D-02  0.1449426010340581D-02
  0.1516255993579989D-02  0.1586248316616189D-02  0.1659555468736911D-02
  0.1736337261021986D-02  0.1816761158293575D-02  0.1901002623463942D-02
  0.1989245474447641D-02  0.2081682253770698D-02  0.2178514610970116D-02
  0.2279953697831884D-02  0.2386220576464354D-02  0.2497546640145804D-02
  0.2614174046819424D-02  0.2736356165035416D-02  0.2864358032057555D-02
  0.2998456823759549D-02  0.3138942335834626D-02  0.3286117475728251D-02
  0.3440298764578675D-02  0.3601816848311764D-02  0.3771017016884465D-02
  0.3948259730504087D-02  0.4133921151467688D-02  0.4328393680065451D-02
  0.4532086492773943D-02  0.4745426080726881D-02  0.4968856786193059D-02
  0.5202841334510323D-02  0.5447861358621463D-02  0.5704417913029835D-02
  0.5973031973638925D-02  0.6254244919560051D-02  0.6548618992563275D-02
  0.6856737729409316D-02  0.7179206361831357D-02  0.7516652178436179D-02
  0.7869724842261689D-02  0.8239096657162522D-02  0.8625462775595829D-02
  0.9029541339746629D-02  0.9452073547263426D-02  0.9893823632173202D-02
  0.1035557875080903D-01  0.1083814876181505D-01  0.1134236588849263D-01
  0.1186908425092316D-01  0.1241917925444459D-01  0.1299354682017923D-01
  0.1359310244240899D-01  0.1421878005667893D-01  0.1487153070158434D-01
  0.1555232095627049D-01  0.1626213113475082D-01  0.1700195321724511D-01
  0.1777278849785742D-01  0.1857564492707282D-01  0.1941153412676362D-01
  0.2028146805467560D-01  0.2118645529473263D-01  0.2212749694897348D-01
  0.2310558210653924D-01  0.2412168286488952D-01  0.2517674887837027D-01
  0.2627170140940963D-01  0.2740742685802268D-01  0.2858476974598785D-01
  0.2980452513306564D-01  0.3106743044399565D-01  0.3237415668678564D-01
  0.3372529904503574D-01  0.3512136682977709D-01  0.3656277277959786D-01
  0.3804982170173615D-01  0.3958269845139551D-01  0.4116145525183946D-01
  0.4278599836391266D-01  0.4445607412056620D-01  0.4617125434979717D-01
  0.4793092121820396D-01  0.4973425153715152D-01  0.5158020058439167D-01
  0.5346748550592791D-01  0.5539456837597603D-01  0.5735963900708817D-01
  0.5936059761786121D-01  0.6139503748215401D-01  0.6346022770134466D-01
  0.6555309625982594D-01  0.6767021354357744D-01  0.6980777652217279D-01
  0.7196159381581151D-01  0.7412707189075077D-01  0.7629920264861124D-01
  0.7847255269717847D-01  0.8064125461218820D-01  0.8279900052080293D-01
  0.8493903835760580D-01  0.8705417116247073D-01  0.8913675980604836D-01
  0.9117872954220813D-01  0.9317158079691190D-01  0.9510640460891082D-01
  0.9697390313854885D-01  0.9876441565596644D-01  0.1004679504082328D+00
  0.1020742227454610D+00  0.1035726998578651D+00  0.1049526524380475D+00
  0.1062032135346962D+00  0.1073134448044660D+00  0.1082724102973896D+00
  0.1090692578270616D+00  0.1096933078796124D+00  0.1101341499048097D+00
  0.1103817457084282D+00  0.1104265395274609D+00  0.1102595742192188D+00
  0.1098726128326036D+00  0.1092582646558602D+00  0.1084101146513068D+00
  0.1073228549956995D+00  0.1059924172472493D+00  0.1044161034596410D+00
  0.1025927143633299D+00  0.1005226725384931D+00  0.9820813831838125D-01
  0.9565311599089529D-01  0.9286354771820406D-01  0.8984739247556726D-01
  0.8661468723013352D-01  0.8317758754664686D-01  0.7955038482851298D-01
  0.7574949748794153D-01  0.7179343349563647D-01  0.6770272199546837D-01
  0.6349981198800241D-01  0.5920893649223050D-01  0.5485594108883220D-01
  0.5046807632992591D-01  0.4607375416611317D-01  0.4170226928545321D-01
  0.3738348707163257D-01  0.3314750075776743D-01  0.2902426126260670D-01
  0.2504318412891191D-01  0.2123273891797344D-01  0.1762002732526568D-01
  0.1423035714327408D-01  0.1108681997951020D-01  0.8209881309937769D-02
  0.5616991978667525D-02  0.3322230611692912D-02  0.1335986564041983D-02
 -0.3353070639773722D-03 -0.1689381151890744D-02 -0.2728270467367889D-02
 -0.3458378133071374D-02 -0.3890458272048333D-02 -0.4039512006754723D-02
 -0.3924593839764087D-02 -0.3568527568849249D-02 -0.2997533244094061D-02
 -0.2240769202759343D-02 -0.1329795846022995D-02 -0.2979704639358624D-03
  0.8202150257667540D-03  0.1989839184979072D-02  0.3176282680433484D-02
  0.4345968391307694D-02  0.5467090721283104D-02  0.6510314130308182D-02
  0.7449420788520881D-02  0.8261887781445203D-02  0.8929375497287900D-02
  0.9438110720860452D-02  0.9779150543180234D-02  0.9948516436104889D-02
  0.9947191666990535D-02  0.9780979525639536D-02  0.9460224451189044D-02
  0.8999402893095523D-02  0.8416595409331701D-02  0.7732855880698014D-02
  0.6971497595199500D-02  0.6157319146353786D-02  0.5315795443975902D-02
  0.4472260549118024D-02  0.3651109457316324D-02  0.2875045354991035D-02
  0.2164397295633353D-02  0.1536530755701510D-02  0.1005370234840187D-02
  0.5810490821593723D-03  0.2696971950660109D-03  0.7337229422086068D-04
 -0.9864719941604314D-05  0.1426488442537369D-04  0.1366016191028267D-03
  0.3450060815590291D-03  0.6249122165420850D-03  0.9599523768824814D-03
  0.1332628211172156D-02  0.1724999754258451D-02  0.2119364774737103D-02
  0.2498901528391495D-02  0.2848250503956432D-02  0.3154014315845724D-02
  0.3405159246427623D-02  0.3593306699253916D-02  0.3712907701227467D-02
  0.3761298436105606D-02  0.3738639562724418D-02  0.3647746739126697D-02
  0.3493824225490406D-02  0.3284117448837780D-02  0.3027503681533445D-02
  0.2734042224782421D-02  0.2414506484749138D-02  0.2079920000593978D-02
  0.1741116877677871D-02  0.1408344369467198D-02  0.1090921799961248D-02
  0.7969659422798731D-03  0.5331887004784682D-03  0.3047687921736948D-03
  0.1152953627916101D-03 -0.3322172524930249D-04 -0.1402826714234041D-03
 -0.2067790637233140D-03 -0.2348362355085005D-03 -0.2276274698604857D-03
 -0.1891706351555618D-03 -0.1241171497435423D-03 -0.3754215558014268D-04
  0.6525645626390081D-04  0.1789438882466036D-03  0.2983142702126697D-03
  0.4184329966346483D-03  0.5347534046869117D-03  0.6432068485965273D-03
  0.7402663468756894D-03  0.8229849157573915D-03  0.8890105238834392D-03
  0.9365802055456446D-03  0.9644963142513490D-03  0.9720881358758367D-03
  0.9591621418835995D-03  0.9259440550543359D-03  0.8730156575183196D-03
  0.8012489264764318D-03  0.7117396744928898D-03  0.6057424283952258D-03
  0.4846078252079949D-03  0.3497233408001138D-03  0.2024576938425980D-03
  0.4410876881629354D-04 -0.1241456474278661D-03 -0.3012956442466792D-03
 -0.4865475395463874D-03 -0.6793758311482896D-03 -0.8795825269098756D-03
 -0.1087370508773380D-02
  0.0000000000000000D+00 -0.1409779601728340D-06 -0.1512470540655949D-06
 -0.1622653293167747D-06 -0.1740874354925467D-06 -0.1867689373541769D-06
 -0.2003889734000825D-06 -0.2150077787159612D-06 -0.2307203448606624D-06
 -0.2475920098817884D-06 -0.2657148796904832D-06 -0.2851811230144593D-06
 -0.3060901819173171D-06 -0.3285499531811360D-06 -0.3526760306979898D-06
 -0.3785928289599731D-06 -0.4064342491266706D-06 -0.4363443274658841D-06
 -0.4684780533780742D-06 -0.5030022089607621D-06 -0.5400962743059955D-06
 -0.5799534110935664D-06 -0.6227815205071522D-06 -0.6688043849191928D-06
 -0.7182629001841645D-06 -0.7714164052012814D-06 -0.8285441168475696D-06
 -0.8899466787571321D-06 -0.9559478331002817D-06 -0.1026896225323088D-05
 -0.1103167352602838D-05 -0.1185165667659873D-05 -0.1273326850526444D-05
 -0.1368120261908171D-05 -0.1470051592895968D-05 -0.1579665727001494D-05
 -0.1697549831804697D-05 -0.1824336698926216D-05 -0.1960708352579433D-05
 -0.2107399948626168D-05 -0.2265203987867124D-05 -0.2434974869253855D-05
 -0.2617633810826313D-05 -0.2814174168470867D-05 -0.3025667185073142D-05
 -0.3253268205322579D-05 -0.3498223394328222D-05 -0.3761877001344785D-05
 -0.4045679213304427D-05 -0.4351194646522251D-05 -0.4680111528915220D-05
 -0.5034251629367718D-05 -0.5415580995518621D-05 -0.5826221566260273D-05
 -0.6268463730660478D-05 -0.6744779910873300D-05 -0.7257839252929006D-05
 -0.7810523516121787D-05 -0.8405944259086336D-05 -0.9047461428610082D-05
 -0.9738703465811982D-05 -0.1048358905357844D-04 -0.1128635063913029D-04
 -0.1215155987635721D-04 -0.1308415514415253D-04 -0.1408947130947313D-04
 -0.1517327191729921D-04 -0.1634178400414563D-04 -0.1760173574735046D-04
 -0.1896039717911618D-04 -0.2042562421227955D-04 -0.2200590624412734D-04
 -0.2371041762534045D-04 -0.2554907330343524D-04 -0.2753258897397125D-04
 -0.2967254609841534D-04 -0.3198146217499292D-04 -0.3447286667823345D-04
 -0.3716138311433772D-04 -0.4006281767307764D-04 -0.4319425499280644D-04
 -0.4657416159342609D-04 -0.5022249757295772D-04 -0.5416083720681277D-04
 -0.5841249913509175D-04 -0.6300268687236884D-04 -0.6795864042657535D-04
 -0.7330979986888632D-04 -0.7908798175506357D-04 -0.8532756936060209D-04
 -0.9206571775736886D-04 -0.9934257482829335D-04 -0.1072015193891109D-03
 -0.1156894176622354D-03 -0.1248568994275472D-03 -0.1347586552582067D-03
 -0.1454537563365094D-03 -0.1570059984351601D-03 -0.1694842717430562D-03
 -0.1829629583114857D-03 -0.1975223589963420D-03 -0.2132491518741547D-03
 -0.2302368842140110D-03 -0.2485865001932828D-03 -0.2684069066517944D-03
 -0.2898155792859353D-03 -0.3129392117902796D-03 -0.3379144105584736D-03
 -0.3648884376562063D-03 -0.3940200048755145D-03 -0.4254801217698218D-03
 -0.4594530006509948D-03 -0.4961370216010965D-03 -0.5357457606098982D-03
 -0.5785090839917090D-03 -0.6246743122584026D-03 -0.6745074566260516D-03
 -0.7282945313062300D-03 -0.7863429446751382D-03 -0.8489829723192845D-03
 -0.9165693148196811D-03 -0.9894827429512776D-03 -0.1068131832733569D-02
 -0.1152954792464567D-02 -0.1244421383495011D-02 -0.1343034936044064D-02
 -0.1449334460811493D-02 -0.1563896856494118D-02 -0.1687339212554198D-02
 -0.1820321205702284D-02 -0.1963547587533188D-02 -0.2117770759577319D-02
 -0.2283793430685234D-02 -0.2462471350135209D-02 -0.2654716108125464D-02
 -0.2861497993366532D-02 -0.3083848895308098D-02 -0.3322865236099318D-02
 -0.3579710914674627D-02 -0.3855620242359070D-02 -0.4151900846080777D-02
 -0.4469936511645481D-02 -0.4811189935552980D-02 -0.5177205349502819D-02
 -0.5569610977034191D-02 -0.5990121276662729D-02 -0.6440538920408361D-02
 -0.6922756450752015D-02 -0.7438757552817837D-02 -0.7990617871961616D-02
 -0.8580505299973954D-02 -0.9210679645803492D-02 -0.9883491599109810D-02
 -0.1060138088711690D-01 -0.1136687351721803D-01 -0.1218257798966378D-01
 -0.1305118035653951D-01 -0.1397543799522779D-01 -0.1495817195679000D-01
 -0.1600225774235481D-01 -0.1711061435385573D-01 -0.1828619145953581D-01
 -0.1953195450977673D-01 -0.2085086763529628D-01 -0.2224587415789899D-01
 -0.2371987454410942D-01 -0.2527570163454120D-01 -0.2691609298717738D-01
 -0.2864366018129603D-01 -0.3046085494105516D-01 -0.3236993195424599D-01
 -0.3437290828296519D-01 -0.3647151928947937D-01 -0.3866717103290509D-01
 -0.4096088913104862D-01 -0.4335326412736748D-01 -0.4584439345602527D-01
 -0.4843382015886158D-01 -0.5112046857718102D-01 -0.5390257731886437D-01
 -0.5677762988762663D-01 -0.5974228345633881D-01 -0.6279229637009436D-01
 -0.6592245507684699D-01 -0.6912650130347603D-01 -0.7239706042227594D-01
 -0.7572557208608828D-01 -0.7910222434820627D-01 -0.8251589262403239D-01
 -0.8595408499306685D-01 -0.8940289547944467D-01 -0.9284696708368538D-01
 -0.9626946646368070D-01 -0.9965207227467787D-01 -0.1029749792708416D+00
 -0.1062169203391506D+00 -0.1093552086728330D+00 -0.1123658022902189D+00
 -0.1152233930571758D+00 -0.1179015222711737D+00 -0.1203727247042819D+00
 -0.1226087027751015D+00 -0.1245805322197460D+00 -0.1262589002548903D+00
 -0.1276143767683586D+00 -0.1286177185329956D+00 -0.1292402058178059D+00
 -0.1294540100687703D+00 -0.1292325905547822D+00 -0.1285511170287933D+00
 -0.1273869145501656D+00 -0.1257199256640031D+00 -0.1235331841525581D+00
 -0.1208132935815455D+00 -0.1175509028825254D+00 -0.1137411702668766D+00
 -0.1093842058859059D+00 -0.1044854828670163D+00 -0.9905620570200106D-01
 -0.9311362447721738D-01 -0.8668128315513030D-01 -0.7978919008203640D-01
 -0.7247389914712679D-01 -0.6477849059155628D-01 -0.5675244139795529D-01
 -0.4845137651087028D-01 -0.3993669386948194D-01 -0.3127505838773354D-01
 -0.2253776259230009D-01 -0.1379995460726085D-01 -0.5139737517353867D-02
  0.3362852212273271D-02  0.1162697571914537D-01  0.1957221662025962D-01
  0.2711988033264791D-01  0.3419434462446751D-01  0.4072443475550702D-01
  0.4664479362797094D-01  0.5189721505979481D-01  0.5643190672702566D-01
  0.6020864859020948D-01  0.6319781277885883D-01  0.6538121201797562D-01
  0.6675274578541120D-01  0.6731881654185447D-01  0.6709849264418850D-01
  0.6612339994485072D-01  0.6443733059911565D-01  0.6209556512617022D-01
  0.5916391211420920D-01  0.5571747882626395D-01  0.5183919498352214D-01
  0.4761812075953642D-01  0.4314757808390060D-01  0.3852315132634529D-01
  0.3384060896639762D-01  0.2919380168791443D-01  0.2467259430319814D-01
  0.2036088894253366D-01  0.1633479506909479D-01  0.1266099820635015D-01
  0.9395373966576227D-02  0.6581887254643547D-02  0.4251808617223335D-02
  0.2423270837900078D-02  0.1101179254215561D-02  0.2774790894348124D-03
 -0.6822746015255775D-04  0.3226764017962666D-04  0.5370302854630898D-03
  0.1395500523478511D-02  0.2550224743340969D-02  0.3938747170413676D-02
  0.5495597713862747D-02  0.7154309332356949D-02  0.8849397202938793D-02
  0.1051823444939148D-01  0.1210276487551398D-01  0.1355100151456628D-01
  0.1481826983795411D-01  0.1586816511553255D-01  0.1667320393007036D-01
  0.1721516002749032D-01  0.1748508479827997D-01  0.1748302309279236D-01
  0.1721744583205902D-01  0.1670443156833116D-01  0.1596663895962234D-01
  0.1503212011358807D-01  0.1393303008922868D-01  0.1270429000830145D-01
  0.1138226004192268D-01  0.1000347420638213D-01  0.8603481905957777D-02
  0.7215832196762814D-02  0.5871226618632487D-02  0.4596855966041988D-02
  0.3415926290542591D-02  0.2347370356823690D-02  0.1405733152362258D-02
  0.6012141317459429D-03 -0.6015525908747783D-04 -0.5762226556046849D-03
 -0.9483392116892594D-03 -0.1180921780421663D-02 -0.1280975832406985D-02
 -0.1257600019703543D-02 -0.1121490740621446D-02 -0.8844622882709164D-03
 -0.5589953042155523D-03 -0.1578234574829672D-03  0.3064344306681518D-03
  0.8215920773721658D-03  0.1376160872805114D-02  0.1959562146704358D-02
  0.2562288155266009D-02  0.3176014955300191D-02  0.3793671635332919D-02
  0.4409471337248794D-02  0.5018910113914722D-02  0.5618739941093411D-02
  0.6206922168400313D-02  0.6782567427694913D-02  0.7345867603264371D-02
  0.7898025015911423D-02  0.8441183568270614D-02  0.8978366338861397D-02
  0.9513424091999029D-02  0.1005099938237462D-01  0.1059651177187124D-01
  0.1115617028324958D-01  0.1173702359109744D-01  0.1234705286226310D-01
  0.1299534384416803D-01
  0.0000000000000000D+00  0.1593166569677306D-06  0.1709215781327282D-06
  0.1833731361036276D-06  0.1967330894198572D-06  0.2110642308700580D-06
  0.2264559935453764D-06  0.2429764480597015D-06  0.2607329427883386D-06
  0.2797993151233465D-06  0.3002796523962924D-06  0.3222781129249572D-06
  0.3459070744961703D-06  0.3712884694389912D-06  0.3985529284570072D-06
  0.4278410502671620D-06  0.4593041543127320D-06  0.4931050135547101D-06
  0.5294187789081450D-06  0.5684339280202542D-06  0.6103532883322612D-06
  0.6553951486221356D-06  0.7037944545384422D-06  0.7558040987998886D-06
  0.8116963137899802D-06  0.8717641740742995D-06  0.9363232179951511D-06
  0.1005713197921970D-05  0.1080299969501922D-05  0.1160477531166931D-05
  0.1246670226051778D-05  0.1339335119477951D-05  0.1438964566243047D-05
  0.1546088983125087D-05  0.1661279843279348D-05  0.1785152910578630D-05
  0.1918371733434511D-05  0.2061651419246530D-05  0.2215762712368989D-05
  0.2381536400371297D-05  0.2559868075409959D-05  0.2751723279740506D-05
  0.2958143066790255D-05  0.3180250011801603D-05  0.3419254708857706D-05
  0.3676462794133718D-05  0.3953282538497082D-05  0.4251233056128290D-05
  0.4571953179671633D-05  0.4917211056575959D-05  0.5288914525773557D-05
  0.5689122338697663D-05  0.6120056293884096D-05  0.6584114360070941D-05
  0.7083884868835730D-05  0.7622161864426004D-05  0.8201961705586392D-05
  0.8826541021901866D-05  0.9499416135508300D-05  0.1022438406801205D-04
  0.1100554526216126D-04  0.1184732815827539D-04  0.1275451577672177D-04
  0.1373227446989063D-04  0.1478618502022451D-04  0.1592227627497536D-04
  0.1714706152356205D-04  0.1846757783976080D-04  0.1989142862856186D-04
  0.2142682963645305D-04  0.2308265870423430D-04  0.2486850956332324D-04
  0.2679474999997969D-04  0.2887258473706074D-04  0.3111412340992910D-04
  0.3353245404208987D-04  0.3614172245714122D-04  0.3895721809682349D-04
  0.4199546675045673D-04  0.4527433073901055D-04  0.4881311713758154D-04
  0.5263269466330115D-04  0.5675561990180316D-04  0.6120627359448342D-04
  0.6601100776102858D-04  0.7119830448721052D-04  0.7679894726688558D-04
  0.8284620584961875D-04  0.8937603561151818D-04  0.9642729253681171D-04
  0.1040419649715381D-03  0.1122654233885529D-03  0.1211466894849170D-03
  0.1307387260187053D-03  0.1410987488823491D-03  0.1522885630037927D-03
  0.1643749237649516D-03  0.1774299257290782D-03  0.1915314205745376D-03
  0.2067634662419133D-03  0.2232168094140189D-03  0.2409894035638875D-03
  0.2601869649236477D-03  0.2809235688468012D-03  0.3033222891570210D-03
  0.3275158831973549D-03  0.3536475254135746D-03  0.3818715924231610D-03
  0.4123545026356138D-03  0.4452756135987540D-03  0.4808281803475537D-03
  0.5192203781245653D-03  0.5606763929217134D-03  0.6054375833591537D-03
  0.6537637174649619D-03  0.7059342879457369D-03  0.7622499095388213D-03
  0.8230338020070300D-03  0.8886333622713592D-03  0.9594218290704250D-03
  0.1035800043380806D-02  0.1118198307623130D-02  0.1207078346406613D-02
  0.1302935371221508D-02  0.1406300251064765D-02  0.1517741790469265D-02
  0.1637869115789759D-02  0.1767334169867055D-02  0.1906834314333227D-02
  0.2057115037820029D-02  0.2218972767175919D-02  0.2393257777467369D-02
  0.2580877195020975D-02  0.2782798086036100D-02  0.3000050621344531D-02
  0.3233731305694629D-02  0.3485006257472206D-02  0.3755114522018433D-02
  0.4045371398645864D-02  0.4357171758065539D-02  0.4691993323201760D-02
  0.5051399882265653D-02  0.5437044398466586D-02  0.5850671975844227D-02
  0.6294122635389919D-02  0.6769333849882756D-02  0.7278342779685613D-02
  0.7823288145128202D-02  0.8406411664051188D-02  0.9030058975608827D-02
  0.9696679963548319D-02  0.1040882838393061D-01  0.1116916069367407D-01
  0.1198043396744338D-01  0.1284550278134314D-01  0.1376731493269997D-01
  0.1474890585603502D-01  0.1579339158627510D-01  0.1690396011148076D-01
  0.1808386094906669D-01  0.1933639277186727D-01  0.2066488890370537D-01
  0.2207270049862985D-01  0.2356317721401617D-01  0.2513964518562476D-01
  0.2680538211287521D-01  0.2856358926544622D-01  0.3041736022832675D-01
  0.3236964621211701D-01  0.3442321776925329D-01  0.3658062277547611D-01
  0.3884414055986282D-01  0.4121573209672182D-01  0.4369698620920416D-01
  0.4628906177824868D-01  0.4899262600202602D-01  0.5180778881096009D-01
  0.5473403361216741D-01  0.5777014461522753D-01  0.6091413107889446D-01
  0.6416314891590998D-01  0.6751342020054503D-01  0.7096015124076065D-01
  0.7449745000361591D-01  0.7811824381819708D-01  0.8181419842402630D-01
  0.8557563958345779D-01  0.8939147863243220D-01  0.9324914350312935D-01
  0.9713451691208121D-01  0.1010318835651180D+00  0.1049238883824527D+00
  0.1087915078888842D+00  0.1126140370403662D+00  0.1163690938630907D+00
  0.1200326443582742D+00  0.1235790501670238D+00  0.1269811414881605D+00
  0.1302103176879461D+00  0.1332366779275236D+00  0.1360291839521992D+00
  0.1385558569298358D+00  0.1407840098866924D+00  0.1426805168628947D+00
  0.1442121193926261D+00  0.1453457703041655D+00  0.1460490141322371D+00
  0.1462904026422580D+00  0.1460399430880047D+00  0.1452695758688535D+00
  0.1439536772310115D+00  0.1420695815832763D+00  0.1395981168895624D+00
  0.1365241454790468D+00  0.1328371015053642D+00  0.1285315152175762D+00
  0.1236075132100258D+00  0.1180712829314367D+00  0.1119354889946933D+00
  0.1052196282791131D+00  0.9795031050030260D-01  0.9016145088348768D-01
  0.8189436185914825D-01  0.7319773134793921D-01  0.6412747625492407D-01
  0.5474646128501354D-01  0.4512407514764209D-01  0.3533565865284357D-01
  0.2546178211137718D-01  0.1558737281766917D-01  0.5800697172488568D-02
 -0.3807793877107073D-02 -0.1314674303745825D-01 -0.2212527097951604D-01
 -0.3065444477964641D-01 -0.3864880425492602D-01 -0.4602791608370479D-01
 -0.5271792228168610D-01 -0.5865304699457499D-01 -0.6377702379872661D-01
 -0.6804440487430474D-01 -0.7142171359521116D-01 -0.7388840333435338D-01
 -0.7543758766158072D-01 -0.7607651067506895D-01 -0.7582673103168211D-01
 -0.7472399933575444D-01 -0.7281781591389602D-01 -0.7017066450709041D-01
 -0.6685692684228964D-01 -0.6296149306680777D-01 -0.5857809322350781D-01
 -0.5380738484182477D-01 -0.4875484083529045D-01 -0.4352848977681881D-01
 -0.3823656687823101D-01 -0.3298513833440187D-01 -0.2787576391426496D-01
 -0.2300326271666693D-01 -0.1845364488946225D-01 -0.1430226795967531D-01
 -0.1061227043447268D-01 -0.7433327744123188D-02 -0.4800766664816673D-02
 -0.2735064334182666D-02 -0.1241747093840751D-02 -0.3116928828278369D-03
  0.7817102194715672D-04 -0.3620476189863311D-04 -0.6074071643569480D-03
 -0.1578274823605111D-02 -0.2883856282089731D-02 -0.4453548247452190D-02
 -0.6213342752877255D-02 -0.8088107663664249D-02 -0.1000382398073280D-01
 -0.1188970618461923D-01 -0.1368013829373976D-01 -0.1531636776669009D-01
 -0.1674791071760021D-01 -0.1793363395118753D-01 -0.1884249120523554D-01
 -0.1945390249615885D-01 -0.1975777689867342D-01 -0.1975419085882890D-01
 -0.1945274630593615D-01 -0.1887164492030990D-01 -0.1803652600707685D-01
 -0.1697912446260123D-01 -0.1573581135082337D-01 -0.1434608205329869D-01
 -0.1285105561547264D-01 -0.1129204401429198D-01 -0.9709242161729649D-02
 -0.8140579323589215D-02 -0.6620761182413694D-02 -0.5180519928133454D-02
 -0.3846078364275456D-02 -0.2638823761492559D-02 -0.1575178571429845D-02
 -0.6666484208490240D-03  0.7997687137266579D-04  0.6622962516830672D-03
  0.1081872369264507D-02  0.1343736062214436D-02  0.1455846396303518D-02
  0.1428529903706071D-02  0.1273919784302254D-02  0.1005412698896298D-02
  0.6371575489782299D-03  0.1835874707348677D-03 -0.3409967823930664D-03
 -0.9227867012949523D-03 -0.1548766439051407D-02 -0.2206953427926166D-02
 -0.2886580991003623D-02 -0.3578226531998669D-02 -0.4273890363533189D-02
 -0.4967031327766830D-02 -0.5652566058897331D-02 -0.6326839049726896D-02
 -0.6987570651305566D-02 -0.7633789839117352D-02 -0.8265758117905845D-02
 -0.8884890433903215D-02 -0.9493678514918405D-02 -0.1009562177570834D-01
 -0.1069517091509566D-01 -0.1129768958491394D-01 -0.1190944047434261D-01
 -0.1253760286297872D-01 -0.1319033365133882D-01 -0.1387687764830618D-01
 -0.1460776857806964D-01
  0.0000000000000000D+00 -0.1056538816013095D-10 -0.1165793042823631D-10
 -0.1286355504356640D-10 -0.1419396652420607D-10 -0.1566172038194412D-10
 -0.1728314716392293D-10 -0.1907306513410218D-10 -0.2105197795735868D-10
 -0.2323758304578295D-10 -0.2565243699350391D-10 -0.2832054560418142D-10
 -0.3126847310733913D-10 -0.3452575863769140D-10 -0.3812500102755548D-10
 -0.4210227338851662D-10 -0.4649749567212489D-10 -0.5135483271365995D-10
 -0.5672315753126380D-10 -0.6265655699504722D-10 -0.6921489241897925D-10
 -0.7646442257735231D-10 -0.8447849398359433D-10 -0.9333830657936410D-10
 -0.1031337631714175D-09 -0.1139644117575534D-09 -0.1259404910906149D-09
 -0.1391840909246946D-09 -0.1538304396744120D-09 -0.1700293336607209D-09
 -0.1879467237079058D-09 -0.2077664766351522D-09 -0.2296923311673716D-09
 -0.2539500699969128D-09 -0.2807899321876115D-09 -0.3104892928539858D-09
 -0.3433556401039412D-09 -0.3797298826394479D-09 -0.4199900252068833D-09
 -0.4645552533223828D-09 -0.5138904734182209D-09 -0.5685113598203838D-09
 -0.6289899658382331D-09 -0.6959609627947993D-09 -0.7701285781294799D-09
 -0.8522743118514650D-09 -0.9432655197101128D-09 -0.1044064961587076D-08
 -0.1155741424926498D-08 -0.1279481545640317D-08 -0.1416602963007887D-08
 -0.1568568960802832D-08 -0.1737004764414703D-08 -0.1923715683300625D-08
 -0.2130707309938947D-08 -0.2360208010826485D-08 -0.2614693972257978D-08
 -0.2896917093978768D-08 -0.3209936057676480D-08 -0.3557150935082707D-08
 -0.3942341742647820D-08 -0.4369711396839479D-08 -0.4843933576665063D-08
 -0.5370206058662581D-08 -0.5954310155048481D-08 -0.6602676958740068D-08
 -0.7322461180459950D-08 -0.8121623454056626D-08 -0.9009022087624860D-08
 -0.9994515351193310D-08 -0.1108907551801213D-07 -0.1230491601732089D-07
 -0.1365563321357719D-07 -0.1515636450233748D-07 -0.1682396460836932D-07
 -0.1867720218944108D-07 -0.2073697909213050D-07 -0.2302657487676503D-07
 -0.2557191953040346D-07 -0.2840189762309712D-07 -0.3154868753742269D-07
 -0.3504813981876769D-07 -0.3894019915887275D-07 -0.4326937504299263D-07
 -0.4808526666762348D-07 -0.5344314837757330D-07 -0.5940462258544507D-07
 -0.6603834793134628D-07 -0.7342085132467694D-07 -0.8163743349293605D-07
 -0.9078317875542632D-07 -0.1009640809544428D-06 -0.1122982988261332D-06
 -0.1249175555922307D-06 -0.1389686992182343D-06 -0.1546154416309316D-06
 -0.1720402972377656D-06 -0.1914467433636748D-06 -0.2130616277410547D-06
 -0.2371378509809291D-06 -0.2639573550464417D-06 -0.2938344521739630D-06
 -0.3271195324761358D-06 -0.3642031926517029D-06 -0.4055208328589185D-06
 -0.4515577739264355D-06 -0.5028549527250302D-06 -0.5600152597570053D-06
 -0.6237105898932817D-06 -0.6946896847615419D-06 -0.7737868536275228D-06
 -0.8619316687860705D-06 -0.9601597415644895D-06 -0.1069624696119209D-05
 -0.1191611470364932D-05 -0.1327551086705693D-05 -0.1479037049838506D-05
 -0.1647843544877137D-05 -0.1835945626506291D-05 -0.2045541608941518D-05
 -0.2279077887258907D-05 -0.2539276443297707D-05 -0.2829165313959157D-05
 -0.3152112326460733D-05 -0.3511862434092856D-05 -0.3912579017403540D-05
 -0.4358889549641817D-05 -0.4855936061857846D-05 -0.5409430882415598D-05
 -0.6025718167942781D-05 -0.6711841788031699D-05 -0.7475620174405422D-05
 -0.8325728796846703D-05 -0.9271790982996237D-05 -0.1032447785717027D-04
 -0.1149561823459181D-04 -0.1279831937179142D-04 -0.1424709954126291D-04
 -0.1585803346854117D-04 -0.1764891174239056D-04 -0.1963941538334947D-04
 -0.2185130683193778D-04 -0.2430863869473627D-04 -0.2703798166346593D-04
 -0.3006867309812752D-04 -0.3343308783899688D-04 -0.3716693288236699D-04
 -0.4130956761968101D-04 -0.4590435139711106D-04 -0.5099902020038491D-04
 -0.5664609430506063D-04 -0.6290331875241924D-04 -0.6983413851216552D-04
 -0.7750821017122053D-04 -0.8600195193855198D-04 -0.9539913367418956D-04
 -0.1057915085306865D-03 -0.1172794876311128D-03 -0.1299728589923252D-03
 -0.1439915516282916D-03 -0.1594664454274719D-03 -0.1765402269819302D-03
 -0.1953682910445144D-03 -0.2161196866941461D-03 -0.2389781065874687D-03
 -0.2641429168569067D-03 -0.2918302242693010D-03 -0.3222739761743705D-03
 -0.3557270875369063D-03 -0.3924625879497778D-03 -0.4327747799560869D-03
 -0.4769803982584567D-03 -0.5254197574534437D-03 -0.5784578737927818D-03
 -0.6364855441366961D-03 -0.6999203627266422D-03 -0.7692076536681581D-03
 -0.8448212940859597D-03 -0.9272643998054088D-03 -0.1017069842145449D-02
 -0.1114800561004150D-02 -0.1221049635913378D-02 -0.1336440073178184D-02
 -0.1461624263654515D-02 -0.1597283062223978D-02 -0.1744124436678415D-02
 -0.1902881630628222D-02 -0.2074310782311089D-02 -0.2259187938935510D-02
 -0.2458305404598089D-02 -0.2672467359036413D-02 -0.2902484684709384D-02
 -0.3149168941139987D-02 -0.3413325428329109D-02 -0.3695745285578025D-02
 -0.3997196578474626D-02 -0.4318414335308392D-02 -0.4660089505020477D-02
 -0.5022856822112070D-02 -0.5407281579930227D-02 -0.5813845332508910D-02
 -0.6242930566768948D-02 -0.6694804411394416D-02 -0.7169601476082708D-02
 -0.7667305945023607D-02 -0.8187733081233852D-02 -0.8730510333514024D-02
 -0.9295058274958560D-02 -0.9880571640686770D-02 -0.1048600077220304D-01
 -0.1111003381583407D-01 -0.1175108006218911D-01 -0.1240725485155443D-01
 -0.1307636650541827D-01 -0.1375590577562456D-01 -0.1444303832850826D-01
 -0.1513460080015874D-01 -0.1582710096892928D-01 -0.1651672259058537D-01
 -0.1719933542809067D-01 -0.1787051097995845D-01 -0.1852554436635733D-01
 -0.1915948276887901D-01 -0.1976716073639363D-01 -0.2034324256444748D-01
 -0.2088227182844088D-01 -0.2137872800133053D-01 -0.2182708991574278D-01
 -0.2222190564022273D-01 -0.2255786813329810D-01 -0.2282989582199405D-01
 -0.2303321702981707D-01 -0.2316345696084108D-01 -0.2321672574023350D-01
 -0.2318970582667280D-01 -0.2307973695757100D-01 -0.2288489667140575D-01
 -0.2260407437812025D-01 -0.2223703692117212D-01 -0.2178448359283816D-01
 -0.2124808862877907D-01 -0.2063052931442434D-01 -0.1993549799172329D-01
 -0.1916769646249885D-01 -0.1833281155425879D-01 -0.1743747096003969D-01
 -0.1648917888441323D-01 -0.1549623153112751D-01 -0.1446761303562840D-01
 -0.1341287306116997D-01 -0.1234198790901206D-01 -0.1126520760762860D-01
 -0.1019289200815454D-01 -0.9135339391566287D-02 -0.8102611461566713D-02
 -0.7104358837484908D-02 -0.6149651264472904D-02 -0.5246816722624309D-02
 -0.4403293449487762D-02 -0.3625498604632058D-02 -0.2918716917809610D-02
 -0.2287012193014467D-02 -0.1733164008077755D-02 -0.1258631369772408D-02
 -0.8635444701962354D-03 -0.5467250495594674D-03 -0.3057352075068126D-03
 -0.1369538213317936D-03 -0.3567902644605752D-04  0.3745502991966645D-05
 -0.1221654430148198D-04 -0.7645834922942453D-04 -0.1814069980326548D-03
 -0.3192084451163553D-03 -0.4819151422552912D-03 -0.6616709083548420D-03
 -0.8508877141326823D-03 -0.1042409431765454D-02 -0.1229658213906192D-02
 -0.1406759934365850D-02 -0.1568645940678433D-02 -0.1711129155031755D-02
 -0.1830953289895583D-02 -0.1925814650420383D-02 -0.1994356734931004D-02
 -0.2036138656430711D-02 -0.2051579284331240D-02 -0.2041879890405134D-02
 -0.2008928894281397D-02 -0.1955192954723337D-02 -0.1883599078004061D-02
 -0.1797412572827579D-02 -0.1700115566124635D-02 -0.1595290425510429D-02
 -0.1486511855915080D-02 -0.1377250708565166D-02 -0.1270791725361422D-02
 -0.1170166605887677D-02 -0.1078102985558063D-02 -0.9969891981236139D-03
 -0.9288540960857909D-03 -0.8753607359901862D-03 -0.8378124059182228D-03
 -0.8171692731636757D-03 -0.8140738438692514D-03 -0.8288834337027812D-03
 -0.8617079333727392D-03 -0.9124512772326782D-03 -0.9808551950201895D-03
 -0.1066544003301477D-02 -0.1169069393472228D-02 -0.1287954343157831D-02
 -0.1422735526010541D-02 -0.1573003720107189D-02 -0.1738441990598454D-02
 -0.1918861561463296D-02 -0.2114235522232696D-02 -0.2324730691986768D-02
 -0.2550738137999374D-02 -0.2792902994969175D-02 -0.3052154351798571D-02
 -0.3329736064259944D-02 -0.3627239423134360D-02 -0.3946638668373004D-02
 -0.4290330415480358D-02 -0.4661178168708997D-02 -0.5062563272063590D-02
 -0.5498443938844116D-02 -0.5973424403515452D-02 -0.6492836998043225D-02
 -0.7062840584621605D-02 -0.7690541769494679D-02 -0.8384142092514549D-02
 -0.9153135599159094D-02
  0.0000000000000000D+00  0.2095353388230678D-10  0.2312028434766802D-10
  0.2551130127461132D-10  0.2814979716599534D-10  0.3106067221379381D-10
  0.3427631311960107D-10  0.3782610776998540D-10  0.4175071893916171D-10
  0.4608524444055660D-10  0.5087441861156547D-10  0.5616584987542966D-10
  0.6201222059817852D-10  0.6847211292489135D-10  0.7561017700959401D-10
  0.8349795320288482D-10  0.9221461089967713D-10  0.1018477379492104D-09
  0.1124942594651605D-09  0.1242614406655481D-09  0.1372679986375375D-09
  0.1516453379003246D-09  0.1675389193627015D-09  0.1851097788339261D-09
  0.2045362116223108D-09  0.2260156413507969D-09  0.2497666935134382D-09
  0.2760314964686892D-09  0.3050782351172770D-09  0.3372039853733114D-09
  0.3727378606929597D-09  0.4120445054525666D-09  0.4555279738973760D-09
  0.5036360377588369D-09  0.5568649705167398D-09  0.6157648617190859D-09
  0.6809455208323309D-09  0.7530830368495908D-09  0.8329270674150334D-09
  0.9213089396188198D-09  0.1019150653978958D-08  0.1127474893566246D-08
  0.1247416151871275D-08  0.1380233105997665D-08  0.1527322376249492D-08
  0.1690233829336938D-08  0.1870687600447362D-08  0.2070593029535654D-08
  0.2292069729620723D-08  0.2537471029904239D-08  0.2809410064455520D-08
  0.3110788808369603D-08  0.3444830398080426D-08  0.3815115111317143D-08
  0.4225620425498535D-08  0.4680765621689914D-08  0.5185461455184087D-08
  0.5745165473962599D-08  0.6365943633473772D-08  0.7054538931139331D-08
  0.7818447867676663D-08  0.8666005635707408D-08  0.9606481040339482D-08
  0.1065018227271301D-07  0.1180857478728877D-07  0.1309441267848939D-07
  0.1452188511391393D-07  0.1610677956167238D-07  0.1786666375058112D-07
  0.1982108852642715D-07  0.2199181401791783D-07  0.2440306180526269D-07
  0.2708179609589486D-07  0.3005803725931867D-07  0.3336521146056521D-07
  0.3704054056380928D-07  0.4112547695941585D-07  0.4566618850467790D-07
  0.5071409936703205D-07  0.5632649322555132D-07  0.6256718602972451D-07
  0.6950727634250415D-07  0.7722598221684031D-07  0.8581157458193987D-07
  0.9536241825898290D-07  0.1059881329989098D-06  0.1178108883514896D-06
  0.1309668477510271D-06  0.1456077789573035D-06  0.1619028499400260D-06
  0.1800406314625918D-06  0.2002313300300049D-06  0.2227092775423413D-06
  0.2477357069680274D-06  0.2756018466520253D-06  0.3066323695376622D-06
  0.3411892376456753D-06  0.3796759866621673D-06  0.4225425004849307D-06
  0.4702903311156724D-06  0.5234786254197998D-06  0.5827307270664308D-06
  0.6487415294757874D-06  0.7222856639119195D-06  0.8042266160449996D-06
  0.8955268744558068D-06  0.9972592257593063D-06  0.1110619323386722D-05
  0.1236939670696658D-05  0.1377705174105698D-05  0.1534570438466655D-05
  0.1709378995118020D-05  0.1904184673031163D-05  0.2121275345453231D-05
  0.2363199308556508D-05  0.2632794575042399D-05  0.2933221394606327D-05
  0.3267998344856351D-05  0.3641042370911392D-05  0.4056713189716660D-05
  0.4519862516343229D-05  0.5035888614438804D-05  0.5610796721825434D-05
  0.6251265955265001D-05  0.6964723355904954D-05  0.7759425799149566D-05
  0.8644550559946788D-05  0.9630295397004964D-05  0.1072798909751263D-04
  0.1195021350776820D-04  0.1331093816494898D-04  0.1482566874124435D-04
  0.1651161061388584D-04  0.1838784898331208D-04  0.2047554707682949D-04
  0.2279816409660021D-04  0.2538169469844279D-04  0.2825493192147494D-04
  0.3144975562762823D-04  0.3500144865390876D-04  0.3894904302815803D-04
  0.4333569874993762D-04  0.4820911779069815D-04  0.5362199611996649D-04
  0.5963251671490884D-04  0.6630488665689052D-04  0.7370992155770933D-04
  0.8192568068663892D-04  0.9103815628332609D-04  0.1011420206363272D-03
  0.1123414345773361D-03  0.1247509210808155D-03  0.1384963076608438D-03
  0.1537157412136222D-03  0.1705607788563162D-03  0.1891975581507835D-03
  0.2098080498630748D-03  0.2325913960841058D-03  0.2577653361099554D-03
  0.2855677219370295D-03  0.3162581245516302D-03  0.3501195313679569D-03
  0.3874601341744395D-03  0.4286152057658966D-03  0.4739490620473580D-03
  0.5238571047729010D-03  0.5787679382071305D-03  0.6391455508454850D-03
  0.7054915508797530D-03  0.7783474413251767D-03  0.8582969176144599D-03
  0.9459681669929113D-03  0.1042036145201521D-02  0.1147224801698277D-02
  0.1262309220034255D-02  0.1388117634967947D-02  0.1525533282473754D-02
  0.1675496032992582D-02  0.1839003752108350D-02  0.2017113326350816D-02
  0.2210941285073822D-02  0.2421663942407182D-02  0.2650516976217563D-02
  0.2898794353948717D-02  0.3167846508279050D-02  0.3459077658897682D-02
  0.3773942170552670D-02  0.4113939832094761D-02  0.4480609936790866D-02
  0.4875524041014991D-02  0.5300277276880178D-02  0.5756478094827989D-02
  0.6245736315050579D-02  0.6769649372315426D-02  0.7329786647740305D-02
  0.7927671793788610D-02  0.8564762975627072D-02  0.9242430973483299D-02
  0.9961935117044721D-02  0.1072439705465854D-01  0.1153077239728834D-01
  0.1238182032006592D-01  0.1327807125288723D-01  0.1421979284579597D-01
  0.1520695445470219D-01  0.1623919045797263D-01  0.1731576278411562D-01
  0.1843552310448507D-01  0.1959687522175310D-01  0.2079773826371275D-01
  0.2203551137138535D-01  0.2330704064874435D-01  0.2460858921667090D-01
  0.2593581128374591D-01  0.2728373120857814D-01  0.2864672857966410D-01
  0.3001853037607073D-01  0.3139221129203882D-01  0.3276020330720019D-01
  0.3411431555757887D-01  0.3544576550691943D-01  0.3674522232920790D-01
  0.3800286328780392D-01  0.3920844373109386D-01  0.4035138111645507D-01
  0.4142085322207859D-01  0.4240591040977883D-01  0.4329560146312105D-01
  0.4407911214811794D-01  0.4474591523514789D-01  0.4528593029033553D-01
  0.4568969110513836D-01  0.4594851819977239D-01  0.4605469342697815D-01
  0.4600163333591930D-01  0.4578405764948679D-01  0.4539814897695066D-01
  0.4484169973836755D-01  0.4411424222275855D-01  0.4321715773770448D-01
  0.4215376093558090D-01  0.4092935561281439D-01  0.3955125858769639D-01
  0.3802878867396511D-01  0.3637321830183018D-01  0.3459768602349440D-01
  0.3271706897402687D-01  0.3074781535645047D-01  0.2870773814573161D-01
  0.2661577242683048D-01  0.2449170003487118D-01  0.2235584638403599D-01
  0.2022875548702069D-01  0.1813085011552075D-01  0.1608208478315342D-01
  0.1410159970906589D-01  0.1220738412490973D-01  0.1041595721736050D-01
  0.8742074667065749D-02  0.7198468178252618D-02  0.5795624625660452D-02
  0.4541610514978828D-02  0.3441946396733395D-02  0.2499534724083665D-02
  0.1714643427062309D-02  0.1084946205462687D-02  0.6056192279973805D-03
  0.2694925696477113D-03  0.6725332538600446D-04 -0.1230408389558387D-04
  0.1801367461003646D-04  0.1441244094013758D-03  0.3510213607051489D-03
  0.6231398821421632D-03  0.9447294184241049D-03  0.1300220021500398D-02
  0.1674572845212856D-02  0.2053604802338986D-02  0.2424278785083176D-02
  0.2774952372184726D-02  0.3095579567830605D-02  0.3377861677475118D-02
  0.3615344874102147D-02  0.3803463409022961D-02  0.3939528887837850D-02
  0.4022667641508276D-02  0.4053709959501261D-02  0.4035036705394960D-02
  0.3970390442950430D-02  0.3864659490281805D-02  0.3723644161787901D-02
  0.3553814770543168D-02  0.3362070735398513D-02  0.3155509406424340D-02
  0.2941212076125794D-02  0.2726053198362531D-02  0.2516537221433282D-02
  0.2318665785392856D-02  0.2137836450808041D-02  0.1978772708687268D-02
  0.1845483832970208D-02  0.1741252212372762D-02  0.1668645145104530D-02
  0.1629547684941512D-02  0.1625212956253410D-02  0.1656326370018260D-02
  0.1723080340864856D-02  0.1825256351950456D-02  0.1962311555550640D-02
  0.2133467447951337D-02  0.2337798555857347D-02  0.2574319410338040D-02
  0.2842068580430781D-02  0.3140188789812814D-02  0.3468002692886628D-02
  0.3825084168360243D-02  0.4211325455039820D-02  0.4627000813423054D-02
  0.5072827754421323D-02  0.5550027183011443D-02  0.6060384058048893D-02
  0.6606310365832604D-02  0.7190912363227824D-02  0.7818064185466203D-02
  0.8492490082744280D-02  0.9219857782294564D-02  0.1000688583526403D-01
  0.1086146838475041D-01  0.1179282157459216D-01  0.1281165727412640D-01
  0.1393039094937700D-01  0.1516339625879234D-01  0.1652731232137744D-01
  0.1804145102394417D-01
