  1    0  0  0   4  1  GM 1  2  1  2
 -1.85388 -1.76619
 0.0000 0.0002 0.9953 0.0000
 0.0000 0.0001 0.9957 0.0000
  1    0  0  0   4  1  GM 2  2  1  2
 -1.85065 -1.75687
 0.0000 0.0001 0.9954 0.0000
 0.0000 0.0001 0.9967 0.0000
  1    0  0  0   4  1  GM 5  2  1  3
 -1.85306 -1.76620 -1.75693
 0.0000 0.0001 0.9956 0.0000
 0.0000 0.0002 0.9951 0.0000
 0.0000 0.0000 0.9970 0.0000
  1    0  0  0   4  1  GM 6  2  1  3
 -1.84951 -1.76568 -1.75666
 0.0000 0.0001 0.9955 0.0000
 0.0000 0.0000 0.9943 0.0000
 0.0000 0.0001 0.9967 0.0000
  2    0  0  1   4  1  LD 1  2  2  4
 -1.85311 -1.85036 -1.76512 -1.75671
 0.0000 0.0002 0.9951 0.0000
 0.0000 0.0001 0.9953 0.0000
 0.0000 0.0001 0.9953 0.0000
 0.0000 0.0001 0.9966 0.0000
  2    0  0  1   4  1  LD 3  2  2  6
 -1.85256 -1.84943 -1.76607 -1.76547 -1.75672 -1.75658
 0.0000 0.0001 0.9955 0.0000
 0.0000 0.0001 0.9955 0.0000
 0.0000 0.0002 0.9950 0.0000
 0.0000 0.0000 0.9943 0.0000
 0.0000 0.0001 0.9966 0.0000
 0.0000 0.0000 0.9968 0.0000
  3    0  0  2   4  1  LD 1  2  2  4
 -1.85306 -1.85042 -1.76492 -1.75708
 0.0000 0.0002 0.9952 0.0000
 0.0000 0.0001 0.9953 0.0000
 0.0000 0.0001 0.9954 0.0001
 0.0000 0.0001 0.9964 0.0001
  3    0  0  2   4  1  LD 3  2  2  6
 -1.85227 -1.84915 -1.76576 -1.76515 -1.75705 -1.75654
 0.0000 0.0001 0.9955 0.0000
 0.0000 0.0001 0.9954 0.0000
 0.0000 0.0002 0.9949 0.0000
 0.0000 0.0000 0.9944 0.0000
 0.0000 0.0001 0.9965 0.0000
 0.0000 0.0001 0.9966 0.0000
  4    0  0  3   4  1  LD 1  2  2  4
 -1.85286 -1.85048 -1.76449 -1.75773
 0.0000 0.0002 0.9952 0.0000
 0.0000 0.0001 0.9953 0.0000
 0.0000 0.0002 0.9954 0.0001
 0.0000 0.0001 0.9963 0.0001
  4    0  0  3   4  1  LD 3  2  2  6
 -1.85196 -1.84938 -1.76554 -1.76479 -1.75755 -1.75698
 0.0000 0.0001 0.9955 0.0001
 0.0000 0.0001 0.9955 0.0000
 0.0000 0.0003 0.9949 0.0000
 0.0000 0.0000 0.9945 0.0000
 0.0000 0.0002 0.9962 0.0000
 0.0000 0.0000 0.9965 0.0000
  5    0  0  4   4  1  LD 1  2  2  4
 -1.85292 -1.85096 -1.76416 -1.75872
 0.0000 0.0003 0.9953 0.0001
 0.0000 0.0002 0.9954 0.0000
 0.0000 0.0002 0.9956 0.0001
 0.0000 0.0002 0.9961 0.0001
  5    0  0  4   4  1  LD 3  2  2  6
 -1.85169 -1.84980 -1.76553 -1.76446 -1.75840 -1.75751
 0.0000 0.0002 0.9956 0.0001
 0.0000 0.0001 0.9956 0.0001
 0.0000 0.0003 0.9951 0.0001
 0.0000 0.0001 0.9948 0.0000
 0.0000 0.0002 0.9961 0.0001
 0.0000 0.0000 0.9964 0.0000
  6    0  0  5   4  1  LD 1  2  2  4
 -1.85276 -1.85093 -1.76361 -1.75914
 0.0000 0.0003 0.9954 0.0001
 0.0000 0.0002 0.9954 0.0001
 0.0000 0.0002 0.9957 0.0001
 0.0000 0.0002 0.9958 0.0001
  6    0  0  5   4  1  LD 3  2  2  6
 -1.85126 -1.84984 -1.76530 -1.76399 -1.75876 -1.75782
 0.0000 0.0002 0.9957 0.0001
 0.0000 0.0001 0.9955 0.0001
 0.0000 0.0003 0.9951 0.0001
 0.0000 0.0001 0.9949 0.0000
 0.0000 0.0002 0.9959 0.0001
 0.0000 0.0000 0.9963 0.0000
  7    0  0  6   4  1  Z  1  2  1  2
 -1.85107 -1.75942
 0.0000 0.0002 0.9954 0.0001
 0.0000 0.0002 0.9958 0.0001
  7    0  0  6   4  1  Z  2  2  1  2
 -1.85237 -1.76272
 0.0000 0.0003 0.9953 0.0001
 0.0000 0.0002 0.9954 0.0001
  7    0  0  6   4  1  Z  5  2  1  3
 -1.84932 -1.76368 -1.75834
 0.0000 0.0001 0.9952 0.0001
 0.0000 0.0001 0.9949 0.0000
 0.0000 0.0002 0.9955 0.0001
  7    0  0  6   4  1  Z  6  2  1  3
 -1.85012 -1.76483 -1.75736
 0.0000 0.0002 0.9954 0.0001
 0.0000 0.0004 0.9950 0.0001
 0.0000 0.0000 0.9960 0.0000
  8    0  1  0   4  1  XP 1  2  6 10
 -1.85403 -1.85263 -1.85094 -1.84955 -1.76643 -1.76578 -1.76395 -1.75945
 -1.75808 -1.75686
 0.0000 0.0002 0.9957 0.0001
 0.0000 0.0001 0.9956 0.0001
 0.0000 0.0001 0.9956 0.0001
 0.0000 0.0001 0.9955 0.0000
 0.0000 0.0002 0.9953 0.0001
 0.0000 0.0001 0.9952 0.0001
 0.0000 0.0001 0.9952 0.0000
 0.0001 0.0002 0.9962 0.0001
 0.0000 0.0001 0.9967 0.0000
 0.0000 0.0001 0.9967 0.0000
  9    0  1  1   4  1  XP 1  2  6 10
 -1.85404 -1.85230 -1.85105 -1.84949 -1.76674 -1.76528 -1.76378 -1.75979
 -1.75814 -1.75648
 0.0000 0.0001 0.9956 0.0000
 0.0001 0.0002 0.9956 0.0001
 0.0001 0.0001 0.9956 0.0001
 0.0000 0.0001 0.9955 0.0000
 0.0000 0.0001 0.9953 0.0000
 0.0001 0.0001 0.9950 0.0001
 0.0000 0.0001 0.9952 0.0000
 0.0001 0.0002 0.9961 0.0001
 0.0000 0.0000 0.9967 0.0000
 0.0000 0.0001 0.9968 0.0000
 10    0  1  2   4  1  XP 1  2  6 10
 -1.85415 -1.85215 -1.85087 -1.84931 -1.76683 -1.76493 -1.76347 -1.76011
 -1.75832 -1.75625
 0.0000 0.0001 0.9956 0.0000
 0.0001 0.0002 0.9956 0.0001
 0.0001 0.0001 0.9955 0.0001
 0.0000 0.0001 0.9955 0.0000
 0.0000 0.0001 0.9953 0.0000
 0.0001 0.0001 0.9951 0.0001
 0.0001 0.0001 0.9952 0.0000
 0.0001 0.0001 0.9959 0.0001
 0.0000 0.0000 0.9967 0.0000
 0.0000 0.0001 0.9967 0.0000
 11    0  1  3   4  1  XP 1  2  6 10
 -1.85398 -1.85163 -1.85069 -1.84887 -1.76662 -1.76434 -1.76299 -1.76032
 -1.75824 -1.75603
 0.0000 0.0002 0.9955 0.0000
 0.0001 0.0002 0.9954 0.0001
 0.0001 0.0001 0.9955 0.0001
 0.0000 0.0001 0.9954 0.0000
 0.0000 0.0002 0.9952 0.0000
 0.0001 0.0001 0.9950 0.0001
 0.0001 0.0001 0.9952 0.0001
 0.0002 0.0001 0.9958 0.0001
 0.0000 0.0000 0.9965 0.0000
 0.0000 0.0001 0.9966 0.0000
 12    0  1  4   4  1  XP 1  2  6 10
 -1.85403 -1.85209 -1.85046 -1.84947 -1.76664 -1.76446 -1.76315 -1.76030
 -1.75873 -1.75665
 0.0000 0.0002 0.9956 0.0000
 0.0001 0.0001 0.9955 0.0001
 0.0001 0.0001 0.9956 0.0001
 0.0000 0.0001 0.9956 0.0000
 0.0000 0.0002 0.9953 0.0001
 0.0001 0.0001 0.9952 0.0001
 0.0001 0.0001 0.9954 0.0000
 0.0002 0.0001 0.9957 0.0001
 0.0000 0.0000 0.9964 0.0000
 0.0000 0.0001 0.9966 0.0000
 13    0  1  5   4  1  XP 1  2  6 10
 -1.85318 -1.85183 -1.84950 -1.84895 -1.76581 -1.76401 -1.76253 -1.75963
 -1.75823 -1.75668
 0.0000 0.0002 0.9954 0.0001
 0.0001 0.0001 0.9954 0.0001
 0.0001 0.0001 0.9954 0.0001
 0.0000 0.0001 0.9953 0.0001
 0.0000 0.0002 0.9951 0.0001
 0.0001 0.0001 0.9951 0.0001
 0.0001 0.0001 0.9952 0.0000
 0.0002 0.0001 0.9956 0.0001
 0.0000 0.0001 0.9959 0.0001
 0.0000 0.0001 0.9963 0.0001
 14    0  1  6   4  1  XP 1  2  6 10
 -1.85333 -1.85227 -1.84988 -1.84961 -1.76593 -1.76444 -1.76279 -1.75982
 -1.75856 -1.75763
 0.0001 0.0002 0.9955 0.0001
 0.0001 0.0001 0.9955 0.0001
 0.0000 0.0001 0.9956 0.0001
 0.0001 0.0001 0.9955 0.0001
 0.0001 0.0003 0.9952 0.0001
 0.0001 0.0001 0.9952 0.0001
 0.0000 0.0001 0.9955 0.0000
 0.0001 0.0001 0.9958 0.0001
 0.0001 0.0001 0.9959 0.0001
 0.0000 0.0001 0.9964 0.0001
 15    0  2  0   4  1  XP 1  2  6 10
 -1.85340 -1.85210 -1.85044 -1.84967 -1.76581 -1.76411 -1.76208 -1.76101
 -1.75944 -1.75800
 0.0000 0.0002 0.9957 0.0001
 0.0001 0.0001 0.9955 0.0001
 0.0001 0.0001 0.9957 0.0001
 0.0000 0.0001 0.9955 0.0001
 0.0000 0.0002 0.9954 0.0001
 0.0001 0.0001 0.9953 0.0001
 0.0001 0.0001 0.9954 0.0001
 0.0001 0.0001 0.9957 0.0001
 0.0000 0.0001 0.9962 0.0000
 0.0000 0.0002 0.9963 0.0001
 16    0  2  1   4  1  XP 1  2  6 10
 -1.85350 -1.85201 -1.85018 -1.84966 -1.76606 -1.76405 -1.76227 -1.76084
 -1.75942 -1.75715
 0.0000 0.0002 0.9956 0.0001
 0.0002 0.0001 0.9954 0.0001
 0.0002 0.0001 0.9956 0.0001
 0.0000 0.0001 0.9956 0.0001
 0.0000 0.0002 0.9953 0.0001
 0.0002 0.0001 0.9952 0.0001
 0.0001 0.0001 0.9953 0.0001
 0.0002 0.0001 0.9957 0.0001
 0.0001 0.0000 0.9962 0.0000
 0.0000 0.0001 0.9964 0.0001
 17    0  2  2   4  1  XP 1  2  6 10
 -1.85383 -1.85213 -1.85010 -1.84953 -1.76648 -1.76413 -1.76246 -1.76077
 -1.75940 -1.75656
 0.0000 0.0002 0.9956 0.0001
 0.0002 0.0001 0.9954 0.0001
 0.0002 0.0001 0.9956 0.0001
 0.0000 0.0001 0.9957 0.0000
 0.0000 0.0002 0.9953 0.0001
 0.0002 0.0001 0.9951 0.0001
 0.0001 0.0001 0.9953 0.0000
 0.0003 0.0001 0.9957 0.0001
 0.0001 0.0000 0.9963 0.0000
 0.0000 0.0001 0.9966 0.0001
 18    0  2  3   4  1  XP 1  2  6 10
 -1.85378 -1.85174 -1.84957 -1.84883 -1.76647 -1.76385 -1.76198 -1.76044
 -1.75899 -1.75560
 0.0000 0.0001 0.9955 0.0000
 0.0002 0.0001 0.9952 0.0001
 0.0003 0.0000 0.9955 0.0001
 0.0000 0.0001 0.9955 0.0000
 0.0000 0.0001 0.9952 0.0000
 0.0003 0.0001 0.9950 0.0001
 0.0001 0.0000 0.9951 0.0000
 0.0003 0.0001 0.9956 0.0001
 0.0001 0.0000 0.9961 0.0000
 0.0000 0.0001 0.9966 0.0000
 19    0  2  4   4  1  F  1  2  3  5
 -1.85191 -1.84907 -1.76396 -1.76220 -1.75575
 0.0003 0.0001 0.9952 0.0001
 0.0000 0.0001 0.9956 0.0000
 0.0003 0.0001 0.9950 0.0001
 0.0001 0.0000 0.9951 0.0000
 0.0000 0.0001 0.9968 0.0000
 19    0  2  4   4  1  F  2  2  3  5
 -1.85408 -1.84979 -1.76681 -1.76060 -1.75917
 0.0000 0.0001 0.9956 0.0000
 0.0003 0.0000 0.9956 0.0001
 0.0000 0.0001 0.9953 0.0000
 0.0003 0.0000 0.9958 0.0001
 0.0001 0.0000 0.9962 0.0000
 20    1  0  1   4  1  YP 1  2  6 10
 -1.85357 -1.85205 -1.85081 -1.84941 -1.76603 -1.76558 -1.76338 -1.75907
 -1.75798 -1.75688
 0.0000 0.0002 0.9956 0.0001
 0.0000 0.0002 0.9954 0.0001
 0.0000 0.0001 0.9956 0.0001
 0.0000 0.0001 0.9954 0.0000
 0.0000 0.0002 0.9953 0.0001
 0.0000 0.0001 0.9950 0.0001
 0.0000 0.0001 0.9952 0.0000
 0.0000 0.0001 0.9962 0.0001
 0.0000 0.0002 0.9963 0.0001
 0.0000 0.0001 0.9967 0.0000
 21    1  0  2   4  1  YP 1  2  6 10
 -1.85374 -1.85222 -1.85082 -1.84962 -1.76607 -1.76567 -1.76326 -1.75948
 -1.75820 -1.75732
 0.0000 0.0002 0.9956 0.0001
 0.0000 0.0002 0.9956 0.0001
 0.0000 0.0001 0.9956 0.0001
 0.0000 0.0001 0.9955 0.0001
 0.0000 0.0002 0.9954 0.0001
 0.0000 0.0001 0.9951 0.0001
 0.0000 0.0001 0.9953 0.0000
 0.0000 0.0001 0.9961 0.0001
 0.0001 0.0002 0.9962 0.0001
 0.0000 0.0001 0.9967 0.0001
 22    1  0  3   4  1  YP 1  2  6 10
 -1.85325 -1.85146 -1.85071 -1.84937 -1.76564 -1.76496 -1.76265 -1.75967
 -1.75816 -1.75728
 0.0001 0.0002 0.9955 0.0001
 0.0000 0.0002 0.9954 0.0001
 0.0000 0.0001 0.9956 0.0001
 0.0000 0.0001 0.9954 0.0001
 0.0001 0.0002 0.9952 0.0001
 0.0000 0.0001 0.9949 0.0001
 0.0000 0.0001 0.9954 0.0001
 0.0000 0.0001 0.9958 0.0001
 0.0001 0.0002 0.9961 0.0001
 0.0000 0.0001 0.9965 0.0001
 23    1  0  4   4  1  YP 1  2  6 10
 -1.85306 -1.85204 -1.85032 -1.84952 -1.76573 -1.76466 -1.76262 -1.75987
 -1.75846 -1.75745
 0.0001 0.0002 0.9955 0.0001
 0.0001 0.0001 0.9955 0.0001
 0.0000 0.0002 0.9955 0.0001
 0.0001 0.0001 0.9955 0.0001
 0.0001 0.0003 0.9952 0.0001
 0.0000 0.0001 0.9950 0.0001
 0.0000 0.0001 0.9955 0.0001
 0.0000 0.0002 0.9957 0.0001
 0.0001 0.0001 0.9961 0.0001
 0.0000 0.0001 0.9963 0.0001
 24    1  0  5   4  1  YP 1  2  6 10
 -1.85300 -1.85185 -1.84970 -1.84918 -1.76560 -1.76417 -1.76234 -1.75963
 -1.75820 -1.75752
 0.0001 0.0002 0.9954 0.0001
 0.0001 0.0001 0.9954 0.0001
 0.0000 0.0002 0.9955 0.0001
 0.0001 0.0001 0.9953 0.0001
 0.0001 0.0003 0.9952 0.0001
 0.0001 0.0001 0.9950 0.0001
 0.0000 0.0001 0.9954 0.0000
 0.0001 0.0001 0.9956 0.0001
 0.0001 0.0002 0.9959 0.0001
 0.0000 0.0001 0.9962 0.0001
 25    1  1  0   4  1  SM 1  2  6 10
 -1.85318 -1.85164 -1.85071 -1.84930 -1.76584 -1.76380 -1.76238 -1.76077
 -1.75886 -1.75745
 0.0000 0.0002 0.9955 0.0001
 0.0001 0.0002 0.9955 0.0001
 0.0001 0.0001 0.9955 0.0001
 0.0000 0.0001 0.9955 0.0000
 0.0000 0.0002 0.9953 0.0001
 0.0001 0.0001 0.9950 0.0001
 0.0001 0.0002 0.9954 0.0001
 0.0001 0.0001 0.9956 0.0001
 0.0000 0.0001 0.9963 0.0001
 0.0000 0.0001 0.9962 0.0001
 26    1  1  1   4  1  GN 1  2 12 10
 -1.85334 -1.85191 -1.85091 -1.84962 -1.76597 -1.76403 -1.76254 -1.76109
 -1.75920 -1.75755
 0.0000 0.0002 0.9956 0.0001
 0.0001 0.0001 0.9956 0.0001
 0.0001 0.0001 0.9956 0.0001
 0.0000 0.0001 0.9957 0.0000
 0.0000 0.0002 0.9953 0.0001
 0.0001 0.0001 0.9951 0.0001
 0.0002 0.0002 0.9954 0.0001
 0.0001 0.0001 0.9958 0.0001
 0.0000 0.0001 0.9963 0.0000
 0.0000 0.0001 0.9964 0.0001
 27    1  1  2   4  1  GN 1  2 12 10
 -1.85312 -1.85193 -1.85034 -1.84934 -1.76578 -1.76391 -1.76245 -1.76044
 -1.75917 -1.75723
 0.0000 0.0002 0.9955 0.0001
 0.0002 0.0001 0.9955 0.0001
 0.0001 0.0001 0.9955 0.0001
 0.0000 0.0001 0.9955 0.0000
 0.0000 0.0002 0.9952 0.0001
 0.0002 0.0001 0.9951 0.0001
 0.0001 0.0001 0.9953 0.0001
 0.0001 0.0001 0.9956 0.0001
 0.0000 0.0001 0.9961 0.0000
 0.0000 0.0001 0.9964 0.0001
 28    1  1  3   4  1  GN 1  2 12 10
 -1.85296 -1.85184 -1.85004 -1.84911 -1.76565 -1.76371 -1.76246 -1.76003
 -1.75913 -1.75697
 0.0000 0.0002 0.9954 0.0001
 0.0002 0.0001 0.9954 0.0001
 0.0002 0.0001 0.9955 0.0001
 0.0000 0.0001 0.9955 0.0000
 0.0000 0.0002 0.9951 0.0001
 0.0002 0.0001 0.9950 0.0001
 0.0001 0.0001 0.9953 0.0001
 0.0002 0.0001 0.9957 0.0001
 0.0000 0.0001 0.9960 0.0000
 0.0000 0.0001 0.9963 0.0001
 29    1  1  4   4  1  GN 1  2 12 10
 -1.85292 -1.85195 -1.84971 -1.84904 -1.76562 -1.76391 -1.76219 -1.75978
 -1.75905 -1.75697
 0.0000 0.0002 0.9954 0.0001
 0.0002 0.0001 0.9953 0.0001
 0.0002 0.0001 0.9954 0.0001
 0.0000 0.0001 0.9955 0.0000
 0.0000 0.0002 0.9951 0.0001
 0.0002 0.0001 0.9950 0.0001
 0.0001 0.0001 0.9952 0.0000
 0.0001 0.0001 0.9957 0.0001
 0.0001 0.0001 0.9959 0.0001
 0.0000 0.0001 0.9963 0.0001
 30    1  1  5   4  1  GN 1  2 12 10
 -1.85303 -1.85197 -1.84959 -1.84880 -1.76570 -1.76410 -1.76178 -1.76000
 -1.75868 -1.75694
 0.0000 0.0002 0.9954 0.0001
 0.0002 0.0001 0.9953 0.0001
 0.0002 0.0001 0.9954 0.0001
 0.0000 0.0001 0.9954 0.0000
 0.0000 0.0002 0.9951 0.0001
 0.0003 0.0001 0.9950 0.0001
 0.0001 0.0001 0.9951 0.0000
 0.0001 0.0000 0.9958 0.0000
 0.0002 0.0001 0.9959 0.0001
 0.0000 0.0001 0.9962 0.0001
 31    1  1  6   4  1  B  1  2  6 10
 -1.85290 -1.85212 -1.84942 -1.84886 -1.76553 -1.76429 -1.76187 -1.76002
 -1.75831 -1.75701
 0.0000 0.0002 0.9954 0.0001
 0.0002 0.0001 0.9953 0.0001
 0.0002 0.0001 0.9954 0.0001
 0.0001 0.0001 0.9954 0.0000
 0.0000 0.0002 0.9951 0.0001
 0.0002 0.0001 0.9950 0.0001
 0.0001 0.0001 0.9951 0.0000
 0.0001 0.0000 0.9958 0.0000
 0.0002 0.0001 0.9959 0.0001
 0.0000 0.0001 0.9961 0.0001
 32    2  0  1   4  1  YP 1  2  6 10
 -1.85275 -1.85155 -1.85040 -1.84933 -1.76510 -1.76354 -1.76196 -1.76083
 -1.75897 -1.75822
 0.0000 0.0002 0.9956 0.0001
 0.0001 0.0002 0.9954 0.0001
 0.0001 0.0001 0.9956 0.0001
 0.0000 0.0001 0.9953 0.0001
 0.0000 0.0003 0.9953 0.0001
 0.0001 0.0002 0.9951 0.0001
 0.0001 0.0001 0.9956 0.0001
 0.0000 0.0001 0.9954 0.0001
 0.0000 0.0001 0.9960 0.0001
 0.0000 0.0002 0.9959 0.0001
 33    2  0  2   4  1  L  1  2  3  5
 -1.85210 -1.85030 -1.76457 -1.76169 -1.75862
 0.0000 0.0002 0.9954 0.0001
 0.0001 0.0001 0.9956 0.0001
 0.0000 0.0003 0.9952 0.0001
 0.0001 0.0002 0.9955 0.0001
 0.0000 0.0001 0.9960 0.0001
 33    2  0  2   4  1  L  2  2  3  5
 -1.85188 -1.84985 -1.76374 -1.76148 -1.75865
 0.0001 0.0002 0.9955 0.0001
 0.0000 0.0001 0.9954 0.0001
 0.0001 0.0002 0.9952 0.0001
 0.0000 0.0001 0.9956 0.0000
 0.0000 0.0002 0.9959 0.0001
  1    0  0  0   4  1  GM 1  2  1  1
  0.24810
 0.0000 0.6995 0.0116 0.0173
  1    0  0  0   4  1  GM 2  2  1  2
  0.57931  0.74328
 0.0000 0.5999 0.0472 0.0309
 0.0000 0.0569 0.2653 0.0096
  1    0  0  0   4  1  GM 5  2  1  3
 -0.57992  0.18386  0.23460
 0.6940 0.0042 0.0000 0.0011
 0.0002 0.6711 0.0085 0.0165
 0.0002 0.6740 0.0088 0.0166
  1    0  0  0   4  1  GM 6  2  1  4
 -0.01135  0.49995  0.55635  0.74241
 0.9216 0.0119 0.0002 0.0013
 0.0119 0.5393 0.0695 0.0256
 0.0041 0.5837 0.0521 0.0294
 0.0000 0.0347 0.2769 0.0075
  2    0  0  1   4  1  LD 1  2  2  3
  0.24914  0.56200  0.74892
 0.0000 0.6951 0.0144 0.0163
 0.0000 0.5932 0.0533 0.0270
 0.0000 0.0186 0.1386 0.0045
  2    0  0  1   4  1  LD 3  2  2  7
 -0.57529 -0.03866  0.19410  0.24462  0.49245  0.54332  0.73151
 0.6932 0.0065 0.0001 0.0011
 0.8328 0.0582 0.0010 0.0029
 0.0379 0.6532 0.0117 0.0149
 0.0540 0.6237 0.0106 0.0139
 0.0162 0.5564 0.0584 0.0259
 0.0084 0.5520 0.0657 0.0250
 0.0191 0.0932 0.1509 0.0347
  3    0  0  2   4  1  LD 1  2  2  3
  0.25246  0.52085  0.77189
 0.0000 0.6832 0.0219 0.0137
 0.0000 0.5663 0.0704 0.0184
 0.0000 0.0127 0.1418 0.0068
  3    0  0  2   4  1  LD 3  2  2  7
 -0.56160 -0.09889  0.20695  0.27061  0.46901  0.51746  0.71595
 0.6912 0.0133 0.0002 0.0013
 0.7223 0.1060 0.0020 0.0043
 0.0336 0.6563 0.0201 0.0128
 0.1711 0.5106 0.0172 0.0083
 0.0189 0.5594 0.0578 0.0208
 0.0344 0.5451 0.0530 0.0225
 0.0302 0.0537 0.1486 0.0439
  4    0  0  3   4  1  LD 1  2  2  3
  0.25870  0.47361  0.81416
 0.0000 0.6677 0.0328 0.0103
 0.0000 0.5470 0.0795 0.0111
 0.0000 0.0157 0.1396 0.0122
  4    0  0  3   4  1  LD 3  2  2  7
 -0.53954 -0.16768  0.21726  0.29519  0.43292  0.49054  0.73058
 0.6892 0.0240 0.0004 0.0017
 0.6575 0.1214 0.0023 0.0043
 0.0199 0.6538 0.0313 0.0099
 0.2412 0.4143 0.0276 0.0059
 0.0134 0.5447 0.0702 0.0123
 0.0827 0.5252 0.0307 0.0197
 0.0236 0.0842 0.1348 0.0516
  5    0  0  4   4  1  LD 1  2  2  2
  0.26794  0.43053
 0.0000 0.6532 0.0452 0.0070
 0.0000 0.5375 0.0798 0.0065
  5    0  0  4   4  1  LD 3  2  2  8
 -0.51103 -0.23340  0.22849  0.30997  0.39652  0.46514  0.77692  0.87230
 0.6899 0.0373 0.0009 0.0022
 0.6204 0.1190 0.0018 0.0035
 0.0122 0.6460 0.0438 0.0068
 0.2644 0.3519 0.0354 0.0083
 0.0101 0.5332 0.0749 0.0064
 0.1252 0.4816 0.0246 0.0140
 0.0174 0.1602 0.1113 0.0570
 0.0001 0.0009 0.0003 0.0002
  6    0  0  5   4  1  LD 1  2  2  2
  0.27846  0.39834
 0.0000 0.6446 0.0569 0.0043
 0.0000 0.5325 0.0749 0.0042
  6    0  0  5   4  1  LD 3  2  2  8
 -0.48152 -0.28638  0.23998  0.31526  0.37054  0.44608  0.83990  0.94463
 0.6971 0.0503 0.0016 0.0030
 0.5950 0.1099 0.0010 0.0025
 0.0063 0.6422 0.0556 0.0043
 0.2586 0.3292 0.0388 0.0120
 0.0197 0.5171 0.0708 0.0044
 0.1520 0.4446 0.0275 0.0081
 0.0100 0.2417 0.0854 0.0608
 0.0001 0.0014 0.0002 0.0002
  7    0  0  6   4  1  Z  1  2  1  1
  0.38551
 0.0000 0.5287 0.0715 0.0037
  7    0  0  6   4  1  Z  2  2  1  1
  0.28386
 0.0000 0.6442 0.0624 0.0032
  7    0  0  6   4  1  Z  5  2  1  4
 -0.30929  0.31491  0.36185  1.02041
 0.5812 0.1045 0.0004 0.0018
 0.2438 0.3331 0.0400 0.0130
 0.0359 0.5001 0.0661 0.0051
 0.0000 0.0001 0.0000 0.0000
  7    0  0  6   4  1  Z  6  2  1  4
 -0.46657  0.24569  0.43902  0.87969
 0.7054 0.0568 0.0021 0.0035
 0.0027 0.6434 0.0616 0.0032
 0.1612 0.4303 0.0299 0.0053
 0.0002 0.3023 0.0645 0.0653
  8    0  1  0   4  1  XP 1  2  6 10
 -0.53447 -0.14510  0.17939  0.21704  0.28074  0.40649  0.49878  0.53770
  0.67856  0.79035
 0.6824 0.0251 0.0010 0.0013
 0.7286 0.1062 0.0061 0.0051
 0.0240 0.6259 0.0212 0.0095
 0.0424 0.5916 0.0219 0.0086
 0.0707 0.5879 0.0338 0.0059
 0.0900 0.4374 0.0533 0.0125
 0.0436 0.4998 0.0618 0.0219
 0.0070 0.5493 0.0690 0.0186
 0.0150 0.0751 0.1653 0.0330
 0.0154 0.0911 0.2429 0.0282
  9    0  1  1   4  1  XP 1  2  6 10
 -0.53033 -0.13660  0.14307  0.17712  0.26022  0.44425  0.52303  0.59405
  0.66950  0.83284
 0.6838 0.0253 0.0015 0.0012
 0.7685 0.0811 0.0095 0.0044
 0.0226 0.6005 0.0162 0.0090
 0.0111 0.6181 0.0176 0.0095
 0.0546 0.5308 0.0379 0.0067
 0.1063 0.5347 0.0428 0.0091
 0.0201 0.3787 0.1132 0.0187
 0.0001 0.5811 0.0565 0.0258
 0.0168 0.2658 0.1081 0.0329
 0.0147 0.0833 0.2538 0.0330
 10    0  1  2   4  1  XP 1  2  6 10
 -0.51760 -0.14678  0.10859  0.15226  0.21550  0.51664  0.52194  0.62980
  0.69452  0.88906
 0.6858 0.0285 0.0025 0.0013
 0.7891 0.0584 0.0130 0.0034
 0.0087 0.5889 0.0164 0.0079
 0.0047 0.6204 0.0155 0.0094
 0.0564 0.5031 0.0315 0.0054
 0.0514 0.4795 0.0907 0.0078
 0.0664 0.3799 0.1015 0.0133
 0.0002 0.6286 0.0371 0.0310
 0.0033 0.4569 0.0684 0.0340
 0.0116 0.0761 0.2621 0.0425
 11    0  1  3   4  1  XP 1  2  6 10
 -0.49714 -0.17843  0.08195  0.13807  0.18714  0.52168  0.58630  0.63034
  0.70276  0.95202
 0.6894 0.0339 0.0038 0.0014
 0.7616 0.0579 0.0139 0.0028
 0.0292 0.5522 0.0219 0.0054
 0.0069 0.6106 0.0158 0.0085
 0.0601 0.5034 0.0239 0.0047
 0.0115 0.2513 0.1530 0.0136
 0.1023 0.6276 0.0435 0.0073
 0.0006 0.6293 0.0536 0.0252
 0.0097 0.4711 0.0713 0.0291
 0.0000 0.0567 0.3615 0.0473
 12    0  1  4   4  1  XP 1  2  6 10
 -0.47095 -0.22297  0.05663  0.13503  0.18296  0.53350  0.60359  0.63708
  0.69705  1.02087
 0.6965 0.0409 0.0055 0.0018
 0.7133 0.0671 0.0124 0.0024
 0.0493 0.5167 0.0244 0.0028
 0.0082 0.6046 0.0179 0.0075
 0.0802 0.4909 0.0248 0.0036
 0.0271 0.3508 0.1219 0.0174
 0.0003 0.5877 0.0851 0.0160
 0.0857 0.5712 0.0637 0.0106
 0.0264 0.4252 0.0837 0.0223
 0.0057 0.1185 0.1472 0.0899
 13    0  1  5   4  1  XP 1  2  6 10
 -0.44399 -0.26649  0.03422  0.14386  0.19614  0.53588  0.57102  0.67388
  0.70441  0.98224
 0.7079 0.0488 0.0070 0.0023
 0.6738 0.0703 0.0103 0.0018
 0.0478 0.5065 0.0218 0.0016
 0.0086 0.5998 0.0237 0.0064
 0.1062 0.4631 0.0317 0.0023
 0.0501 0.5228 0.0755 0.0164
 0.0154 0.5585 0.0913 0.0120
 0.0585 0.4011 0.1057 0.0184
 0.0269 0.4295 0.0943 0.0188
 0.0058 0.1808 0.1078 0.0703
 14    0  1  6   4  1  XP 1  2  6 10
 -0.42927 -0.29131  0.02136  0.16249  0.22022  0.50612  0.54397  0.70471
  0.73898  0.90681
 0.7145 0.0565 0.0071 0.0029
 0.6583 0.0660 0.0094 0.0014
 0.0336 0.5124 0.0182 0.0013
 0.0077 0.5970 0.0318 0.0052
 0.1240 0.4368 0.0390 0.0022
 0.0327 0.5919 0.0747 0.0081
 0.0805 0.5563 0.0569 0.0131
 0.0280 0.6164 0.0687 0.0183
 0.0168 0.1495 0.1588 0.0333
 0.0086 0.1671 0.1279 0.0580
 15    0  2  0   4  1  XP 1  2  6 10
 -0.41370 -0.32354  0.10862  0.16639  0.22395  0.46218  0.49107  0.52915
  0.73464  1.00981
 0.6864 0.0613 0.0062 0.0024
 0.6584 0.0935 0.0066 0.0026
 0.0549 0.4923 0.0268 0.0019
 0.0093 0.6091 0.0319 0.0053
 0.1229 0.4551 0.0385 0.0029
 0.0668 0.5003 0.0653 0.0107
 0.0365 0.5149 0.0791 0.0077
 0.0653 0.4815 0.0777 0.0081
 0.0151 0.0769 0.1740 0.0374
 0.0075 0.2825 0.1255 0.0547
 16    0  2  1   4  1  XP 1  2  6 10
 -0.41441 -0.29505  0.04492  0.13268  0.17554  0.51529  0.55793  0.63882
  0.67866  1.01482
 0.7011 0.0483 0.0092 0.0019
 0.6811 0.0891 0.0104 0.0023
 0.0535 0.4770 0.0179 0.0009
 0.0156 0.5971 0.0215 0.0064
 0.1001 0.4855 0.0286 0.0034
 0.0506 0.4647 0.0841 0.0153
 0.0050 0.5426 0.0974 0.0083
 0.0522 0.5354 0.0756 0.0109
 0.0368 0.1559 0.1417 0.0273
 0.0031 0.2655 0.1253 0.0658
 17    0  2  2   4  1  XP 1  2  6 10
 -0.41214 -0.26627 -0.00355  0.10409  0.13613  0.51333  0.62490  0.69796
  0.74757  1.03069
 0.7210 0.0335 0.0129 0.0014
 0.7094 0.0804 0.0152 0.0017
 0.0545 0.4673 0.0096 0.0004
 0.0239 0.5834 0.0135 0.0072
 0.0561 0.5347 0.0167 0.0056
 0.0134 0.2443 0.1570 0.0106
 0.0020 0.5940 0.0834 0.0144
 0.0464 0.4061 0.0699 0.0281
 0.0353 0.6590 0.0582 0.0095
 0.0052 0.2346 0.1223 0.0795
 18    0  2  3   4  1  XP 1  2  6 10
 -0.40896 -0.24420 -0.03273  0.08171  0.11121  0.48766  0.68458  0.75007
  0.83168  1.05580
 0.7398 0.0205 0.0162 0.0010
 0.7329 0.0723 0.0196 0.0009
 0.0683 0.4534 0.0042 0.0002
 0.0176 0.5782 0.0073 0.0078
 0.0137 0.5816 0.0071 0.0080
 0.0046 0.1385 0.1867 0.0043
 0.0030 0.6756 0.0440 0.0245
 0.0203 0.5867 0.0376 0.0311
 0.0138 0.7903 0.0299 0.0069
 0.0000 0.0701 0.4245 0.0407
 19    0  2  4   4  1  F  1  2  3  5
 -0.23588 -0.04202  0.47687  0.70968  0.77503
 0.7406 0.0698 0.0214 0.0005
 0.0816 0.4434 0.0026 0.0001
 0.0036 0.1133 0.1934 0.0019
 0.0010 0.7241 0.0190 0.0304
 0.0050 0.6636 0.0214 0.0337
 19    0  2  4   4  1  F  2  2  3  5
 -0.40750  0.07208  0.10321  0.86478  1.03727
 0.7479 0.0151 0.0175 0.0009
 0.0030 0.5845 0.0040 0.0084
 0.0014 0.5963 0.0040 0.0088
 0.0018 0.8593 0.0129 0.0051
 0.0000 0.0131 0.5156 0.0119
 20    1  0  1   4  1  YP 1  2  6 10
 -0.52977 -0.16448  0.19803  0.23130  0.28173  0.43186  0.47016  0.47846
  0.72659  0.77463
 0.6812 0.0279 0.0008 0.0014
 0.7034 0.1151 0.0048 0.0052
 0.0197 0.6243 0.0268 0.0085
 0.0065 0.6402 0.0310 0.0085
 0.1539 0.5010 0.0293 0.0036
 0.0641 0.4816 0.0524 0.0179
 0.0672 0.4732 0.0518 0.0184
 0.0102 0.5239 0.0728 0.0125
 0.0132 0.1138 0.1518 0.0441
 0.0104 0.0426 0.2598 0.0249
 21    1  0  2   4  1  YP 1  2  6 10
 -0.51641 -0.18988  0.14233  0.24455  0.33926  0.38853  0.42493  0.54401
  0.73289  0.80830
 0.6804 0.0336 0.0012 0.0015
 0.6981 0.1068 0.0057 0.0048
 0.0172 0.5710 0.0244 0.0054
 0.0042 0.6626 0.0434 0.0075
 0.1697 0.4891 0.0322 0.0042
 0.0878 0.4719 0.0449 0.0147
 0.0160 0.5156 0.0665 0.0091
 0.0374 0.5251 0.0534 0.0222
 0.0130 0.1355 0.1754 0.0379
 0.0000 0.0244 0.2862 0.0284
 22    1  0  3   4  1  YP 1  2  6 10
 -0.49517 -0.21966  0.08408  0.24502  0.33877  0.39339  0.41534  0.62346
  0.74205  0.81625
 0.6815 0.0416 0.0020 0.0018
 0.7012 0.0893 0.0079 0.0041
 0.0046 0.5529 0.0202 0.0036
 0.0026 0.6412 0.0530 0.0053
 0.1260 0.4191 0.0462 0.0114
 0.1153 0.5314 0.0398 0.0044
 0.0540 0.5424 0.0537 0.0064
 0.0201 0.5975 0.0412 0.0281
 0.0073 0.1281 0.1813 0.0377
 0.0000 0.0110 0.2805 0.0343
 23    1  0  4   4  1  YP 1  2  6 10
 -0.46813 -0.25261  0.04339  0.22030  0.29272  0.42490  0.46226  0.67842
  0.78145  0.84132
 0.6870 0.0505 0.0033 0.0022
 0.6963 0.0729 0.0097 0.0031
 0.0025 0.5402 0.0169 0.0024
 0.0045 0.6103 0.0503 0.0041
 0.1308 0.4170 0.0460 0.0068
 0.0305 0.5812 0.0618 0.0055
 0.1361 0.5389 0.0371 0.0064
 0.0061 0.6131 0.0489 0.0309
 0.0016 0.1983 0.1535 0.0402
 0.0000 0.0023 0.2721 0.0449
 24    1  0  5   4  1  YP 1  2  6 10
 -0.44111 -0.28223  0.02312  0.18916  0.25273  0.46456  0.50874  0.70391
  0.80671  0.85316
 0.7005 0.0574 0.0053 0.0027
 0.6764 0.0645 0.0101 0.0020
 0.0151 0.5258 0.0162 0.0016
 0.0064 0.5988 0.0413 0.0043
 0.1314 0.4209 0.0440 0.0037
 0.0248 0.5973 0.0717 0.0054
 0.1226 0.5510 0.0403 0.0096
 0.0080 0.6291 0.0597 0.0259
 0.0056 0.1568 0.1576 0.0433
 0.0080 0.1678 0.1436 0.0501
 25    1  1  0   4  1  SM 1  2  6 10
 -0.44771 -0.26969  0.04916  0.22336  0.24605  0.40804  0.44907  0.67283
  0.73918  0.85603
 0.6734 0.0555 0.0041 0.0017
 0.7157 0.0792 0.0113 0.0036
 0.0025 0.5456 0.0175 0.0026
 0.0400 0.5421 0.0404 0.0039
 0.0758 0.5211 0.0352 0.0049
 0.0466 0.5081 0.0725 0.0059
 0.1339 0.4600 0.0481 0.0074
 0.0072 0.6036 0.0658 0.0267
 0.0004 0.1197 0.1746 0.0409
 0.0004 0.1118 0.2127 0.0436
 26    1  1  1   4  1  GN 1  2 12 10
 -0.44409 -0.27226  0.05548  0.17551  0.26231  0.39191  0.50924  0.65465
  0.72456  0.88788
 0.6756 0.0552 0.0047 0.0017
 0.7118 0.0802 0.0112 0.0035
 0.0086 0.5458 0.0192 0.0028
 0.0590 0.4936 0.0340 0.0026
 0.0573 0.5938 0.0321 0.0057
 0.0762 0.4177 0.0706 0.0072
 0.0945 0.5325 0.0580 0.0076
 0.0134 0.5558 0.0739 0.0257
 0.0035 0.1797 0.1725 0.0320
 0.0015 0.0650 0.2157 0.0554
 27    1  1  2   4  1  GN 1  2 12 10
 -0.43358 -0.27883  0.06016  0.14089  0.20840  0.45289  0.58337  0.61884
  0.69683  0.96702
 0.6826 0.0540 0.0062 0.0017
 0.7052 0.0806 0.0111 0.0031
 0.0246 0.5359 0.0231 0.0026
 0.0551 0.4917 0.0256 0.0023
 0.0624 0.5512 0.0300 0.0045
 0.0618 0.4608 0.0702 0.0108
 0.0853 0.5569 0.0625 0.0110
 0.0164 0.5489 0.0751 0.0204
 0.0104 0.1775 0.1846 0.0220
 0.0017 0.0668 0.1996 0.0741
 28    1  1  3   4  1  GN 1  2 12 10
 -0.41747 -0.28731  0.03563  0.12959  0.17022  0.53282  0.57257  0.64857
  0.69137  0.97257
 0.6947 0.0519 0.0084 0.0018
 0.7040 0.0761 0.0118 0.0027
 0.0330 0.5111 0.0198 0.0015
 0.0376 0.5389 0.0224 0.0043
 0.0699 0.5039 0.0283 0.0027
 0.0414 0.5366 0.0702 0.0149
 0.0697 0.5357 0.0528 0.0183
 0.0157 0.3749 0.1386 0.0155
 0.0306 0.3615 0.1364 0.0138
 0.0024 0.1717 0.1415 0.0665
 29    1  1  4   4  1  GN 1  2 12 10
 -0.39832 -0.29609  0.00723  0.07059  0.21679  0.50031  0.63114  0.67829
  0.72827  0.89224
 0.7112 0.0492 0.0110 0.0019
 0.7108 0.0652 0.0135 0.0022
 0.0241 0.5071 0.0137 0.0010
 0.0277 0.5232 0.0170 0.0029
 0.0696 0.5328 0.0318 0.0040
 0.0655 0.5490 0.0585 0.0131
 0.0339 0.4736 0.0810 0.0237
 0.0066 0.2431 0.1762 0.0167
 0.0261 0.5995 0.0782 0.0158
 0.0070 0.1510 0.1593 0.0534
 30    1  1  5   4  1  GN 1  2 12 10
 -0.38092 -0.30399 -0.00756  0.02422  0.27373  0.44284  0.66672  0.73484
  0.75085  0.84457
 0.7279 0.0476 0.0131 0.0021
 0.7207 0.0514 0.0155 0.0017
 0.0111 0.5124 0.0095 0.0011
 0.0124 0.5192 0.0115 0.0020
 0.0709 0.5681 0.0362 0.0046
 0.0795 0.5215 0.0536 0.0109
 0.0078 0.2553 0.1542 0.0275
 0.0052 0.4507 0.1154 0.0285
 0.0114 0.5104 0.0929 0.0202
 0.0072 0.3954 0.1070 0.0308
 31    1  1  6   4  1  B  1  2  6 10
 -0.37323 -0.30774 -0.00526  0.00025  0.30916  0.40754  0.69417  0.70821
  0.80349  0.82321
 0.7359 0.0478 0.0139 0.0023
 0.7251 0.0441 0.0165 0.0014
 0.0037 0.5198 0.0091 0.0014
 0.0067 0.5148 0.0081 0.0014
 0.0666 0.6105 0.0381 0.0043
 0.0890 0.4822 0.0513 0.0107
 0.0025 0.2792 0.1517 0.0309
 0.0024 0.2436 0.1617 0.0320
 0.0017 0.6072 0.0599 0.0217
 0.0028 0.5737 0.0744 0.0220
 32    2  0  1   4  1  YP 1  2  6 10
 -0.40994 -0.34591  0.17959  0.20037  0.27875  0.40099  0.42414  0.43230
  0.83107  1.01042
 0.6796 0.0708 0.0044 0.0028
 0.6431 0.0939 0.0041 0.0026
 0.0487 0.5299 0.0335 0.0035
 0.0054 0.6250 0.0425 0.0045
 0.1274 0.4437 0.0455 0.0041
 0.1058 0.4579 0.0530 0.0092
 0.0506 0.4568 0.0809 0.0040
 0.0551 0.4606 0.0757 0.0046
 0.0089 0.1116 0.1608 0.0521
 0.0142 0.3016 0.1204 0.0419
 33    2  0  2   4  1  L  1  2  3  5
 -0.40717  0.21708  0.33638  0.37474  0.92079
 0.6793 0.0747 0.0039 0.0031
 0.0029 0.6391 0.0484 0.0041
 0.0648 0.5462 0.0422 0.0048
 0.1132 0.3500 0.0724 0.0039
 0.0013 0.2052 0.0714 0.0821
 33    2  0  2   4  1  L  2  2  3  5
 -0.35519  0.22437  0.34135  0.39916  0.97842
 0.6362 0.0932 0.0032 0.0024
 0.0345 0.5861 0.0330 0.0054
 0.1836 0.3301 0.0586 0.0087
 0.0052 0.4952 0.0808 0.0009
 0.0212 0.1349 0.2432 0.0203
