    1
  115
 -0.6746126078350771D+00  0.3005870193863198D+00 -0.2795499449234151D+00
  0.2284218924460739D+01 -0.1082282593544556D+01 -0.1052279144893482D+01
 -0.3733217006045608D+00  0.1994799371187570D+00  0.4356333470923524D+00
 -0.8246413467432832D-01  0.5940725554638899D+00 -0.3345985562274224D+00
  0.2150937971734860D+00 -0.1459052152637277D+00  0.4400807836964308D+00
 -0.5296631946762915D-01  0.4652147903836874D+00 -0.1399993981505493D+00
 -0.3135008546088728D+00 -0.4421872523233166D-01 -0.1608048820405008D+00
  0.9783003225720868D-01 -0.1330543358448851D+00  0.3865358431641426D-01
  0.3823470539854784D-01 -0.6713200933180813D-01 -0.1280220320298466D+00
  0.4115334083809412D-01 -0.7809876168805681D-01  0.9406976977200458D-01
  0.5248903982801986D-01  0.5133156020005410D-01  0.3764323956172090D-01
 -0.1264588025415901D-01  0.1096655033300691D+00 -0.6765850657199836D-01
  0.4154817357322905D-01 -0.7582867239804257D-01  0.2080921595701079D-01
 -0.3228231617281835D-01 -0.3762796914801663D-02  0.5131399541912147D-01
 -0.2923767291124034D-02  0.2742073040307346D-01  0.2095901936853894D-01
 -0.1936167288868631D-01 -0.1555887434504099D-01 -0.1616381495297162D-01
  0.2083639268570801D-01  0.2341152138495195D-01 -0.8282806098673278D-02
 -0.1134072682561845D-01 -0.3073130213979286D-02  0.2781097410787861D-01
 -0.1361049661204832D-01 -0.1710338280386393D-01  0.2085437928082255D-01
 -0.1939126454910772D-01 -0.1617189165293948D-01 -0.1999090369503711D-01
  0.6099034326269311D-02 -0.8376558390454992D-02  0.5134227658890485D-02
  0.4757735416321521D-02  0.1055318340901875D-02 -0.6708291381816023D-02
 -0.3572233008172276D-02  0.4457170888701304D-02  0.5979251459536695D-02
  0.1407310968508583D-02 -0.1166680398115537D-02 -0.1353779583126878D-02
  0.5799225024418235D-02  0.6468650985329493D-02 -0.4945890873473543D-03
  0.3434545853236238D-02  0.4872225626212885D-03 -0.6572247312157997D-02
 -0.3774298414961446D-02  0.5098963225569535D-02 -0.2128392328797351D-02
  0.1223006771976216D-02 -0.2316443497278644D-02  0.3892736704997470D-02
 -0.9376561633039388D-03 -0.1166680621660609D-02  0.1121464759919339D-02
 -0.4312829902978424D-03  0.3110641143652579D-02  0.3971996982435647D-03
  0.5700556577870061D-04  0.1154528342215421D-02 -0.1905308844651067D-02
 -0.1671012940021643D-02 -0.1696734988724272D-02  0.1016908940896469D-02
  0.5826029974989424D-03 -0.8069516986385296D-03  0.1192357924042461D-02
 -0.1017496769425538D-03  0.1228509217672021D-02 -0.1214830499402701D-02
 -0.3841892291874638D-03  0.2617572841859427D-04  0.8720243650243973D-03
 -0.4384707642452458D-03 -0.8029502232954615D-03  0.4289102973767525D-03
  0.2939175504302013D-03  0.2992289812663970D-03 -0.2810627234123414D-03
  0.6556349355043488D-04 -0.2091512070147563D-03 -0.2380600416431511D-03
  0.1183754079872363D-04
    7
    1    1  333
  0.0000000000000000D+00 -0.4141018658413782D+07 -0.4017943272648227D+07
 -0.3898523544490507D+07 -0.3782650890563454D+07 -0.3670219952721326D+07
 -0.3561128502337397D+07 -0.3455277347098751D+07 -0.3352570241136724D+07
 -0.3252913797215245D+07 -0.3156217402032580D+07 -0.3062393133730309D+07
 -0.2971355681978751D+07 -0.2883022270402506D+07 -0.2797312581314395D+07
 -0.2714148682686007D+07 -0.2633454957286788D+07 -0.2555158033928042D+07
 -0.2479186720749174D+07 -0.2405471940485495D+07 -0.2333946667658791D+07
 -0.2264545867633494D+07 -0.2197206437483062D+07 -0.2131867148612818D+07
 -0.2068468591087008D+07 -0.2006953119609587D+07 -0.1947264801109449D+07
 -0.1889349363882587D+07 -0.1833154148244862D+07 -0.1778628058650528D+07
 -0.1725721517232974D+07 -0.1674386418725483D+07 -0.1624576086720917D+07
 -0.1576245231230678D+07 -0.1529349907504266D+07 -0.1483847476072049D+07
 -0.1439696563974848D+07 -0.1396857027145171D+07 -0.1355289913905814D+07
 -0.1314957429552668D+07 -0.1275822901989555D+07 -0.1237850748383807D+07
 -0.1201006442812275D+07 -0.1165256484868393D+07 -0.1130568369201677D+07
 -0.1096910555962046D+07 -0.1064252442122038D+07 -0.1032564333650836D+07
 -0.1001817418514870D+07 -0.9719837404803707D+06 -0.9430361736941100D+06
 -0.9149483980191752D+06 -0.8876948751033773D+06 -0.8612508251585318D+06
 -0.8355922044294938D+06 -0.8106956833324477D+06 -0.7865386252426093D+06
 -0.7630990659120164D+06 -0.7403556934987173D+06 -0.7182878291891870D+06
 -0.6968754083963697D+06 -0.6760989625162228D+06 -0.6559396012262065D+06
 -0.6363789953096098D+06 -0.6173993599900886D+06 -0.5989834387612799D+06
 -0.5811144876967859D+06 -0.5637762602262471D+06 -0.5469529923636890D+06
 -0.5306293883746853D+06 -0.5147906068693254D+06 -0.4994222473083328D+06
 -0.4845103369100683D+06 -0.4700413179465133D+06 -0.4560020354166804D+06
 -0.4423797250862486D+06 -0.4291620018825431D+06 -0.4163368486343108D+06
 -0.4038926051460590D+06 -0.3918179575970066D+06 -0.3801019282550284D+06
 -0.3687338654962293D+06 -0.3577034341210725D+06 -0.3470006059582609D+06
 -0.3366156507478248D+06 -0.3265391272951241D+06 -0.3167618748877285D+06
 -0.3072750049673583D+06 -0.2980698930493151D+06 -0.2891381708820694D+06
 -0.2804717188398461D+06 -0.2720626585413066D+06 -0.2639033456876135D+06
 -0.2559863631133515D+06 -0.2483045140439917D+06 -0.2408508155537573D+06
 -0.2336184922179438D+06 -0.2266009699539104D+06 -0.2197918700451398D+06
 -0.2131850033429227D+06 -0.2067743646403895D+06 -0.2005541272137673D+06
 -0.1945186375258803D+06 -0.1886624100870799D+06 -0.1829801224689083D+06
 -0.1774666104659614D+06 -0.1721168634015273D+06 -0.1669260195727222D+06
 -0.1618893618309749D+06 -0.1570023132938046D+06 -0.1522604331839979D+06
 -0.1476594127923642D+06 -0.1431950715603892D+06 -0.1388633532791982D+06
 -0.1346603224013472D+06 -0.1305821604620714D+06 -0.1266251626067021D+06
 -0.1227857342210722D+06 -0.1190603876618201D+06 -0.1154457390835784D+06
 -0.1119385053601463D+06 -0.1085355010967986D+06 -0.1052336357309924D+06
 -0.1020299107187957D+06 -0.9892141680444320D+05 -0.9590533137050542D+05
 -0.9297891586622193D+05 -0.9013951331162265D+05 -0.8738454587513753D+05
 -0.8471151252244957D+05 -0.8211798673442239D+05 -0.7960161429199394D+05
 -0.7716011112598880D+05 -0.7479126122986581D+05 -0.7249291463347744D+05
 -0.7026298543597432D+05 -0.6809944989605056D+05 -0.6600034457777694D+05
 -0.6396376455033198D+05 -0.6198786163999241D+05 -0.6007084273280167D+05
 -0.5821096812638927D+05 -0.5640654992947001D+05 -0.5465595050760414D+05
 -0.5295758097385713D+05 -0.5130989972304823D+05 -0.4971141100833459D+05
 -0.4816066355893017D+05 -0.4665624923781364D+05 -0.4519680173833431D+05
 -0.4378099531867899D+05 -0.4240754357321754D+05 -0.4107519823979994D+05
 -0.3978274804213096D+05 -0.3852901756640164D+05 -0.3731286617141225D+05
 -0.3613318693147074D+05 -0.3498890561140193D+05 -0.3387897967305128D+05
 -0.3280239731271385D+05 -0.3175817652895842D+05 -0.3074536422035941D+05
 -0.2976303531267787D+05 -0.2881029191506165D+05 -0.2788626250485300D+05
 -0.2699010114059914D+05 -0.2612098670285939D+05 -0.2527812216238623D+05
 -0.2446073387522181D+05 -0.2366807090420228D+05 -0.2289940436628429D+05
 -0.2215402680501021D+05 -0.2143125158729809D+05 -0.2073041232358228D+05
 -0.2005086231013621D+05 -0.1939197399217717D+05 -0.1875313844609021D+05
 -0.1813376487881035D+05 -0.1753328014208660D+05 -0.1695112825902102D+05
 -0.1638676995996562D+05 -0.1583968222458922D+05 -0.1530935782674661D+05
 -0.1479530487874262D+05 -0.1429704637174995D+05 -0.1381411970958062D+05
 -0.1334607623378916D+05 -0.1289248073925484D+05 -0.1245291098095623D+05
 -0.1202695717458205D+05 -0.1161422149578784D+05 -0.1121431758511981D+05
 -0.1082687006757903D+05 -0.1045151409754498D+05 -0.1008789493812548D+05
 -0.9735667588415177D+04 -0.9394496463099153D+04 -0.9064055130719942D+04
 -0.8744026110498295D+04 -0.8434100723224747D+04 -0.8133978987224431D+04
 -0.7843369546722445D+04 -0.7561989617597573D+04 -0.7289564934771647D+04
 -0.7025829686340589D+04 -0.6770526421774031D+04 -0.6523405924692001D+04
 -0.6284227044402817D+04 -0.6052756484112151D+04 -0.5828768547136793D+04
 -0.5612044845340295D+04 -0.5402373976238961D+04 -0.5199551176788098D+04
 -0.5003377962802033D+04 -0.4813661763376874D+04 -0.4630215559671798D+04
 -0.4452857537054532D+04 -0.4281410759005121D+04 -0.4115702870350966D+04
 -0.3955565836405444D+04 -0.3800835723412743D+04 -0.3651352524357338D+04
 -0.3506960032658432D+04 -0.3367505764512107D+04 -0.3232840928635597D+04
 -0.3102820439883202D+04 -0.2977302970628844D+04 -0.2856151030966237D+04
 -0.2739231065741266D+04 -0.2626413553377397D+04 -0.2517573088700872D+04
 -0.2412588430028465D+04 -0.2311342490374421D+04 -0.2213722254679114D+04
 -0.2119618610407410D+04 -0.2028926088380304D+04 -0.1941542524191390D+04
 -0.1857368666194273D+04 -0.1776307774063838D+04 -0.1698265256882668D+04
 -0.1623148408133379D+04 -0.1550866278992211D+04 -0.1481329706960439D+04
 -0.1414451494014874D+04 -0.1350146687840085D+04 -0.1288332907547922D+04
 -0.1228930644884781D+04 -0.1171863480245191D+04 -0.1117058171252186D+04
 -0.1064444594940931D+04 -0.1013955547043153D+04 -0.9655264195429829D+03
 -0.9190947891463874D+03 -0.8745999543239880D+03 -0.8319824592245399D+03
 -0.7911836393122230D+03 -0.7521452187972534D+03 -0.7148089838464468D+03
 -0.6791165492837487D+03 -0.6450092304626611D+03 -0.6124280261595262D+03
 -0.5813137129909115D+03 -0.5516070468621974D+03 -0.5232490622847781D+03
 -0.4961814559247664D+03 -0.4703470362700161D+03 -0.4456902165392663D+03
 -0.4221575225411761D+03 -0.3996980807514452D+03 -0.3782640442610561D+03
 -0.3578109059986376D+03 -0.3382976383503136D+03 -0.3196866181571937D+03
 -0.3019432556823867D+03 -0.2850353561921175D+03 -0.2689322433355836D+03
 -0.2536037900964076D+03 -0.2390195652510729D+03 -0.2251483233781323D+03
 -0.2119579932964732D+03 -0.1994161690818164D+03 -0.1874909452004336D+03
 -0.1761518426595903D+03 -0.1653705834187905D+03 -0.1551215612967724D+03
 -0.1453819699257500D+03 -0.1361316362890545D+03 -0.1273526498701171D+03
 -0.1190288845925111D+03 -0.1111454936226078D+03 -0.1036884346315095D+03
 -0.9664406090294594D+02 -0.8999879594792829D+02 -0.8373889695169377D+02
 -0.7785030395597067D+02 -0.7231856659624606D+02 -0.6712883729140947D+02
 -0.6226591839360982D+02 -0.5771435045172673D+02 -0.5345852909574615D+02
 -0.4948283888854953D+02 -0.4577179386961178D+02 -0.4231017449094454D+02
 -0.3908315465740237D+02 -0.3607641619687161D+02 -0.3327623569821500D+02
 -0.3066955203778257D+02 -0.2824400758362783D+02 -0.2598796426614270D+02
 -0.2389049601160562D+02 -0.2194136095103841D+02 -0.2013095741074927D+02
 -0.1845027032488843D+02 -0.1689081380512862D+02 -0.1544457721636417D+02
 -0.1410398005723316D+02 -0.1286184060778776D+02 -0.1171135949211923D+02
 -0.1064611766749904D+02 -0.9660085670573363D+01 -0.8747639456506988D+01
 -0.7903577756233809D+01 -0.7123136947508997D+01 -0.6402000192427209D+01
 -0.5736299697285943D+01 -0.5122612182778241D+01 -0.4557948466520714D+01
 -0.4039738738528728D+01 -0.3565814657952710D+01 -0.3134389152695303D+01
 -0.2744033596675254D+01 -0.2393657398154822D+01 -0.2082471209569338D+01
 -0.1809982589964703D+01
    1    1  333
  0.0000000000000000D+00  0.3024828118061074D-04  0.3094393853958290D-04
  0.3165598783666980D-04  0.3238482186628230D-04  0.3313071404578017D-04
  0.3389469619589851D-04  0.3467692263438372D-04  0.3547855121576667D-04
  0.3629953886689791D-04  0.3714055960440042D-04  0.3800207263237101D-04
  0.3888458256416324D-04  0.3978862252913753D-04  0.4071473286444554D-04
  0.4166347198638778D-04  0.4263541551307419D-04  0.4363115611342081D-04
  0.4465130443453216D-04  0.4569648948330118D-04  0.4676735928352864D-04
  0.4786458132194257D-04  0.4898884326520754D-04  0.5014085356797954D-04
  0.5132134207055851D-04  0.5253106073452148D-04  0.5377078436500258D-04
  0.5504131137237872D-04  0.5634346451105255D-04  0.5767809171942091D-04
  0.5904606696447644D-04  0.6044829116216283D-04  0.6188569312601240D-04
  0.6335923041136214D-04  0.6486989049632873D-04  0.6641869169095526D-04
  0.6800668435564018D-04  0.6963495202247967D-04  0.7130461251751054D-04
  0.7301681930648563D-04  0.7477276283590339D-04  0.7657367178748418D-04
  0.7842081462634073D-04  0.8031550105229599D-04  0.8225908357481311D-04
  0.8425295915195704D-04  0.8629857092690808D-04  0.8839741005384719D-04
  0.9055101754502298D-04  0.9276098625788470D-04  0.9502896301113187D-04
  0.9735665071087840D-04  0.9974581069802289D-04  0.1021982650985006D-03
  0.1047158994010045D-03  0.1073006650429727D-03  0.1099545823064844D-03
  0.1126797431177402D-03  0.1154783142696358D-03  0.1183525406400647D-03
  0.1213047485618735D-03  0.1243373495347318D-03  0.1274528440184575D-03
  0.1306538253729994D-03  0.1339429842948323D-03  0.1373231131914990D-03
  0.1407971109273221D-03  0.1443679879341509D-03  0.1480388714516736D-03
  0.1518130112936194D-03  0.1556937856312828D-03  0.1596847075047197D-03
  0.1637894314375343D-03  0.1680117605336481D-03  0.1723556541611878D-03
  0.1768252358108666D-03  0.1814248017302002D-03  0.1861588299454462D-03
  0.1910319898827819D-03  0.1960491525936563D-03  0.2012154016621989D-03
  0.2065360447735262D-03  0.2120166260398230D-03  0.2176629391522377D-03
  0.2234810413110438D-03  0.2294772681467701D-03  0.2356582495839776D-03
  0.2420309267233243D-03  0.2486025697940309D-03  0.2553807974291671D-03
  0.2623735970632862D-03  0.2695893467035559D-03  0.2770368381752939D-03
  0.2847253019183611D-03  0.2926644332442495D-03  0.3008644205215450D-03
  0.3093359751106932D-03  0.3180903632063714D-03  0.3271394398075312D-03
  0.3364956849004022D-03  0.3461722418857031D-03  0.3561829585358630D-03
  0.3665424305409380D-03  0.3772660477508647D-03  0.3883700433936959D-03
  0.3998715462317744D-03  0.4117886360047127D-03  0.4241404022422760D-03
  0.4369470065020397D-03  0.4502297482871285D-03  0.4640111350094836D-03
  0.4783149555652091D-03  0.4931663583939000D-03  0.5085919336264098D-03
  0.5246197996687844D-03  0.5412796943952108D-03  0.5586030707938634D-03
  0.5766231975721441D-03  0.5953752642931159D-03  0.6148964914715489D-03
  0.6352262454040249D-03  0.6564061576797033D-03  0.6784802494395573D-03
  0.7014950600131164D-03  0.7254997798525572D-03  0.7505463874227119D-03
  0.7766897895930381D-03  0.8039879651532214D-03  0.8325021107007762D-03
  0.8622967883190633D-03  0.8934400739438366D-03  0.9260037056705242D-03
  0.9600632302841499D-03  0.9956981471739943D-03  0.1032992047299435D-02
  0.1072032745728038D-02  0.1112912405287983D-02  0.1155727648758377D-02
  0.1200579656841130D-02  0.1247574248397055D-02  0.1296821939344480D-02
  0.1348437976070099D-02  0.1402542338548233D-02  0.1459259707941267D-02
  0.1518719392960114D-02  0.1581055208474291D-02  0.1646405299207296D-02
  0.1714911900730024D-02  0.1786721029344958D-02  0.1861982091134495D-02
  0.1940847400575710D-02  0.2023471597277916D-02  0.2110010949607515D-02
  0.2200622532285514D-02  0.2295463265094666D-02  0.2394688798752885D-02
  0.2498452233506437D-02  0.2606902656268612D-02  0.2720183481077653D-02
  0.2838430579079431D-02  0.2961770184315421D-02  0.3090316563087657D-02
  0.3224169437190792D-02  0.3363411154119963D-02  0.3508103601974341D-02
  0.3658284872742576D-02  0.3813965685489576D-02  0.3975125591243994D-02
  0.4141708994434387D-02  0.4313621041851861D-02  0.4490723450349818D-02
  0.4672830368822560D-02  0.4859704398922944D-02  0.5051052932789600D-02
  0.5246525004451691D-02  0.5445708893461817D-02  0.5648130763661306D-02
  0.5853254662752698D-02  0.6060484246084205D-02  0.6269166613309787D-02
  0.6478598650277881D-02  0.6688036239826403D-02  0.6896706629557728D-02
  0.7103824108200286D-02  0.7308608931694132D-02  0.7510309146262984D-02
  0.7708224581220202D-02  0.7901731843770266D-02  0.8090308680621165D-02
  0.8273555637926550D-02  0.8451212636133210D-02  0.8623167978824392D-02
  0.8789457528523231D-02  0.8950252377599773D-02  0.9105834288660759D-02
  0.9256559525290378D-02  0.9402813049715752D-02  0.9544956480330437D-02
  0.9683274222971546D-02  0.9817922706578658D-02  0.9948887524056406D-02
  0.1007595252064902D-01  0.1019868362156737D-01  0.1031642867676031D-01
  0.1042833307604172D-01  0.1053336957742326D-01  0.1063037984065249D-01
  0.1071812462311870D-01  0.1079533944806896D-01  0.1086079271185742D-01
  0.1091334354857432D-01  0.1095199721017906D-01  0.1097595616228196D-01
  0.1098466548113800D-01  0.1097785143702390D-01  0.1095555235469711D-01
  0.1091814096277422D-01  0.1086633749888864D-01  0.1080121284956451D-01
  0.1072418099859591D-01  0.1063698006092984D-01  0.1054164121756038D-01
  0.1044044497157440D-01  0.1033586435096371D-01  0.1023049503476669D-01
  0.1012697292981188D-01  0.1002788054061119D-01  0.9935644624741016D-02
  0.9852429169236282D-02  0.9780029677111864D-02  0.9719777039315631D-02
  0.9672461636587719D-02  0.9638290260352456D-02  0.9616889135221417D-02
  0.9607364660528686D-02  0.9608428313161301D-02  0.9618582785237714D-02
  0.9636353399905418D-02  0.9660534472481826D-02  0.9690409159945590D-02
  0.9725898125968847D-02  0.9767601333235168D-02  0.9816717921901733D-02
  0.9874856097469626D-02  0.9943770380104381D-02  0.1002507824371256D-01
  0.1012000886018105D-01  0.1022922442436327D-01  0.1035273514140799D-01
  0.1048990906305936D-01  0.1063956251743078D-01  0.1080010796861443D-01
  0.1096973337135538D-01  0.1114658870222603D-01  0.1132895938226183D-01
  0.1151541114979708D-01  0.1170489566543745D-01  0.1189681028700581D-01
  0.1209100898573073D-01  0.1228776441236924D-01  0.1248768384553985D-01
  0.1269158436877879D-01  0.1290033530705940D-01  0.1311467888602267D-01
  0.1333504344048867D-01  0.1356136747985345D-01  0.1379295765837333D-01
  0.1402840914123085D-01  0.1426562240684808D-01  0.1450195443039326D-01
  0.1473454065825886D-01  0.1496081058412670D-01  0.1517918508894495D-01
  0.1538988096233315D-01  0.1559566105938077D-01  0.1580228776147931D-01
  0.1601842212899197D-01  0.1625482551091394D-01  0.1652296953041284D-01
  0.1683343859842779D-01  0.1719464029674239D-01  0.1761221637524057D-01
  0.1808924068395011D-01  0.1862699152591445D-01  0.1922594591766017D-01
  0.1988667750723503D-01  0.2061046636346533D-01  0.2139955793736598D-01
  0.2225709475625022D-01  0.2318678434964670D-01  0.2419237604354112D-01
  0.2527701415717881D-01  0.2644252659362373D-01  0.2768870058524625D-01
  0.2901259283547318D-01  0.3040791902634066D-01  0.3186456683681145D-01
  0.3336827641774727D-01  0.3490053205087706D-01  0.3643870793434482D-01
  0.3795650909887780D-01  0.3942474451480044D-01  0.4081246279505007D-01
  0.4208846778677379D-01  0.4322321407387915D-01  0.4419105379043946D-01
  0.4497276290297814D-01  0.4555822499034839D-01  0.4594908611999102D-01
  0.4616113008738894D-01  0.4622607415473626D-01  0.4619247170766021D-01
  0.4612546172771714D-01  0.4610523167393206D-01  0.4622426960911961D-01
  0.4658372231915305D-01  0.4728939903376225D-01  0.4844806947355293D-01
  0.5016466720901957D-01  0.5254080797755720D-01  0.5567473049093634D-01
  0.5966245558508781D-01  0.6459972542144533D-01  0.7058417443656462D-01
  0.7771720395575404D-01  0.8610514313380355D-01  0.9585944166154155D-01
  0.1070958154015315D+00  0.1199324533063125D+00  0.1344875915351255D+00
  0.1508770097284478D+00  0.1692120133573336D+00  0.1895996953597962D+00
  0.2121443347170488D+00
    1    1  333
  0.0000000000000000D+00  0.2337483642697537D-08  0.2709992420086194D-08
  0.3115971484719888D-08  0.3557963360675455D-08  0.4038878119438097D-08
  0.4560924789441371D-08  0.5127480283843959D-08  0.5740963633296814D-08
  0.6405514500052601D-08  0.7124610783181284D-08  0.7902328097288507D-08
  0.8742931539191300D-08  0.9650964170915130D-08  0.1063132599676341D-07
  0.1168919534086422D-07  0.1283014670439094D-07  0.1406010299545668D-07
  0.1538539538391630D-07  0.1681276867105962D-07  0.1834945053380791D-07
  0.2000312073044814D-07  0.2178198734487658D-07  0.2369480551097000D-07
  0.2575089627585407D-07  0.2796025423326144D-07  0.3033345847588847D-07
  0.3288184002817337D-07  0.3561747717279631D-07  0.3855322219002972D-07
  0.4170280063700494D-07  0.4508082156157795D-07  0.4870285602634136D-07
  0.5258550206767993D-07  0.5674644021755589D-07  0.6120450265198505D-07
  0.6597975953151802D-07  0.7109357580905201D-07  0.7656871457565606D-07
  0.8242941292039259D-07  0.8870149249487607D-07  0.9541241541037182D-07
  0.1025914493249967D-06  0.1102697285501874D-06  0.1184804125610276D-06
  0.1272587828628945D-06  0.1366423802768884D-06  0.1466711923276954D-06
  0.1573877033726484D-06  0.1688371816340748D-06  0.1810677467126301D-06
  0.1941305962776165D-06  0.2080801953762046D-06  0.2229744756235471D-06
  0.2388750306199776D-06  0.2558473851487443D-06  0.2739611943249968D-06
  0.2932905367499759D-06  0.3139141579820489D-06  0.3359157698377822D-06
  0.3593843717931268D-06  0.3844145249260309D-06  0.4111067795563740D-06
  0.4395679463138512D-06  0.4699115370019169D-06  0.5022581805815780D-06
  0.5367360147744366D-06  0.5734811434818697D-06  0.6126381887271775D-06
  0.6543607255928698D-06  0.6988118528930325D-06  0.7461647696165902D-06
  0.7966034069464459D-06  0.8503230047292848D-06  0.9075308474372495D-06
  0.9684469742705206D-06  0.1033304905605099D-05  0.1102352481473338D-05
  0.1175852681184323D-05  0.1254084522675207D-05  0.1337344014187132D-05
  0.1425945132610643D-05  0.1520220883559067D-05  0.1620524412105292D-05
  0.1727230149118904D-05  0.1840735050458110D-05  0.1961459896231264D-05
  0.2089850623522722D-05  0.2226379786505980D-05  0.2371548044493728D-05
  0.2525885744528185D-05  0.2689954592881336D-05  0.2864349360392827D-05
  0.3049699750735797D-05  0.3246672273405862D-05  0.3455972283410654D-05
  0.3678346056564636D-05  0.3914582960267474D-05  0.4165517776263488D-05
  0.4432033062087321D-05  0.4715061624147283D-05  0.5015589131318968D-05
  0.5334656782655314D-05  0.5673364080904186D-05  0.6032871739714483D-05
  0.6414404649499353D-05  0.6819254989769049D-05  0.7248785348980203D-05
  0.7704432025746991D-05  0.8187708375569281D-05  0.8700208193348293D-05
  0.9243609230655175D-05  0.9819676728532729D-05  0.1043026696843351D-04
  0.1107733090509177D-04  0.1176291778467175D-04  0.1248917870064554D-04
  0.1325837018065212D-04  0.1407285767446579D-04  0.1493511894333034D-04
  0.1584774728447059D-04  0.1681345460589399D-04  0.1783507429247152D-04
  0.1891556371932189D-04  0.2005800647882109D-04  0.2126561415876171D-04
  0.2254172764822148D-04  0.2388981784798489D-04  0.2531348576315190D-04
  0.2681646169716166D-04  0.2840260368081624D-04  0.3007589479006791D-04
  0.3184043935469021D-04  0.3370045778200428D-04  0.3566027994335537D-04
  0.3772433684725961D-04  0.3989715046610809D-04  0.4218332141968179D-04
  0.4458751439046268D-04  0.4711444088638065D-04  0.4976883920086193D-04
  0.5255545124133407D-04  0.5547899588690777D-04  0.5854413858444249D-04
  0.6175545691500741D-04  0.6511740167975133D-04  0.6863425326646887D-04
  0.7231007284900727D-04  0.7614864816352234D-04  0.8015343348261911D-04
  0.8432748350564299D-04  0.8867338086286678D-04  0.9319315708739477D-04
  0.9788820677481371D-04  0.1027591950811092D-03  0.1078059584177629D-03
  0.1130273987324233D-03  0.1184213717994451D-03  0.1239845701101057D-03
  0.1297124014974624D-03  0.1355988647941818D-03  0.1416364244787775D-03
  0.1478158865975647D-03  0.1541262791627136D-03  0.1605547408520227D-03
  0.1670864228364846D-03  0.1737044095881155D-03  0.1803896657594474D-03
  0.1871210175832392D-03  0.1938751787460024D-03  0.2006268322141401D-03
  0.2073487811449091D-03  0.2140121835318741D-03  0.2205868865183976D-03
  0.2270418771844902D-03  0.2333458666135502D-03  0.2394680231595260D-03
  0.2453788679178648D-03  0.2510513405642538D-03  0.2564620358199765D-03
  0.2615925992165332D-03  0.2664312553309882D-03  0.2709744212556530D-03
  0.2752283338766021D-03  0.2792105916302739D-03  0.2829514827564450D-03
  0.2864949458083525D-03  0.2898989895925097D-03  0.2932353952458782D-03
  0.2965885396609092D-03  0.3000532230971961D-03  0.3037314578075903D-03
  0.3077282773427604D-03  0.3121467513389119D-03  0.3170825078709890D-03
  0.3226182041390058D-03  0.3288184232488601D-03  0.3357255144825325D-03
  0.3433568279911639D-03  0.3517036744542078D-03  0.3607321693420725D-03
  0.3703859292227219D-03  0.3805904057890627D-03  0.3912584995655468D-03
  0.4022970072826473D-03  0.4136134296764976D-03  0.4251226931629518D-03
  0.4367534043373018D-03  0.4484533425612780D-03  0.4601939857571702D-03
  0.4719739451581540D-03  0.4838212485903732D-03  0.4957944560595471D-03
  0.5079826174426863D-03  0.5205040934700360D-03  0.5335042628625886D-03
  0.5471521354714094D-03  0.5616358882277981D-03  0.5771573420682974D-03
  0.5939254072975360D-03  0.6121485459367953D-03  0.6320263357396691D-03
  0.6537402757085934D-03  0.6774440509167008D-03  0.7032535790155175D-03
  0.7312372950088683D-03  0.7614072944479226D-03  0.7937121430140571D-03
  0.8280323559732611D-03  0.8641797224646761D-03  0.9019017408868085D-03
  0.9408923603561297D-03  0.9808098817011930D-03  0.1021302148625602D-02
  0.1062037983988175D-02  0.1102742238481429D-02  0.1143230054656672D-02
  0.1183434485499987D-02  0.1223421112364894D-02  0.1263384405991928D-02
  0.1303623538444393D-02  0.1344499733162352D-02  0.1386381823874097D-02
  0.1429590025256416D-02  0.1474348594541691D-02  0.1520756036294173D-02
  0.1568777396293530D-02  0.1618258526929705D-02  0.1668958346082973D-02
  0.1720592853507088D-02  0.1772884093780380D-02  0.1825607934418828D-02
  0.1878635862283236D-02  0.1931967464280483D-02  0.1985751543766533D-02
  0.2040294785981972D-02  0.2096057556082705D-02  0.2153636849702822D-02
  0.2213736718264783D-02  0.2277126744113520D-02  0.2344589410145264D-02
  0.2416857558497196D-02  0.2494543623212132D-02  0.2578063031594940D-02
  0.2667555207013546D-02  0.2762807120648005D-02  0.2863186510130567D-02
  0.2967594865843456D-02  0.3074454069820867D-02  0.3181744675194374D-02
  0.3287116765600682D-02  0.3388093007933573D-02  0.3482373083761751D-02
  0.3568222915055398D-02  0.3644889997196346D-02  0.3712936055344401D-02
  0.3774348345535979D-02  0.3832318054130555D-02  0.3890677579896952D-02
  0.3953133663843291D-02  0.4022536496910522D-02  0.4100413541722793D-02
  0.4186876366223693D-02  0.4280859295720757D-02  0.4380553699272059D-02
  0.4483888447283490D-02  0.4588949363055696D-02  0.4694286281973455D-02
  0.4799099618276697D-02  0.4903321273177617D-02  0.5007612385351686D-02
  0.5113299484714060D-02  0.5222266593081379D-02  0.5336816717216378D-02
  0.5459513049978788D-02  0.5593008269431880D-02  0.5739869363024439D-02
  0.5902405125252573D-02  0.6082503636247957D-02  0.6281487449225008D-02
  0.6499994770322010D-02  0.6737895484674137D-02  0.6994251380908383D-02
  0.7267329984365989D-02  0.7554680607268815D-02  0.7853280222885489D-02
  0.8159752250872884D-02  0.8470656172780491D-02  0.8782837190010225D-02
  0.9093814482801402D-02  0.9402175232441513D-02  0.9707932239363202D-02
  0.1001279974194890D-01  0.1032034824289256D-01  0.1063601692373599D-01
  0.1096698861271433D-01  0.1132196184340256D-01  0.1171087663666691D-01
  0.1214465931974846D-01  0.1263504294314152D-01  0.1319449756158676D-01
  0.1383627641047844D-01  0.1457455850883260D-01  0.1542464908962920D-01
  0.1640319007970269D-01  0.1752833034281617D-01  0.1881980786289874D-01
  0.2029890269369870D-01  0.2198822963933579D-01  0.2391135766044512D-01
  0.2609227192386273D-01  0.2855474318771181D-01  0.3132171553865744D-01
  0.3441493086007347D-01
    1    1  333
  0.0000000000000000D+00 -0.1252969540388938D-11 -0.1810597391941846D-11
 -0.2487218024553361D-11 -0.3193400969332132D-11 -0.4059656682651009D-11
 -0.5013534647755098D-11 -0.6163046021774068D-11 -0.7410528312761817D-11
 -0.8866081649533721D-11 -0.1049150979891722D-10 -0.1231182627578581D-10
 -0.1440611484854255D-10 -0.1672025806523415D-10 -0.1933618275423456D-10
 -0.2226736346448510D-10 -0.2559462536560915D-10 -0.2929822415131646D-10
 -0.3343038009111199D-10 -0.3807495739683196D-10 -0.4328856611237819D-10
 -0.4905894393542340D-10 -0.5552062843011794D-10 -0.6273464194576288D-10
 -0.7077263723073929D-10 -0.7974167377780226D-10 -0.8971232509929348D-10
 -0.1007805686342738D-09 -0.1131296337432576D-09 -0.1268158919675957D-09
 -0.1420331092217863D-09 -0.1589364604095428D-09 -0.1776526076394287D-09
 -0.1984399989959383D-09 -0.2214705454344551D-09 -0.2470339436701246D-09
 -0.2753003511002045D-09 -0.3065749485337679D-09 -0.3412547223549245D-09
 -0.3795954241771389D-09 -0.4219934832130326D-09 -0.4688586917234457D-09
 -0.5206767916205159D-09 -0.5779480193506773D-09 -0.6412076258004147D-09
 -0.7110825331720673D-09 -0.7882304282000274D-09 -0.8733405812129627D-09
 -0.9673011276652875D-09 -0.1070949662645878D-08 -0.1185262602233052D-08
 -0.1311318340153674D-08 -0.1450299353160684D-08 -0.1603480730065950D-08
 -0.1772286080705941D-08 -0.1958282279648783D-08 -0.2163127406584196D-08
 -0.2388757548077174D-08 -0.2637208309038743D-08 -0.2910712605818093D-08
 -0.3211803826001137D-08 -0.3543131905707010D-08 -0.3907701889021423D-08
 -0.4308824947417791D-08 -0.4750039973599355D-08 -0.5235289191721931D-08
 -0.5768923726083222D-08 -0.6355631886909534D-08 -0.7000591991096787D-08
 -0.7709541758682751D-08 -0.8488662307287976D-08 -0.9344836554401152D-08
 -0.1028550064282855D-07 -0.1131889270957058D-07 -0.1245400012705991D-07
 -0.1370065966987548D-07 -0.1506961850307602D-07 -0.1657281992770583D-07
 -0.1822312758181760D-07 -0.2003471295065739D-07 -0.2202312428352261D-07
 -0.2420535678869196D-07 -0.2660005653614996D-07 -0.2922755353138876D-07
 -0.3211019321107877D-07 -0.3527234691134681D-07 -0.3874075353141759D-07
 -0.4254464744366040D-07 -0.4671600635032335D-07 -0.5128983569862603D-07
 -0.5630433509118238D-07 -0.6180145512052529D-07 -0.6782693778310047D-07
 -0.7443076361606308D-07 -0.8166772846206328D-07 -0.8959758252498265D-07
 -0.9828573547583418D-07 -0.1078036037079680D-06 -0.1182291744123408D-06
 -0.1296477250816068D-06 -0.1421523959315414D-06 -0.1558448627918110D-06
 -0.1708361083307156D-06 -0.1872473791240835D-06 -0.2052108996330784D-06
 -0.2248710305978646D-06 -0.2463852576599591D-06 -0.2699253487590545D-06
 -0.2956785490703762D-06 -0.3238490768531823D-06 -0.3546594585241608D-06
 -0.3883522436376980D-06 -0.4251916290948876D-06 -0.4654652200250261D-06
 -0.5094862968101338D-06 -0.5575957124876864D-06 -0.6101643574695101D-06
 -0.6675955960014450D-06 -0.7303279567555638D-06 -0.7988380348459741D-06
 -0.8736435177198702D-06 -0.9553066439763381D-06 -0.1044437493658073D-05
 -0.1141698010081023D-05 -0.1247805836877283D-05 -0.1363538717973531D-05
 -0.1489738920095433D-05 -0.1627318186548757D-05 -0.1777262641540439D-05
 -0.1940638257342628D-05 -0.2118596440167682D-05 -0.2312379910150164D-05
 -0.2523328751114102D-05 -0.2752886823932115D-05 -0.3002608392358957D-05
 -0.3274164680840445D-05 -0.3569350813467977D-05 -0.3890092781250725D-05
 -0.4238454271351143D-05 -0.4616643563127509D-05 -0.5027020134633492D-05
 -0.5472101066894537D-05 -0.5954566826666088D-05 -0.6477266603382134D-05
 -0.7043222604086054D-05 -0.7655633406941745D-05 -0.8317875906658544D-05
 -0.9033505461782813D-05 -0.9806254005683002D-05 -0.1064002572043913D-04
 -0.1153888956236945D-04 -0.1250706819668271D-04 -0.1354892280528416D-04
 -0.1466893270772755D-04 -0.1587166955618606D-04 -0.1716176457719980D-04
 -0.1854386835062897D-04 -0.2002260179951617D-04 -0.2160249753403067D-04
 -0.2328792993249781D-04 -0.2508303321278636D-04 -0.2699160565000675D-04
 -0.2901699943808549D-04 -0.3116199423734949D-04 -0.3342865399269044D-04
 -0.3581816607790033D-04 -0.3833066248644167D-04 -0.4096502327113497D-04
 -0.4371866329755458D-04 -0.4658730440871936D-04 -0.4956473637020708D-04
 -0.5264257189919716D-04 -0.5581000284210700D-04 -0.5905356749255960D-04
 -0.6235694201432342D-04 -0.6570077203430816D-04 -0.6906256459679882D-04
 -0.7241666415012908D-04 -0.7573433998178334D-04 -0.7898401483339093D-04
 -0.8213166588504006D-04 -0.8514142747525004D-04 -0.8797641986914072D-04
 -0.9059981766046950D-04 -0.9297615491530571D-04 -0.9507283985690478D-04
 -0.9686182014289439D-04 -0.9832130209580105D-04 -0.9943738544982457D-04
 -0.1002054356746101D-03 -0.1006309845625379D-03 -0.1007299367417255D-03
 -0.1005278720192915D-03 -0.1000582803643731D-03 -0.9935963766178142D-04
 -0.9847135922192173D-04 -0.9742876748474617D-04 -0.9625735317914431D-04
 -0.9496670213996402D-04 -0.9354452006495113D-04 -0.9195119339718931D-04
 -0.9011527715561259D-04 -0.8793021041624943D-04 -0.8525244570478959D-04
 -0.8190106007146236D-04 -0.7765881442099174D-04 -0.7227455360077280D-04
 -0.6546680087137073D-04 -0.5692839270637922D-04 -0.4633201740237270D-04
 -0.3333655377698992D-04 -0.1759414448103075D-04  0.1242025944704796D-05
  0.2350925153282285D-04  0.4952611424976027D-04  0.7958257585019423D-04
  0.1139293666485474D-03  0.1527667273665936D-03  0.1962326224024700D-03
  0.2443906302335240D-03  0.2972178313982363D-03  0.3545931603710469D-03
  0.4162868686449083D-03  0.4819519634208278D-03  0.5511187373368879D-03
  0.6231937776492350D-03  0.6974651125468489D-03  0.7731153673925729D-03
  0.8492448826621511D-03  0.9249065625961609D-03  0.9991536129164214D-03
  0.1071100093196451D-02  0.1139992187247363D-02  0.1205285235557352D-02
  0.1266718096375074D-02  0.1324372946794818D-02  0.1378706339084626D-02
  0.1430537667741679D-02  0.1480985609640389D-02  0.1531351726859951D-02
  0.1582962439334862D-02  0.1636992302798519D-02  0.1694299010516583D-02
  0.1755300941607239D-02  0.1819919473062343D-02  0.1887594835524747D-02
  0.1957369296904277D-02  0.2028020032211028D-02  0.2098218502447893D-02
  0.2166693525898151D-02  0.2232379659472022D-02  0.2294538613627586D-02
  0.2352847255737815D-02  0.2407450195017658D-02  0.2458977759260065D-02
  0.2508531525746423D-02  0.2557639982559098D-02  0.2608186753547452D-02
  0.2662313499331099D-02  0.2722299348607970D-02  0.2790418665757904D-02
  0.2868779253093960D-02  0.2959143842875298D-02  0.3062739144161866D-02
  0.3180059060713520D-02  0.3310672407853631D-02  0.3453051067601894D-02
  0.3604442566598712D-02  0.3760821705906214D-02  0.3916968111953008D-02
  0.4066726830498418D-02  0.4203509243750184D-02  0.4321068557560180D-02
  0.4414519874117693D-02  0.4481463942938989D-02  0.4522934202728162D-02
  0.4543791449817009D-02  0.4552240988623544D-02  0.4558406237905326D-02
  0.4572283063444707D-02  0.4601700939194328D-02  0.4650923341915404D-02
  0.4720223264279788D-02  0.4806371568930875D-02  0.4903704523828233D-02
  0.5005379350508005D-02  0.5104524270693382D-02  0.5195132334321611D-02
  0.5272664190118258D-02  0.5334388634130996D-02  0.5379512618111060D-02
  0.5409151068737717D-02  0.5426176172165638D-02  0.5434974134503880D-02
  0.5441127924338841D-02  0.5451038091091331D-02  0.5471489932510740D-02
  0.5509173431802952D-02  0.5570161945250790D-02  0.5659356270201516D-02
  0.5779902361602444D-02  0.5932593674957892D-02  0.6115273027682768D-02
  0.6322254491027106D-02  0.6543791838426922D-02  0.6765629013985862D-02
  0.6968674901512034D-02  0.7128850248227924D-02  0.7217154354131618D-02
  0.7199988934698901D-02  0.7039752196660537D-02  0.6695675249701141D-02
  0.6124818096671222D-02  0.5283082221056303D-02  0.4126048794428329D-02
  0.2609433589381503D-02  0.6889816138018485D-03 -0.1680298015684698D-02
 -0.4545542624431318D-02 -0.7957963356803413D-02 -0.1197507859706192D-01
 -0.1666301521861346D-01 -0.2209866255259111D-01 -0.2837153437767705D-01
 -0.3558526914095215D-01 -0.4385877028028048D-01 -0.5332704528917808D-01
 -0.6414183679038299D-01 -0.7647218449134481D-01 -0.9050510774397817D-01
 -0.1064467023840754D+00 -0.1245237944426830D+00 -0.1449874050903981D+00
 -0.1681162167104200D+00
    1    1  333
  0.0000000000000000D+00  0.1401671333417033D-11  0.2044089914974653D-11
  0.2783758797381099D-11  0.3632439927415068D-11  0.4612293227254301D-11
  0.5713162747565795D-11  0.6982122026009749D-11  0.8428282409259196D-11
  0.1005354023912306D-10  0.1189984080211359D-10  0.1397678659688700D-10
  0.1632610043540416D-10  0.1897380755653609D-10  0.2194565495955774D-10
  0.2529627754776247D-10  0.2904900480934207D-10  0.3325302003367715D-10
  0.3795578335948412D-10  0.4323477320986469D-10  0.4912806913995120D-10
  0.5570837702063803D-10  0.6305572767711866D-10  0.7125299304283322D-10
  0.8038779762331684D-10  0.9057658715325263D-10  0.1018903027587523D-09
  0.1144938054700577D-09  0.1284891287071522D-09  0.1440600513803630D-09
  0.1613440057760294D-09  0.1805252372057920D-09  0.2018111533229348D-09
  0.2254261603656922D-09  0.2515959674431162D-09  0.2805908933237956D-09
  0.3127196621184782D-09  0.3482867572032433D-09  0.3876457688694504D-09
  0.4311951686759730D-09  0.4793724040117677D-09  0.5326470336064696D-09
  0.5915137032987414D-09  0.6565698359320425D-09  0.7284425975052952D-09
  0.8078057323526814D-09  0.8954379784025910D-09  0.9921542564555645D-09
  0.1098891042489733D-08  0.1216642044785839D-08  0.1346517260578153D-08
  0.1489732626459762D-08  0.1647615057822438D-08  0.1821649719142014D-08
  0.2013425369043369D-08  0.2224713969634807D-08  0.2457454293471674D-08
  0.2713789919130972D-08  0.2996048919107131D-08  0.3306805825447908D-08
  0.3648837191248883D-08  0.4025263391855511D-08  0.4439471425983483D-08
  0.4895173768164422D-08  0.5396434857566838D-08  0.5947735721429303D-08
  0.6553981146744163D-08  0.7220538929545849D-08  0.7953288443912945D-08
  0.8758715252679981D-08  0.9643881458271478D-08  0.1061657331598717D-07
  0.1168527125189763D-07  0.1285930158052558D-07  0.1414889616904030D-07
  0.1556522394079191D-07  0.1712056026515507D-07  0.1882832849778091D-07
  0.2070323436926984D-07  0.2276140998087862D-07  0.2502045824618572D-07
  0.2749972147697610D-07  0.3022034087601146D-07  0.3320547171710125D-07
  0.3648045036197819D-07  0.4007300688764613D-07  0.4401350147086904D-07
  0.4833513841895467D-07  0.5307426756589340D-07  0.5827062040913392D-07
  0.6396767768589647D-07  0.7021301284380792D-07  0.7705860025476628D-07
  0.8456131726063221D-07  0.9278330576267761D-07  0.1017925260500049D-06
  0.1116632310035514D-06  0.1224765676042446D-06  0.1343211993865967D-06
  0.1472939788234780D-06  0.1615006826253314D-06  0.1770568501499879D-06
  0.1940886032025721D-06  0.2127336517135601D-06  0.2331422474367646D-06
  0.2554783868134501D-06  0.2799209777724752D-06  0.3066651495417803D-06
  0.3359236889238827D-06  0.3679285778042549D-06  0.4029326728522414D-06
  0.4412114832973070D-06  0.4830651387696297D-06  0.5288204809800401D-06
  0.5788333708461106D-06  0.6334910801782680D-06  0.6932149520517453D-06
  0.7584632694832889D-06  0.8297342348857373D-06  0.9075693135661867D-06
  0.9925566862554165D-06  0.1085335031968896D-05  0.1186597543190839D-05
  0.1297096205878939D-05  0.1417646359047817D-05  0.1549131580820742D-05
  0.1692508792040132D-05  0.1848813765783472D-05  0.2019166874358742D-05
  0.2204779160260673D-05  0.2406958712604096D-05  0.2627117345720157D-05
  0.2866777538823272D-05  0.3127579673815947D-05  0.3411289430557232D-05
  0.3719805511159303D-05  0.4055167314162028D-05  0.4419562894201441D-05
  0.4815336739426728D-05  0.5244997605497436D-05  0.5711226021028906D-05
  0.6216881514830422D-05  0.6765009279752128D-05  0.7358846107229882D-05
  0.8001825383169100D-05  0.8697580837844922D-05  0.9449948711210349D-05
  0.1026296797914706D-04  0.1114087823740910D-04  0.1208811467125537D-04
  0.1310929962224102D-04  0.1420923001950121D-04  0.1539286004344305D-04
  0.1666527812164481D-04  0.1803167740550281D-04  0.1949731867119105D-04
  0.2106748455500516D-04  0.2274742392667020D-04  0.2454228514704776D-04
  0.2645703671209353D-04  0.2849637404155947D-04  0.3066461086098199D-04
  0.3296555376936762D-04  0.3540235877909278D-04  0.3797736856143187D-04
  0.4069192970323040D-04  0.4354618950979899D-04  0.4653887271687631D-04
  0.4966703922640209D-04  0.5292582523043248D-04  0.5630817169074602D-04
  0.5980454596025571D-04  0.6340266485521593D-04  0.6708723038875438D-04
  0.7083969277308918D-04  0.7463805922734824D-04  0.7845677128333938D-04
  0.8226667766387940D-04  0.8603513366160910D-04  0.8972626107609712D-04
  0.9330140388361997D-04  0.9671981314236416D-04  0.9993958862145443D-04
  0.1029188927142050D-03  0.1056174332319888D-03  0.1079981840726740D-03
  0.1100292770245223D-03  0.1116859545474339D-03  0.1129524265694804D-03
  0.1138234288327994D-03  0.1143052453499724D-03  0.1144159421248074D-03
  0.1141845736863750D-03  0.1136491771937137D-03  0.1128534495798909D-03
  0.1118421502015453D-03  0.1106553838211261D-03  0.1093220812743258D-03
  0.1078531007391055D-03  0.1062344405521801D-03  0.1044210613178443D-03
  0.1023317611961401D-03  0.9984544597599779D-04  0.9679900514172679D-04
  0.9298687140438747D-04  0.8816222517454391D-04  0.8203972223253612D-04
  0.7429957819113484D-04  0.6459283483013319D-04  0.5254765329927103D-04
  0.3777651627793659D-04  0.1988426483952892D-04 -0.1523063911240292D-05
 -0.2682860230392628D-04 -0.5639420965083828D-04 -0.9054921461311241D-04
 -0.1295783591789277D-03 -0.1737090077667121D-03 -0.2230977563259841D-03
 -0.2778166752377270D-03 -0.3378395501969606D-03 -0.4030286511512925D-03
 -0.4731227648521520D-03 -0.5477274733058397D-03 -0.6263089455014008D-03
 -0.7081928199644951D-03 -0.7925700613009438D-03 -0.8785119183040703D-03
 -0.9649962003954360D-03 -0.1050946881503346D-02 -0.1135288345906388D-02
 -0.1217014190031579D-02 -0.1295268196289596D-02 -0.1369431846630198D-02
 -0.1439208793582536D-02 -0.1504692782090415D-02 -0.1566402908737022D-02
 -0.1625270493320469D-02 -0.1682566845850908D-02 -0.1739771013431301D-02
 -0.1798390243165573D-02 -0.1859759218994955D-02 -0.1924852628642855D-02
 -0.1994146074139322D-02 -0.2067550561691785D-02 -0.2144430541953676D-02
 -0.2223698436054948D-02 -0.2303965603591638D-02 -0.2383723420210423D-02
 -0.2461528542266211D-02 -0.2536171473533401D-02 -0.2606814485778768D-02
 -0.2673091569964939D-02 -0.2735168137682106D-02 -0.2793761392959493D-02
 -0.2850123831567267D-02 -0.2905992795230970D-02 -0.2963508846422675D-02
 -0.3025105365213470D-02 -0.3093371477107668D-02 -0.3170890366639116D-02
 -0.3260055364621934D-02 -0.3362867057831276D-02 -0.3480716273131376D-02
 -0.3614160460727764D-02 -0.3762705219767308D-02 -0.3924609086253827D-02
 -0.4096738844898656D-02 -0.4274514721140644D-02 -0.4451998717574544D-02
 -0.4622191010970909D-02 -0.4777599513801584D-02 -0.4911121549997342D-02
 -0.5017203625372255D-02 -0.5093119228059499D-02 -0.5140046013245457D-02
 -0.5163515259145980D-02 -0.5172863629226199D-02 -0.5179611634312039D-02
 -0.5195137031341905D-02 -0.5228355081855408D-02 -0.5284125357475963D-02
 -0.5362767832259674D-02 -0.5460617945481255D-02 -0.5571241195332408D-02
 -0.5686862066253940D-02 -0.5799673085480531D-02 -0.5902852336905960D-02
 -0.5991249720882915D-02 -0.6061774787918205D-02 -0.6113545012262411D-02
 -0.6147851864930229D-02 -0.6167989865725627D-02 -0.6178980530703804D-02
 -0.6187212303439012D-02 -0.6200010249702475D-02 -0.6225144935107225D-02
 -0.6270287780904353D-02 -0.6342419670975183D-02 -0.6447200291766981D-02
 -0.6588307512843533D-02 -0.6766759154020020D-02 -0.6980233899817399D-02
 -0.7222414485830796D-02 -0.7482383126727660D-02 -0.7744109478564747D-02
 -0.7986079330468515D-02 -0.8181118999705916D-02 -0.8296470646777592D-02
 -0.8294162739475537D-02 -0.8131692666385897D-02 -0.7762992034364948D-02
 -0.7139582051128549D-02 -0.6211756284277300D-02 -0.4929571115341918D-02
 -0.3243401436525589D-02 -0.1103854047624106D-02  0.1539080096730591D-02
  0.4737621627211152D-02  0.8548399522233269D-02  0.1303500479847712D-01
  0.1827062371306771D-01  0.2434049937854261D-01  0.3134405258455183D-01
  0.3939658061003255D-01  0.4863053714847519D-01  0.5919646346521449D-01
  0.7126368247679887D-01  0.8502092169303037D-01  0.1006770923268159D+00
  0.1184625753263655D+00  0.1386312043324459D+00  0.1614643985637888D+00
  0.1872754621704380D+00
    1   30  333
  0.0000000000000000D+00 -0.3462490061417727D-14 -0.6864808508698921D-14
 -0.2970029191377754D-14 -0.4364224153712124D-14 -0.6691615271002766D-14
  0.1294384750631885D-14 -0.7014694088373745D-14  0.2962809319077934D-15
 -0.4632881997686103D-14 -0.6488809832078637D-14 -0.1007885680576669D-13
 -0.1108845719282678D-13 -0.5880434789238544D-14 -0.5776166637398376D-14
 -0.1623887662671846D-13 -0.1467007491197699D-13 -0.1424878047107243D-13
 -0.1441968005844358D-13 -0.9824940148153699D-14 -0.1170857392288489D-13
 -0.1361605720968966D-13 -0.1859739862492217D-13 -0.2101426850829277D-13
 -0.2001521766823274D-13 -0.2773129156636974D-13 -0.2219256833176422D-13
 -0.2009498544896310D-13 -0.2966254075281827D-13 -0.3470244025210746D-13
 -0.3073269182453744D-13 -0.3830011801551059D-13 -0.4988006534916829D-13
 -0.6060370037627334D-13 -0.6135587465416356D-13 -0.7233288341482216D-13
 -0.8278843988281232D-13 -0.9258987760894047D-13 -0.1079870095505984D-12
 -0.1162162034870219D-12 -0.1327676238209651D-12 -0.1599232320139192D-12
 -0.1748455711991672D-12 -0.1988843021167830D-12 -0.2229812354768677D-12
 -0.2542511003051822D-12 -0.2833008098046895D-12 -0.3280965793465025D-12
 -0.3725276510577281D-12 -0.4194260108469048D-12 -0.4843360743128907D-12
 -0.5512123212408160D-12 -0.6274178803947752D-12 -0.7060245380816842D-12
 -0.7991756051576008D-12 -0.9043319347798409D-12 -0.1029688877518608D-11
 -0.1170707119819097D-11 -0.1317181023170417D-11 -0.1494522172287326D-11
 -0.1694499789889696D-11 -0.1917538485088022D-11 -0.2169618632108717D-11
 -0.2450164908543720D-11 -0.2784135466189203D-11 -0.3152892271387756D-11
 -0.3565202341375094D-11 -0.4039812531738648D-11 -0.4572602711695907D-11
 -0.5171434729262643D-11 -0.5857193497006279D-11 -0.6614835891553321D-11
 -0.7487889035794801D-11 -0.8468296274431482D-11 -0.9589179713884240D-11
 -0.1083966687539065D-10 -0.1226399487848676D-10 -0.1386593381106680D-10
 -0.1568361337776796D-10 -0.1773248027190838D-10 -0.2005795243121499D-10
 -0.2267475297624379D-10 -0.2562662355680860D-10 -0.2897155366286055D-10
 -0.3274882851747848D-10 -0.3701827996423846D-10 -0.4183378385928779D-10
 -0.4727307267380100D-10 -0.5341859831717959D-10 -0.6035903337987956D-10
 -0.6820590845889591D-10 -0.7705663213018714D-10 -0.8704772679046388D-10
 -0.9833139523665466D-10 -0.1110670464638168D-09 -0.1254509458037143D-09
 -0.1416827869654359D-09 -0.1600105189842746D-09 -0.1806886491390533D-09
 -0.2040312121124765D-09 -0.2303718422631522D-09 -0.2600962496063789D-09
 -0.2936401705200935D-09 -0.3314912759974674D-09 -0.3741903821027750D-09
 -0.4223611832648152D-09 -0.4767133839616566D-09 -0.5380117368053415D-09
 -0.6071617102404548D-09 -0.6851438781298608D-09 -0.7730965989992793D-09
 -0.8722722667006287D-09 -0.9841119987376339D-09 -0.1110197403636697D-08
 -0.1252360307516122D-08 -0.1412624824236203D-08 -0.1593271582709998D-08
 -0.1796883706200349D-08 -0.2026353226290837D-08 -0.2284943617395909D-08
 -0.2576332946101121D-08 -0.2904627891705460D-08 -0.3274475931315548D-08
 -0.3691089036175259D-08 -0.4160325919075472D-08 -0.4688778255132376D-08
 -0.5283839496100593D-08 -0.5953825706852781D-08 -0.6708060814040229D-08
 -0.7557038222279488D-08 -0.8512512667216728D-08 -0.9587687428000304D-08
 -0.1079736387048931D-07 -0.1215815622512417D-07 -0.1368867605624741D-07
 -0.1540978542210872D-07 -0.1734486930968760D-07 -0.1952010442732639D-07
 -0.2196478471642588D-07 -0.2471169315081773D-07 -0.2779752743303940D-07
 -0.3126327756722535D-07 -0.3515474308529842D-07 -0.3952308965298479D-07
 -0.4442541964766495D-07 -0.4992542425704131D-07 -0.5609410394738235D-07
 -0.6301054481547411D-07 -0.7076278450068505D-07 -0.7944875857178530D-07
 -0.8917730768710515D-07 -0.1000692668882540D-06 -0.1122587206462769D-06
 -0.1258942323065987D-06 -0.1411402939704320D-06 -0.1581788084027353D-06
 -0.1772106605250804D-06 -0.1984574294477730D-06 -0.2221631828148921D-06
 -0.2485963452799233D-06 -0.2780516677166751D-06 -0.3108522357260926D-06
 -0.3473515532831480D-06 -0.3879356646361248D-06 -0.4330252360811887D-06
 -0.4830776583833071D-06 -0.5385890846970219D-06 -0.6000963368998140D-06
 -0.6681787399035498D-06 -0.7434597376280700D-06 -0.8266083673901323D-06
 -0.9183404712293870D-06 -0.1019419768856562D-05 -0.1130658708580127D-05
 -0.1252919308571396D-05 -0.1387114031199517D-05 -0.1534207025572382D-05
 -0.1695216043783338D-05 -0.1871215548692249D-05 -0.2063341716083918D-05
 -0.2272800106563868D-05 -0.2500877188074221D-05 -0.2748956816898352D-05
 -0.3018543192959697D-05 -0.3311291619626594D-05 -0.3629048491774499D-05
 -0.3973901558304681D-05 -0.4348240951022108D-05 -0.4754830674543530D-05
 -0.5196889001978357D-05 -0.5678174886962929D-05 -0.6203075912326936D-05
 -0.6776691774088317D-05 -0.7404906315187864D-05 -0.8094440201791227D-05
 -0.8852877270101651D-05 -0.9688658011336629D-05 -0.1061103625304596D-04
 -0.1162999742921609D-04 -0.1275613962573324D-04 -0.1400052094358606D-04
 -0.1537447833357985D-04 -0.1688942359416059D-04 -0.1855662183231255D-04
 -0.2038695631017279D-04 -0.2239068177208097D-04 -0.2457716642182670D-04
 -0.2695462091509128D-04 -0.2952981162022239D-04 -0.3230775475987113D-04
 -0.3529138831107834D-04 -0.3848121942393789D-04 -0.4187494686483681D-04
 -0.4546706019856770D-04 -0.4924842068774088D-04 -0.5320583261955691D-04
 -0.5732161870490230D-04 -0.6157321907539216D-04 -0.6593284068997515D-04
 -0.7036719278059696D-04 -0.7483735439375272D-04 -0.7929883241888941D-04
 -0.8370188201135428D-04 -0.8799217566185401D-04 -0.9211192042038589D-04
 -0.9600153202681177D-04 -0.9960197527049592D-04 -0.1028578643844747D-03
 -0.1057213759638724D-03 -0.1081569473543042D-03 -0.1101466034487596D-03
 -0.1116955654059920D-03 -0.1128375497168025D-03 -0.1136388912457159D-03
 -0.1142003798991302D-03 -0.1146555872226260D-03 -0.1151646026903113D-03
 -0.1159026079445549D-03 -0.1170436483505922D-03 -0.1187410945943017D-03
 -0.1211074926973492D-03 -0.1241971581301998D-03 -0.1279947387632987D-03
 -0.1324120386182580D-03 -0.1372936302194502D-03 -0.1424301165733586D-03
 -0.1475765544054022D-03 -0.1524730141755699D-03 -0.1568644832786410D-03
 -0.1605180703444477D-03 -0.1632363997691765D-03 -0.1648669144806416D-03
 -0.1653073846089376D-03 -0.1645082206749347D-03 -0.1624722740653736D-03
 -0.1592527422513802D-03 -0.1549496692480351D-03 -0.1497053850871018D-03
 -0.1436990963146674D-03 -0.1371407350585702D-03 -0.1302640967641116D-03
 -0.1233192441997517D-03 -0.1165641220358664D-03 -0.1102553096830838D-03
 -0.1046378424879765D-03 -0.9993406379988833D-04 -0.9633155732893304D-04
 -0.9397039424562913D-04 -0.9293027877022085D-04 -0.9321877193027678D-04
 -0.9476267989202262D-04 -0.9740587940174471D-04 -0.1009179395538265D-03
 -0.1050183564191415D-03 -0.1094193430888016D-03 -0.1138852413945533D-03
 -0.1182984464581226D-03 -0.1227136884092439D-03 -0.1273803269787904D-03
 -0.1327206618499895D-03 -0.1392690581119072D-03 -0.1475924828700080D-03
 -0.1582181353646613D-03 -0.1715864685044789D-03 -0.1880346464653989D-03
 -0.2078045473794377D-03 -0.2310646703062730D-03 -0.2579358349645228D-03
 -0.2885135564384400D-03 -0.3228831173057308D-03 -0.3611256090966924D-03
 -0.4033144413271594D-03 -0.4495022851958970D-03 -0.4996984484501400D-03
 -0.5538364960995924D-03 -0.6117316791889062D-03 -0.6730274801077944D-03
 -0.7371303638317833D-03 -0.8031316636997857D-03 -0.8697154549177474D-03
 -0.9350513187415284D-03 -0.9966711426373032D-03 -0.1051329529455468D-02
 -0.1094848270790278D-02 -0.1121946952632740D-02 -0.1126062405794873D-02
 -0.1099163166536913D-02 -0.1031566352750684D-02 -0.9117663628712325D-03
 -0.7262848485330514D-03 -0.4595487750586579D-03 -0.9379594275492376D-04
  0.3910044238590349D-03  0.1017246261379740D-02  0.1809844812382018D-02
  0.2796523351184135D-02  0.4008298016724601D-02  0.5480223716577555D-02
  0.7252440514832967D-02  0.9371529339289676D-02  0.1189215653771195D-01
  0.1487896858473130D-01  0.1840869240692031D-01  0.2257240862398396D-01
  0.2747797746261039D-01  0.3325260919693580D-01  0.4004557537961031D-01
  0.4803104627354799D-01  0.5741102876970818D-01  0.6841836525674462D-01
  0.8131977585779532D-01  0.9641880648207822D-01  0.1140593229135722D+00
  0.1346282808703409D+00
    1   22  333
  0.0000000000000000D+00  0.1963180089564489D-14 -0.3548314739659162D-14
  0.9311149543078646D-14  0.7403275080608384D-14  0.1193390274366797D-13
  0.5043306541539550D-14  0.7348494696372117D-14  0.1250338408771469D-13
  0.1777793872199249D-13  0.1030008536573201D-13  0.1056969317524263D-13
  0.7809529020301039D-14  0.1595646907044132D-13  0.1785318907670079D-13
  0.1786232240756200D-13  0.1853332953977406D-13  0.3227891016012302D-13
  0.2066347126334498D-13  0.3007244706167224D-13  0.2751684091273931D-13
  0.2036839271396731D-13  0.2601778119600401D-13  0.2674922524209250D-13
  0.3609527872159871D-13  0.4042010260005139D-13  0.4494696546402623D-13
  0.6276384512725895D-13  0.5961324213492958D-13  0.7029151233056137D-13
  0.7624534976818037D-13  0.8333885537094717D-13  0.1030033056427918D-12
  0.1041645592455815D-12  0.1337956637663169D-12  0.1501051043113023D-12
  0.1711272685546209D-12  0.1951624324786878D-12  0.2275103646477353D-12
  0.2550855895378748D-12  0.2780778439896597D-12  0.3347546786849365D-12
  0.3674333871526531D-12  0.4196209456329873D-12  0.4758565358810593D-12
  0.5303842927681091D-12  0.6181741009793620D-12  0.7040112065686938D-12
  0.7937828583030506D-12  0.8921719240426755D-12  0.1019740849675399D-11
  0.1152363302954227D-11  0.1302318516485774D-11  0.1481307965662700D-11
  0.1682490061912774D-11  0.1914289234964501D-11  0.2171239011800676D-11
  0.2457084360216788D-11  0.2793717761387156D-11  0.3154485628275193D-11
  0.3580924794114054D-11  0.4042559882634402D-11  0.4582755545167428D-11
  0.5194016189040487D-11  0.5871585279991763D-11  0.6653799245866823D-11
  0.7538642956110020D-11  0.8527270846424425D-11  0.9658347863352067D-11
  0.1092728894714870D-10  0.1236824055039813D-10  0.1399667707264183D-10
  0.1582657878192804D-10  0.1791511735451546D-10  0.2026273976451100D-10
  0.2292238223478669D-10  0.2592529909344370D-10  0.2932980101552268D-10
  0.3315793110669543D-10  0.3749257481819880D-10  0.4240105271058994D-10
  0.4792587785549996D-10  0.5419195206569923D-10  0.6125355722789820D-10
  0.6924242401649985D-10  0.7825701974728071D-10  0.8844101265821828D-10
  0.9995457772211854D-10  0.1129362868066197D-09  0.1276229022049133D-09
  0.1441996325840107D-09  0.1629100504466990D-09  0.1840434045152344D-09
  0.2078984773249761D-09  0.2348259042060737D-09  0.2652378739017698D-09
  0.2995553266936299D-09  0.3382941098172638D-09  0.3820339919135504D-09
  0.4313823813332483D-09  0.4870750696237732D-09  0.5499312951799517D-09
  0.6208491434871230D-09  0.7008695647279530D-09  0.7911596437000296D-09
  0.8930089230135565D-09  0.1007917078342664D-08  0.1137530128072297D-08
  0.1283727343674160D-08  0.1448608397378920D-08  0.1634560681939857D-08
  0.1844259046679912D-08  0.2080714288215298D-08  0.2347314317811144D-08
  0.2647873182596269D-08  0.2986721823958736D-08  0.3368657712364953D-08
  0.3799150014508218D-08  0.4284320874235874D-08  0.4831063674020063D-08
  0.5447125612983987D-08  0.6141240018310242D-08  0.6923205065255782D-08
  0.7804039480338475D-08  0.8796145888753348D-08  0.9913433485727748D-08
  0.1117154446606686D-07  0.1258807191871651D-07  0.1418272900642098D-07
  0.1597768017405672D-07  0.1799778536758566D-07  0.2027095824154366D-07
  0.2282851314366274D-07  0.2570554280751673D-07  0.2894140888843662D-07
  0.3258021714481006D-07  0.3667138862582556D-07  0.4127027437317668D-07
  0.4643879927906274D-07  0.5224630442651256D-07  0.5877030063062310D-07
  0.6609747439312517D-07  0.7432465502745993D-07  0.8356000833638230D-07
  0.9392421098407599D-07  0.1055519223125982D-06  0.1185932196684086D-06
  0.1332152702171057D-06  0.1496042035734055D-06  0.1679669945005784D-06
  0.1885336905634022D-06  0.2115597415319905D-06  0.2373285082898669D-06
  0.2661540348673653D-06  0.2983839782706073D-06  0.3344027500387538D-06
  0.3746349288277884D-06  0.4195487870563133D-06  0.4696601092101770D-06
  0.5255361295686187D-06  0.5877996765992085D-06  0.6571334284707080D-06
  0.7342843259366419D-06  0.8200679488782277D-06  0.9153730254329334D-06
  0.1021165787574447D-05  0.1138494207608855D-05  0.1268492115616355D-05
  0.1412382922385652D-05  0.1571483076820967D-05  0.1747205064880921D-05
  0.1941059954723943D-05  0.2154659526307631D-05  0.2389718050979167D-05
  0.2648053870891219D-05  0.2931591203157570D-05  0.3242362526156938D-05
  0.3582512521430666D-05  0.3954304401459144D-05  0.4360130238296143D-05
  0.4802526985600646D-05  0.5284200493529839D-05  0.5808060140427848D-05
  0.6377267063931171D-05  0.6995298929484611D-05  0.7666034330304230D-05
  0.8393858942591316D-05  0.9183794559486121D-05  0.1004165045233027D-04
  0.1097419371636542D-04  0.1198933252794350D-04  0.1309630283014789D-04
  0.1430584577306918D-04  0.1563036087678644D-04  0.1708401834980075D-04
  0.1868281543795471D-04  0.2044456300394099D-04  0.2238879383887438D-04
  0.2453658925518764D-04  0.2691032643634608D-04  0.2953335413511340D-04
  0.3242960769154959D-04  0.3562317562706439D-04  0.3913782915258766D-04
  0.4299652305529301D-04  0.4722087257439450D-04  0.5183060666035372D-04
  0.5684299428439438D-04  0.6227223794121887D-04  0.6812882723336519D-04
  0.7441884589453563D-04  0.8114322755190373D-04  0.8829695907851278D-04
  0.9586823533445681D-04  0.1038375756899344D-03  0.1121769209361647D-03
  0.1208487394213731D-03  0.1298051837969802D-03  0.1389873551617783D-03
  0.1483247499393334D-03  0.1577349870802593D-03  0.1671239389042467D-03
  0.1763864177722536D-03  0.1854076008063387D-03  0.1940654029424063D-03
  0.2022340280232661D-03  0.2097889285664530D-03  0.2166133719550559D-03
  0.2226067229458157D-03  0.2276943839529799D-03  0.2318390588948772D-03
  0.2350526054396934D-03  0.2374072215660097D-03  0.2390441310911604D-03
  0.2401774176610349D-03  0.2410904190396513D-03  0.2421224012375278D-03
  0.2436443137594726D-03  0.2460244034946691D-03  0.2495868675924366D-03
  0.2545692752973410D-03  0.2610858709729534D-03  0.2691035772538942D-03
  0.2784355236954688D-03  0.2887531792487312D-03  0.2996146350047866D-03
  0.3105037365391899D-03  0.3208736476027322D-03  0.3301889342269943D-03
  0.3379618631194460D-03  0.3437805855824973D-03  0.3473286320341051D-03
  0.3483963636061332D-03  0.3468856572473931D-03  0.3428092720451527D-03
  0.3362862012081362D-03  0.3275340418944636D-03  0.3168591029584645D-03
  0.3046446910657256D-03  0.2913377952032510D-03  0.2774342271034960D-03
  0.2634621671432158D-03  0.2499640003547829D-03  0.2374763016924335D-03
  0.2265078510993581D-03  0.2175156535660201D-03  0.2108791625991787D-03
  0.2068733512771904D-03  0.2056420792730544D-03  0.2071745226264649D-03
  0.2112893575634108D-03  0.2176337735900056D-03  0.2257063366409812D-03
  0.2349130311861191D-03  0.2446610393766218D-03  0.2544839721491297D-03
  0.2641754943901613D-03  0.2738932586731780D-03  0.2841932299663906D-03
  0.2959738383380488D-03  0.3103438810311810D-03  0.3284581896480324D-03
  0.3513726553637286D-03  0.3799535817017237D-03  0.4148494476449722D-03
  0.4565118750730021D-03  0.5052438417502735D-03  0.5612547231082322D-03
  0.6247079462312983D-03  0.6957533682419366D-03  0.7745409878370706D-03
  0.8612150371558364D-03  0.9558884274018019D-03  0.1058597575767406D-02
  0.1169237277527076D-02  0.1287474791314524D-02  0.1412641820091741D-02
  0.1543602674155091D-02  0.1678596652139949D-02  0.1815052637295071D-02
  0.1949374171679944D-02  0.2076693988086561D-02  0.2190598124178287D-02
  0.2282821875901793D-02  0.2342923441223973D-02  0.2357942527718830D-02
  0.2312058203431746D-02  0.2186262002474203D-02  0.1958064861037547D-02
  0.1601253985098005D-02  0.1085706960570204D-02  0.3772517038717907D-03
 -0.5624654216455493D-03 -0.1776176494042373D-02 -0.3311358496135251D-02
 -0.5220897312790709D-02 -0.7564173354805445D-02 -0.1040866809770808D-01
 -0.1383213818104654D-01 -0.1792534608228892D-01 -0.2279528946646163D-01
 -0.2856885019889204D-01 -0.3539678580002344D-01 -0.4345801659669601D-01
 -0.5296418667527041D-01 -0.6416449552742412D-01 -0.7735079878413278D-01
 -0.9286294936257983D-01 -0.1110943254753393D+00 -0.1324974658208343D+00
 -0.1575897776957764D+00 -0.1869590621019578D+00 -0.2212700773322683D+00
 -0.2612697322934556D+00
