  0.5920000000000000D+01    4
  0.2747673412109099D+01
    1  115    7
  333  333  333  333  333  333  333
  0.2592750062588245D-01 -0.6046723836886123D-02  0.5502993719474838D-02
 -0.3705433847473071D-01  0.6182124656094309D-02  0.4495319374022798D-02
 -0.8718140848653273D-03  0.6125463877529802D-03  0.3090567310492500D-02
 -0.1863510194685946D-02  0.3002156392689343D-02 -0.8911137642748629D-03
  0.2361672190902487D-02 -0.1817248244160876D-02  0.3029764613238777D-02
 -0.4225307285541227D-03  0.3661544092176359D-02 -0.1174746367039907D-02
 -0.2697316692042327D-02 -0.4652701232424660D-03 -0.1353693927288046D-02
  0.7735915137048518D-03 -0.9799845865575971D-03  0.2583502369062811D-03
  0.3256149731718590D-03 -0.2956352581419022D-03 -0.5515598812468177D-03
  0.1267446333259439D-03 -0.2306756649027801D-03  0.2836319530118098D-03
  0.1151202659142194D-03  0.9319043929614394D-04  0.2296438126209942D-04
  0.5442864553386568D-04  0.7369009585555732D-04 -0.5543945557650243D-04
 -0.8374076504392590D-06  0.4471295033057650D-04 -0.1233802998746045D-04
  0.1128693622530967D-03  0.1220150785465996D-04 -0.1308586135421353D-03
  0.3525085483873788D-06 -0.1012257208536279D-03 -0.1137467523380026D-03
  0.1245441081348429D-03  0.9937625365797432D-04  0.1085027903030733D-03
 -0.1138851625049892D-03 -0.1737891353485802D-03  0.6924646767741915D-04
  0.6698816404290376D-04  0.2484310123674277D-04 -0.2387891023638280D-03
  0.1111671845989925D-03  0.1426335583382832D-03 -0.1984985522096699D-03
  0.1875464937345982D-03  0.1665672035479405D-03  0.2015305826040639D-03
 -0.6240332575591858D-04  0.9430661020616636D-04 -0.6142532251406289D-04
 -0.5339011464814645D-04 -0.5629501144003051D-05  0.7315413560752340D-04
  0.4371547691280854D-04 -0.5475841168466973D-04 -0.6922584076076190D-04
 -0.1445030096208535D-04  0.1499827522787878D-04  0.1204124323729066D-04
 -0.6651134118739449D-04 -0.6785843820666339D-04  0.5966870736859384D-05
 -0.3711608808614594D-04 -0.2437372045352760D-05  0.7131602456597703D-04
  0.4100526369246273D-04 -0.5482162535897527D-04  0.2231645870472646D-04
 -0.1113512308918499D-04  0.2466366832209453D-04 -0.3685888747347307D-04
  0.9462917105530629D-05  0.1147068230071857D-04 -0.1220672395287808D-04
  0.5045263404762371D-05 -0.2930612190488680D-04 -0.3765777062923115D-05
 -0.1760903748718116D-05 -0.6607237677096742D-05  0.1509746412653389D-04
  0.9026904707241139D-05  0.1292157748372273D-04 -0.7109427714556581D-05
 -0.2970014727358792D-05  0.5941826418484092D-05 -0.7135558907218534D-05
  0.8061778378800215D-06 -0.6928234546024512D-05  0.4453438188798638D-05
  0.1419372681706035D-05 -0.1905168887383757D-06 -0.2661356899457049D-05
  0.1252398931977914D-05  0.2518933359465391D-05 -0.6593923161804078D-06
 -0.3204796304300099D-06 -0.2389656236415675D-06  0.3653133288639326D-06
 -0.7797963224619115D-08  0.1993247860159897D-07  0.3061549259136445D-07
 -0.5987897512958222D-08
  0.0000000000000000D+00  0.9972959650166325D+06  0.9925978983287442D+06
  0.9879101685555398D+06  0.9832324789336009D+06  0.9785645387000899D+06
  0.9739065021682922D+06  0.9692576772669510D+06  0.9646181744470366D+06
  0.9599873834663127D+06  0.9553650704153620D+06  0.9507508709162630D+06
  0.9461444405559656D+06  0.9415454301340013D+06  0.9369534830819437D+06
  0.9323682380165108D+06  0.9277893280295990D+06  0.9232163805395736D+06
  0.9186490171878057D+06  0.9140868536791203D+06  0.9095294996359551D+06
  0.9049765584536563D+06  0.9004276271563314D+06  0.8958822962544966D+06
  0.8913401496043697D+06  0.8868007642689628D+06  0.8822637103811380D+06
  0.8777285510087844D+06  0.8731948420223308D+06  0.8686621319647864D+06
  0.8641299619245582D+06  0.8595978654113159D+06  0.8550653682351473D+06
  0.8505319883893653D+06  0.8459972359372701D+06  0.8414606129032298D+06
  0.8369216131684775D+06  0.8323797223720367D+06  0.8278344178172265D+06
  0.8232851683842302D+06  0.8187314344492413D+06  0.8141726678107055D+06
  0.8096083116232973D+06  0.8050378003401905D+06  0.8004605596643246D+06
  0.7958760065093389D+06  0.7912835489709107D+06  0.7866825863093078D+06
  0.7820725089439354D+06  0.7774526984607883D+06  0.7728225276337011D+06
  0.7681813604603679D+06  0.7635285522141713D+06  0.7588634495128348D+06
  0.7541853904050948D+06  0.7494937044765074D+06  0.7447877129756686D+06
  0.7400667289621059D+06  0.7353300574772249D+06  0.7305769957397054D+06
  0.7258068333668377D+06  0.7210188526233188D+06  0.7162123286991424D+06
  0.7113865300182282D+06  0.7065407185795362D+06  0.7016741503324746D+06
  0.6967860755884742D+06  0.6918757394706582D+06  0.6869423824036227D+06
  0.6819852406454076D+06  0.6770035468637873D+06  0.6719965307591024D+06
  0.6669634197358950D+06  0.6619034396256882D+06  0.6568158154632954D+06
  0.6516997723191351D+06  0.6465545361900235D+06  0.6413793349510295D+06
  0.6361733993709906D+06  0.6309359641943064D+06  0.6256662692917172D+06
  0.6203635608827445D+06  0.6150270928325175D+06  0.6096561280257126D+06
  0.6042499398203231D+06  0.5988078135839658D+06  0.5933290483154174D+06
  0.5878129583539898D+06  0.5822588751793527D+06  0.5766661493042887D+06
  0.5710341522627792D+06  0.5653622786957284D+06  0.5596499485364535D+06
  0.5538966092979270D+06  0.5481017384635570D+06  0.5422648459830565D+06
  0.5363854768747226D+06  0.5304632139351086D+06  0.5244976805568020D+06
  0.5184885436545917D+06  0.5124355166999420D+06  0.5063383628632128D+06
  0.5001968982625509D+06  0.4940109953178433D+06  0.4877805862074896D+06
  0.4815056664250979D+06  0.4751862984324692D+06  0.4688226154044537D+06
  0.4624148250604016D+06  0.4559632135760245D+06  0.4494681495684574D+06
  0.4429300881462995D+06  0.4363495750152476D+06  0.4297272506287190D+06
  0.4230638543716253D+06  0.4163602287640615D+06  0.4096173236702716D+06
  0.4028362004967533D+06  0.3960180363617901D+06  0.3891641282170888D+06
  0.3822758969004775D+06  0.3753548910969142D+06  0.3684027911832124D+06
  0.3614214129301177D+06  0.3544127110334361D+06  0.3473787824441028D+06
  0.3403218694651431D+06  0.3332443625816302D+06  0.3261488029879027D+06
  0.3190378847744928D+06  0.3119144567355121D+06  0.3047815237556091D+06
  0.2976422477341111D+06  0.2904999480026050D+06  0.2833581011910758D+06
  0.2762203404967409D+06  0.2690904543090712D+06  0.2619723841440622D+06
  0.2548702218408135D+06  0.2477882059737627D+06  0.2407307174347157D+06
  0.2337022741400229D+06  0.2267075248200260D+06  0.2197512418502060D+06
  0.2128383130864149D+06  0.2059737326701718D+06  0.1991625907743003D+06
  0.1924100622642531D+06  0.1857213942562920D+06  0.1791018925603529D+06
  0.1725569070029126D+06  0.1660918156335277D+06  0.1597120078279318D+06
  0.1534228663106644D+06  0.1472297481311234D+06  0.1411379646387028D+06
  0.1351527605151852D+06  0.1292792919358172D+06  0.1235226039443593D+06
  0.1178876071418219D+06  0.1123790538034117D+06  0.1070015135533210D+06
  0.1017593487421702D+06  0.9665668968704129D+05  0.9169740994883674D+05
  0.8688510183599216D+05  0.8222305233704412D+05  0.7771421969699267D+05
  0.7336121086345294D+05  0.6916626003799490D+05  0.6513120857548679D+05
  0.6125748647936647D+05  0.5754609574325300D+05  0.5399759578884791D+05
  0.5061209124637226D+05  0.4738922231655567D+05  0.4432815794218887D+05
  0.4142759200226054D+05  0.3868574272256692D+05  0.3610035547329651D+05
  0.3366870909643279D+05  0.3138762587391921D+05  0.2925348521152920D+05
  0.2726224107351094D+05  0.2540944315965322D+05  0.2369026176988572D+05
  0.2209951625242490D+05  0.2063170688045745D+05  0.1928104995016901D+05
  0.1804151584043286D+05  0.1690686972260024D+05  0.1587071455859219D+05
  0.1492653597305715D+05  0.1406774867517432D+05  0.1328774334805463D+05
  0.1257993465129261D+05  0.1193780859846090D+05  0.1135496934636857D+05
  0.1082518469193271D+05  0.1034242969641401D+05  0.9900927865860265D+04
  0.9495189335755134D+04  0.9120045537188375D+04  0.8770679861291606D+04
  0.8442653887936147D+04  0.8131928803274333D+04  0.7834881697906193D+04
  0.7548316512334730D+04  0.7269469477786975D+04  0.6996008987075014D+04
  0.6726029920421222D+04  0.6458042543389131D+04  0.6190956186441446D+04
  0.5924058006302659D+04  0.5656987216313234D+04  0.5389705254414784D+04
  0.5122462431447131D+04  0.4855761667324690D+04  0.4590319976794985D+04
  0.4327028408463706D+04  0.4066911169420986D+04  0.3811084682199941D+04
  0.3560717320297460D+04  0.3316990552735727D+04  0.3081062197098567D+04
  0.2854032434403606D+04  0.2636913178655950D+04  0.2430601319872942D+04
  0.2235856272998608D+04  0.2053282167986783D+04  0.1883314910293506D+04
  0.1726214228271905D+04  0.1582060707007805D+04  0.1450757689765971D+04
  0.1332037811488768D+04  0.1225473816955932D+04  0.1130493212649563D+04
  0.1046396186710969D+04  0.9723762871593597D+03  0.9075429671879534D+03
  0.8509454811594777D+03  0.8015973211802394D+03  0.7585003673237532D+03
  0.7206682951059763D+03  0.6871483229324454D+03  0.6570408594224938D+03
  0.6295165256277213D+03  0.6038301601615827D+03  0.5793315289168929D+03
  0.5554725811623357D+03  0.5318112173776569D+03  0.5080116531081422D+03
  0.4838415800054790D+03  0.4591664200784045D+03  0.4339410665247892D+03
  0.4081995593559567D+03  0.3820431992574985D+03  0.3556276236942669D+03
  0.3291493699155594D+03  0.3028324320341522D+03  0.2769152790796836D+03
  0.2516387474297459D+03  0.2272351542868740D+03  0.2039189041055086D+03
  0.1818787808389352D+03  0.1612720393153360D+03  0.1422203322872289D+03
  0.1248074385067346D+03  0.1090786937341611D+03  0.9504197246666516D+02
  0.8267002441461989D+02  0.7190390646263725D+02  0.6265741961421026D+02
  0.5482194821231114D+02  0.4827182130539929D+02  0.4286970967258197D+02
  0.3847191367177621D+02  0.3493332062412686D+02  0.3211186867080632D+02
  0.2987239042519237D+02  0.2808975135022003D+02  0.2665123857165999D+02
  0.2545819414375394D+02  0.2442691970009470D+02  0.2348890885414393D+02
  0.2259048327395149D+02  0.2169192928970367D+02  0.2076623603566444D+02
  0.1979754730388517D+02  0.1877943290935098D+02  0.1771308214662032D+02
  0.1660551078307217D+02  0.1546785846530747D+02  0.1431383797333973D+02
  0.1315838009113862D+02  0.1201650099849203D+02  0.1090240319926855D+02
  0.9828807177735577D+01  0.8806499724859075D+01  0.7844076476392913D+01
  0.6947850672865953D+01  0.6121897651767640D+01  0.5368201626973377D+01
  0.4686877603426827D+01  0.4076445016336463D+01  0.3534113762001572D+01
  0.3056081071971845D+01  0.2637814738783757D+01  0.2274313340418598D+01
  0.1960335898388436D+01  0.1690597015275728D+01  0.1459925533281335D+01
  0.1263388020862205D+01  0.1096378661229040D+01  0.9546793484859029D+00
  0.8344936124279679D+00  0.7324590655939071D+00  0.6456423142461305D+00
  0.5715206203364874D+00  0.5079540257330537D+00  0.4531511965128710D+00
  0.4056317366750271D+00  0.3641873172847419D+00  0.3278432858532939D+00
  0.2958221311175063D+00  0.2675097242425331D+00  0.2424249037058896D+00
  0.2201927644583933D+00  0.2005217232483170D+00  0.1831843156431166D+00
  0.1680014701013525D+00  0.1548307502137674D+00  0.1435556639052044D+00
  0.1340823389751922D+00
  0.0000000000000000D+00 -0.1403905090435433D+00 -0.1430420655611596D+00
 -0.1457432431146661D+00 -0.1484949117805620D+00 -0.1512972926226978D+00
 -0.1541544967314304D+00 -0.1570660011066743D+00 -0.1600364362910855D+00
 -0.1630641918831807D+00 -0.1661513018766500D+00 -0.1692986467062022D+00
 -0.1725072905674589D+00 -0.1757783899254394D+00 -0.1791130836699627D+00
 -0.1825125465018639D+00 -0.1859779817086815D+00 -0.1895106182982436D+00
 -0.1931117130854190D+00 -0.1967825503803810D+00 -0.2005244420252927D+00
 -0.2043387275718213D+00 -0.2082267743745804D+00 -0.2121899777068604D+00
 -0.2162297608801471D+00 -0.2203475753585371D+00 -0.2245449008691016D+00
 -0.2288232455042216D+00 -0.2331841458125573D+00 -0.2376291668754802D+00
 -0.2421599023654894D+00 -0.2467779745830555D+00 -0.2514850344681699D+00
 -0.2562827615827454D+00 -0.2611728640598033D+00 -0.2661570785152072D+00
 -0.2712371699174926D+00 -0.2764149314111101D+00 -0.2816921840881582D+00
 -0.2870707767034297D+00 -0.2925525853273122D+00 -0.2981395129307877D+00
 -0.3038334888964827D+00 -0.3096364684493729D+00 -0.3155504320004160D+00
 -0.3215773843960158D+00 -0.3277193540658531D+00 -0.3339783920612017D+00
 -0.3403565709754570D+00 -0.3468559837381514D+00 -0.3534787422732939D+00
 -0.3602269760123961D+00 -0.3671028302520682D+00 -0.3741084643455548D+00
 -0.3812460497170849D+00 -0.3885177676873391D+00 -0.3959258070978333D+00
 -0.4034723617214007D+00 -0.4111596274454203D+00 -0.4189897992138181D+00
 -0.4269650677132710D+00 -0.4350876157884287D+00 -0.4433596145703398D+00
 -0.4517832193016429D+00 -0.4603605648414191D+00 -0.4690937608320036D+00
 -0.4779848865093623D+00 -0.4870359851380316D+00 -0.4962490580509520D+00
 -0.5056260582739264D+00 -0.5151688837137880D+00 -0.5248793698887692D+00
 -0.5347592821789856D+00 -0.5448103075743782D+00 -0.5550340458969394D+00
 -0.5654320004735645D+00 -0.5760055682353982D+00 -0.5867560292191895D+00
 -0.5976845354458086D+00 -0.6087920991508068D+00 -0.6200795803417490D+00
 -0.6315476736569098D+00 -0.6431968944999460D+00 -0.6550275644252797D+00
 -0.6670397957491434D+00 -0.6792334753616515D+00 -0.6916082477157818D+00
 -0.7041634969698577D+00 -0.7168983282610690D+00 -0.7298115480886345D+00
 -0.7429016437866003D+00 -0.7561667620678650D+00 -0.7696046866229135D+00
 -0.7832128147589332D+00 -0.7969881330675268D+00 -0.8109271921121219D+00
 -0.8250260801294711D+00 -0.8392803957433443D+00 -0.8536852196927102D+00
 -0.8682350855813428D+00 -0.8829239496610400D+00 -0.8977451596664052D+00
 -0.9126914227255208D+00 -0.9277547723779563D+00 -0.9429265347392407D+00
 -0.9581972938595095D+00 -0.9735568563332536D+00 -0.9889942152273054D+00
 -0.1004497513405154D+01 -0.1020054006337671D+01 -0.1035650024503201D+01
 -0.1051270935493969D+01 -0.1066901105960706D+01 -0.1082523863543482D+01
 -0.1098121458954050D+01 -0.1113675028393287D+01 -0.1129164556506995D+01
 -0.1144568840104108D+01 -0.1159865452883330D+01 -0.1175030711437565D+01
 -0.1190039642829874D+01 -0.1204865954060422D+01 -0.1219482003770622D+01
 -0.1233858776558708D+01 -0.1247965860309754D+01 -0.1261771426973216D+01
 -0.1275242217251610D+01 -0.1288343529695397D+01 -0.1301039214730988D+01
 -0.1313291674180875D+01 -0.1325061866867151D+01 -0.1336309320921526D+01
 -0.1346992153456395D+01 -0.1357067098281797D+01 -0.1366489542382276D+01
 -0.1375213571894684D+01 -0.1383192028352808D+01 -0.1390376575986467D+01
 -0.1396717780880844D+01 -0.1402165202815517D+01 -0.1406667500611297D+01
 -0.1410172551815353D+01 -0.1412627587550780D+01 -0.1413979343344160D+01
 -0.1414174226723226D+01 -0.1413158502344942D+01 -0.1410878495371108D+01
 -0.1407280813752799D+01 -0.1402312590015024D+01 -0.1395921743047738D+01
 -0.1388057260307443D+01 -0.1378669500713439D+01 -0.1367710518383129D+01
 -0.1355134407190388D+01 -0.1340897665948117D+01 -0.1324959583810251D+01
 -0.1307282645257712D+01 -0.1287832953776965D+01 -0.1266580673057647D+01
 -0.1243500484227074D+01 -0.1218572057303922D+01 -0.1191780534691522D+01
 -0.1163117024143259D+01 -0.1132579098220188D+01 -0.1100171296825537D+01
 -0.1065905628945006D+01 -0.1029802069248562D+01 -0.9918890447232707D+00
 -0.9522039060119316D+00 -0.9107933776354309D+00 -0.8677139807844054D+00
 -0.8230324218863007D+00 -0.7768259396966376D+00 -0.7291826032386268D+00
 -0.6802015525351188D+00 -0.6299931737541710D+00 -0.5786792001383722D+00
 -0.5263927299236392D+00 -0.4732781523916100D+00 -0.4194909732576053D+00
 -0.3651975307907226D+00 -0.3105745944109833D+00 -0.2558088380276339D+00
 -0.2010961810886190D+00 -0.1466409912187932D+00 -0.9265514344642156D-01
 -0.3935693236447823D-01  0.1303016484739759D-01  0.6427887479870850D-01
  0.1141596618680577D+00  0.1624424057097974D+00  0.2088982157034913D+00
  0.2533013730478166D+00  0.2954313882980446D+00  0.3350751590819316D+00
  0.3720292095366851D+00  0.4061019897296509D+00  0.4371162100104660D+00
  0.4649111819511378D+00  0.4893451343389950D+00  0.5102974696781850D+00
  0.5276709239276912D+00  0.5413935898648713D+00  0.5514207626305534D+00
  0.5577365648064484D+00  0.5603553079209347D+00  0.5593225476939578D+00
  0.5547157917252628D+00  0.5466448207974863D+00  0.5352515885816456D+00
  0.5207096693475941D+00  0.5032232293166821D+00  0.4830255045356513D+00
  0.4603767765499778D+00  0.4355618466224733D+00  0.4088870196486165D+00
  0.3806766200914312D+00  0.3512690739819168D+00  0.3210126030521754D+00
  0.2902605890965624D+00  0.2593666783676331D+00  0.2286797068572978D+00
  0.1985385373177833D+00  0.1692669074577573D+00  0.1411683955196346D+00
  0.1145216140258237D+00  0.8957574451656496D-01  0.6654652526636974D-01
  0.4561279998666984D-01  0.2691372819331179D-01  0.1054674711947884D-01
 -0.3433639226003014D-02 -0.1501618590592159D-01 -0.2423231062311459D-01
 -0.3115456128872627D-01 -0.3589415944805673D-01 -0.3859765837053632D-01
 -0.3944278203492913D-01 -0.3863353813402225D-01 -0.3639472351265661D-01
 -0.3296596306997129D-01 -0.2859544208359852D-01 -0.2353350626333551D-01
 -0.1802631286224591D-01 -0.1230971928658877D-01 -0.6603592447528416D-02
 -0.1106712340966597D-02  0.4007572994445093D-02  0.8594806713597820D-02
  0.1254189077585289D-01  0.1576848978481091D-01  0.1822733648884168D-01
  0.1990344438249380D-01  0.2081227357109719D-01  0.2099693563844771D-01
  0.2052455981137371D-01  0.1948197447409295D-01  0.1797088350396786D-01
  0.1610273475846501D-01  0.1399348751433531D-01  0.1175848634826325D-01
  0.9507640890117509D-02  0.7341094517546025D-02  0.5345541192464553D-02
  0.3591319358246429D-02  0.2130376441778832D-02  0.9951585252705784D-03
  0.1984387743269574D-03 -0.2659430847220781D-03 -0.4214978222892861D-03
 -0.3067645929283829D-03  0.2761423444139781D-04  0.5222599093619280D-03
  0.1112687120026628D-02  0.1733009987552500D-02  0.2319539089620896D-02
  0.2814095825257293D-02  0.3166890889791119D-02  0.3338841516272365D-02
  0.3303235368351123D-02  0.3046685302564547D-02  0.2569356654107450D-02
  0.1884485627980607D-02  0.1017242432945080D-02  0.3024595083986631D-05
 -0.1114707140631631D-02 -0.2286917444717884D-02 -0.3461664228306474D-02
 -0.4586796821441431D-02 -0.5612541370107187D-02 -0.6493844602107847D-02
 -0.7192368596394579D-02 -0.7678055922558850D-02 -0.7930214211895610D-02
 -0.7938099530203859D-02 -0.7701006675047739D-02 -0.7227899913829587D-02
 -0.6536638407554321D-02 -0.5652865866262262D-02 -0.4608643622261275D-02
 -0.3440910509010514D-02 -0.2189852268561479D-02 -0.8972584778629992D-03
  0.3950629058014974D-03  0.1646753416488132D-02  0.2820205917651959D-02
  0.3881664119297064D-02  0.4802095667982106D-02  0.5557826407691901D-02
  0.6130934242953378D-02  0.6509410686003425D-02  0.6687106390097729D-02
  0.6663483577295580D-02  0.6443203115506834D-02  0.6035577048315624D-02
  0.5453918637026417D-02  0.4714821605455873D-02  0.3837398496835072D-02
  0.2842505222404499D-02  0.1751975347391802D-02  0.5878838125960500D-03
 -0.6281440830406147D-03 -0.1875566291545438D-02 -0.3135491444987536D-02
 -0.4391174374274996D-02 -0.5628436712206365D-02 -0.6836012010625400D-02
 -0.8005816956566833D-02 -0.9133152113301339D-02 -0.1021683707360510D-01
 -0.1125928586133646D-01 -0.1226652871453879D-01 -0.1324818556264826D-01
 -0.1421739537895847D-01
  0.0000000000000000D+00  0.7540938538912046D-04  0.7866985727681547D-04
  0.8207185631291475D-04  0.8562152449201099D-04  0.8932438544580775D-04
  0.9319088075542173D-04  0.9722663166008140D-04  0.1014437241564155D-03
  0.1058468423414335D-03  0.1104455944094571D-03  0.1152484766023619D-03
  0.1202645800815771D-03  0.1255035199329463D-03  0.1309752942691648D-03
  0.1366903811361917D-03  0.1426597515695140D-03  0.1488948878863350D-03
  0.1554078115955238D-03  0.1622111086693349D-03  0.1693179565718994D-03
  0.1767421529452674D-03  0.1844981455629374D-03  0.1926010638282837D-03
  0.2010667518730664D-03  0.2099118033196763D-03  0.2191535978011635D-03
  0.2288103393261213D-03  0.2389010965808259D-03  0.2494458452666567D-03
  0.2604655125750021D-03  0.2719820239068847D-03  0.2840183519496991D-03
  0.2965985682287939D-03  0.3097478972571407D-03  0.3234927734120863D-03
  0.3378609006741377D-03  0.3528813153688676D-03  0.3685844520593949D-03
  0.3850022127434529D-03  0.4021680395158306D-03  0.4201169908639157D-03
  0.4388858217712500D-03  0.4585130678113283D-03  0.4790391334213907D-03
  0.5005063845536422D-03  0.5229592459091724D-03  0.5464443029677965D-03
  0.5710104090351287D-03  0.5967087975363749D-03  0.6235931997945578D-03
  0.6517199685391633D-03  0.6811482073994783D-03  0.7119399066450813D-03
  0.7441600854441589D-03  0.7778769409182506D-03  0.8131620042799043D-03
  0.8500903043472211D-03  0.8887405387365329D-03  0.9291952530412480D-03
  0.9715410283111877D-03  0.1015868677152475D-02  0.1062273448773013D-02
  0.1110855243302727D-02  0.1161718835720960D-02  0.1214974109725468D-02
  0.1270736301878252D-02  0.1329126256362780D-02  0.1390270690684815D-02
  0.1454302472644894D-02  0.1521360908904164D-02  0.1591592045456595D-02
  0.1665148980309330D-02  0.1742192188658603D-02  0.1822889860831171D-02
  0.1907418253240041D-02  0.1995962052578063D-02  0.2088714753443341D-02
  0.2185879049556036D-02  0.2287667238686014D-02  0.2394301641365343D-02
  0.2506015033407206D-02  0.2623051092193580D-02  0.2745664856627176D-02
  0.2874123200567649D-02  0.3008705319487699D-02  0.3149703229990365D-02
  0.3297422281723574D-02  0.3452181681111494D-02  0.3614315026192998D-02
  0.3784170851714539D-02  0.3962113183467941D-02  0.4148522100690212D-02
  0.4343794305153123D-02  0.4548343695362714D-02  0.4762601944061817D-02
  0.4987019076981991D-02  0.5222064050521897D-02  0.5468225325737546D-02
  0.5726011435713169D-02  0.5995951543039449D-02  0.6278595983756513D-02
  0.6574516793720895D-02  0.6884308212928099D-02  0.7208587162863196D-02
  0.7547993691460114D-02  0.7903191379725300D-02  0.8274867703520971D-02
  0.8663734343407621D-02  0.9070527434813154D-02  0.9496007750126056D-02
  0.9940960803604099D-02  0.1040619686924489D-01  0.1089255090098337D-01
  0.1140088234376378D-01  0.1193207482317989D-01  0.1248703570049089D-01
  0.1306669547890215D-01  0.1367200704605410D-01  0.1430394473669199D-01
  0.1496350319849900D-01  0.1565169604307171D-01  0.1636955426300532D-01
  0.1711812439504714D-01  0.1789846640827657D-01  0.1871165129529344D-01
  0.1955875834345200D-01  0.2044087206228403D-01  0.2135907874242506D-01
  0.2231446262061156D-01  0.2330810162467631D-01  0.2434106267195617D-01
  0.2541439649416635D-01  0.2652913196161922D-01  0.2768626987970265D-01
  0.2888677623081866D-01  0.3013157483555509D-01  0.3142153940776214D-01
  0.3275748497947687D-01  0.3414015867332677D-01  0.3557022980220303D-01
  0.3704827927867349D-01  0.3857478831986756D-01  0.4015012643746164D-01
  0.4177453870699414D-01  0.4344813231609890D-01  0.4517086239743424D-01
  0.4694251715916543D-01  0.4876270233389557D-01  0.5063082497599170D-01
  0.5254607664739121D-01  0.5450741604323606D-01  0.5651355112113509D-01
  0.5856292081152666D-01  0.6065367640153987D-01  0.6278366270095384D-01
  0.6495039911631859D-01  0.6715106077802943D-01  0.6938245988507853D-01
  0.7164102745329057D-01  0.7392279567497323D-01  0.7622338112095749D-01
  0.7853796903977654D-01  0.8086129903304072D-01  0.8318765241061447D-01
  0.8551084155370214D-01  0.8782420163798331D-01  0.9012058509210863D-01
  0.9239235918861956D-01  0.9463140718414433D-01  0.9682913344288402D-01
  0.9897647299121330D-01  0.1010639059608946D+00  0.1030814773830730D+00
  0.1050188227939667D+00  0.1068652001050080D+00  0.1086095281741178D+00
  0.1102404324897473D+00  0.1117462983442619D+00  0.1131153318271155D+00
  0.1143356289100950D+00  0.1153952528257501D+00  0.1162823198551899D+00
  0.1169850935419911D+00  0.1174920872345907D+00  0.1177921747298868D+00
  0.1178747086458512D+00  0.1177296459910058D+00  0.1173476802241886D+00
  0.1167203789100723D+00  0.1158403258756718D+00  0.1147012665623136D+00
  0.1132982550484572D+00  0.1116278009940661D+00  0.1096880145303223D+00
  0.1074787468936587D+00  0.1050017243847345D+00  0.1022606730281692D+00
  0.9926143112297223D-01  0.9601204671607047D-01  0.9252285690972167D-01
  0.8880654583807240D-01  0.8487817812817601D-01  0.8075520470639964D-01
  0.7645743793174531D-01  0.7200699324183586D-01  0.6742819479252342D-01
  0.6274744296396667D-01  0.5799304209820060D-01  0.5319498742689779D-01
  0.4838471084165711D-01  0.4359478594819204D-01  0.3885859372243256D-01
  0.3420995103953072D-01  0.2968270536126047D-01  0.2531029992486053D-01
  0.2112531485494224D-01  0.1715899069412673D-01  0.1344074188879944D-01
  0.9997668742048707D-02  0.6854077222295443D-02  0.4031016757229916D-02
  0.1545846711203151D-02 -0.5881573973579000D-03 -0.2362146770349337D-02
 -0.3771980297920665D-02 -0.4818433104047217D-02 -0.5507322974450734D-02
 -0.5849546148702817D-02 -0.5861015500762530D-02 -0.5562496036728141D-02
 -0.4979334887753226D-02 -0.4141085535976618D-02 -0.3081028829968194D-02
 -0.1835596352870557D-02 -0.4437048123323209D-03  0.1053986777882732D-02
  0.2615882374545089D-02  0.4200299150646595D-02  0.5766342840906930D-02
  0.7274786406593606D-02  0.8688928892204241D-02  0.9975410644831886D-02
  0.1110496107675543D-01  0.1205305592505654D-01  0.1280046254049715D-01
  0.1333365413960776D-01  0.1364507717636200D-01  0.1373325998678614D-01
  0.1360275554260493D-01  0.1326391637633352D-01  0.1273250532024999D-01
  0.1202915140629790D-01  0.1117866584977601D-01  0.1020923822725609D-01
  0.9151537511290594D-02  0.8037746324155564D-02  0.6900559446236016D-02
  0.5772179141815115D-02  0.4683340183306392D-02  0.3662396559160932D-02
  0.2734499787451734D-02  0.1920895616653029D-02  0.1238361801014446D-02
  0.6988047370104500D-03  0.3090272014753111D-03  0.7067341280877362D-04
 -0.1964867597733950D-04  0.2992564101535731D-04  0.2069687475904785D-03
  0.4953507381374758D-03  0.8759443626916557D-03  0.1327416154450108D-02
  0.1827071623793360D-02  0.2351720444665449D-02  0.2878527234610071D-02
  0.3385814947683972D-02  0.3853790963089969D-02  0.4265170393420607D-02
  0.4605676509461394D-02  0.4864404021655907D-02  0.5034036911650416D-02
  0.5110918399395131D-02  0.5094976432270905D-02  0.4989513776782734D-02
  0.4800877254834914D-02  0.4538025620883266D-02  0.4212019648893244D-02
  0.3835460823412819D-02  0.3421906333038094D-02  0.2985287736325534D-02
  0.2539358758799208D-02  0.2097194393834123D-02  0.1670759138061668D-02
  0.1270557182960167D-02  0.9053721175568176D-03  0.5820985578988306D-03
  0.3056634347594385D-03  0.7903068774998463D-04 -0.9672001393681993D-04
 -0.2222521123442393D-03 -0.2997814552469380D-03 -0.3328494129018885D-03
 -0.3260729538484798D-03 -0.2848840168492869D-03 -0.2152692939876189D-03
 -0.1235200355876342D-03 -0.1599981392093759D-04  0.1010635500663867D-03
  0.2217574173162458D-03  0.3406322844353598D-03  0.4528169522180665D-03
  0.5541009667581028D-03  0.6409855682946319D-03  0.7107053486364435D-03
  0.7612235545567052D-03  0.7912044774734831D-03  0.7999666432032582D-03
  0.7874205832940701D-03  0.7539948622359994D-03  0.7005537985186400D-03
  0.6283099959024555D-03  0.5387344374812890D-03  0.4334665211815243D-03
  0.3142260544309899D-03  0.1827288881291985D-03  0.4060756263995202D-04
 -0.1106619368425060D-03 -0.2698264555764748D-03 -0.4359143028947513D-03
 -0.6082856881891226D-03 -0.7866744132994751D-03 -0.9712201094310664D-03
 -0.1162489950828213D-02
  0.0000000000000000D+00 -0.1254551252859979D-06 -0.1345933547937544D-06
 -0.1443982518058579D-06 -0.1549184459727847D-06 -0.1662033813764077D-06
 -0.1783234781574373D-06 -0.1913323368032470D-06 -0.2053144835204657D-06
 -0.2203280597419000D-06 -0.2364550246847785D-06 -0.2537773934502345D-06
 -0.2723836534720332D-06 -0.2923698150893229D-06 -0.3138387377587145D-06
 -0.3369011296910812D-06 -0.3616761404679695D-06 -0.3882919380737147D-06
 -0.4168864367634098D-06 -0.4476080441065282D-06 -0.4806164665275927D-06
 -0.5160835845066246D-06 -0.5541943939132376D-06 -0.5951480218777814D-06
 -0.6391588232840496D-06 -0.6864575638114284D-06 -0.7372926967343106D-06
 -0.7919317410203116D-06 -0.8506627688721657D-06 -0.9137960115759800D-06
 -0.9816655932258729D-06 -0.1054631402682476D-05 -0.1133081114977105D-05
 -0.1217432374294291D-05 -0.1308135151663911D-05 -0.1405674291575465D-05
 -0.1510572262897540D-05 -0.1623392130752681D-05 -0.1744740767370058D-05
 -0.1875272321423449D-05 -0.2015691966970042D-05 -0.2166759954845680D-05
 -0.2329295991256103D-05 -0.2504183970342093D-05 -0.2692377089702572D-05
 -0.2894903380246685D-05 -0.3112871684328548D-05 -0.3347478118911889D-05
 -0.3600013063533872D-05 -0.3871868716105267D-05 -0.4164547263117969D-05
 -0.4479669714651526D-05 -0.4818985458699971D-05 -0.5184382593803594D-05
 -0.5577899103793207D-05 -0.6001734943664143D-05 -0.6458265111224783D-05
 -0.6950053785240307D-05 -0.7479869617352216D-05 -0.8050702272133403D-05
 -0.8665780317276744D-05 -0.9328590574154339D-05 -0.1004289904786813D-04
 -0.1081277356548899D-04 -0.1164260826150022D-04 -0.1253715006057703D-04
 -0.1350152731980127D-04 -0.1454128080529313D-04 -0.1566239719209946D-04
 -0.1687134529108227D-04 -0.1817511522256977D-04 -0.1958126077374123D-04
 -0.2109794519519619D-04 -0.2273399071198860D-04 -0.2449893204567518D-04
 -0.2640307426672566D-04 -0.2845755532105996D-04 -0.3067441360061998D-04
 -0.3306666095584195D-04 -0.3564836157778088D-04 -0.3843471720955535D-04
 -0.4144215918083595D-04 -0.4468844779540728D-04 -0.4819277964050042D-04
 -0.5197590342773186D-04 -0.5606024501920800D-04 -0.6047004233876707D-04
 -0.6523149091753462D-04 -0.7037290087507343D-04 -0.7592486619249102D-04
 -0.8192044719201809D-04 -0.8839536719886109D-04 -0.9538822442560880D-04
 -0.1029407201871701D-03 -0.1110979046251692D-03 -0.1199084411948775D-03
 -0.1294248912451133D-03 -0.1397040201019659D-03 -0.1508071261506074D-03
 -0.1628003944956319D-03 -0.1757552768691037D-03 -0.1897488995464590D-03
 -0.2048645011232361D-03 -0.2211919020998195D-03 -0.2388280083163975D-03
 -0.2578773503754689D-03 -0.2784526612836708D-03 -0.3006754946374728D-03
 -0.3246768857672711D-03 -0.3505980583403154D-03 -0.3785911790031778D-03
 -0.4088201627174481D-03 -0.4414615315059732D-03 -0.4767053293789963D-03
 -0.5147560962475228D-03 -0.5558339036521027D-03 -0.6001754551358639D-03
 -0.6480352540673222D-03 -0.6996868416671693D-03 -0.7554241079094094D-03
 -0.8155626778457248D-03 -0.8804413757373468D-03 -0.9504237691647256D-03
 -0.1025899795015242D-02 -0.1107287468915598D-02 -0.1195034679270329D-02
 -0.1289621066582230D-02 -0.1391559988154892D-02 -0.1501400567601605D-02
 -0.1619729827797619D-02 -0.1747174905002189D-02 -0.1884405340830440D-02
 -0.2032135447559297D-02 -0.2191126740892606D-02 -0.2362190432773177D-02
 -0.2546189975098472D-02 -0.2744043643256189D-02 -0.2956727146229647D-02
 -0.3185276247614686D-02 -0.3430789379222527D-02 -0.3694430226001694D-02
 -0.3977430257779815D-02 -0.4281091179789923D-02 -0.4606787270090539D-02
 -0.4955967567805461D-02 -0.5330157871586741D-02 -0.5730962502838576D-02
 -0.6160065783028795D-02 -0.6619233168860746D-02 -0.7110311983191423D-02
 -0.7635231673376627D-02 -0.8196003522224970D-02 -0.8794719729982440D-02
 -0.9433551778792607D-02 -0.1011474798393947D-01 -0.1084063012895296D-01
 -0.1161358907442430D-01 -0.1243607922324664D-01 -0.1331061171808673D-01
 -0.1423974624035124D-01 -0.1522608127390447D-01 -0.1627224269151576D-01
 -0.1738087051768432D-01 -0.1855460371835371D-01 -0.1979606286636697D-01
 -0.2110783053163152D-01 -0.2249242924719945D-01 -0.2395229690719278D-01
 -0.2548975946010817D-01 -0.2710700077194814D-01 -0.2880602954829278D-01
 -0.3058864322331155D-01 -0.3245638874730226D-01 -0.3441052023311564D-01
 -0.3645195345626597D-01 -0.3858121724410558D-01 -0.4079840183659914D-01
 -0.4310310435536985D-01 -0.4549437157914984D-01 -0.4797064029281461D-01
 -0.5052967555398781D-01 -0.5316850730582259D-01 -0.5588336585690207D-01
 -0.5866961684901121D-01 -0.6152169644035274D-01 -0.6443304754494666D-01
 -0.6739605808753417D-01 -0.7040200235607449D-01 -0.7344098665931585D-01
 -0.7650190062299231D-01 -0.7957237558254120D-01 -0.8263875164996667D-01
 -0.8568605514413988D-01 -0.8869798817337191D-01 -0.9165693224183627D-01
 -0.9454396781221899D-01 -0.9733891178957176D-01 -0.1000203748903131D+00
 -0.1025658408180321D+00 -0.1049517690788088D+00 -0.1071537231258718D+00
 -0.1091465253212829D+00 -0.1109044399355649D+00 -0.1124013850707155D+00
 -0.1136111739848930D+00 -0.1145077858167498D+00 -0.1150656651539983D+00
 -0.1152600492662796D+00 -0.1150673211307368D+00 -0.1144653856260193D+00
 -0.1134340654654180D+00 -0.1119555125935842D+00 -0.1100146298978251D+00
 -0.1075994972010388D+00 -0.1047017946287183D+00 -0.1013172155997329D+00
 -0.9744586090532067D-01 -0.9309260464106825D-01 -0.8826742217333586D-01
 -0.8298566988731131D-01 -0.7726830621303292D-01 -0.7114204339350308D-01
 -0.6463941968066111D-01 -0.5779878215447262D-01 -0.5066417118910887D-01
 -0.4328509876492712D-01 -0.3571621436591563D-01 -0.2801685412030819D-01
 -0.2025047113606598D-01 -0.1248394763659951D-01 -0.4786792481218891D-02
  0.2769769095398179D-02  0.1011380324675587D-01  0.1717375896446608D-01
  0.2387962588296495D-01  0.3016413774984305D-01  0.3596399781306041D-01
  0.4122109975252910D-01  0.4588371572002543D-01  0.4990762164950557D-01
  0.5325712934121223D-01  0.5590599495839157D-01  0.5783817455892575D-01
  0.5904839915570911D-01  0.5954254460725131D-01  0.5933777544461967D-01
  0.5846244654928366D-01  0.5695575241272448D-01  0.5486712042371848D-01
  0.5225535207858178D-01  0.4918752392741261D-01  0.4573766812669979D-01
  0.4198526029365609D-01  0.3801354956839474D-01  0.3390777202845908D-01
  0.2975329355791218D-01  0.2563373171616783D-01  0.2162910792882401D-01
  0.1781408137456030D-01  0.1425631429172582D-01  0.1101501517220209D-01
  0.8139701599273961D-02  0.5669218505538117D-02  0.3631040575855839D-02
  0.2040879596381635D-02  0.9026089397271143D-03  0.2085082515838041D-03
 -0.6017806553959545D-04  0.6761539079869956D-04  0.5539034072160899D-03
  0.1353015811126124D-02  0.2413156969632520D-02  0.3678108279985983D-02
  0.5089017045149368D-02  0.6586211608947959D-02  0.8110981807128031D-02
  0.9607265988622049D-02  0.1102319094689767D-01  0.1231241858495183D-01
  0.1343526210947547D-01  0.1435954407770386D-01  0.1506117804139078D-01
  0.1552446469170466D-01  0.1574210255548882D-01  0.1571492274682878D-01
  0.1545136707628155D-01  0.1496673856880386D-01  0.1428226238905038D-01
  0.1342400246491092D-01  0.1242168397562274D-01  0.1130747386693860D-01
  0.1011477051125155D-01  0.8877049732272432D-02  0.7626808097310921D-02
  0.6394636276870518D-02  0.5208446108331346D-02  0.4092865513799119D-02
  0.3068806285685338D-02  0.2153201518163427D-02  0.1358902525195321D-02
  0.6947196764786926D-03  0.1655877741062373D-03 -0.2271656757788169D-03
 -0.4854718310599447D-03 -0.6141137898442136D-03 -0.6202828682510532D-03
 -0.5131171467441589D-03 -0.3032392835205574D-03 -0.2308085794537750D-05
  0.3774042925123829D-03  0.8234002764030460D-03  0.1323303221725731D-02
  0.1865157930894927D-02  0.2437683346356278D-02  0.3030477517140183D-02
  0.3634176773614883D-02  0.4240572603873690D-02  0.4842690952408588D-02
  0.5434839543604732D-02  0.6012629354870790D-02  0.6572976568505248D-02
  0.7114091264883617D-02  0.7635458860624388D-02  0.8137819910698471D-02
  0.8623153452534329D-02  0.9094668587797226D-02  0.9556808486914309D-02
  0.1001527040841954D-01  0.1047704456448910D-01  0.1095047361216491D-01
  0.1144533299191590D-01  0.1197293002756489D-01  0.1254621600086141D-01
  0.1317990084358034D-01
  0.0000000000000000D+00  0.1425451792328903D-06  0.1529282793858482D-06
  0.1640688665082132D-06  0.1760221951385325D-06  0.1888444452185124D-06
  0.2026156304876384D-06  0.2173966533555777D-06  0.2332835553939456D-06
  0.2503423986314331D-06  0.2686663078178606D-06  0.2883484712006508D-06
  0.3094894310701778D-06  0.3321982775441044D-06  0.3565918829390427D-06
  0.3827960376022546D-06  0.4109461232718935D-06  0.4411877687163677D-06
  0.4736776767671987D-06  0.5085844731387375D-06  0.5460896217134172D-06
  0.5863884189781736D-06  0.6296910636042921D-06  0.6762238107191667D-06
  0.7262302177836036D-06  0.7799724888100490D-06  0.8377329251115875D-06
  0.8998154911507210D-06  0.9665475047424904D-06  0.1038281461682041D-05
  0.1115397005670531D-05  0.1198303055307936D-05  0.1287440100892117D-05
  0.1383282684809757D-05  0.1486342080439466D-05  0.1597169185715920D-05
  0.1716357648833870D-05  0.1844547245010708D-05  0.1982427524785345D-05
  0.2130741756018670D-05  0.2290291183587868D-05  0.2461939632744137D-05
  0.2646618484243842D-05  0.2845332051679303D-05  0.3059163393942068D-05
  0.3289280598463719D-05  0.3536943573813743D-05  0.3803511393408220D-05
  0.4090450235516734D-05  0.4399341968468143D-05  0.4731893433971014D-05
  0.5089946485805779D-05  0.5475488845837911D-05  0.5890665844372763D-05
  0.6337793117352870D-05  0.6819370338817699D-05  0.7338096073440383D-05
  0.7896883840859309D-05  0.8498879490976336D-05  0.9147479997436664D-05
  0.9846353785184727D-05  0.1059946271735149D-04  0.1141108587682298D-04
  0.1228584528872040D-04  0.1322873374174711D-04  0.1424514487898772D-04
  0.1534090574234251D-04  0.1652231196941775D-04  0.1779616585743879D-04
  0.1916981752568676D-04  0.2065120942616079D-04  0.2224892447172090D-04
  0.2397223807196397D-04  0.2583117438961591D-04  0.2783656715439020D-04
  0.3000012539716564D-04  0.3233450449508220D-04  0.3485338294785566D-04
  0.3757154533737946D-04  0.4050497195663968D-04  0.4367093563023246D-04
  0.4708810628746818D-04  0.5077666389029861D-04  0.5475842036223797D-04
  0.5905695121119184D-04  0.6369773758878645D-04  0.6870831958152671D-04
  0.7411846158501764D-04  0.7996033067168547D-04  0.8626868892502177D-04
  0.9308110077944254D-04  0.1004381564744950D-03  0.1083837128053996D-03
  0.1169651524288404D-03  0.1262336630635194D-03  0.1362445380092523D-03
  0.1470574994962654D-03  0.1587370464677328D-03  0.1713528284933610D-03
  0.1849800476097388D-03  0.1996998899839971D-03  0.2155999894006769D-03
  0.2327749246771697D-03  0.2513267532201379D-03  0.2713655830432717D-03
  0.2930101856748300D-03  0.3163886524907001D-03  0.3416390971141227D-03
  0.3689104066254559D-03  0.3983630444229470D-03  0.4301699076666729D-03
  0.4645172423207315D-03  0.5016056188810132D-03  0.5416509719350389D-03
  0.5848857067434297D-03  0.6315598760562900D-03  0.6819424303784632D-03
  0.7363225448711356D-03  0.7950110260188988D-03  0.8583418010960947D-03
  0.9266734933281970D-03  0.1000391085456924D-02  0.1079907674174560D-02
  0.1165666317586135D-02  0.1258141977478923D-02  0.1357843557718374D-02
  0.1465316039537602D-02  0.1581142713833582D-02  0.1705947509815020D-02
  0.1840397418452327D-02  0.1985205008145419D-02  0.2141131028836007D-02
  0.2308987099432258D-02  0.2489638471869359D-02  0.2684006863382550D-02
  0.2893073346602197D-02  0.3117881284875686D-02  0.3359539297759100D-02
  0.3619224238885443D-02  0.3898184165385308D-02  0.4197741274693718D-02
  0.4519294780904128D-02  0.4864323698812430D-02  0.5234389499413206D-02
  0.5631138595857081D-02  0.6056304613739150D-02  0.6511710394060071D-02
  0.6999269671280008D-02  0.7520988362575320D-02  0.8078965397718650D-02
  0.8675393011952892D-02  0.9312556416844912D-02  0.9992832756424279D-02
  0.1071868924798487D-01  0.1149268039881737D-01  0.1231744418192884D-01
  0.1319569704558826D-01  0.1413022762343379D-01  0.1512388900402681D-01
  0.1617958941130586D-01  0.1730028114056817D-01  0.1848894758861110D-01
  0.1974858821174557D-01  0.2108220124183264D-01  0.2249276398860857D-01
  0.2398321055669999D-01  0.2555640680827318D-01  0.2721512240763307D-01
  0.2896199979272906D-01  0.3079951993092976D-01  0.3272996473309485D-01
  0.3475537602143536D-01  0.3687751097345964D-01  0.3909779399699585D-01
  0.4141726503042296D-01  0.4383652430835100D-01  0.4635567368658058D-01
  0.4897425468168874D-01  0.5169118345042703D-01  0.5450468301257851D-01
  0.5741221310819643D-01  0.6041039817630216D-01  0.6349495404704208D-01
  0.6666061405271473D-01  0.6990105538445940D-01  0.7320882664998737D-01
  0.7657527772247164D-01  0.7999049311021497D-01  0.8344323021918382D-01
  0.8692086402374626D-01  0.9040933980223165D-01  0.9389313572996157D-01
  0.9735523724927524D-01  0.1007771252491676D+00  0.1041387801811470D+00
  0.1074187043069940D+00  0.1105939643111040D+00  0.1136402565089034D+00
  0.1165319968347312D+00  0.1192424376914863D+00  0.1217438135819207D+00
  0.1240075172117449D+00  0.1260043074515288D+00  0.1277045501631313D+00
  0.1290784924337074D+00  0.1300965702145026D+00  0.1307297487327954D+00
  0.1309498943356626D+00  0.1307301756382562D+00  0.1300454909939936D+00
  0.1288729183892687D+00  0.1271921829036898D+00  0.1249861358843219D+00
  0.1222412389780098D+00  0.1189480451720206D+00  0.1151016680357061D+00
  0.1107022294636152D+00  0.1057552754255624D+00  0.1002721485664135D+00
  0.9427030600503167D-01  0.8777357039693309D-01  0.8081230228880047D-01
  0.7342348204506272D-01  0.6565069020595060D-01  0.5754397607838305D-01
  0.4915960569621505D-01  0.4055968203769726D-01  0.3181163256782890D-01
  0.2298756178031552D-01  0.1416346942958585D-01  0.5418338528845738D-02
 -0.3166899116770485D-02 -0.1151050815955236D-01 -0.1953119003743577D-01
 -0.2714939868326238D-01 -0.3428870810192435D-01 -0.4087720482567662D-01
 -0.4684887527658402D-01 -0.5214495572049452D-01 -0.5671521090426677D-01
 -0.6051910671993957D-01 -0.6352684239396642D-01 -0.6572020881786339D-01
 -0.6709324176407480D-01 -0.6765264192220689D-01 -0.6741793801514744D-01
 -0.6642137471973601D-01 -0.6470751372711077D-01 -0.6233254390960050D-01
 -0.5936330502716992D-01 -0.5587603840467222D-01 -0.5195488716786534D-01
 -0.4769017751862299D-01 -0.4317652072405908D-01 -0.3851078258340551D-01
 -0.3378997277008421D-01 -0.2910911035857876D-01 -0.2455912386467464D-01
 -0.2022484418593891D-01 -0.1618314695313875D-01 -0.1250129710246383D-01
 -0.9235543124250335D-02 -0.6430001646548002D-02 -0.4115864998015223D-02
 -0.2310955388490988D-02 -0.1019639558434745D-02 -0.2331073770633111D-03
  0.6999289470275336D-04 -0.7741908952229249D-04 -0.6321387619190710D-03
 -0.1542229307837864D-02 -0.2748794628746313D-02 -0.4187914794169519D-02
 -0.5792679633683792D-02 -0.7495252120540513D-02 -0.9228892269515974D-02
 -0.1092987477133924D-01 -0.1253923936802397D-01 -0.1400432148092690D-01
 -0.1528002080186963D-01 -0.1632977638760868D-01 -0.1712622750603247D-01
 -0.1765154989375560D-01 -0.1789746748270737D-01 -0.1786495040133331D-01
 -0.1756362119716054D-01 -0.1701090231257840D-01 -0.1623094802008540D-01
 -0.1525341231522014D-01 -0.1411210980920128D-01 -0.1284362893296893D-01
 -0.1148595557639564D-01 -0.1007716085363010D-01 -0.8654199503096836D-02
 -0.7251856216639513D-02 -0.5901866773552518D-02 -0.4632230068480705D-02
 -0.3466716733659074D-02 -0.2424570692083529D-02 -0.1520392090162918D-02
 -0.7641839078144922D-03 -0.1615402134130401D-03  0.2860485486169115D-03
  0.5807988610810824D-03  0.7281713494893532D-03  0.7363658959461075D-03
  0.6157965620603978D-03  0.3785656531247566D-03  0.3795340602769991D-04
 -0.3920631972250934D-03 -0.8972519640981613D-03 -0.1463519749789531D-02
 -0.2077254581521948D-02 -0.2725613378197965D-02 -0.3396755359762495D-02
 -0.4080023330778149D-02 -0.4766076792519378D-02 -0.5446982231089683D-02
 -0.6116266929221303D-02 -0.6768943240548237D-02 -0.7401510494263072D-02
 -0.8011941618810539D-02 -0.8599661274341213D-02 -0.9165521840379571D-02
 -0.9711783095735541D-02 -0.1024210086798194D-01 -0.1076152933318175D-01
 -0.1127654094942128D-01 -0.1179506711013288D-01 -0.1232656136051115D-01
 -0.1288208518265159D-01 -0.1347441363659848D-01 -0.1411815380540691D-01
 -0.1482986360030970D-01
  0.0000000000000000D+00 -0.5922890611084356D-11 -0.6534900828787785D-11
 -0.7210210128459649D-11 -0.7955365660817997D-11 -0.8777389894449224D-11
 -0.9685403175026742D-11 -0.1068770826395669D-10 -0.1179575259653716D-10
 -0.1301944749645876D-10 -0.1437140267379256D-10 -0.1586503855741292D-10
 -0.1751521064537889D-10 -0.1933843225455580D-10 -0.2135292739593652D-10
 -0.2357886154150035D-10 -0.2603854860710690D-10 -0.2875667408967015D-10
 -0.3176055352633043D-10 -0.3508041475613119D-10 -0.3874971102606755D-10
 -0.4280546878773129D-10 -0.4728867307092852D-10 -0.5224469495760912D-10
 -0.5772376577560653D-10 -0.6378150313640093D-10 -0.7047949458570031D-10
 -0.7788594524942954D-10 -0.8607639658093056D-10 -0.9513452411641934D-10
 -0.1051530230341912D-09 -0.1162345913059095D-09 -0.1284930213333002D-09
 -0.1420544121950213D-09 -0.1570585160009215D-09 -0.1736602333803892D-09
 -0.1920312748363646D-09 -0.2123620065970699D-09 -0.2348635017162623D-09
 -0.2597698195351260D-09 -0.2873405392530772D-09 -0.3178635762921587D-09
 -0.3516583134157750D-09 -0.3890790822163083D-09 -0.4305190346618442D-09
 -0.4764144489385071D-09 -0.5272495188968722D-09 -0.5835616820692893D-09
 -0.6459475475382230D-09 -0.7150694919800106D-09 -0.7916630000685862D-09
 -0.8765448341950815D-09 -0.9706221282472035D-09 -0.1074902511115776D-08
 -0.1190505377786537D-08 -0.1318674439480479D-08 -0.1460791699490696D-08
 -0.1618393018310740D-08 -0.1793185450564259D-08 -0.1987066557356334D-08
 -0.2202145921228462D-08 -0.2440769117196042D-08 -0.2705544422696129D-08
 -0.2999372582028357D-08 -0.3325479977426904D-08 -0.3687455599696288D-08
 -0.4089292256867843D-08 -0.4535432510133015D-08 -0.5030819882992824D-08
 -0.5580955952805970D-08 -0.6191964004477425D-08 -0.6870660004742932D-08
 -0.7624631743309189D-08 -0.8462327085044065D-08 -0.9393152386634186D-08
 -0.1042758225292589D-07 -0.1157728194397086D-07 -0.1285524389520257D-07
 -0.1427593998193969D-07 -0.1585549134751443D-07 -0.1761185782393569D-07
 -0.1956504920754192D-07 -0.2173736091225919D-07 -0.2415363681283971D-07
 -0.2684156241310976D-07 -0.2983199183346695D-07 -0.3315931251169058D-07
 -0.3686185195603345D-07 -0.4098233138454097D-07 -0.4556837163503917D-07
 -0.5067305734235944D-07 -0.5635556605976203D-07 -0.6268186975764092D-07
 -0.6972551697251077D-07 -0.7756850481205422D-07 -0.8630225105746500D-07
 -0.9602867775340273D-07 -0.1068614189504979D-06 -0.1189271666786957D-06
 -0.1323671707961903D-06 -0.1473389100941545D-06 -0.1640179539591448D-06
 -0.1826000360220357D-06 -0.2033033635751624D-06 -0.2263711891408151D-06
 -0.2520746734487698D-06 -0.2807160722551441D-06 -0.3126322829385534D-06
 -0.3481987906739813D-06 -0.3878340582442289D-06 -0.4320044082402144D-06
 -0.4812294515648272D-06 -0.5360881218334623D-06 -0.5972253815038377D-06
 -0.6653596724181274D-06 -0.7412911909542115D-06 -0.8259110762168306D-06
 -0.9202116087130901D-06 -0.1025297526813667D-05 -0.1142398579067959D-05
 -0.1272883442187757D-05 -0.1418275147314034D-05 -0.1580268171109075D-05
 -0.1760747363351505D-05 -0.1961808899132582D-05 -0.2185783461541017D-05
 -0.2435261879959652D-05 -0.2713123469861985D-05 -0.3022567342365919D-05
 -0.3367146975850263D-05 -0.3750808367733657D-05 -0.4177932112114082D-05
 -0.4653379778418470D-05 -0.5182544997548479D-05 -0.5771409695246448D-05
 -0.6426605947536324D-05 -0.7155483970083908D-05 -0.7966186792100064D-05
 -0.8867732205873102D-05 -0.9870102625003780D-05 -0.1098434352772339D-04
 -0.1222267120601961D-04 -0.1359859058633295D-04 -0.1512702393287482D-04
 -0.1682445128962584D-04 -0.1870906356114710D-04 -0.2080092917469703D-04
 -0.2312217530587881D-04 -0.2569718468605030D-04 -0.2855280904075376D-04
 -0.3171860023299814D-04 -0.3522706020165453D-04 -0.3911391079159655D-04
 -0.4341838456630658D-04 -0.4818353767303264D-04 -0.5345658579239670D-04
 -0.5928926414554397D-04 -0.6573821244900999D-04 -0.7286538559665731D-04
 -0.8073849070512849D-04 -0.8943145097971034D-04 -0.9902489663636468D-04
 -0.1096066828477075D-03 -0.1212724343602061D-03 -0.1341261160509229D-03
 -0.1482806282485177D-03 -0.1638584251284855D-03 -0.1809921539002724D-03
 -0.1998253118273062D-03 -0.2205129173537428D-03 -0.2432221907476012D-03
 -0.2681332387031844D-03 -0.2954397362712450D-03 -0.3253495982990042D-03
 -0.3580856312609791D-03 -0.3938861549442638D-03 -0.4330055819188918D-03
 -0.4757149410781845D-03 -0.5223023297812962D-03 -0.5730732772795816D-03
 -0.6283510001730554D-03 -0.6884765286408616D-03 -0.7538086801432153D-03
 -0.8247238552310212D-03 -0.9016156280592131D-03 -0.9848941022249876D-03
 -0.1074985000694587D-02 -0.1172328456904925D-02 -0.1277377472700580D-02
 -0.1390596007676556D-02 -0.1512456663835663D-02 -0.1643437929341132D-02
 -0.1784020945664091D-02 -0.1934685763711746D-02 -0.2095907056702734D-02
 -0.2268149260760148D-02 -0.2451861118537247D-02 -0.2647469606811037D-02
 -0.2855373235959051D-02 -0.3075934717693506D-02 -0.3309473007417558D-02
 -0.3556254739157210D-02 -0.3816485084230539D-02 -0.4090298079643897D-02
 -0.4377746488616151D-02 -0.4678791273553447D-02 -0.4993290781109383D-02
 -0.5320989759498187D-02 -0.5661508349755765D-02 -0.6014331214871088D-02
 -0.6378796993277997D-02 -0.6754088285664055D-02 -0.7139222405899602D-02
 -0.7533043147508844D-02 -0.7934213835801781D-02 -0.8341211951776107D-02
 -0.8752325626307917D-02 -0.9165652311024480D-02 -0.9579099934554943D-02
 -0.9990390848499731D-02 -0.1039706885531185D-01 -0.1079650958921637D-01
 -0.1118593449021759D-01 -0.1156242856916492D-01 -0.1192296210797081D-01
 -0.1226441637284857D-01 -0.1258361333971822D-01 -0.1287734934005774D-01
 -0.1314243243342499D-01 -0.1337572320136405D-01 -0.1357417853898171D-01
 -0.1373489789854890D-01 -0.1385517131827170D-01 -0.1393252845373474D-01
 -0.1396478772460340D-01 -0.1395010459995009D-01 -0.1388701797627521D-01
 -0.1377449355585278D-01 -0.1361196311083128D-01 -0.1339935851995468D-01
 -0.1313713949012163D-01 -0.1282631392133107D-01 -0.1246844994488398D-01
 -0.1206567876210115D-01 -0.1162068754040441D-01 -0.1113670179449267D-01
 -0.1061745689263644D-01 -0.1006715858833968D-01 -0.9490432776564920D-02
 -0.8892265003573966D-02 -0.8277930603397087D-02 -0.7652916673585230D-02
 -0.7022837418692963D-02 -0.6393344663525367D-02 -0.5770035554346181D-02
 -0.5158359613671553D-02 -0.4563527386726317D-02 -0.3990422913309391D-02
 -0.3443522180870273D-02 -0.2926819569642489D-02 -0.2443764098330725D-02
 -0.1997207030208371D-02 -0.1589362115927477D-02 -0.1221779441410813D-02
 -0.8953335255531206D-03 -0.6102259794347658D-03 -0.3660027002394590D-03
 -0.1615852310034294D-03  0.4684427356959533D-05  0.1349866112897971D-03
  0.2319558007228637D-03  0.2986031748754860D-03  0.3382319712297391D-03
  0.3543479768623393D-03  0.3505676969848868D-03  0.3305268708164184D-03
  0.2977920201705917D-03  0.2557775985633357D-03  0.2076710639372993D-03
  0.1563678436542958D-03  0.1044177367215998D-03  0.5398384814484678D-04
  0.6814706120757474D-05 -0.3577021300500991D-04 -0.7288173892614275D-04
 -0.1040496342071115D-03 -0.1291995889168171D-03 -0.1486199612841018D-03
 -0.1629199821347016D-03 -0.1729814081217431D-03 -0.1799057791385339D-03
 -0.1849594934646298D-03 -0.1895188568035394D-03 -0.1950170965745424D-03
 -0.2028950784845905D-03 -0.2145571430023896D-03 -0.2313331225052977D-03
 -0.2544472331024260D-03 -0.2849941830306895D-03 -0.3239225217457286D-03
 -0.3720249840250503D-03 -0.4299353689735679D-03 -0.4981313364398004D-03
 -0.5769424005251584D-03 -0.6665623448895676D-03 -0.7670652691514521D-03
 -0.8784244973520702D-03 -0.1000533619021563D-02 -0.1133229004023249D-02
 -0.1276313210893466D-02 -0.1429578810481027D-02 -0.1592832262359699D-02
 -0.1765917616710915D-02 -0.1948739965979096D-02 -0.2141288741674722D-02
 -0.2343661132142480D-02 -0.2556086089462962D-02 -0.2778949581554128D-02
 -0.3012821934158976D-02 -0.3258488282749582D-02 -0.3516983327624962D-02
 -0.3789631755379057D-02 -0.4078095869132686D-02 -0.4384432162878427D-02
 -0.4711158792526174D-02 -0.5061336125697026D-02 -0.5438662788558887D-02
 -0.5847589833747657D-02 -0.6293455776379567D-02 -0.6782645210867772D-02
 -0.7322773400356132D-02 -0.7922898476514041D-02 -0.8593761304041299D-02
 -0.9348051047600699D-02
  0.0000000000000000D+00  0.1254145770922521D-10  0.1383741597226680D-10
  0.1526741819548699D-10  0.1684532934818886D-10  0.1858602106891563D-10
  0.2050880929389631D-10  0.2263127524704556D-10  0.2497766380688810D-10
  0.2756896289670970D-10  0.3043187713334001D-10  0.3359482799423778D-10
  0.3708927555439263D-10  0.4095019139828143D-10  0.4521616995895737D-10
  0.4992991734804320D-10  0.5513868985079701D-10  0.6089476640946187D-10
  0.6725599604610106D-10  0.7428639568030299D-10  0.8205681325205389D-10
  0.9064566433581249D-10  0.1001397483372545D-09  0.1106351538558167D-09
  0.1222382630009583D-09  0.1350668655124733D-09  0.1492513949038272D-09
  0.1649363001471985D-09  0.1822815679500628D-09  0.2014644123706010D-09
  0.2226811504009027D-09  0.2461492842497031D-09  0.2721098133968550D-09
  0.3008298020998984D-09  0.3326052309399865D-09  0.3677641642338444D-09
  0.4066702687494142D-09  0.4497267231880196D-09  0.4973805623834394D-09
  0.5501275051716316D-09  0.6085173204639663D-09  0.6731597922782812D-09
  0.7447313514207046D-09  0.8239824492499253D-09  0.9117457575877662D-09
  0.1008945288468918D-08  0.1116606538164928D-08  0.1235867771901819D-08
  0.1367992579062098D-08  0.1514383843581313D-08  0.1676599290897069D-08
  0.1856368791385410D-08  0.2055613620950388D-08  0.2276467902567557D-08
  0.2521302478401614D-08  0.2792751490933244D-08  0.3093741983690329D-08
  0.3427526868071021D-08  0.3797721642806534D-08  0.4208345297321441D-08
  0.4663865880150881D-08  0.5169251269267739D-08  0.5730025743331046D-08
  0.6352333022238301D-08  0.7043006522783298D-08  0.7809647661619144D-08
  0.8660713134140212D-08  0.9605612205481922D-08  0.1065481516988294D-07
  0.1181997426859421D-07  0.1311405850595021D-07  0.1455150396991957D-07
  0.1614838144940530D-07  0.1792258334796863D-07  0.1989403212496439D-07
  0.2208491275301503D-07  0.2451993196835611D-07  0.2722660741122423D-07
  0.3023559011086849D-07  0.3358102416811672D-07  0.3730094793232598D-07
  0.4143774146412639D-07  0.4603862562630827D-07  0.5115621875881737D-07
  0.5684915757709844D-07  0.6318278969371108D-07  0.7022994600981545D-07
  0.7807180216527406D-07  0.8679883928427013D-07  0.9651191541907925D-07
  0.1073234603908288D-06  0.1193588081668795D-06  0.1327576825155396D-06
  0.1476758534573839D-06  0.1642869840075953D-06  0.1827846888962866D-06
  0.2033848293869028D-06  0.2263280710117131D-06  0.2518827340360371D-06
  0.2803479697796723D-06  0.3120572995985393D-06  0.3473825573984122D-06
  0.3867382810560289D-06  0.4305866031045026D-06  0.4794426965478603D-06
  0.5338808377555978D-06  0.5945411551093803D-06  0.6621371394918484D-06
  0.7374640008889795D-06  0.8214079643951062D-06  0.9149566088416000D-06
  0.1019210362201296D-05  0.1135395279941736D-05  0.1264877245708922D-05
  0.1409177748224664D-05  0.1569991404186216D-05  0.1749205414386300D-05
  0.1948921159351219D-05  0.2171478161658739D-05  0.2419480664886523D-05
  0.2695827104004338D-05  0.3003742769113577D-05  0.3346815993915274D-05
  0.3729038232318898D-05  0.4154848421355395D-05  0.4629182066202640D-05
  0.5157525523836933D-05  0.5745976005762303D-05  0.6401307867600838D-05
  0.7131045804208373D-05  0.7943545623551616D-05  0.8848083330968742D-05
  0.9854953317736874D-05  0.1097557651415461D-04  0.1222261943764829D-04
  0.1361012514070838D-04  0.1515365714168381D-04  0.1687045750345796D-04
  0.1877962031057538D-04  0.2090228188414441D-04  0.2326182916537149D-04
  0.2588412779228598D-04  0.2879777148936684D-04  0.3203435448543233D-04
  0.3562876877018249D-04  0.3961952809279957D-04  0.4404912069536870D-04
  0.4896439285762211D-04  0.5441696540532917D-04  0.6046368539987676D-04
  0.6716711527808509D-04  0.7459606174552176D-04  0.8282614673940510D-04
  0.9194042276398386D-04  0.1020300348567894D-03  0.1131949313624689D-03
  0.1255446255654481D-03  0.1391990100560995D-03  0.1542892254693505D-03
  0.1709585849308943D-03  0.1893635551647191D-03  0.2096747947461068D-03
  0.2320782494153870D-03  0.2567763036876010D-03  0.2839889871892930D-03
  0.3139552332126741D-03  0.3469341858858805D-03  0.3832065511021007D-03
  0.4230759849160544D-03  0.4668705114900700D-03  0.5149439608407280D-03
  0.5676774145885471D-03  0.6254806456368230D-03  0.6887935351927455D-03
  0.7580874477880731D-03  0.8338665419553074D-03  0.9166689909694147D-03
  0.1007068084581331D-02  0.1105673178959711D-02  0.1213130458141493D-02
  0.1330123466197296D-02  0.1457373365082555D-02  0.1595638868818297D-02
  0.1745715800288537D-02  0.1908436212631240D-02  0.2084667013029544D-02
  0.2275308022791077D-02  0.2481289404067827D-02  0.2703568380569653D-02
  0.2943125177338367D-02  0.3200958103274274D-02  0.3478077699864433D-02
  0.3775499880693016D-02  0.4094237989074321D-02  0.4435293705804504D-02
  0.4799646745857152D-02  0.5188243292091154D-02  0.5601983125990904D-02
  0.6041705430288140D-02  0.6508173256281097D-02  0.7002056669874090D-02
  0.7523914614953950D-02  0.8074175560740695D-02  0.8653117031197059D-02
  0.9260844149378731D-02  0.9897267367594213D-02  0.1056207959516757D-01
  0.1125473297909555D-01  0.1197441563847839D-01  0.1272002870066075D-01
  0.1349016403477345D-01  0.1428308312588450D-01  0.1509669757914603D-01
  0.1592855178686958D-01  0.1677580833090684D-01  0.1763523672638652D-01
  0.1850320613891263D-01  0.1937568272373224D-01  0.2024823223995274D-01
  0.2111602858330460D-01  0.2197386885483475D-01  0.2281619553786779D-01
  0.2363712628930114D-01  0.2443049176171084D-01  0.2518988175815005D-01
  0.2590869988078930D-01  0.2658022666737040D-01  0.2719769101657531D-01
  0.2775434948692581D-01  0.2824357281738554D-01  0.2865893876685413D-01
  0.2899433011145506D-01  0.2924403638189696D-01  0.2940285767849949D-01
  0.2946620867964152D-01  0.2943022077094231D-01  0.2929184007637703D-01
  0.2904891907494926D-01  0.2870029944045033D-01  0.2824588374595218D-01
  0.2768669372963018D-01  0.2702491291811884D-01  0.2626391155635447D-01
  0.2540825200105171D-01  0.2446367301151442D-01  0.2343705173553532D-01
  0.2233634263983238D-01  0.2117049318740193D-01  0.1994933669871748D-01
  0.1868346353316281D-01  0.1738407245580894D-01  0.1606280477356919D-01
  0.1473156449257791D-01  0.1340232832651648D-01  0.1208694984146063D-01
  0.1079696233280791D-01  0.9543385180901604D-02  0.8336538420414281D-02
  0.7185870091213577D-02  0.6099800629391460D-02  0.5085588126805829D-02
  0.4149217759378211D-02  0.3295318082551838D-02  0.2527106238960170D-02
  0.1846363436706037D-02  0.1253441349959248D-02  0.7472993749426066D-03
  0.3255719477803240D-03 -0.1533560192850162D-04 -0.2801249237554677D-03
 -0.4744592391161692D-03 -0.6047983607491098D-03 -0.6782185143103163D-03
 -0.7022219220006855D-03 -0.6845415629425922D-03 -0.6329467855814403D-03
 -0.5550554715870081D-03 -0.4581581917293714D-03 -0.3490592656314501D-03
 -0.2339388790336427D-03 -0.1182395120732180D-03 -0.6578981523837434D-05
  0.9730853414879033D-04  0.1906030121526310D-03  0.2714010369024318D-03
  0.3386914366455920D-03  0.3923062088597942D-03  0.4328496543366656D-03
  0.4616093652475074D-03  0.4804532844544986D-03  0.4917174187991441D-03
  0.4980889148284794D-03  0.5024890842009911D-03  0.5079606151611553D-03
  0.5175626641497538D-03  0.5342768401257180D-03  0.5609263325214564D-03
  0.6001096507998020D-03  0.6541496918750960D-03  0.7250581733051942D-03
  0.8145148943847940D-03  0.9238608299990038D-03  0.1054103726988453D-02
  0.1205934654579137D-02  0.1379753844774615D-02  0.1575704127922769D-02
  0.1793710317023885D-02  0.2033522981104279D-02  0.2294765199914150D-02
  0.2576981060227829D-02  0.2879684869982869D-02  0.3202410308866839D-02
  0.3544759014473687D-02  0.3906448414741782D-02  0.4287358965762472D-02
  0.4687581318362690D-02  0.5107464321696338D-02  0.5547665144000481D-02
  0.6009203159433354D-02  0.6493519586717172D-02  0.7002545191612394D-02
  0.7538778677249703D-02  0.8105378707511757D-02  0.8706272845058738D-02
  0.9346287054107486D-02  0.1003129978847900D-01  0.1076842503762509D-01
  0.1156622894930878D-01  0.1243498466278654D-01  0.1338696959192599D-01
  0.1443680829085508D-01  0.1560186185572624D-01  0.1690266067913669D-01
  0.1836337190414041D-01
