    1
  115
 -0.6705769847354638D+00  0.3000834480774846D+00 -0.2788551418816180D+00
  0.2252122885676807D+01 -0.1060328639941413D+01 -0.1030369508560256D+01
 -0.3646236490813821D+00  0.1946717624879614D+00  0.4254298320914931D+00
 -0.8067016297349565D-01  0.5792586847760144D+00 -0.3245712461541668D+00
  0.2088523299579355D+00 -0.1415778269370334D+00  0.4272058751006146D+00
 -0.5137045037869482D-01  0.4515349704634219D+00 -0.1360458749455202D+00
 -0.3041513105705423D+00 -0.4284067507666676D-01 -0.1558824051718106D+00
  0.9486595324890837D-01 -0.1288162809081588D+00  0.3732514869684662D-01
  0.3695705045496733D-01 -0.6529321970112752D-01 -0.1239282402652374D+00
  0.4009998187970121D-01 -0.7558089272226397D-01  0.9089353689600740D-01
  0.5113855291971436D-01  0.4976003434017894D-01  0.3623316140764068D-01
 -0.1210009402671723D-01  0.1059949045709570D+00 -0.6590985135963377D-01
  0.4017195965080073D-01 -0.7343889021710999D-01  0.2030388995607971D-01
 -0.3106906742259156D-01 -0.3671700908101424D-02  0.4970631134728926D-01
 -0.2824883896525264D-02  0.2648155273951285D-01  0.2023384372036960D-01
 -0.1868575530348689D-01 -0.1498086513604376D-01 -0.1558909563077663D-01
  0.2026020599397469D-01  0.2253839280353826D-01 -0.7975754463526830D-02
 -0.1107804283277524D-01 -0.2955319374547191D-02  0.2681753295427201D-01
 -0.1315755209064317D-01 -0.1658110014736108D-01  0.2013787070502625D-01
 -0.1872981165357806D-01 -0.1560995133635899D-01 -0.1927911218682011D-01
  0.5877258460158242D-02 -0.8073552830212188D-02  0.4940901707619299D-02
  0.4580811552604990D-02  0.1054069292959699D-02 -0.6496122397442773D-02
 -0.3430327376997030D-02  0.4307286167149057D-02  0.5771798516347030D-02
  0.1365582183270951D-02 -0.1134350514567124D-02 -0.1331068197118509D-02
  0.5620343956192319D-02  0.6267193530762996D-02 -0.4717243934833867D-03
  0.3316185946305893D-02  0.4912146745554181D-03 -0.6388608812813189D-02
 -0.3677739953614657D-02  0.4947354963659026D-02 -0.2066304851793608D-02
  0.1198670468639261D-02 -0.2240185606819972D-02  0.3790302674090920D-02
 -0.9016364313661390D-03 -0.1157583993908493D-02  0.1078053278857663D-02
 -0.4116790489493515D-03  0.3007460992357883D-02  0.4098096223286875D-03
  0.4276167184444061D-04  0.1138130785131720D-02 -0.1857207995864394D-02
 -0.1633946260368678D-02 -0.1639606627401751D-02  0.1007183238263259D-02
  0.5639349570528153D-03 -0.7752976204875675D-03  0.1166903219143927D-02
 -0.9938956231868750D-04  0.1195810024811872D-02 -0.1202060610041494D-02
 -0.3775193824584104D-03  0.1841909305728884D-04  0.8558466733224948D-03
 -0.4316773174368219D-03 -0.7810960468908211D-03  0.4145873415516634D-03
  0.2935715272707206D-03  0.2954049245490271D-03 -0.2699518932820905D-03
  0.7605796305968345D-04 -0.2062956505021675D-03 -0.2396875314289300D-03
  0.2058308959093891D-05
    7
    1    1  333
  0.0000000000000000D+00 -0.4141018677343744D+07 -0.4017943291576874D+07
 -0.3898523563417831D+07 -0.3782650909489464D+07 -0.3670219971646018D+07
 -0.3561128521260773D+07 -0.3455277366020810D+07 -0.3352570260057471D+07
 -0.3252913816134674D+07 -0.3156217420950686D+07 -0.3062393152647099D+07
 -0.2971355700894220D+07 -0.2883022289316649D+07 -0.2797312600227219D+07
 -0.2714148701597507D+07 -0.2633454976196961D+07 -0.2555158052836890D+07
 -0.2479186739656697D+07 -0.2405471959391691D+07 -0.2333946686563662D+07
 -0.2264545886537031D+07 -0.2197206456385271D+07 -0.2131867167513690D+07
 -0.2068468609986555D+07 -0.2006953138507795D+07 -0.1947264820006322D+07
 -0.1889349382778127D+07 -0.1833154167139064D+07 -0.1778628077543390D+07
 -0.1725721536124502D+07 -0.1674386437615668D+07 -0.1624576105609761D+07
 -0.1576245250118182D+07 -0.1529349926390425D+07 -0.1483847494956863D+07
 -0.1439696582858322D+07 -0.1396857046027300D+07 -0.1355289932786597D+07
 -0.1314957448432108D+07 -0.1275822920867646D+07 -0.1237850767260557D+07
 -0.1201006461687679D+07 -0.1165256503742450D+07 -0.1130568388074392D+07
 -0.1096910574833420D+07 -0.1064252460992070D+07 -0.1032564352519522D+07
 -0.1001817437382215D+07 -0.9719837593463832D+06 -0.9430361925587878D+06
 -0.9149484168825195D+06 -0.8876948939653928D+06 -0.8612508440192218D+06
 -0.8355922232888625D+06 -0.8106957021904991D+06 -0.7865386440993483D+06
 -0.7630990847674491D+06 -0.7403557123528477D+06 -0.7182878480420249D+06
 -0.6968754272479216D+06 -0.6760989813664963D+06 -0.6559396200752121D+06
 -0.6363790141573584D+06 -0.6173993788365884D+06 -0.5989834576065460D+06
 -0.5811145065408291D+06 -0.5637762790690820D+06 -0.5469530112053322D+06
 -0.5306294072151533D+06 -0.5147906257086352D+06 -0.4994222661465039D+06
 -0.4845103557471228D+06 -0.4700413367824730D+06 -0.4560020542515704D+06
 -0.4423797439200957D+06 -0.4291620207153747D+06 -0.4163368674661581D+06
 -0.4038926239769543D+06 -0.3918179764269837D+06 -0.3801019470841257D+06
 -0.3687338843244864D+06 -0.3577034529485330D+06 -0.3470006247849695D+06
 -0.3366156695738301D+06 -0.3265391461204775D+06 -0.3167618937124863D+06
 -0.3072750237915772D+06 -0.2980699118730592D+06 -0.2891381897054052D+06
 -0.2804717376628442D+06 -0.2720626773640412D+06 -0.2639033645101649D+06
 -0.2559863819358045D+06 -0.2483045328664350D+06 -0.2408508343762859D+06
 -0.2336185110406584D+06 -0.2266009887769170D+06 -0.2197918888685503D+06
 -0.2131850221668558D+06 -0.2067743834649709D+06 -0.2005541460391295D+06
 -0.1945186563521624D+06 -0.1886624289144286D+06 -0.1829801412974800D+06
 -0.1774666292959191D+06 -0.1721168822330421D+06 -0.1669260384059762D+06
 -0.1618893806661574D+06 -0.1570023321311155D+06 -0.1522604520236466D+06
 -0.1476594316345711D+06 -0.1431950904053856D+06 -0.1388633721272263D+06
 -0.1346603412526596D+06 -0.1305821793169339D+06 -0.1266251814653918D+06
 -0.1227857530838799D+06 -0.1190604065290474D+06 -0.1154457579555428D+06
 -0.1119385242371770D+06 -0.1085355199792396D+06 -0.1052336546192019D+06
 -0.1020299296131461D+06 -0.9892143570532200D+05 -0.9590535027831532D+05
 -0.9297893478138032D+05 -0.9013953223456308D+05 -0.8738456480630912D+05
 -0.8471153146231691D+05 -0.8211800568346631D+05 -0.7960163325071086D+05
 -0.7716013009489150D+05 -0.7479128020948255D+05 -0.7249293362435210D+05
 -0.7026300443866693D+05 -0.6809946891113619D+05 -0.6600036360584571D+05
 -0.6396378359198839D+05 -0.6198788069585547D+05 -0.6007086180350370D+05
 -0.5821098721257572D+05 -0.5640656903179841D+05 -0.5465596962674359D+05
 -0.5295760011048712D+05 -0.5130991887785780D+05 -0.4971143018202099D+05
 -0.4816068275219796D+05 -0.4665626845137302D+05 -0.4519682097290007D+05
 -0.4378101457496880D+05 -0.4240756285195042D+05 -0.4107521754169475D+05
 -0.3978276736790458D+05 -0.3852903691676701D+05 -0.3731288554707705D+05
 -0.3613320633313527D+05 -0.3498892503975726D+05 -0.3387899912877780D+05
 -0.3280241679647909D+05 -0.3175819604141593D+05 -0.3074538376214709D+05
 -0.2976305488441650D+05 -0.2881031151735414D+05 -0.2788628213828337D+05
 -0.2699012080573209D+05 -0.2612100640024033D+05 -0.2527814189254143D+05
 -0.2446075363865953D+05 -0.2366809070141404D+05 -0.2289942419774698D+05
 -0.2215404667118890D+05 -0.2143127148864940D+05 -0.2073043226055896D+05
 -0.2005088228319200D+05 -0.1939199400177274D+05 -0.1875315849269969D+05
 -0.1813378496292900D+05 -0.1753330026423842D+05 -0.1695114841976725D+05
 -0.1638679015991315D+05 -0.1583970246439925D+05 -0.1530937810714232D+05
 -0.1479532520051636D+05 -0.1429706673576884D+05 -0.1381414011679034D+05
 -0.1334609668521523D+05 -0.1289250123600076D+05 -0.1245293152419906D+05
 -0.1202697776556370D+05 -0.1161424213580352D+05 -0.1121433827550302D+05
 -0.1082689080968628D+05 -0.1045153489272740D+05 -0.1008791578772270D+05
 -0.9735688493731514D+04 -0.9394517425387539D+04 -0.9064076151169655D+04
 -0.8744047190226820D+04 -0.8434121863274759D+04 -0.8134000188565218D+04
 -0.7843390810255525D+04 -0.7562010944165292D+04 -0.7289586325167175D+04
 -0.7025851141317757D+04 -0.6770547942055357D+04 -0.6523427510973123D+04
 -0.6284248697352023D+04 -0.6052778204364020D+04 -0.5828790335278893D+04
 -0.5612066701892863D+04 -0.5402395901627320D+04 -0.5199573171308141D+04
 -0.5003400026579350D+04 -0.4813683896320548D+04 -0.4630237761423900D+04
 -0.4452879806936902D+04 -0.4281433095965132D+04 -0.4115725272908270D+04
 -0.3955588302601941D+04 -0.3800858250768409D+04 -0.3651375109834416D+04
 -0.3506982672637127D+04 -0.3367528454780624D+04 -0.3232863664397666D+04
 -0.3102843215785813D+04 -0.2977325780812728D+04 -0.2856173869140800D+04
 -0.2739253925284500D+04 -0.2626436427459754D+04 -0.2517595970429748D+04
 -0.2412611312607045D+04 -0.2311365367265502D+04 -0.2213745119760965D+04
 -0.2119641458106296D+04 -0.2028948913762800D+04 -0.1941565323000345D+04
 -0.1857391434847723D+04 -0.1776330509508114D+04 -0.1698287956467710D+04
 -0.1623171069426840D+04 -0.1550888899599509D+04 -0.1481352284346594D+04
 -0.1414474025412398D+04 -0.1350169170222531D+04 -0.1288355337681137D+04
 -0.1228953019444245D+04 -0.1171885795977643D+04 -0.1117080425155045D+04
 -0.1064466784433988D+04 -0.1013977670111548D+04 -0.9655484748375068D+03
 -0.9191167760342746D+03 -0.8746218728898748D+03 -0.8320043102265407D+03
 -0.7912054241017951D+03 -0.7521669392140166D+03 -0.7148306421004221D+03
 -0.6791381478378547D+03 -0.6450307719278554D+03 -0.6124495132138342D+03
 -0.5813351483317551D+03 -0.5516284331988585D+03 -0.5232704023745565D+03
 -0.4962027526521794D+03 -0.4703682927632125D+03 -0.4457114363114910D+03
 -0.4221787096375747D+03 -0.3997192398729042D+03 -0.3782851808278973D+03
 -0.3578320261096469D+03 -0.3383187485894581D+03 -0.3197077252136830D+03
 -0.3019643657707359D+03 -0.2850564742964376D+03 -0.2689533724014383D+03
 -0.2536249303146251D+03 -0.2390407136168269D+03 -0.2251694736532132D+03
 -0.2119791363842983D+03 -0.1994372936888465D+03 -0.1875120385725426D+03
 -0.1761728911864406D+03 -0.1653915729778378D+03 -0.1551424773113257D+03
 -0.1454027971931363D+03 -0.1361523586766081D+03 -0.1273732499833344D+03
 -0.1190493435057367D+03 -0.1111657907409171D+03 -0.1037085477306545D+03
 -0.9666396637514616D+02 -0.9001846926509943D+02 -0.8375831334360765D+02
 -0.7786943928791172D+02 -0.7233739841833176D+02 -0.6714734601955118D+02
 -0.6228408857009018D+02 -0.5773217202170925D+02 -0.5347599862511501D+02
 -0.4949996063882371D+02 -0.4578858063823832D+02 -0.4232664812025568D+02
 -0.3909934611727838D+02 -0.3609236515204834D+02 -0.3329198948834828D+02
 -0.3068516402755572D+02 -0.2825953488403069D+02 -0.2600346488826822D+02
 -0.2390602558969741D+02 -0.2195696925087327D+02 -0.2014668492427638D+02
 -0.1846614529990311D+02 -0.1690685007378586D+02 -0.1546077313625659D+02
 -0.1412031876672308D+02 -0.1287829163581993D+02 -0.1172788158846856D+02
 -0.1066266257282367D+02 -0.9676602464398888D+01 -0.8764079120647452D+01
 -0.7919897660302943D+01 -0.7139305070291549D+01 -0.6417999000097982D+01
 -0.5752129672761432D+01 -0.5138295022427237D+01 -0.4573529928675744D+01
 -0.4055291056090409D+01 -0.3581438338575398D+01 -0.3150213916790218D+01
 -0.2760218203483408D+01 -0.2410388224707131D+01 -0.2099959738064938D+01
 -0.1828462539703853D+01
    1    1  333
  0.0000000000000000D+00  0.3852551383962655D-04  0.3943077147000982D-04
  0.4035790514764503D-04  0.4130745488444567D-04  0.4227982066361622D-04
  0.4327630758000671D-04  0.4429717856007155D-04  0.4534389340251094D-04
  0.4641648508810746D-04  0.4751584269369478D-04  0.4864260220160657D-04
  0.4979745643907111D-04  0.5098113497512665D-04  0.5219437886113128D-04
  0.5343795368613227D-04  0.5471264861628470D-04  0.5601927624280347D-04
  0.5735867387725273D-04  0.5873170405334438D-04  0.6013925542505655D-04
  0.6158224343343440D-04  0.6306161120672397D-04  0.6457833045907851D-04
  0.6613340224885885D-04  0.6772785807538462D-04  0.6936276078923337D-04
  0.7103920559513419D-04  0.7275832118184608D-04  0.7452127071545681D-04
  0.7632925316115173D-04  0.7818350431444587D-04  0.8008529820376708D-04
  0.8203594830629213D-04  0.8403680891240442D-04  0.8608927659840584D-04
  0.8819479170209588D-04  0.9035483980802512D-04  0.9257095341033505D-04
  0.9484471360660084D-04  0.9717775180222739D-04  0.9957175155263091D-04
  0.1020284505391287D-03  0.1045496424334452D-03  0.1071371791333963D-03
  0.1097929728505519D-03  0.1125189983599117D-03  0.1153172955194550D-03
  0.1181899715634102D-03  0.1211392038852506D-03  0.1241672426997776D-03
  0.1272764138838282D-03  0.1304691219897775D-03  0.1337478534055256D-03
  0.1371151796372842D-03  0.1405737607472735D-03  0.1441263490392659D-03
  0.1477757928127009D-03  0.1515250404094333D-03  0.1553771444377310D-03
  0.1593352661854605D-03  0.1634026802706350D-03  0.1675827795837641D-03
  0.1718790805263506D-03  0.1762952283453490D-03  0.1808350029870851D-03
  0.1855023251918828D-03  0.1903012628401427D-03  0.1952360377536679D-03
  0.2003110329287096D-03  0.2055308000697517D-03  0.2109000675819035D-03
  0.2164237491204929D-03  0.2221069525784563D-03  0.2279549895912623D-03
  0.2339733855807845D-03  0.2401678906795222D-03  0.2465444908017458D-03
  0.2531094199627992D-03  0.2598691729107118D-03  0.2668305188304974D-03
  0.2740005158073295D-03  0.2813865261027750D-03  0.2889962325751572D-03
  0.2968376559896473D-03  0.3049191735351129D-03  0.3132495384614450D-03
  0.3218379010704693D-03  0.3306938308124085D-03  0.3398273402142258D-03
  0.3492489098938784D-03  0.3589695155706358D-03  0.3690006565871213D-03
  0.3793543864070818D-03  0.3900433449492235D-03  0.4010807932242266D-03
  0.4124806498907054D-03  0.4242575305074699D-03  0.4364267890623571D-03
  0.4490045621638964D-03  0.4620078161978698D-03  0.4754543973506860D-03
  0.4893630846897420D-03  0.5037536468018760D-03  0.5186469017024260D-03
  0.5340647805364675D-03  0.5500303951739922D-03  0.5665681097431168D-03
  0.5837036165634832D-03  0.6014640164049106D-03  0.6198779035526933D-03
  0.6389754554959177D-03  0.6587885277254286D-03  0.6793507537732395D-03
  0.7006976505402238D-03  0.7228667290654444D-03  0.7458976111074133D-03
  0.7698321512346789D-03  0.7947145649242508D-03  0.8205915624168096D-03
  0.8475124884239269D-03  0.8755294677542383D-03  0.9046975565552182D-03
  0.9350748990956885D-03  0.9667228899055833D-03  0.9997063408184220D-03
  0.1034093652451295D-02  0.1069956989824992D-02  0.1107372461005285D-02
  0.1146420298278139D-02  0.1187185040647201D-02  0.1229755716445028D-02
  0.1274226024775828D-02  0.1320694513846228D-02  0.1369264754490188D-02
  0.1420045506382482D-02  0.1473150874638510D-02  0.1528700453487966D-02
  0.1586819453919055D-02  0.1647638811333361D-02  0.1711295268930453D-02
  0.1777931431938449D-02  0.1847695787242644D-02  0.1920742682385420D-02
  0.1997232257118403D-02  0.2077330320162091D-02  0.2161208162645684D-02
  0.2249042299560679D-02  0.2341014128959615D-02  0.2437309498237505D-02
  0.2538118165796558D-02  0.2643633145492309D-02  0.2754049920054252D-02
  0.2869565509536012D-02  0.2990377379054731D-02  0.3116682170254285D-02
  0.3248674239826603D-02  0.3386543988408984D-02  0.3530475962934290D-02
  0.3680646716170377D-02  0.3837222407861219D-02  0.4000356133829908D-02
  0.4170184971778967D-02  0.4346826736367850D-02  0.4530376441161393D-02
  0.4720902472328425D-02  0.4918442487884064D-02  0.5122999068306914D-02
  0.5334535159353978D-02  0.5552969366935439D-02  0.5778171187104909D-02
  0.6009956282266014D-02  0.6248081948517113D-02  0.6492242957776814D-02
  0.6742068002751309D-02  0.6997117021246842D-02  0.7256879727018235D-02
  0.7520775724017794D-02  0.7788156623796916D-02  0.8058310614703364D-02
  0.8330469935416092D-02  0.8603821671537833D-02  0.8877522206106395D-02
  0.9150715496916935D-02  0.9422555109728396D-02  0.9692229597222306D-02
  0.9958990380719296D-02  0.1022218078379863D-01  0.1048126432805514D-01
  0.1073584990221873D-01  0.1098571105417659D-01  0.1123079654500093D-01
  0.1147122955271013D-01  0.1170729360168015D-01  0.1193940438967650D-01
  0.1216806823004053D-01  0.1239382939918105D-01  0.1261721030269525D-01
  0.1283864954937447D-01  0.1305844361126348D-01  0.1327669759168175D-01
  0.1349328974026194D-01  0.1370785290553851D-01  0.1391977436282466D-01
  0.1412821369246737D-01  0.1433213686808442D-01  0.1453036361567958D-01
  0.1472162448584327D-01  0.1490462391077975D-01  0.1507810569878481D-01
  0.1524091782492892D-01  0.1539207388606518D-01  0.1553080910097323D-01
  0.1565662918692292D-01  0.1576935079697805D-01  0.1586913245158594D-01
  0.1595649505419445D-01  0.1603233116657283D-01  0.1609790226418988D-01
  0.1615482322602189D-01  0.1620503336926559D-01  0.1625075345068831D-01
  0.1629442826085068D-01  0.1633865477738626D-01  0.1638609637038715D-01
  0.1643938432649934D-01  0.1650100904404653D-01  0.1657320471109535D-01
  0.1665783314586221D-01  0.1675627472054896D-01  0.1686933674039937D-01
  0.1699719192897285D-01  0.1713936110125601D-01  0.1729475368439087D-01
  0.1746177624798454D-01  0.1763851153933331D-01  0.1782295836193776D-01
  0.1801330726063636D-01  0.1820821176362101D-01  0.1840700540272161D-01
  0.1860981610408326D-01  0.1881754528786174D-01  0.1903170681632725D-01
  0.1925415318326322D-01  0.1948674286452186D-01  0.1973101439250584D-01
  0.1998792704016885D-01  0.2025770848984075D-01  0.2053982439335768D-01
  0.2083306122358996D-01  0.2113569737987636D-01  0.2144572957741769D-01
  0.2176112080789361D-01  0.2208004003886320D-01  0.2240106987913416D-01
  0.2272336483104181D-01  0.2304674859764466D-01  0.2337174384585679D-01
  0.2369953194186786D-01  0.2403184372540288D-01  0.2437078565187079D-01
  0.2471860890215260D-01  0.2507743260055035D-01  0.2544893637890926D-01
  0.2583404251185833D-01  0.2623261411681079D-01  0.2664320385186372D-01
  0.2706289730835520D-01  0.2748730624745014D-01  0.2791077648663182D-01
  0.2832687763332478D-01  0.2872922580051572D-01  0.2911263982523859D-01
  0.2947453062928649D-01  0.2981627424007818D-01  0.3014416529431471D-01
  0.3046948963704131D-01  0.3080741017804354D-01  0.3117476184309114D-01
  0.3158734256739314D-01  0.3205756851463194D-01  0.3259322048555604D-01
  0.3319752378157776D-01  0.3387028504341921D-01  0.3460953064752358D-01
  0.3541310707533841D-01  0.3627989328161899D-01  0.3721048702345155D-01
  0.3820737752445481D-01  0.3927469098041701D-01  0.4041761616176993D-01
  0.4164161120118694D-01  0.4295147847530888D-01  0.4435038141378685D-01
  0.4583886805050785D-01  0.4741396101679884D-01  0.4906837131215886D-01
  0.5078989233572404D-01  0.5256103031590961D-01  0.5435892663662631D-01
  0.5615562586419877D-01  0.5791873950939955D-01  0.5961254901259019D-01
  0.6119957754087180D-01  0.6264264113135337D-01  0.6390735971812439D-01
  0.6496505748037228D-01  0.6579592519396339D-01  0.6639224007973049D-01
  0.6676135905508544D-01  0.6692813521031603D-01  0.6693637833773107D-01
  0.6684902579016777D-01  0.6674682048690735D-01  0.6672552307374355D-01
  0.6689196182208566D-01  0.6735949333994143D-01  0.6824359818800721D-01
  0.6965832599006903D-01  0.7171410569594314D-01  0.7451711119284875D-01
  0.7817001917563976D-01  0.8277371658400960D-01  0.8842936482030407D-01
  0.9524022735445369D-01  0.1033127752324964D+00  0.1127567626030520D+00
  0.1236841700320957D+00  0.1362071375957239D+00  0.1504352499861407D+00
  0.1664728210777146D+00  0.1844168724610085D+00  0.2043576500082922D+00
  0.2263807032889494D+00
    1    1  333
  0.0000000000000000D+00  0.2516715942105556D-08  0.2879328267652670D-08
  0.3273801749621113D-08  0.3702563410148487D-08  0.4168363724543081D-08
  0.4673302893624877D-08  0.5220558733643017D-08  0.5812432277126539D-08
  0.6452833586031869D-08  0.7145039474581157D-08  0.7892880138285992D-08
  0.8700373262178720D-08  0.9571831761945492D-08  0.1051182841714776D-07
  0.1152528202771609D-07  0.1261740578613164D-07  0.1379380614373996D-07
  0.1506042406885120D-07  0.1642361964418035D-07  0.1789019149279856D-07
  0.1946735276836028D-07  0.2116283726990282D-07  0.2298488180870881D-07
  0.2494225955812016D-07  0.2704432256082812D-07  0.2930107570444040D-07
  0.3172312587419591D-07  0.3432185390397649D-07  0.3710931544559947D-07
  0.4009841792385405D-07  0.4330288145827229D-07  0.4673732945965216D-07
  0.5041734739904353D-07  0.5435954600993918D-07  0.5858161416320854D-07
  0.6310237474068109D-07  0.6794190274945317D-07  0.7312155218414909D-07
  0.7866408253375679D-07  0.8459370597002492D-07  0.9093621490682463D-07
  0.9771904801018184D-07  0.1049714382931680D-06  0.1127244855071125D-06
  0.1210112744589599D-06  0.1298670425472828D-06  0.1393292528620636D-06
  0.1494377890650164D-06  0.1602350746231641D-06  0.1717662430831183D-06
  0.1840793183369886D-06  0.1972253439382441D-06  0.2112586277183894D-06
  0.2262369263614308D-06  0.2422216828794098D-06  0.2592781710478517D-06
  0.2774758390492356D-06  0.2968884910273708D-06  0.3175946034515042D-06
  0.3396775789790314D-06  0.3632260584218211D-06  0.3883342812180163D-06
  0.4151023404111412D-06  0.4436366428315689D-06  0.4740502064452581D-06
  0.5064631368921342D-06  0.5410029762518346D-06  0.5778052818481481D-06
  0.6170139463847797D-06  0.6587818325907314D-06  0.7032712741594841D-06
  0.7506546035238416D-06  0.8011148328847570D-06  0.8548462182058326D-06
  0.9120549831643434D-06  0.9729599829244506D-06  0.1037793536064651D-05
  0.1106802104926812D-05  0.1180247240951259D-05  0.1258406416523651D-05
  0.1341573956574621D-05  0.1430062043126139D-05  0.1524201753838924D-05
  0.1624344179430810D-05  0.1730861477092404D-05  0.1844148258966666D-05
  0.1964622727893285D-05  0.2092728060452651D-05  0.2228933874687725D-05
  0.2373737664047776D-05  0.2527666402759635D-05  0.2691278149460917D-05
  0.2865163809788644D-05  0.3049948928557995D-05  0.3246295567500195D-05
  0.3454904329792192D-05  0.3676516381904637D-05  0.3911915665450818D-05
  0.4161931153891204D-05  0.4427439165534590D-05  0.4709365879834473D-05
  0.5008689868800656D-05  0.5326444741298389D-05  0.5663721917669296D-05
  0.6021673470093172D-05  0.6401515077213347D-05  0.6804529059089956D-05
  0.7232067529916640D-05  0.7685555591149864D-05  0.8166494665867181D-05
  0.8676465829497819D-05  0.9217133286336705D-05  0.9790247816498585D-05
  0.1039765033086195D-04  0.1104127542299943D-04  0.1172315488365514D-04
  0.1244542126787671D-04  0.1321031137193930D-04  0.1402016967446947D-04
  0.1487745161140275D-04  0.1578472681268632D-04  0.1674468202468519D-04
  0.1776012391824467D-04  0.1883398154131047D-04  0.1996930844719226D-04
  0.2116928439594803D-04  0.2243721657350220D-04  0.2377654022009854D-04
  0.2519081862740411D-04  0.2668374227953621D-04  0.2825912716758621D-04
  0.2992091207593035D-04  0.3167315465588231D-04  0.3352002626752673D-04
  0.3546580525598185D-04  0.3751486862510618D-04  0.3967168182118233D-04
  0.4194078643474334D-04  0.4432678562489314D-04  0.4683432698729632D-04
  0.4946808255228617D-04  0.5223272579612820D-04  0.5513290520638770D-04
  0.5817321413043173D-04  0.6135815670950780D-04  0.6469210940901979D-04
  0.6817927793523745D-04  0.7182364914615654D-04  0.7562893771569818D-04
  0.7959852714019558D-04  0.8373540492231489D-04  0.8804209165116030D-04
  0.9252056384525623D-04  0.9717217043591921D-04  0.1019975429399783D-03
  0.1069964994974461D-03  0.1121679430583049D-03  0.1175097543767141D-03
  0.1230186805391843D-03  0.1286902202910677D-03  0.1345185077069714D-03
  0.1404961963330950D-03  0.1466143464329332D-03  0.1528623188351022D-03
  0.1592276795038431D-03  0.1656961201385555D-03  0.1722514010523843D-03
  0.1788753238931289D-03  0.1855477431676197D-03  0.1922466268944769D-03
  0.1989481783018676D-03  0.2056270318959797D-03  0.2122565385337862D-03
  0.2188091549194697D-03  0.2252569532203322D-03  0.2315722657934868D-03
  0.2377284775872532D-03  0.2437009746249301D-03  0.2494682500527119D-03
  0.2550131590102353D-03  0.2603242995529549D-03  0.2653974788139531D-03
  0.2702372011490491D-03  0.2748580899329427D-03  0.2792861278137204D-03
  0.2835595757442562D-03  0.2877294128794366D-03  0.2918591337436977D-03
  0.2960237521057586D-03  0.3003078985718879D-03  0.3048029641814731D-03
  0.3096033344221321D-03  0.3148018712997716D-03  0.3204849088359073D-03
  0.3267271555329148D-03  0.3335869350710905D-03  0.3411022371800812D-03
  0.3492879954434586D-03  0.3581349039456204D-03  0.3676099326551560D-03
  0.3776585283274499D-03  0.3882083220116549D-03  0.3991740315847501D-03
  0.4104631644360589D-03  0.4219820970506456D-03  0.4336421289521938D-03
  0.4453651652169347D-03  0.4570887583881978D-03  0.4687703214077815D-03
  0.4803903965110829D-03  0.4919549235607898D-03  0.5034964924157424D-03
  0.5150745886196785D-03  0.5267748528033256D-03  0.5387073763347592D-03
  0.5510040530736158D-03  0.5638150039092487D-03  0.5773040908706385D-03
  0.5916435442854588D-03  0.6070077427416178D-03  0.6235662146263228D-03
  0.6414759748011057D-03  0.6608733738681634D-03  0.6818657236297976D-03
  0.7045230731007100D-03  0.7288706450246939D-03  0.7548825987207390D-03
  0.7824779481594912D-03  0.8115196082633409D-03  0.8418176216966476D-03
  0.8731375649675025D-03  0.9052148579018216D-03  0.9377751123176277D-03
  0.9705596938505534D-03  0.1003354366857423D-02  0.1036017437228348D-02
  0.1068502591793653D-02  0.1100871207586660D-02  0.1133289778535318D-02
  0.1166010524178594D-02  0.1199336827018409D-02  0.1233578912851049D-02
  0.1269007951354491D-02  0.1305817333019432D-02  0.1344098252195504D-02
  0.1383833373888010D-02  0.1424908540006750D-02  0.1467139292356251D-02
  0.1510307116146185D-02  0.1554199811591124D-02  0.1598650936261509D-02
  0.1643574338622081D-02  0.1688990992646882D-02  0.1735046393392571D-02
  0.1782017562515849D-02  0.1830309266291144D-02  0.1880439412768871D-02
  0.1933013850724681D-02  0.1988691010454544D-02  0.2048137059923769D-02
  0.2111972552736422D-02  0.2180711968314860D-02  0.2254698158140984D-02
  0.2334034609594952D-02  0.2418519750775924D-02  0.2507589402385586D-02
  0.2600276074500828D-02  0.2695197100176568D-02  0.2790587178548057D-02
  0.2884393494051393D-02  0.2974450471913074D-02  0.3058742237778158D-02
  0.3135738539245685D-02  0.3204753427967777D-02  0.3266232610973777D-02
  0.3321849544760529D-02  0.3374313920084424D-02  0.3426885629377319D-02
  0.3482712704933316D-02  0.3544200521947110D-02  0.3612609378874526D-02
  0.3687973552488221D-02  0.3769306224557171D-02  0.3854973121569331D-02
  0.3943106451769180D-02  0.4031967134913664D-02  0.4120211233902099D-02
  0.4207053646790426D-02  0.4292341784671981D-02  0.4376558542386278D-02
  0.4460773066627830D-02  0.4546554382163061D-02  0.4635859423546405D-02
  0.4730904333189708D-02  0.4834026233090132D-02  0.4947541849338723D-02
  0.5073609125482757D-02  0.5214098087682997D-02  0.5370477562870469D-02
  0.5543724780073950D-02  0.5734265284270211D-02  0.5941950847535186D-02
  0.6166082873594139D-02  0.6405487691721680D-02  0.6658648657615982D-02
  0.6923895534147816D-02  0.7199646348568538D-02  0.7484688957285707D-02
  0.7778480444568231D-02  0.8081433827750301D-02  0.8395156275637604D-02
  0.8722604636064023D-02  0.9068134982388889D-02  0.9437443109692330D-02
  0.9837417953854505D-02  0.1027595255073140D-01  0.1076176826924748D-01
  0.1130430363359729D-01  0.1191369990593968D-01  0.1260088907412580D-01
  0.1337776502571824D-01  0.1425740231211518D-01  0.1525428017791635D-01
  0.1638447109281121D-01  0.1766575827701788D-01  0.1911765311081101D-01
  0.2076129047375623D-01  0.2261918963439165D-01  0.2471488466228661D-01
  0.2707245587756848D-01  0.2971603320472080D-01  0.3266940577738939D-01
  0.3595590105556921D-01
    1    1  333
  0.0000000000000000D+00 -0.1231015558662353D-11 -0.1784242576339694D-11
 -0.2425575574791616D-11 -0.3167240909331253D-11 -0.4021716757606743D-11
 -0.4994589684018122D-11 -0.6076661789949018D-11 -0.7310309502393075D-11
 -0.8740258465066605D-11 -0.1035540111381100D-10 -0.1215730290655076D-10
 -0.1417546623750684D-10 -0.1647673710024683D-10 -0.1906796375103131D-10
 -0.2197287518714234D-10 -0.2520406718975173D-10 -0.2890086583088139D-10
 -0.3293162711727187D-10 -0.3753257958196639D-10 -0.4265558187371695D-10
 -0.4838139446156598D-10 -0.5474526442735894D-10 -0.6185441962394469D-10
 -0.6978271797524300D-10 -0.7861057128786229D-10 -0.8841978025926926D-10
 -0.9935931882521565D-10 -0.1115311487127641D-09 -0.1250422201271160D-09
 -0.1400219629468680D-09 -0.1566720830084121D-09 -0.1751251779235360D-09
 -0.1956392898815327D-09 -0.2183206912125941D-09 -0.2434853219670799D-09
 -0.2713690606462557D-09 -0.3022222179384086D-09 -0.3363833328792971D-09
 -0.3741736920535459D-09 -0.4159863671373604D-09 -0.4622099025363702D-09
 -0.5132846828208185D-09 -0.5697315926571066D-09 -0.6320886297630328D-09
 -0.7009649348531853D-09 -0.7769962274536856D-09 -0.8609066203700436D-09
 -0.9535305011601871D-09 -0.1055687126365291D-08 -0.1168380734911097D-08
 -0.1292655072409945D-08 -0.1429654034455225D-08 -0.1580646605495465D-08
 -0.1747031414510431D-08 -0.1930390904795562D-08 -0.2132313546461372D-08
 -0.2354722947152001D-08 -0.2599611523739585D-08 -0.2869225364948834D-08
 -0.3166016805534126D-08 -0.3492610903592731D-08 -0.3851969746738258D-08
 -0.4247393968206189D-08 -0.4682324670325204D-08 -0.5160673549029743D-08
 -0.5686642468978203D-08 -0.6264989745089375D-08 -0.6900744464489062D-08
 -0.7599607457916281D-08 -0.8367582203691107D-08 -0.9211562505670786D-08
 -0.1013880080185038D-07 -0.1115743065493775D-07 -0.1227631873109941D-07
 -0.1350518797155990D-07 -0.1485465399600120D-07 -0.1633638183074479D-07
 -0.1796311325917556D-07 -0.1974885074016249D-07 -0.2170888649462967D-07
 -0.2385999247119210D-07 -0.2622047369027825D-07 -0.2881044616977001D-07
 -0.3165197216702981D-07 -0.3476898615008697D-07 -0.3818787087929626D-07
 -0.4193745616864977D-07 -0.4604923598061766D-07 -0.5055779363978742D-07
 -0.5550073530207704D-07 -0.6091933859283289D-07 -0.6685874959619862D-07
 -0.7336836379536423D-07 -0.8050198594761610D-07 -0.8831865697020830D-07
 -0.9688272441011965D-07 -0.1062646560683810D-06 -0.1165414068605915D-06
 -0.1277969416665754D-06 -0.1401230477351073D-06 -0.1536199927347664D-06
 -0.1683972219454885D-06 -0.1845741420215158D-06 -0.2022811908944396D-06
 -0.2216606079433450D-06 -0.2428676511770988D-06 -0.2660716145132299D-06
 -0.2914570919235821D-06 -0.3192253811260136D-06 -0.3495958952613041D-06
 -0.3828076120942733D-06 -0.4191209783666085D-06 -0.4588195631728628D-06
 -0.5022121372089773D-06 -0.5496346618830872D-06 -0.6014527806348214D-06
 -0.6580640633420988D-06 -0.7199008134375497D-06 -0.7874328144096605D-06
 -0.8611703904984439D-06 -0.9416676638734394D-06 -0.1029526115986925D-05
 -0.1125398193897344D-05 -0.1229991342770280D-05 -0.1344072196882202D-05
 -0.1468471012685197D-05 -0.1604086502054852D-05 -0.1751890780303525D-05
 -0.1912934600918598D-05 -0.2088352933444275D-05 -0.2279370836500725D-05
 -0.2487309256814630D-05 -0.2713591502000867D-05 -0.2959749690050169D-05
 -0.3227431201587648D-05 -0.3518405647888846D-05 -0.3834571597406040D-05
 -0.4177963306092901D-05 -0.4550757636301555D-05 -0.4955280524398154D-05
 -0.5394013227376910D-05 -0.5869598078372330D-05 -0.6384843742852609D-05
 -0.6942729520753131D-05 -0.7546408514894555D-05 -0.8199209622167388D-05
 -0.8904637781564965D-05 -0.9666371938980424D-05 -0.1048826092450504D-04
 -0.1137431600302124D-04 -0.1232870000477479D-04 -0.1335571240151427D-04
 -0.1445976917169626D-04 -0.1564537736776456D-04 -0.1691710285887857D-04
 -0.1827953066233500D-04 -0.1973721675969920D-04 -0.2129463004269740D-04
 -0.2295608368742265D-04 -0.2472565417469169D-04 -0.2660708709048186D-04
 -0.2860368838979755D-04 -0.3071819981066621D-04 -0.3295265785883499D-04
 -0.3530823511818604D-04 -0.3778506408007561D-04 -0.4038204332281420D-04
 -0.4309662739619092D-04 -0.4592460218192240D-04 -0.4885984926513353D-04
 -0.5189410441501871D-04 -0.5501671722661545D-04 -0.5821442177389483D-04
 -0.6147113087017576D-04 -0.6476777006645221D-04 -0.6808217105362686D-04
 -0.7138904785252623D-04 -0.7466008287029966D-04 -0.7786415218978150D-04
 -0.8096772054936079D-04 -0.8393543534466557D-04 -0.8673094327605170D-04
 -0.8931794335749760D-04 -0.9166147316595497D-04 -0.9372940160430048D-04
 -0.9549407034685457D-04 -0.9693398821724809D-04 -0.9803544256038856D-04
 -0.9879385180896425D-04 -0.9921465329164942D-04 -0.9931350677969838D-04
 -0.9911560688340684D-04 -0.9865394339044358D-04 -0.9796641882893187D-04
 -0.9709185983479017D-04 -0.9606505659825088D-04 -0.9491110575801072D-04
 -0.9363942352273534D-04 -0.9223785510320006D-04 -0.9066731235724276D-04
 -0.8885732486487516D-04 -0.8670280102043271D-04 -0.8406218239750175D-04
 -0.8075705875677702D-04 -0.7657321024750438D-04 -0.7126297126094120D-04
 -0.6454877153898462D-04 -0.5612770278619529D-04 -0.4567697615408243D-04
 -0.3286016865994863D-04 -0.1733419377811281D-04  0.1243032892209797D-05
  0.2320423617759901D-04  0.4886372242462568D-04  0.7850761257777260D-04
  0.1123833815179916D-03  0.1506887584982225D-03  0.1935601053450799D-03
  0.2410604748198781D-03  0.2931676647266575D-03  0.3497627272134614D-03
  0.4106195709453964D-03  0.4753965082041713D-03  0.5436308461966413D-03
  0.6147378913964317D-03  0.6880160013877007D-03  0.7626595311796383D-03
  0.8377815993857991D-03  0.9124484202949270D-03  0.9857263466146091D-03
  0.1056741553086213D-02  0.1124750298241878D-02  0.1189214882297344D-02
  0.1249876989912385D-02  0.1306816697476919D-02  0.1360483156950518D-02
  0.1411683299433883D-02  0.1461519238100521D-02  0.1511273562023823D-02
  0.1562253550723878D-02  0.1615616915931968D-02  0.1672209057755364D-02
  0.1732442237308451D-02  0.1796238582438287D-02  0.1863045604348986D-02
  0.1931918114155665D-02  0.2001649159465428D-02  0.2070927137631370D-02
  0.2138496592587313D-02  0.2203304570646887D-02  0.2264620428850079D-02
  0.2322122738176852D-02  0.2375951300548144D-02  0.2426725076332254D-02
  0.2475528153200895D-02  0.2523866295217982D-02  0.2573596470153300D-02
  0.2626831435801048D-02  0.2685821210442623D-02  0.2752813202600661D-02
  0.2829893060481077D-02  0.2918809042573566D-02  0.3020784094084730D-02
  0.3136322121625640D-02  0.3265018603713894D-02  0.3405391187678517D-02
  0.3554753831166311D-02  0.3709168514511204D-02  0.3863520597514957D-02
  0.4011774005231764D-02  0.4147462641213392D-02  0.4264451865941971D-02
  0.4357940843919993D-02  0.4425567581884878D-02  0.4468341347790668D-02
  0.4491033280612754D-02  0.4501705258053063D-02  0.4510311331740808D-02
  0.4526689441149002D-02  0.4558558014363580D-02  0.4610138899774746D-02
  0.4681737337940796D-02  0.4770218720117515D-02  0.4870055056460256D-02
  0.4974557159553741D-02  0.5077004106438208D-02  0.5171521621318904D-02
  0.5253674818675673D-02  0.5320803353608686D-02  0.5372149549845627D-02
  0.5408828834915139D-02  0.5433681344316727D-02  0.5451032134368812D-02
  0.5466378105728554D-02  0.5486013429486056D-02  0.5516601499563159D-02
  0.5564699600379832D-02  0.5636242037046850D-02  0.5735988112494681D-02
  0.5866942959527685D-02  0.6029761932598502D-02  0.6222153162170976D-02
  0.6438298486787265D-02  0.6668319018829654D-02  0.6897820410652091D-02
  0.7107559799876791D-02  0.7273281856054413D-02  0.7365771102018737D-02
  0.7351157504953066D-02  0.7191488175008907D-02  0.6845537574903134D-02
  0.6269774728561563D-02  0.5419346976973193D-02  0.4248893389574670D-02
  0.2712984151069200D-02  0.7660145497375362D-03 -0.1638541317440322D-02
 -0.4549500135250585D-02 -0.8019833280394495D-02 -0.1210881535756740D-01
 -0.1688422017929639D-01 -0.2242434846157098D-01 -0.2881973983173567D-01
 -0.3617449519779860D-01 -0.4460720817178526D-01 -0.5425156571613891D-01
 -0.6525672178859404D-01 -0.7778760701138716D-01 -0.9202540431024936D-01
 -0.1081685384687125D+00 -0.1264343740126819D+00 -0.1470629289224383D+00
 -0.1703207296097480D+00
    1    1  333
  0.0000000000000000D+00  0.1372102961872229D-11  0.2004343215418914D-11
  0.2727452754690785D-11  0.3557700318849780D-11  0.4505448439890356D-11
  0.5591224296035124D-11  0.6825436820763592D-11  0.8241395402668244D-11
  0.9821594974737476D-11  0.1163138971823938D-10  0.1366225637133335D-10
  0.1596135322913763D-10  0.1853627046628979D-10  0.2145720632356093D-10
  0.2471420376970764D-10  0.2838613343845438D-10  0.3249292600824250D-10
  0.3709862055337949D-10  0.4224720637361225D-10  0.4801258702672973D-10
  0.5444475873614327D-10  0.6161851216926463D-10  0.6962681851642829D-10
  0.7856418033000148D-10  0.8849803827824110D-10  0.9956631180423475D-10
  0.1118686682856899D-09  0.1255509128269758D-09  0.1407604132974775D-09
  0.1576446347822931D-09  0.1764035703010156D-09  0.1971937677659373D-09
  0.2202630201765475D-09  0.2458285035433269D-09  0.2741761677917281D-09
  0.3055521330024326D-09  0.3403025812246623D-09  0.3787717798539174D-09
  0.4213189898320917D-09  0.4683946718067444D-09  0.5204388370927413D-09
  0.5779517384404269D-09  0.6415286244637366D-09  0.7117482655870413D-09
  0.7892890892742639D-09  0.8749127764326118D-09  0.9694106998069955D-09
  0.1073700274980804D-08  0.1188751786684493D-08  0.1315642740472250D-08
  0.1455567982174894D-08  0.1609831011444816D-08  0.1779867145863017D-08
  0.1967241302733488D-08  0.2173688279371858D-08  0.2401092852528251D-08
  0.2651537964558796D-08  0.2927328643985073D-08  0.3230929793192431D-08
  0.3565125680462814D-08  0.3932917292072908D-08  0.4337607220633561D-08
  0.4782851327046589D-08  0.5272611994282501D-08  0.5811252319320225D-08
  0.6403573522527612D-08  0.7054828597018706D-08  0.7770759914413482D-08
  0.8557699039797755D-08  0.9422547265523326D-08  0.1037289302606157D-07
  0.1141705073190276D-07  0.1256412988635683D-07  0.1382411186802585D-07
  0.1520791422274823D-07  0.1672754030066423D-07  0.1839609755024703D-07
  0.2022795196553707D-07  0.2223884665860387D-07  0.2444602121247003D-07
  0.2686835816794873D-07  0.2952650964876398D-07  0.3244308675518216D-07
  0.3564285087591251D-07  0.3915290306703675D-07  0.4300289951169998D-07
  0.4722529436281875D-07  0.5185558388845804D-07  0.5693259442533026D-07
  0.6249881879105739D-07  0.6860070843207498D-07  0.7528907844415465D-07
  0.8261948197096298D-07  0.9065264942986709D-07  0.9945495205878148D-07
  0.1090989429728824D-06  0.1196639374515919D-06  0.1312365259464692D-06
  0.1439113444906747D-06  0.1577917632266493D-06  0.1729906378916628D-06
  0.1896312119700095D-06  0.2078480236776757D-06  0.2277878745684134D-06
  0.2496110098828229D-06  0.2734922129121297D-06  0.2996221326127777D-06
  0.3282086778308346D-06  0.3594784965852945D-06  0.3936786304810802D-06
  0.4310782752401605D-06  0.4719706690509566D-06  0.5166751463509130D-06
  0.5655393889040674D-06  0.6189417797917257D-06  0.6772939991595654D-06
  0.7410437916057028D-06  0.8106779329545355D-06  0.8867254544243052D-06
  0.9697610311126384D-06  0.1060408683635146D-05  0.1159345704912627D-05
  0.1267306787952281D-05  0.1385088583052410D-05  0.1513554379291404D-05
  0.1653639132270218D-05  0.1806354871920477D-05  0.1972796227218496D-05
  0.2154146471270746D-05  0.2351683667026346D-05  0.2566787251011449D-05
  0.2800944768636521D-05  0.3055758964144996D-05  0.3332955055038747D-05
  0.3634388154653845D-05  0.3962050913909403D-05  0.4318081214851256D-05
  0.4704769805515728D-05  0.5124567906299910D-05  0.5580094627134139D-05
  0.6074143963600997D-05  0.6609691330623720D-05  0.7189899367697734D-05
  0.7818122819453774D-05  0.8497912210107112D-05  0.9233015938813814D-05
  0.1002738054030725D-04  0.1088514860710481D-04  0.1181065386536527D-04
  0.1280841293972293D-04  0.1388311312365150D-04  0.1503959538979486D-04
  0.1628283197100431D-04  0.1761789749015772D-04  0.1904993271097071D-04
  0.2058409989696134D-04  0.2222552840459850D-04  0.2397924950356476D-04
  0.2585011887469404D-04  0.2784272550983401D-04  0.2996128565321692D-04
  0.3220952019654385D-04  0.3459051458272249D-04  0.3710655974855599D-04
  0.3975897360734756D-04  0.4254790252168402D-04  0.4547210313945045D-04
  0.4852870567783742D-04  0.5171296099379932D-04  0.5501797527636910D-04
  0.5843443802943995D-04  0.6195035146821108D-04  0.6555077224178870D-04
  0.6921757985630968D-04  0.7292928973779569D-04  0.7666093325886223D-04
  0.8038403111085626D-04  0.8406669023337229D-04  0.8767385758249606D-04
  0.9116776514300300D-04  0.9450859883141673D-04  0.9765541825770119D-04
  0.1005673424716337D-03  0.1032049983893829D-03  0.1055322017002992D-03
  0.1075178048844750D-03  0.1091376049611397D-03  0.1103761573761546D-03
  0.1112282984431777D-03  0.1117001442079662D-03  0.1118093187518359D-03
  0.1115841789885070D-03  0.1110618548090732D-03  0.1102850026582729D-03
  0.1092973136545649D-03  0.1081379277447690D-03  0.1068350637799180D-03
  0.1053992786852062D-03  0.1038168353430694D-03  0.1020436655082214D-03
  0.1000003613956354D-03  0.9756852974185589D-04  0.9458871472769849D-04
  0.9085996546359566D-04  0.8614101051123393D-04  0.8015292049065058D-04
  0.7258309632936973D-04  0.6309041226415391D-04  0.5131136227276632D-04
  0.3686709480854067D-04  0.1937126340295231D-04 -0.1561339901401159D-05
 -0.2630537189328228D-04 -0.5521473542927027D-04 -0.8861157918651216D-04
 -0.1267745161556210D-03 -0.1699261226170503D-03 -0.2182198490522269D-03
 -0.2717265711398328D-03 -0.3304211362275133D-03 -0.3941694228993281D-03
 -0.4627166319654435D-03 -0.5356777684519338D-03 -0.6125315528442510D-03
 -0.6926193031889598D-03 -0.7751506287684970D-03 -0.8592180153710042D-03
 -0.9438224701766085D-03 -0.1027912192314817D-02 -0.1110435557443332D-02
 -0.1190408337085559D-02 -0.1266992828436121D-02 -0.1339583395808578D-02
 -0.1407889062987196D-02 -0.1471999957323153D-02 -0.1532421853450703D-02
 -0.1590063438468123D-02 -0.1646165804239880D-02 -0.1702173258148668D-02
 -0.1759557874467067D-02 -0.1819623244493656D-02 -0.1883321194655086D-02
 -0.1951115709045367D-02 -0.2022918737988039D-02 -0.2098107666368865D-02
 -0.2175617561710741D-02 -0.2254088631033248D-02 -0.2332043161628858D-02
 -0.2408066614178375D-02 -0.2480972455113650D-02 -0.2549937092329468D-02
 -0.2614597752772885D-02 -0.2675111069709667D-02 -0.2732173276728321D-02
 -0.2787004408676796D-02 -0.2841299369977880D-02 -0.2897148572631074D-02
 -0.2956930489448107D-02 -0.3023178180459943D-02 -0.3098421794540054D-02
 -0.3185009369479485D-02 -0.3284909088186842D-02 -0.3399497705474468D-02
 -0.3529342456870305D-02 -0.3673987862218219D-02 -0.3831765039162343D-02
 -0.3999650037752382D-02 -0.4173209484489811D-02 -0.4346685380425463D-02
 -0.4513282282582400D-02 -0.4665720360480655D-02 -0.4797092475299682D-02
 -0.4901992556512902D-02 -0.4977759947278794D-02 -0.5025530002487498D-02
 -0.5050675323153148D-02 -0.5062277047131854D-02 -0.5071551458972819D-02
 -0.5089588859051904D-02 -0.5125096498660395D-02 -0.5182845892843021D-02
 -0.5263197886411954D-02 -0.5362638399316427D-02 -0.5474956740709963D-02
 -0.5592633801920376D-02 -0.5708114876304485D-02 -0.5814799683336672D-02
 -0.5907710495851279D-02 -0.5983869916816997D-02 -0.6042445295542597D-02
 -0.6084715402265373D-02 -0.6113903189697362D-02 -0.6134905593484897D-02
 -0.6153940792748576D-02 -0.6178126231617007D-02 -0.6214996445716253D-02
 -0.6271967656753197D-02 -0.6355755583350914D-02 -0.6471753612052289D-02
 -0.6623380275316131D-02 -0.6811407994298413D-02 -0.7033289420713910D-02
 -0.7282504032667159D-02 -0.7547954486830196D-02 -0.7813452332236289D-02
 -0.8057340650712532D-02 -0.8252307741752403D-02 -0.8365446139159403D-02
 -0.8358600247624295D-02 -0.8189018922367855D-02 -0.7810283521402613D-02
 -0.7173420216762867D-02 -0.6228037165318434D-02 -0.4923272584784351D-02
 -0.3208318993945348D-02 -0.1032324712492844D-02  0.1656438724656973D-02
  0.4912125419417811D-02  0.8793432438477732D-02  0.1336604386608054D-01
  0.1870512769282999D-01  0.2489763669598241D-01  0.3204424377167043D-01
  0.4026082774592130D-01  0.4967951014365401D-01  0.6044931484478388D-01
  0.7273657377543634D-01  0.8672527117823189D-01  0.1026175983608163D+00
  0.1206351295311723D+00  0.1410208655334962D+00  0.1640436495191941D+00
  0.1900028969783388D+00
    1   29  333
  0.0000000000000000D+00 -0.8198129327407967D-14 -0.1272243542001947D-14
 -0.4527596019639105D-14 -0.2552776915559259D-14 -0.1142060771861527D-13
 -0.5778808876559828D-14 -0.6723423364010114D-14 -0.8623561450991158D-14
 -0.8629653691656898D-14 -0.2240471342787001D-14 -0.7193444094190870D-14
 -0.7119206646389028D-14 -0.8278492569024465D-14 -0.2128708749483385D-14
 -0.1326960089184487D-13 -0.2008957900287778D-13 -0.6887067398728339D-14
 -0.7897805598543022D-14 -0.1248187777495818D-13 -0.2277417888362291D-13
 -0.1694132667770867D-13 -0.1982893067874518D-13 -0.2177879026849871D-13
 -0.1842131037071845D-13 -0.2760151143021799D-13 -0.2876092543203808D-13
 -0.2679188909659998D-13 -0.3303699959756598D-13 -0.3678123192892955D-13
 -0.3963931179212562D-13 -0.4877285237490724D-13 -0.5438463969562371D-13
 -0.6414465975610029D-13 -0.7463826214777196D-13 -0.7480381768821164D-13
 -0.8357843031880129D-13 -0.9650740205597082D-13 -0.1173228241858078D-12
 -0.1317582576055599D-12 -0.1648931613944821D-12 -0.1653693317592494D-12
 -0.1944784000249807D-12 -0.2209760714905047D-12 -0.2535470237220094D-12
 -0.2873120759565135D-12 -0.3262788288574240D-12 -0.3603093118811927D-12
 -0.4180154753172865D-12 -0.4699390991511050D-12 -0.5338592179544175D-12
 -0.6066648950680067D-12 -0.6836513239367933D-12 -0.7750428877727996D-12
 -0.8837860320819051D-12 -0.1002986777712636D-11 -0.1133611574554166D-11
 -0.1276119287002903D-11 -0.1449099322933704D-11 -0.1640436862143534D-11
 -0.1865094240821066D-11 -0.2115525556616685D-11 -0.2394226340163380D-11
 -0.2717036749512329D-11 -0.3066977581418052D-11 -0.3479906980484626D-11
 -0.3933479182077505D-11 -0.4461197717954937D-11 -0.5040999878414437D-11
 -0.5704708291985041D-11 -0.6460747387872689D-11 -0.7295284722067395D-11
 -0.8260939208819060D-11 -0.9348990592809165D-11 -0.1057647421248827D-10
 -0.1196530854594242D-10 -0.1352723668346844D-10 -0.1530333030488771D-10
 -0.1730677321564580D-10 -0.1956799496430941D-10 -0.2212544240928413D-10
 -0.2501106233964937D-10 -0.2827512836555496D-10 -0.3196804666865987D-10
 -0.3613236035753460D-10 -0.4083934483463551D-10 -0.4615108663324254D-10
 -0.5215546874372588D-10 -0.5893872140875232D-10 -0.6660206452738469D-10
 -0.7524867850602895D-10 -0.8501786989901101D-10 -0.9604986561802624D-10
 -0.1084966779414496D-09 -0.1225452407611455D-09 -0.1384123990394556D-09
 -0.1563368545175792D-09 -0.1765543639683173D-09 -0.1993634219159080D-09
 -0.2251340979728371D-09 -0.2541965817530125D-09 -0.2870066753776974D-09
 -0.3240226023441573D-09 -0.3657852248998150D-09 -0.4129035796704863D-09
 -0.4660611468658311D-09 -0.5260262636086329D-09 -0.5936765419165160D-09
 -0.6699789103206681D-09 -0.7560332304549971D-09 -0.8530893793812486D-09
 -0.9625194039540800D-09 -0.1085927206807999D-08 -0.1225075582770290D-08
 -0.1381943597239205D-08 -0.1558771580696337D-08 -0.1758117388932455D-08
 -0.1982796867568537D-08 -0.2236010615058383D-08 -0.2521354477895326D-08
 -0.2842876711275575D-08 -0.3205132090790580D-08 -0.3613233924570541D-08
 -0.4072933243456656D-08 -0.4590705168443407D-08 -0.5173807550703857D-08
 -0.5830393469110999D-08 -0.6569648572166361D-08 -0.7401861826640458D-08
 -0.8338601370328287D-08 -0.9392833251318235D-08 -0.1057912398755488D-07
 -0.1191380975800499D-07 -0.1341520125861118D-07 -0.1510383288454352D-07
 -0.1700273549002706D-07 -0.1913766817712931D-07 -0.2153750515639892D-07
 -0.2423458102411815D-07 -0.2726504655523189D-07 -0.3066934652022170D-07
 -0.3449268938959330D-07 -0.3878559804452676D-07 -0.4360447799785221D-07
 -0.4901227787318711D-07 -0.5507924087787315D-07 -0.6188362451639825D-07
 -0.6951262614578926D-07 -0.7806329524413426D-07 -0.8764357127233309D-07
 -0.9837341590898651D-07 -0.1103860038034603D-06 -0.1238290934445061D-06
 -0.1388663970826069D-06 -0.1556791522948866D-06 -0.1744677472355566D-06
 -0.1954534711179306D-06 -0.2188803975066620D-06 -0.2450172960000159D-06
 -0.2741597560335186D-06 -0.3066322849016696D-06 -0.3427905499543128D-06
 -0.3830236256178032D-06 -0.4277563096731023D-06 -0.4774514254071092D-06
 -0.5326120888189147D-06 -0.5937838901167401D-06 -0.6615570378041900D-06
 -0.7365682341562035D-06 -0.8195024953335317D-06 -0.9110946533238810D-06
 -0.1012130678276523D-05 -0.1123448734828626D-05 -0.1245940100044521D-05
 -0.1380549943361176D-05 -0.1528278250779434D-05 -0.1690181042110109D-05
 -0.1867372427356781D-05 -0.2061027890001107D-05 -0.2272389704520611D-05
 -0.2502775300089405D-05 -0.2753589838683514D-05 -0.3026344335131967D-05
 -0.3322680848714759D-05 -0.3644406369309194D-05 -0.3993536867029335D-05
 -0.4372352665277612D-05 -0.4783465748333732D-05 -0.5229898562768450D-05
 -0.5715172634648264D-05 -0.6243403824695648D-05 -0.6819399133717805D-05
 -0.7448748624063741D-05 -0.8137904459495631D-05 -0.8894238548513889D-05
 -0.9726070956845320D-05 -0.1064266190832930D-04 -0.1165416303917677D-04
 -0.1277152613052656D-04 -0.1400637071587855D-04 -0.1537081444204809D-04
 -0.1687727194671479D-04 -0.1853822863236060D-04 -0.2036599514667552D-04
 -0.2237244700586743D-04 -0.2456875171046699D-04 -0.2696508355295326D-04
 -0.2957032441090947D-04 -0.3239174752334431D-04 -0.3543468057798020D-04
 -0.3870214473683610D-04 -0.4219446728462824D-04 -0.4590886734705669D-04
 -0.4983901684107833D-04 -0.5397458216920474D-04 -0.5830075650616383D-04
 -0.6279779785456498D-04 -0.6744059457881091D-04 -0.7219828813138899D-04
 -0.7703399236287599D-04 -0.8190466031780318D-04 -0.8676116275054970D-04
 -0.9154865753399094D-04 -0.9620734457790252D-04 -0.1006737152749434D-03
 -0.1048824152301403D-03 -0.1087688391786547D-03 -0.1122725593505624D-03
 -0.1153416423641240D-03 -0.1179378216751866D-03 -0.1200423490095246D-03
 -0.1216621399674694D-03 -0.1228355601765963D-03 -0.1236368981094556D-03
 -0.1241783059438693D-03 -0.1246078701497046D-03 -0.1251026369704299D-03
 -0.1258559828416120D-03 -0.1270597443936574D-03 -0.1288827707419474D-03
 -0.1314488732286888D-03 -0.1348178611888267D-03 -0.1389731914952387D-03
 -0.1438187234149792D-03 -0.1491851238226371D-03 -0.1548446393607431D-03
 -0.1605314776586730D-03 -0.1659644628779142D-03 -0.1708688959583003D-03
 -0.1749953836919476D-03 -0.1781344273472034D-03 -0.1801264720274009D-03
 -0.1808677519603547D-03 -0.1803125939526225D-03 -0.1784729299869702D-03
 -0.1754156954430699D-03 -0.1712586479397773D-03 -0.1661649796686108D-03
 -0.1603369512713822D-03 -0.1540086614393989D-03 -0.1474379833569825D-03
 -0.1408976452587406D-03 -0.1346654021432085D-03 -0.1290132379712096D-03
 -0.1241955571077177D-03 -0.1204363852584160D-03 -0.1179157338608067D-03
 -0.1167555379919757D-03 -0.1170060278418727D-03 -0.1186341173545837D-03
 -0.1215164323952107D-03 -0.1254408609117818D-03 -0.1301214954516268D-03
 -0.1352318415696940D-03 -0.1404583632968838D-03 -0.1455702039643834D-03
 -0.1504915085044629D-03 -0.1553545700992795D-03 -0.1605116435747101D-03
 -0.1664951516970881D-03 -0.1739362798796712D-03 -0.1834688969376937D-03
 -0.1956488635373871D-03 -0.2109077573909375D-03 -0.2295437329543344D-03
 -0.2517401163412457D-03 -0.2775980893183227D-03 -0.3071715654131996D-03
 -0.3404965112697963D-03 -0.3776108262450642D-03 -0.4185634626198799D-03
 -0.4634127463625618D-03 -0.5122142546367171D-03 -0.5649985321168464D-03
 -0.6217386500502588D-03 -0.6823072867058320D-03 -0.7464227021716964D-03
 -0.8135827243562204D-03 -0.8829856729029017D-03 -0.9534370441772016D-03
 -0.1023240797982994D-02 -0.1090074290013321D-02 -0.1150846261756380D-02
 -0.1201538138709951D-02 -0.1237030446391152D-02 -0.1250916655629233D-02
 -0.1235310341766402D-02 -0.1180652726021393D-02 -0.1075529888276009D-02
 -0.9065093230504032D-03 -0.6580034084151608D-03 -0.3121605913189872D-03
  0.1512260046087858D-03  0.7548202947092078D-03  0.1523901313399094D-02
  0.2486641258116277D-02  0.3674573183551859D-02  0.5123313297243602D-02
  0.6873580556185057D-02  0.8972525753924718D-02  0.1147535144610117D-01
  0.1444718290368990D-01  0.1796514071941188D-01  0.2212057394954519D-01
  0.2702142218929091D-01  0.3279468526159901D-01  0.3958898317700062D-01
  0.4757717927392393D-01  0.5695903197937597D-01  0.6796383368287616D-01
  0.8085302847950261D-01  0.9592269007613792D-01  0.1135065555013624D+00
  0.1339783423785794D+00
    1   23  333
  0.0000000000000000D+00 -0.7688945678899554D-15  0.7523782891169876D-14
  0.5546250097863497D-14  0.1511892521235622D-14  0.9363090286592409D-14
  0.3643715770246587D-14  0.1072251651314738D-13  0.9113765751364351D-14
  0.1558102008946784D-13  0.1364988987958152D-13  0.1061169581797810D-13
  0.3292351782116049D-14  0.1985364305450395D-13  0.1610289389643007D-13
  0.1792982904591728D-13  0.3173878770434166D-13  0.2277935877270172D-13
  0.2343469341148046D-13  0.2751827756226868D-13  0.3128144872097173D-13
  0.2851428768319647D-13  0.2794517521698728D-13  0.2646012686058093D-13
  0.3294953355532475D-13  0.3568972836984454D-13  0.4859996146356985D-13
  0.3879447459631553D-13  0.5985446427475148D-13  0.5838085033115155D-13
  0.8192121049326698D-13  0.8541099293443877D-13  0.9341746336381025D-13
  0.1089288735857452D-12  0.1330039470055691D-12  0.1431467426941326D-12
  0.1656464319491727D-12  0.1900323079085226D-12  0.2147591193969213D-12
  0.2503283262764777D-12  0.2724720067952245D-12  0.3107423072832930D-12
  0.3582532988468338D-12  0.4132504070923499D-12  0.4613277639537785D-12
  0.5231571770910807D-12  0.6019306088389020D-12  0.6691211852973664D-12
  0.7619096625148747D-12  0.8688921922047299D-12  0.9931779054472447D-12
  0.1123985203546145D-11  0.1271445142904932D-11  0.1440439098891131D-11
  0.1634129179482959D-11  0.1855251864187252D-11  0.2104314322015373D-11
  0.2391433239619784D-11  0.2709186604904130D-11  0.3067013224620159D-11
  0.3469341229302091D-11  0.3940337628929063D-11  0.4451319514875862D-11
  0.5043914014884712D-11  0.5709555829526083D-11  0.6470253214391669D-11
  0.7320143119903627D-11  0.8300358133729646D-11  0.9387064070570563D-11
  0.1062128834437818D-10  0.1201380182051855D-10  0.1361075153466520D-10
  0.1539551017593068D-10  0.1741785735473596D-10  0.1970389272281604D-10
  0.2228982890039255D-10  0.2520397104580597D-10  0.2851144672268001D-10
  0.3222739778563361D-10  0.3646046237945069D-10  0.4120978565130666D-10
  0.4660142338059123D-10  0.5267585984630048D-10  0.5954231780825912D-10
  0.6731182623271428D-10  0.7607924735806529D-10  0.8599282446751012D-10
  0.9716534719606159D-10  0.1097980506334296D-09  0.1240689588147601D-09
  0.1401829126572914D-09  0.1583680071858335D-09  0.1789098636407807D-09
  0.2020994939847386D-09  0.2282797791137080D-09  0.2578357734965839D-09
  0.2911998725676773D-09  0.3288637521810774D-09  0.3713690687931278D-09
  0.4193547019826210D-09  0.4734908123721490D-09  0.5345881322359797D-09
  0.6035318850925153D-09  0.6813035289547101D-09  0.7690791598114516D-09
  0.8680919535507727D-09  0.9797832521565977D-09  0.1105786430700861D-08
  0.1247896794126984D-08  0.1408177538173040D-08  0.1588947715111176D-08
  0.1792783429226301D-08  0.2022641098313985D-08  0.2281802814871395D-08
  0.2573980021960303D-08  0.2903355540264408D-08  0.3274635641945125D-08
  0.3693110244548984D-08  0.4164744800578738D-08  0.4696233209782388D-08
  0.5295115239596057D-08  0.5969862706093885D-08  0.6730008666645428D-08
  0.7586274675920442D-08  0.8550703223338985D-08  0.9636826549202327D-08
  0.1085984900385984D-07  0.1223687707287300D-07  0.1378706898335283D-07
  0.1553196637247795D-07  0.1749576296804555D-07  0.1970558861842441D-07
  0.2219185713888148D-07  0.2498872364304653D-07  0.2813443827057432D-07
  0.3167188756243215D-07  0.3564911638708371D-07  0.4011993223626392D-07
  0.4514457711776237D-07  0.5079043744995995D-07  0.5713288905338854D-07
  0.6425621909194565D-07  0.7225457721113983D-07  0.8123311922310028D-07
  0.9130922475026203D-07  0.1026137893458453D-06  0.1152927783190715D-06
  0.1295087559306538D-06  0.1454426930294068D-06  0.1632958855943419D-06
  0.1832920455372455D-06  0.2056795984101599D-06  0.2307341422114209D-06
  0.2587610944458475D-06  0.2900986005175445D-06  0.3251205454552324D-06
  0.3642399144840595D-06  0.4079122052984870D-06  0.4566391701605331D-06
  0.5109726045373542D-06  0.5715184484881456D-06  0.6389409052320613D-06
  0.7139667218234362D-06  0.7973895112865949D-06  0.8900741171007273D-06
  0.9929608619958099D-06  0.1107069748721435D-05  0.1233504428873300D-05
  0.1373455875581805D-05  0.1528205799644919D-05  0.1699129578124279D-05
  0.1887698796923390D-05  0.2095483375394002D-05  0.2324153343193031D-05
  0.2575480461947359D-05  0.2851340029574483D-05  0.3153713298392796D-05
  0.3484691379320578D-05  0.3846481500470016D-05  0.4241417113481542D-05
  0.4671973604685773D-05  0.5140791699445248D-05  0.5650711260392932D-05
  0.6204818183360871D-05  0.6806507540223199D-05  0.7459565602074769D-05
  0.8168273108474723D-05  0.8937530755760174D-05  0.9773006311718268D-05
  0.1068130023759667D-04  0.1167012386050750D-04  0.1274848087324397D-04
  0.1392683989986675D-04  0.1521728353830135D-04  0.1663361778824486D-04
  0.1819142715572488D-04  0.1990806212467918D-04  0.2180255064496668D-04
  0.2389543030336066D-04  0.2620850361897800D-04  0.2876452371286280D-04
  0.3158682104849735D-04  0.3469888309820275D-04  0.3812389785590232D-04
  0.4188426944969928D-04  0.4600111025647004D-04  0.5049370985166828D-04
  0.5537897756207825D-04  0.6067085286042143D-04  0.6637967664678671D-04
  0.7251151691047959D-04  0.7906744421236141D-04  0.8604275565212808D-04
  0.9342615108606133D-04  0.1011988715143522D-03  0.1093338176238651D-03
  0.1177946764330532D-03  0.1265350961462410D-03  0.1354979643089446D-03
  0.1446148624188266D-03  0.1538057918371568D-03  0.1629792909176036D-03
  0.1720330913919137D-03  0.1808554915268152D-03  0.1893276508842687D-03
  0.1973270308405067D-03  0.2047322061944859D-03  0.2114292416013267D-03
  0.2173197416782493D-03  0.2223305201544205D-03  0.2264245657124032D-03
  0.2296125920810935D-03  0.2319639546324396D-03  0.2336151488400084D-03
  0.2347736021183285D-03  0.2357142357280453D-03  0.2367665680593613D-03
  0.2382911793909246D-03  0.2406462755993895D-03  0.2441474342586206D-03
  0.2490260947445643D-03  0.2553937160926645D-03  0.2632182498243022D-03
  0.2723176494758115D-03  0.2823714930573732D-03  0.2929483587609726D-03
  0.3035438141562463D-03  0.3136227805131469D-03  0.3226605175382194D-03
  0.3301780288379463D-03  0.3357696103815405D-03  0.3391219720641066D-03
  0.3400255541563332D-03  0.3383792771362585D-03  0.3341901332700883D-03
  0.3275688912488525D-03  0.3187229215992763D-03  0.3079468473318022D-03
  0.2956114518634877D-03  0.2821510606600094D-03  0.2680494528643338D-03
  0.2538242507492296D-03  0.2400096661849254D-03  0.2271374498685018D-03
  0.2157158964240141D-03  0.2062068302478037D-03  0.1990006849920927D-03
  0.1943901842632563D-03  0.1925438673757563D-03  0.1934819447325932D-03
  0.1970588284847864D-03  0.2029590728563222D-03  0.2107155603416715D-03
  0.2197595008756734D-03  0.2295077402165736D-03  0.2394828727807885D-03
  0.2494453710620241D-03  0.2595014391664957D-03  0.2701467371456844D-03
  0.2822231289202092D-03  0.2967985213702070D-03  0.3150102649677017D-03
  0.3379221285394631D-03  0.3664305277878230D-03  0.4012301644596049D-03
  0.4428280653719152D-03  0.4915855924204566D-03  0.5477687210900779D-03
  0.6115924740034459D-03  0.6832514170779028D-03  0.7629325291800579D-03
  0.8508092213474789D-03  0.9470162759294113D-03  0.1051605597090552D-02
  0.1164482352836755D-02  0.1285320626443035D-02  0.1413457227438767D-02
  0.1547761921093111D-02  0.1686482079162771D-02  0.1827059699685104D-02
  0.1965918980850675D-02  0.2098223307386427D-02  0.2217601593654107D-02
  0.2315845966458582D-02  0.2382586250582042D-02  0.2404948035312026D-02
  0.2367207909971017D-02  0.2250461106098270D-02  0.2032319287893018D-02
  0.1686653879115008D-02  0.1183391894710660D-02  0.4883532404817157D-03
 -0.4369068199363662D-03 -0.1635320642523419D-02 -0.3154697626221510D-02
 -0.5048404047459601D-02 -0.7376453900378226D-02 -0.1020710793048648D-01
 -0.1361902719588192D-01 -0.1770397112933920D-01 -0.2256998299043103D-01
 -0.2834498237840516D-01 -0.3518068236647149D-01 -0.4325677439472923D-01
 -0.5278534393434894D-01 -0.6401549469453163D-01 -0.7723815853131850D-01
 -0.9279104183524553D-01 -0.1110636393050384D+00 -0.1325022305444441D+00
 -0.1576148374473868D+00 -0.1869759183440440D+00 -0.2212320864048500D+00
 -0.2611064828409291D+00
