  0.5920000000000000D+01    4
  0.2747673412109099D+01
    1  115    7
  333  333  333  333  333  333  333
  0.2517775622724710D-01 -0.5572783807254935D-02  0.5027735282643130D-02
 -0.3424801890786511D-01  0.4498444885310601D-02  0.2546758442164961D-02
 -0.1719586886278802D-02  0.9370290052547602D-03  0.4156100546609072D-02
 -0.2085580409087619D-02  0.4167595120708685D-02 -0.1500229462842155D-02
  0.2748527626454362D-02 -0.2088260169149484D-02  0.3670835509264860D-02
 -0.5172148036596295D-03  0.4394248622993269D-02 -0.1330148674240036D-02
 -0.3068047209945461D-02 -0.5129114898188132D-03 -0.1548868076625230D-02
  0.8664276383863584D-03 -0.1111996717051316D-02  0.3006472924571725D-03
  0.3643544763609497D-03 -0.3189914057987498D-03 -0.5829663092272232D-03
  0.1266650504074492D-03 -0.2718784836840339D-03  0.3096436681054292D-03
  0.1211394967816248D-03  0.1009228341718780D-03  0.3945801998868362D-04
  0.4732236049764725D-04  0.1035614142588202D-03 -0.4666269138123676D-04
 -0.1124943773534195D-04  0.4129006371242760D-04 -0.2034301181272686D-04
  0.1140470671094490D-03  0.1487595768078872D-04 -0.1391989400379481D-03
  0.2477726623332732D-06 -0.1011403605882748D-03 -0.1256786533899090D-03
  0.1276479429859753D-03  0.1063630744140425D-03  0.1160208216431370D-03
 -0.1263478401610049D-03 -0.1810312244805597D-03  0.7042284422937025D-04
  0.7602720243229335D-04  0.2478526313721616D-04 -0.2408914957289859D-03
  0.1212062456197181D-03  0.1503548104756864D-03 -0.2131434770906662D-03
  0.1911014519940707D-03  0.1753968456873757D-03  0.2019524427958428D-03
 -0.6451446082787622D-04  0.9577772453452647D-04 -0.6120526364295514D-04
 -0.5386429569846282D-04 -0.6513576771192755D-05  0.7848603905180115D-04
  0.4627048772123688D-04 -0.5839743054011197D-04 -0.7105188702970019D-04
 -0.1547187849751616D-04  0.1611082234584195D-04  0.1281452793142845D-04
 -0.6830799089319385D-04 -0.6859912993316876D-04  0.5793228438819453D-05
 -0.3664226825553440D-04 -0.2762836965233586D-05  0.7581229488731785D-04
  0.4252870444741565D-04 -0.5751290303315970D-04  0.2231615002897417D-04
 -0.1144842816281963D-04  0.2385787528999754D-04 -0.3909001990274046D-04
  0.9469286108778076D-05  0.1193327401904464D-04 -0.1183955191875168D-04
  0.4791671708464534D-05 -0.2804340006595191D-04 -0.3869184503124520D-05
 -0.1807738726545378D-05 -0.7048537043986175D-05  0.1452370789906206D-04
  0.9335599175443263D-05  0.1315710105275514D-04 -0.7259475421367588D-05
 -0.2950227456021007D-05  0.5727159548612093D-05 -0.6978168250871233D-05
  0.7736142930947061D-06 -0.6312658638464867D-05  0.4917593981152414D-05
  0.1304770153416476D-05 -0.2282850607249358D-06 -0.2783736525125475D-05
  0.1354605680075798D-05  0.2111017754544851D-05 -0.6189402417318534D-06
 -0.4112246943581555D-06 -0.3286317984222864D-06  0.2932833941845699D-06
 -0.1644377973943220D-07  0.6134929345030293D-07  0.1155707108783833D-08
 -0.2388111628736525D-09
  0.0000000000000000D+00  0.9973002378241114D+06  0.9926021509515068D+06
  0.9879144010366322D+06  0.9832366913147636D+06  0.9785687310263029D+06
  0.9739106744859926D+06  0.9692618296111469D+06  0.9646223068521252D+06
  0.9599914959662908D+06  0.9553691630423099D+06  0.9507549437009710D+06
  0.9461484935277724D+06  0.9415494633207695D+06  0.9369574965100380D+06
  0.9323722317107645D+06  0.9277933020132856D+06  0.9232203348343766D+06
  0.9186529518137879D+06  0.9140907686546897D+06  0.9095333949778348D+06
  0.9049804341768509D+06  0.9004314832740969D+06  0.8958861327783031D+06
  0.8913439665438698D+06  0.8868045616319571D+06  0.8822674881735402D+06
  0.8777323092345860D+06  0.8731985806835647D+06  0.8686658510614916D+06
  0.8641336614547420D+06  0.8596015453709192D+06  0.8550690286180028D+06
  0.8505356291871632D+06  0.8460008571395179D+06  0.8414642144972129D+06
  0.8369251951392187D+06  0.8323832847022585D+06  0.8278379604873112D+06
  0.8232886913721772D+06  0.8187349377306259D+06  0.8141761513586396D+06
  0.8096117754083831D+06  0.8050412443304852D+06  0.8004639838252941D+06
  0.7958794108038137D+06  0.7912869333590495D+06  0.7866859507485465D+06
  0.7820758533889502D+06  0.7774560228634502D+06  0.7728258319430342D+06
  0.7681846446225066D+06  0.7635318161723150D+06  0.7588666932072091D+06
  0.7541886137729079D+06  0.7494969074519067D+06  0.7447908954897019D+06
  0.7400698909426789D+06  0.7353331988490599D+06  0.7305801164243058D+06
  0.7258099332824440D+06  0.7210219316848761D+06  0.7162153868182590D+06
  0.7113895671031454D+06  0.7065437345350878D+06  0.7016771450600619D+06
  0.6967890489860273D+06  0.6918786914326129D+06  0.6869453128208923D+06
  0.6819881494053548D+06  0.6770064338502052D+06  0.6719993958521943D+06
  0.6669662628122553D+06  0.6619062605582888D+06  0.6568186141214765D+06
  0.6517025485685983D+06  0.6465572898928251D+06  0.6413820659655848D+06
  0.6361761075520765D+06  0.6309386493930728D+06  0.6256689313556987D+06
  0.6203661996558851D+06  0.6150297081551922D+06  0.6096587197347614D+06
  0.6042525077490883D+06  0.5988103575623358D+06  0.5933315681698814D+06
  0.5878154539076963D+06  0.5822613462521763D+06  0.5766685957129090D+06
  0.5710365738207644D+06  0.5653646752136312D+06  0.5596523198219158D+06
  0.5538989551557958D+06  0.5481040586960083D+06  0.5422671403897400D+06
  0.5363877452529049D+06  0.5304654560798404D+06  0.5244998962610937D+06
  0.5184907327096027D+06  0.5124376788951877D+06  0.5063404979867837D+06
  0.5001990061013465D+06  0.4940130756578278D+06  0.4877826388339580D+06
  0.4815076911229643D+06  0.4751882949865714D+06  0.4688245835998764D+06
  0.4624167646828220D+06  0.4559651244120726D+06  0.4494700314061011D+06
  0.4429319407752503D+06  0.4363513982273865D+06  0.4297290442185457D+06
  0.4230656181367292D+06  0.4163619625056165D+06  0.4096190271935533D+06
  0.4028378736116807D+06  0.3960196788834914D+06  0.3891657399664898D+06
  0.3822774777049150D+06  0.3753564407907731D+06  0.3684043096085881D+06
  0.3614228999374993D+06  0.3544141664824156D+06  0.3473802062041060D+06
  0.3403232614161827D+06  0.3332457226150800D+06  0.3261501310072932D+06
  0.3190391806963239D+06  0.3119157204900860D+06  0.3047827552878784D+06
  0.2976434470045404D+06  0.2905011149880472D+06  0.2833592358856552D+06
  0.2762214429127484D+06  0.2690915244778582D+06  0.2619734221169422D+06
  0.2548712276899576D+06  0.2477891797930907D+06  0.2407316593407778D+06
  0.2337031842728661D+06  0.2267084033440426D+06  0.2197520889549578D+06
  0.2128391289874280D+06  0.2059745176096937D+06  0.1991633450220188D+06
  0.1924107861179647D+06  0.1857220880425170D+06  0.1791025566348858D+06
  0.1725575417513056D+06  0.1660924214714949D+06  0.1597125852016698D+06
  0.1534234156970764D+06  0.1472302700379445D+06  0.1411384596045127D+06
  0.1351532291093024D+06  0.1292797347580656D+06  0.1235230216246987D+06
  0.1178880003398339D+06  0.1123794232076335D+06  0.1070018598804176D+06
  0.1017596727359410D+06  0.9665699211725018D+05  0.9169769160986395D+05
  0.8688536354529935D+05  0.8222329493345034D+05  0.7771444403875712D+05
  0.7336141782616435D+05  0.6916645051226497D+05  0.6513138346445096D+05
  0.6125764669599431D+05  0.5754624220747311D+05  0.5399772942449517D+05
  0.5061221297796661D+05  0.4738933306592394D+05  0.4432825862494501D+05
  0.4142768352416081D+05  0.3868582597576022D+05  0.3610043133249260D+05
  0.3366877841501452D+05  0.3138768948002654D+05  0.2925354390414755D+05
  0.2726229561859701D+05  0.2540949428633595D+05  0.2369031016678088D+05
  0.2209956256410517D+05  0.2063175170412071D+05  0.1928109383254954D+05
  0.1804155927500046D+05  0.1690691314709346D+05  0.1587075835293041D+05
  0.1492658046147394D+05  0.1406779410720893D+05  0.1328778992304796D+05
  0.1257998250698057D+05  0.1193785781140337D+05  0.1135501993298111D+05
  0.1082523661014136D+05  0.1034248284794655D+05  0.9900982099179488D+04
  0.9495244449630092D+04  0.9120101284890176D+04  0.8770735955389555D+04
  0.8442710005658852D+04  0.8131984592389019D+04  0.7834936783057712D+04
  0.7548370501773959D+04  0.7269521970407083D+04  0.6996059579663194D+04
  0.6726078215023692D+04  0.6458088154678405D+04  0.6190998748967934D+04
  0.5924097181507194D+04  0.5657022699174272D+04  0.5389736779602984D+04
  0.5122489778862456D+04  0.4855784666895688D+04  0.4590338512428208D+04
  0.4327042421041968D+04  0.4066920658763473D+04  0.3811089707914591D+04
  0.3560718001475872D+04  0.3316987066463918D+04  0.3081054775781728D+04
  0.2854021361930189D+04  0.2636898785454188D+04  0.2430583976941895D+04
  0.2235836385024152D+04  0.2053260165680357D+04  0.1883291242116891D+04
  0.1726189351733651D+04  0.1582035079735350D+04  0.1450731760571026D+04
  0.1332012011651225D+04  0.1225448551952743D+04  0.1130468854489046D+04
  0.1046373068535947D+04  0.9723546948841748D+03  0.9075231364792537D+03
  0.8509275943141979D+03  0.8015815058042302D+03  0.7584866954080665D+03
  0.7206567846903203D+03  0.6871389408018243D+03  0.6570335251308494D+03
  0.6295111167074302D+03  0.6038265183374056D+03  0.5793294671080821D+03
  0.5554718910292667D+03  0.5318116771508597D+03  0.5080130354290304D+03
  0.4838436595101052D+03  0.4591689804683543D+03  0.4339439068924436D+03
  0.4082024995638817D+03  0.3820460842122255D+03  0.3556303264014027D+03
  0.3291517932538768D+03  0.3028345092388320D+03  0.2769169729768693D+03
  0.2516400485138474D+03  0.2272360777765693D+03  0.2039194861523615D+03
  0.1818790740924940D+03  0.1612721080693643D+03  0.1422202474425697D+03
  0.1248072725867996D+03  0.1090785161791863D+03  0.9504184541303538D+02
  0.8266999913657982D+02  0.7190402062326606D+02  0.6265769539690056D+02
  0.5482239148967238D+02  0.4827242154896247D+02  0.4287044099178362D+02
  0.3847273659628394D+02  0.3493418458290985D+02  0.3211271501363994D+02
  0.2987315581176129D+02  0.2809037132070849D+02  0.2665165111064935D+02
  0.2545834305614495D+02  0.2442675763321832D+02  0.2348839982354601D+02
  0.2258960458045501D+02  0.2169067275060286D+02  0.2076460849121878D+02
  0.1979557039919825D+02  0.1877714218884001D+02  0.1771052553137939D+02
  0.1660274652871601D+02  0.1546495271816805D+02  0.1431086205554000D+02
  0.1315540765008122D+02  0.1201360515414511D+02  0.1089965381415886D+02
  0.9826268360875403D+01  0.8804227663166184D+01  0.7842117666758553D+01
  0.6946240606080229D+01  0.6120659977300181D+01  0.5367347804764263D+01
  0.4686407030806039D+01  0.4076345594958214D+01  0.3534362860691868D+01
  0.3056646822317298D+01  0.2638657594211414D+01  0.2275387823168070D+01
  0.1961592456747957D+01  0.1691983914889556D+01  0.1461390710989372D+01
  0.1264880836775374D+01  0.1097851494129759D+01  0.9560889902699783D+00
  0.8358024285997232D+00  0.7336358999726178D+00  0.6466631265937137D+00
  0.5723688550816896D+00  0.5086207181852043D+00  0.4536348298773829D+00
  0.4059378688751771D+00  0.3643280012082084D+00  0.3278363104197640D+00
  0.2956901136396040D+00  0.2672790871820201D+00  0.2421247712288818D+00
  0.2198538166542452D+00  0.2001750484304003D+00  0.1828603046528163D+00
  0.1677288011590038D+00  0.1546355232617090D+00  0.1434607434971198D+00
  0.1341070079210060D+00
  0.0000000000000000D+00 -0.1670859283613401D+00 -0.1702416843458570D+00
 -0.1734564971308696D+00 -0.1767314022594643D+00 -0.1800666628580756D+00
 -0.1834671717773847D+00 -0.1869323065794315D+00 -0.1904675783441481D+00
 -0.1940710704780510D+00 -0.1977452037744588D+00 -0.2014910261188070D+00
 -0.2053098041023236D+00 -0.2092029141338852D+00 -0.2131717117082021D+00
 -0.2172175949438419D+00 -0.2213419959854692D+00 -0.2255463775926304D+00
 -0.2298322356236140D+00 -0.2342010986647572D+00 -0.2386545280744519D+00
 -0.2431941181947898D+00 -0.2478214964631760D+00 -0.2525383235505006D+00
 -0.2573462935038540D+00 -0.2622471338832059D+00 -0.2672426058933022D+00
 -0.2723345045060483D+00 -0.2775246585694169D+00 -0.2828149308990983D+00
 -0.2882072183487709D+00 -0.2937034518547511D+00 -0.2993055964506056D+00
 -0.3050156512471407D+00 -0.3108356493729379D+00 -0.3167676578703950D+00
 -0.3228137775419831D+00 -0.3289761427411509D+00 -0.3352569211020304D+00
 -0.3416583132017849D+00 -0.3481825521491151D+00 -0.3548319030920813D+00
 -0.3616086626380567D+00 -0.3685151581782070D+00 -0.3755537471085078D+00
 -0.3827268159388635D+00 -0.3900367792814565D+00 -0.3974860787089730D+00
 -0.4050771814728578D+00 -0.4128125790712540D+00 -0.4206947856557227D+00
 -0.4287263362653072D+00 -0.4369097848759185D+00 -0.4452477022524179D+00
 -0.4537426735901826D+00 -0.4623972959322658D+00 -0.4712141753476525D+00
 -0.4801959238554029D+00 -0.4893451560788248D+00 -0.4986644856130795D+00
 -0.5081565210889334D+00 -0.5178238619146214D+00 -0.5276690936770631D+00
 -0.5376947831829073D+00 -0.5479034731191281D+00 -0.5582976763121451D+00
 -0.5688798695636654D+00 -0.5796524870406997D+00 -0.5906179131964194D+00
 -0.6017784751978252D+00 -0.6131364348354296D+00 -0.6246939798894492D+00
 -0.6364532149263381D+00 -0.6484161514988149D+00 -0.6605846977219217D+00
 -0.6729606471971060D+00 -0.6855456672557403D+00 -0.6983412864931150D+00
 -0.7113488815634793D+00 -0.7245696632064395D+00 -0.7380046614748255D+00
 -0.7516547101339953D+00 -0.7655204302026001D+00 -0.7796022126049659D+00
 -0.7939001999055666D+00 -0.8084142670965174D+00 -0.8231440014097174D+00
 -0.8380886811260817D+00 -0.8532472533554746D+00 -0.8686183107622552D+00
 -0.8842000672130100D+00 -0.8999903323249815D+00 -0.9159864848959816D+00
 -0.9321854451992084D+00 -0.9485836461294607D+00 -0.9651770031906663D+00
 -0.9819608833186545D+00 -0.9989300725374947D+00 -0.1016078742452782D+01
 -0.1033400415590806D+01 -0.1050887929598815D+01 -0.1068533400328503D+01
 -0.1086328183832453D+01 -0.1104262837311810D+01 -0.1122327079062621D+01
 -0.1140509747478532D+01 -0.1158798759178571D+01 -0.1177181066340880D+01
 -0.1195642613336412D+01 -0.1214168292770843D+01 -0.1232741901058348D+01
 -0.1251346093667563D+01 -0.1269962340197887D+01 -0.1288570879463444D+01
 -0.1307150674782590D+01 -0.1325679369692774D+01 -0.1344133244333775D+01
 -0.1362487172767213D+01 -0.1380714581526331D+01 -0.1398787409717719D+01
 -0.1416676071025725D+01 -0.1434349418000717D+01 -0.1451774709044219D+01
 -0.1468917578537077D+01 -0.1485742010591008D+01 -0.1502210316939418D+01
 -0.1518283119519601D+01 -0.1533919338335487D+01 -0.1549076185227863D+01
 -0.1563709164216746D+01 -0.1577772079118607D+01 -0.1591217049178651D+01
 -0.1603994533495179D+01 -0.1616053365048598D+01 -0.1627340795181685D+01
 -0.1637802549409067D+01 -0.1647382895462770D+01 -0.1656024724505437D+01
 -0.1663669646463607D+01 -0.1670258100448366D+01 -0.1675729481239866D+01
 -0.1680022282813586D+01 -0.1683074259879561D+01 -0.1684822608389099D+01
 -0.1685204165936284D+01 -0.1684155632941720D+01 -0.1681613815452448D+01
 -0.1677515890323408D+01 -0.1671799693460082D+01 -0.1664404031698133D+01
 -0.1655269018771785D+01 -0.1644336435676898D+01 -0.1631550115565702D+01
 -0.1616856353116046D+01 -0.1600204338097546D+01 -0.1581546612608708D+01
 -0.1560839551181485D+01 -0.1538043862642112D+01 -0.1513125112278266D+01
 -0.1486054262492503D+01 -0.1456808229719940D+01 -0.1425370454955286D+01
 -0.1391731484770773D+01 -0.1355889559214352D+01 -0.1317851202458597D+01
 -0.1277631811528390D+01 -0.1235256237873234D+01 -0.1190759355973457D+01
 -0.1144186612584008D+01 -0.1095594549632855D+01 -0.1045051293211424D+01
 -0.9926370005318591D+00 -0.9384442561918638D+00 -0.8825784085947317D+00
 -0.8251578369345830D+00 -0.7663141387901022D+00 -0.7061922280914815D+00
 -0.6449503330527341D+00 -0.5827598836146746D+00 -0.5198052780423038D+00
 -0.4562835185848692D+00 -0.3924037065578131D+00 -0.3283863878632982D+00
 -0.2644627408489831D+00 -0.2008735995306706D+00 -0.1378683065883199D+00
 -0.7570339219887311D-01 -0.1464107670167745D-01  0.4505240269294329D-01
  0.1031086384451070D+00  0.1592590669984513D+00  0.2132371423521686D+00
  0.2647806571007332D+00  0.3136341956529570D+00  0.3595517006595094D+00
  0.4022991298528299D+00  0.4416571765856022D+00  0.4774240234092115D+00
  0.5094180941345597D+00  0.5374807660573850D+00  0.5614790005100290D+00
  0.5813078467418417D+00  0.5968927714611393D+00  0.6081917643339446D+00
  0.6151971684748764D+00  0.6179371846303993D+00  0.6164769984854533D+00
  0.6109194824508021D+00  0.6014054265215086D+00  0.5881132574233835D+00
  0.5712582113400866D+00  0.5510909330587679D+00  0.5278954833655453D+00
  0.5019867468976367D+00  0.4737072443020349D+00  0.4434233652964986D+00
  0.4115210528612168D+00  0.3784009830421735D+00  0.3444732994047098D+00
  0.3101519756777701D+00  0.2758488941757320D+00  0.2419677407426951D+00
  0.2088978287761043D+00  0.1770079748811983D+00  0.1466405564111460D+00
  0.1181058860977016D+00  0.9167704073892817D-01  0.6758527909421097D-01
  0.4601617841761143D-01  0.2710660920064532D-01  0.1094265356719694D-01
 -0.2441445626060571D-02 -0.1306324041412290D-01 -0.2099089973383973D-01
 -0.2634088891251867D-01 -0.2927452961057773D-01 -0.2999349657914224D-01
 -0.2873434135826039D-01 -0.2576216593359543D-01 -0.2136360006977576D-01
 -0.1583926323969831D-01 -0.9495914538730138D-02 -0.2638510631826870D-02
  0.4437598281752613D-02  0.1145410199576462D-01  0.1815656625930392D-01
  0.2432045778584867D-01  0.2975616685278155D-01  0.3431286595374006D-01
  0.3788108020497603D-01  0.4039388867694579D-01  0.4182672399943301D-01
  0.4219578855948031D-01  0.4155515716938704D-01  0.3999268586113835D-01
  0.3762489209497250D-01  0.3459101094485994D-01  0.3104646283788007D-01
  0.2715598970019603D-01  0.2308672692577420D-01  0.1900147800549280D-01
  0.1505244704240469D-01  0.1137566233960421D-01  0.8086292816890888D-02
  0.5275019576555293D-02  0.3005579149443847D-02  0.1313544656295172D-02
  0.2063583000353964D-03 -0.3354246555809347D-03 -0.3557718132506286D-03
  0.8017149752275795D-04  0.8902278858416220D-03  0.1979920302875073D-02
  0.3247554379344747D-02  0.4589402708813401D-02  0.5904744722288606D-02
  0.7100530360226242D-02  0.8095462249921746D-02  0.8823327464213219D-02
  0.9235453308348436D-02  0.9302208901077743D-02  0.9013522920540229D-02
  0.8378435784954775D-02  0.7423750203687932D-02  0.6191885943667074D-02
  0.4738080948196301D-02  0.3127109456037906D-02  0.1429706403265658D-02
 -0.2811053738699392D-03 -0.1933593358664513D-02 -0.3460623401642464D-02
 -0.4802548044375906D-02 -0.5909559067069453D-02 -0.6743426257604474D-02
 -0.7278583936482325D-02 -0.7502564903386820D-02 -0.7415815738703931D-02
 -0.7030955956688071D-02 -0.6371565224925979D-02 -0.5470597291020353D-02
 -0.4368526559151423D-02 -0.3111334085959740D-02 -0.1748435093614269D-02
 -0.3306410798931618D-03  0.1091762581019743D-02  0.2470756866679535D-02
  0.3762095744728594D-02  0.4926543281141858D-02  0.5930820277437590D-02
  0.6748253512694927D-02  0.7359133258051606D-02  0.7750795586654549D-02
  0.7917454872720869D-02  0.7859818572643902D-02  0.7584520848575947D-02
  0.7103413825962249D-02  0.6432755456932177D-02  0.5592331335320525D-02
  0.4604544803689345D-02  0.3493505719368169D-02  0.2284143782563394D-02
  0.1001367737492873D-02 -0.3307126731542961D-03 -0.1689489233834037D-02
 -0.3054473225597027D-02 -0.4407823155399795D-02 -0.5734779553521871D-02
 -0.7024006792176831D-02 -0.8267844144098938D-02 -0.9462470122442588D-02
 -0.1060798539494775D-01 -0.1170842010819491D-01 -0.1277167085103867D-01
 -0.1380937150139859D-01
  0.0000000000000000D+00  0.6805680658897955D-04  0.7099394647708653D-04
  0.7405833045379074D-04  0.7725546964139273D-04  0.8059031691694509D-04
  0.8407222536380343D-04  0.8770625992939497D-04  0.9150324462620228D-04
  0.9546739552462983D-04  0.9960732781366193D-04  0.1039306610944427D-03
  0.1084455511763277D-03  0.1131606199447918D-03  0.1180848330644774D-03
  0.1232275857444979D-03  0.1285987142031727D-03  0.1342085123350164D-03
  0.1400677565571662D-03  0.1461877284166945D-03  0.1525802387817367D-03
  0.1592576534847234D-03  0.1662329201092055D-03  0.1735195961563329D-03
  0.1811318786393077D-03  0.1890846351653735D-03  0.1973934365884964D-03
  0.2060745913107296D-03  0.2151451813151284D-03  0.2246231000178891D-03
  0.2345270920312195D-03  0.2448767949329581D-03  0.2556927831435699D-03
  0.2669966140159411D-03  0.2788108762483434D-03  0.2911592407361023D-03
  0.3040665139828532D-03  0.3175586941977799D-03  0.3316630302109652D-03
  0.3464080833448710D-03  0.3618237923860663D-03  0.3779415418075748D-03
  0.3947942333986830D-03  0.4124163614656492D-03  0.4308440917735430D-03
  0.4501153444063709D-03  0.4702698807297479D-03  0.4913493946475363D-03
  0.5133976083512312D-03  0.5364603727682501D-03  0.5605857729227742D-03
  0.5858242384302976D-03  0.6122286593545836D-03  0.6398545076632021D-03
  0.6687599645253131D-03  0.6990060537026407D-03  0.7306567812918220D-03
  0.7637792820832136D-03  0.7984439728079889D-03  0.8347247125516647D-03
  0.8726989706181094D-03  0.9124480021335112D-03  0.9540570316845531D-03
  0.9976154452891323D-03  0.1043216991001178D-02  0.1090959988453439D-02
  0.1140947547643218D-02  0.1193287797266002D-02  0.1248094122900302D-02
  0.1305485415343967D-02  0.1365586329397112D-02  0.1428527553379840D-02
  0.1494446089663507D-02  0.1563485546482389D-02  0.1635796441277740D-02
  0.1711536515808374D-02  0.1790871063240266D-02  0.1873973267402428D-02
  0.1961024554366577D-02  0.2052214956473739D-02  0.2147743488891479D-02
  0.2247818538740124D-02  0.2352658266775054D-02  0.2462491021553874D-02
  0.2577555765951773D-02  0.2698102515814834D-02  0.2824392790458714D-02
  0.2956700074628372D-02  0.3095310291432645D-02  0.3240522285654337D-02
  0.3392648316711583D-02  0.3552014560408532D-02  0.3718961618461694D-02
  0.3893845034621960D-02  0.4077035816030148D-02  0.4268920958244522D-02
  0.4469903972161710D-02  0.4680405410815778D-02  0.4900863393783368D-02
  0.5131734126644085D-02  0.5373492412644027D-02  0.5626632153384693D-02
  0.5891666835008264D-02  0.6169129995973091D-02  0.6459575672107517D-02
  0.6763578814195930D-02  0.7081735672886602D-02  0.7414664145215325D-02
  0.7763004076511753D-02  0.8127417510895173D-02  0.8508588882972972D-02
  0.8907225142728918D-02  0.9324055804927085D-02  0.9759832913663452D-02
  0.1021533091197041D-01  0.1069134640562009D-01  0.1118869780948289D-01
  0.1170822486397916D-01  0.1225078800831787D-01  0.1281726759634868D-01
  0.1340856293996781D-01  0.1402559116411870D-01  0.1466928585651968D-01
  0.1534059549434340D-01  0.1604048162916986D-01  0.1676991681065106D-01
  0.1752988222846751D-01  0.1832136505133981D-01  0.1914535544109729D-01
  0.2000284321911195D-01  0.2089481416180552D-01  0.2182224590144192D-01
  0.2278610340805709D-01  0.2378733402817143D-01  0.2482686205591207D-01
  0.2590558281236352D-01  0.2702435620940991D-01  0.2818399977505481D-01
  0.2938528111825489D-01  0.3062890981271314D-01  0.3191552868089944D-01
  0.3324570446183932D-01  0.3461991784899560D-01  0.3603855288790258D-01
  0.3750188572716674D-01  0.3901007272106228D-01  0.4056313788729500D-01
  0.4216095972963247D-01  0.4380325744206414D-01  0.4548957651901386D-01
  0.4721927380494096D-01  0.4899150202647212D-01  0.5080519386106161D-01
  0.5265904560811369D-01  0.5455150054154505D-01  0.5648073203694345D-01
  0.5844462658178085D-01  0.6044076679356818D-01  0.6246641458835051D-01
  0.6451849466048416D-01  0.6659357845412754D-01  0.6868786882721217D-01
  0.7079718562967004D-01  0.7291695243922092D-01  0.7504218471981489D-01
  0.7716747968962230D-01  0.7928700820692736D-01  0.8139450900304053D-01
  0.8348328561094673D-01  0.8554620635635941D-01  0.8757570779358810D-01
  0.8956380198151213D-01  0.9150208800431245D-01  0.9338176814667308D-01
  0.9519366913313936D-01  0.9692826883533957D-01  0.9857572883795611D-01
  0.1001259332337471D+00  0.1015685339886533D+00  0.1028930031791404D+00
  0.1040886923545708D+00  0.1051448992167275D+00  0.1060509417359047D+00
  0.1067962397376252D+00  0.1073704038955982D+00  0.1077633319546901D+00
  0.1079653118824330D+00  0.1079671315090864D+00  0.1077601940649889D+00
  0.1073366388606253D+00  0.1066894661805759D+00  0.1058126652787637D+00
  0.1047013441710123D+00  0.1033518597241982D+00  0.1017619463420715D+00
  0.9993084134983486D-01  0.9785940498645009D-01  0.9555023273162190D-01
  0.9300775752790887D-01  0.9023833931578104D-01  0.8725033918710544D-01
  0.8405417538943095D-01  0.8066235838785446D-01  0.7708950222192959D-01
  0.7335230949036389D-01  0.6946952746377581D-01  0.6546187307214883D-01
  0.6135192484394120D-01  0.5716398029145672D-01  0.5292387774331241D-01
  0.4865878221856026D-01  0.4439693561450301D-01  0.4016737223496755D-01
  0.3599960150821802D-01  0.3192326062118868D-01  0.2796774071350009D-01
  0.2416179121188390D-01  0.2053310782122956D-01  0.1710791059769325D-01
  0.1391051938483702D-01  0.1096293466607077D-01  0.8284432544592815D-02
  0.5891183073328257D-02  0.3795901489567461D-02  0.2007542030249246D-02
  0.5310438840001248D-03 -0.6328615519461325D-03 -0.1487773620522329D-02
 -0.2041668055582536D-02 -0.2306859131833978D-02 -0.2299873725269186D-02
 -0.2041234608612424D-02 -0.1555152490367082D-02 -0.8691287173677041D-03
 -0.1347313958646069D-04  0.9792556929865675D-03  0.2074878157104402D-02
  0.3238276583217599D-02  0.4434118878662458D-02  0.5627605863168690D-02
  0.6785223748542834D-02  0.7875481989341366D-02  0.8869616076870448D-02
  0.9742234803380692D-02  0.1047189213314156D-01  0.1104156511916609D-01
  0.1143902131487437D-01  0.1165706184770697D-01  0.1169362970765134D-01
  0.1155177678293705D-01  0.1123948762718215D-01  0.1076936270588001D-01
  0.1015816875041927D-01  0.9426268628859631D-02  0.8596947602805728D-02
  0.7695656767069043D-02  0.6749197676746066D-02  0.5784874504490722D-02
  0.4829641434453465D-02  0.3909273332588370D-02  0.3047587028830128D-02
  0.2265738842524133D-02  0.1581621353434926D-02  0.1009378970635468D-02
  0.5590577048593021D-03  0.2363998440333060D-03  0.4278911297770254D-04
 -0.2465347960536167D-04  0.2717162230349048D-04  0.1877185375406656D-03
  0.4432909327470392D-03  0.7776355680700934D-03  0.1172610097942573D-02
  0.1608897899737544D-02  0.2066740996765658D-02  0.2526661828017268D-02
  0.2970145790620757D-02  0.3380259060358988D-02  0.3742179952884298D-02
  0.4043626642061398D-02  0.4275169006491888D-02  0.4430417422146708D-02
  0.4506086312081230D-02  0.4501935180257033D-02  0.4420594685702849D-02
  0.4267289952193568D-02  0.4049477525830306D-02  0.3776415870001154D-02
  0.3458691712010403D-02  0.3107725692593896D-02  0.2735280521921556D-02
  0.2352993252351824D-02  0.1971950514377134D-02  0.1602321896383080D-02
  0.1253062410761073D-02  0.9316905256332042D-03  0.6441438803361236D-03
  0.3947108229035771D-03  0.1860325190424850D-03  0.1916771715795836D-04
 -0.1062896310813551D-03 -0.1920508116145256D-03 -0.2409421792994347D-03
 -0.2566955165351691D-03 -0.2437293786256954D-03 -0.2069308459015573D-03
 -0.1514458207951643D-03 -0.8248458084794546D-04 -0.5147820449806613D-05
  0.7572305610324405D-04  0.1556690288221791D-03  0.2307088780171505D-03
  0.2974070132923355D-03  0.3529147991959566D-03  0.3949872704970808D-03
  0.4219777433882488D-03  0.4328132434640637D-03  0.4269538933839129D-03
  0.4043394530236969D-03  0.3653261103228590D-03  0.3106164192547073D-03
  0.2411850088705870D-03  0.1582023785733172D-03  0.6295877560124443D-04
 -0.4321016061504489D-04 -0.1589945965840740D-03 -0.2831774253497989D-03
 -0.4146960325636180D-03 -0.5526982383404983D-03 -0.6965919025989819D-03
 -0.8460877634452744D-03 -0.1001235046161914D-02 -0.1162449153938874D-02
 -0.1330530327463412D-02
  0.0000000000000000D+00 -0.1236475093857139D-06 -0.1326540235653420D-06
 -0.1423175925001249D-06 -0.1526861443706351D-06 -0.1638084100133773D-06
 -0.1757537934164380D-06 -0.1885751222055345D-06 -0.2023557027637919D-06
 -0.2171528380829937D-06 -0.2330473048818877D-06 -0.2501199349612175D-06
 -0.2684579391504732D-06 -0.2881559425155896D-06 -0.3093153204059195D-06
 -0.3320451836410752D-06 -0.3564629625538627D-06 -0.3826949757051440D-06
 -0.4108771472376586D-06 -0.4411557431315563D-06 -0.4736881651146501D-06
 -0.5086438132240816D-06 -0.5462050135469601D-06 -0.5865680194215608D-06
 -0.6299440920952930D-06 -0.6765606666819967D-06 -0.7266626105221667D-06
 -0.7805135813786731D-06 -0.8383974934952153D-06 -0.9006201002521233D-06
 -0.9675107028512886D-06 -0.1039423995238053D-05 -0.1116742056309891D-05
 -0.1199876501369269D-05 -0.1289270805762239D-05 -0.1385402814709955D-05
 -0.1488787454493915D-05 -0.1599979661404605D-05 -0.1719577546215536D-05
 -0.1848225813408412D-05 -0.1986619455959791D-05 -0.2135507748214776D-05
 -0.2295698561229780D-05 -0.2468063026975461D-05 -0.2653540579965158D-05
 -0.2853144407226651D-05 -0.3067967340080378D-05 -0.3299188223940565D-05
 -0.3548078805333978D-05 -0.3816011178551748D-05 -0.4104465837832622D-05
 -0.4415040384741259D-05 -0.4749458944475395D-05 -0.5109582349234427D-05
 -0.5497419151535373D-05 -0.5915137535496493D-05 -0.6365078199655269D-05
 -0.6849768290875480D-05 -0.7371936475363452D-05 -0.7934529239790273D-05
 -0.8540728523045162D-05 -0.9193970787264678D-05 -0.9897967645538739D-05
 -0.1065672817313171D-04 -0.1147458303922718D-04 -0.1235621060716021D-04
 -0.1330666516289584D-04 -0.1433140744420880D-04 -0.1543633765667796D-04
 -0.1662783117729770D-04 -0.1791277716229550D-04 -0.1929862029270689D-04
 -0.2079340590947023D-04 -0.2240582880934917D-04 -0.2414528599395153D-04
 -0.2602193368658344D-04 -0.2804674895574292D-04 -0.3023159630982310D-04
 -0.3258929965514945D-04 -0.3513372003893144D-04 -0.3787983963016574D-04
 -0.4084385242509069D-04 -0.4404326219957858D-04 -0.4749698826895823D-04
 -0.5122547965631134D-04 -0.5525083831337553D-04 -0.5959695208393479D-04
 -0.6428963814807183D-04 -0.6935679773701453D-04 -0.7482858296259402D-04
 -0.8073757666265144D-04 -0.8711898622413548D-04 -0.9401085240918174D-04
 -0.1014542742761947D-03 -0.1094936513578762D-03 -0.1181769443312396D-03
 -0.1275559554908841D-03 -0.1376866304160828D-03 -0.1486293823044397D-03
 -0.1604494405298245D-03 -0.1732172250697528D-03 -0.1870087485370505D-03
 -0.2019060476421424D-03 -0.2179976460051647D-03 -0.2353790503307683D-03
 -0.2541532820522571D-03 -0.2744314466447982D-03 -0.2963333428988966D-03
 -0.3199881145340509D-03 -0.3455349466171759D-03 -0.3731238093295505D-03
 -0.4029162516979837D-03 -0.4350862479686526D-03 -0.4698210993534085D-03
 -0.5073223939157874D-03 -0.5478070273846085D-03 -0.5915082876837046D-03
 -0.6386770059434418D-03 -0.6895827767091592D-03 -0.7445152499791122D-03
 -0.8037854975848515D-03 -0.8677274562648316D-03 -0.9366994495712351D-03
 -0.1011085790483974D-02 -0.1091298466277117D-02 -0.1177778906783802D-02
 -0.1270999836727190D-02 -0.1371467212217797D-02 -0.1479722240851647D-02
 -0.1596343484067795D-02 -0.1721949039526671D-02 -0.1857198800239455D-02
 -0.2002796786000492D-02 -0.2159493541335327D-02 -0.2328088592662096D-02
 -0.2509432955658102D-02 -0.2704431681911172D-02 -0.2914046431800700D-02
 -0.3139298058179891D-02 -0.3381269182802367D-02 -0.3641106744537524D-02
 -0.3920024495233828D-02 -0.4219305415603997D-02 -0.4540304019706997D-02
 -0.4884448512478519D-02 -0.5253242760305008D-02 -0.5648268029840673D-02
 -0.6071184445131298D-02 -0.6523732107635018D-02 -0.7007731817927927D-02
 -0.7525085331767338D-02 -0.8077775076779330D-02 -0.8667863249375206D-02
 -0.9297490204624302D-02 -0.9968872044775473D-02 -0.1068429730499563D-01
 -0.1144612262776451D-01 -0.1225676731033463D-01 -0.1311870660285364D-01
 -0.1403446362829725D-01 -0.1500659978943727D-01 -0.1603770352286624D-01
 -0.1713037725582680D-01 -0.1828722241850187D-01 -0.1951082236277917D-01
 -0.2080372303861616D-01 -0.2216841128132963D-01 -0.2360729056778453D-01
 -0.2512265410694459D-01 -0.2671665514099572D-01 -0.2839127434769928D-01
 -0.3014828425323695D-01 -0.3198921058804604D-01 -0.3391529054649035D-01
 -0.3592742794514396D-01 -0.3802614531444659D-01 -0.4021153300495310D-01
 -0.4248319544274183D-01 -0.4484019472910669D-01 -0.4728099184769401D-01
 -0.4980338581793120D-01 -0.5240445121697763D-01 -0.5508047458342179D-01
 -0.5782689031430362D-01 -0.6063821677231208D-01 -0.6350799343153181D-01
 -0.6642872000697859D-01 -0.6939179863415733D-01 -0.7238748028845972D-01
 -0.7540481675848122D-01 -0.7843161960989448D-01 -0.8145442769454260D-01
 -0.8445848486949685D-01 -0.8742772968897185D-01 -0.9034479891357794D-01
 -0.9319104674139402D-01 -0.9594658169751069D-01 -0.9859032311780072D-01
 -0.1011000791210570D+00 -0.1034526478761222D+00 -0.1056239438299114D+00
 -0.1075891503631695D+00 -0.1093229000780328D+00 -0.1107994835909944D+00
 -0.1119930873037885D+00 -0.1128780601515001D+00 -0.1134292087820115D+00
 -0.1136221200055919D+00 -0.1134335086719415D+00 -0.1128415883903927D+00
 -0.1118264617157307D+00 -0.1103705255882324D+00 -0.1084588869558020D+00
 -0.1060797826350019D+00 -0.1032249966058351D+00 -0.9989026710456578D-01
 -0.9607567510486455D-01 -0.9178600508786453D-01 -0.8703106842658428D-01
 -0.8182597928184138D-01 -0.7619137265912043D-01 -0.7015355424356252D-01
 -0.6374457184800973D-01 -0.5700219881038394D-01 -0.4996982049251168D-01
 -0.4269621618925165D-01 -0.3523523027435132D-01 -0.2764532829858682D-01
 -0.1998903601532868D-01 -0.1233226192272981D-01 -0.4743506846533958D-02
  0.2707032710864121D-02  0.9948457336663902D-02  0.1691023998418166D-01
  0.2352336669122792D-01  0.2972152236337059D-01  0.3544229823002797D-01
  0.4062839499541462D-01  0.4522879367226422D-01  0.4919986470392313D-01
  0.5250638532995294D-01  0.5512243528236599D-01  0.5703214186654555D-01
  0.5823024732281928D-01  0.5872247412826694D-01  0.5852566764430358D-01
  0.5766770025015209D-01  0.5618712683012137D-01  0.5413258809592866D-01
  0.5156196556254364D-01  0.4854129979515728D-01  0.4514349148208990D-01
  0.4144681259730471D-01  0.3753326202044702D-01  0.3348680612906890D-01
  0.2939154976307421D-01  0.2532988635477655D-01  0.2138067777028350D-01
  0.1761751446064031D-01  0.1410710489697435D-01  0.1090784005799990D-01
  0.8068574099334898D-02  0.5627656444485243D-02  0.3612243593834485D-02
  0.2037911145164655D-02  0.9085780405116537D-03  0.2167460703212731D-03
 -0.5595165671321598D-04  0.6209094734062750D-04  0.5335625971542961D-03
  0.1313577958730257D-02  0.2351211915357688D-02  0.3591174735389125D-02
  0.4975572436412474D-02  0.6445693174742967D-02  0.7943759680815976D-02
  0.9414589920215826D-02  0.1080711316141443D-01  0.1207569599379274D-01
  0.1318124166890132D-01  0.1409203551677146D-01  0.1478431846396971D-01
  0.1524257969718716D-01  0.1545956851849646D-01  0.1543603473936656D-01
  0.1518021659761691D-01  0.1470710476745171D-01  0.1403751982978604D-01
  0.1319704773897892D-01  0.1221488261477120D-01  0.1112262815001362D-01
  0.9953107896955114D-02  0.8739230861188600D-02  0.7512952620877086D-02
  0.6304364220351790D-02  0.5140932076531784D-02  0.4046902807343770D-02
  0.3042877906123073D-02  0.2145555086640858D-02  0.1367626300342143D-02
  0.7178171071208905D-03  0.2010483352603235D-03 -0.1813012643648037D-03
 -0.4310535376003063D-03 -0.5528325229862757D-03 -0.5536298678550208D-03
 -0.4423530054078806D-03 -0.2293727952440462D-03  0.7391514635163255D-04
  0.4555037895575914D-03  0.9031536576631880D-03  0.1404730890037927D-02
  0.1948500279516860D-02  0.2523371409981412D-02  0.3119098072793280D-02
  0.3726432951510949D-02  0.4337241093490704D-02  0.4944576884587887D-02
  0.5542730095665299D-02  0.6127247062095277D-02  0.6694933231035907D-02
  0.7243843211092212D-02  0.7773264160948144D-02  0.8283697921063465D-02
  0.8776846792265289D-02  0.9255607309100106D-02  0.9724075756409399D-02
  0.1018756848071705D-01  0.1065265917071333D-01  0.1112723410517095D-01
  0.1162056468584426D-01  0.1214339415717243D-01  0.1270803163959534D-01
  0.1332844203321661D-01
  0.0000000000000000D+00  0.1392513530870792D-06  0.1493944653677135D-06
  0.1602775517583921D-06  0.1719545889663246D-06  0.1844804576601278D-06
  0.1979333206810760D-06  0.2123726724123550D-06  0.2278923326089592D-06
  0.2445568358381110D-06  0.2624571528804421D-06  0.2816843165494457D-06
  0.3023365437068485D-06  0.3245204011594106D-06  0.3483500578899339D-06
  0.3739483945811195D-06  0.4014476613701075D-06  0.4309901183336736D-06
  0.4627288433752035D-06  0.4968285613981990D-06  0.5334665384101878D-06
  0.5728335529426190D-06  0.6151349408754610D-06  0.6605917229933540D-06
  0.7094418220263646D-06  0.7619413757551923D-06  0.8183661541809512D-06
  0.8790130891301278D-06  0.9442019253350233D-06  0.1014277002826639D-05
  0.1089609181262132D-05  0.1170597917682946D-05  0.1257673510147984D-05
  0.1351299520708307D-05  0.1451975392298176D-05  0.1560239275317433D-05
  0.1676671080979350D-05  0.1801895779904648D-05  0.1936586965965283D-05
  0.2081470707030149D-05  0.2237329706049415D-05  0.2405007797845848D-05
  0.2585414809072322D-05  0.2779531811057267D-05  0.2988416797708489D-05
  0.3213210823295121D-05  0.3455144637794083D-05  0.3715545860588150D-05
  0.3995846736656895D-05  0.4297592523029006D-05  0.4622450557186867D-05
  0.4972220063354762D-05  0.5348842757186085D-05  0.5754414314318495D-05
  0.6191196773619619D-05  0.6661631951727878D-05  0.7168355951739657D-05
  0.7714214855637604D-05  0.8302281697336223D-05  0.8935874821078058D-05
  0.9618577738392373D-05  0.1035426060597230D-04  0.1114710345668776D-04
  0.1200162132657997D-04  0.1292269143213702D-04  0.1391558256448757D-04
  0.1498598688043389D-04  0.1614005428454305D-04  0.1738442961189808D-04
  0.1872629283765290D-04  0.2017340255731430D-04  0.2173414300077694D-04
  0.2341757486364658D-04  0.2523349026139884D-04  0.2719247213552726D-04
  0.2930595846613953D-04  0.3158631167256417D-04  0.3404689361254569D-04
  0.3670214662164045D-04  0.3956768106759621D-04  0.4266036992992562D-04
  0.4599845095268304D-04  0.4960163695875533D-04  0.5349123495689274D-04
  0.5769027471837490D-04  0.6222364754873263D-04  0.6711825603146852D-04
  0.7240317557533143D-04  0.7810982865453829D-04  0.8427217269247581D-04
  0.9092690260396054D-04  0.9811366907917015D-04  0.1058753137639227D-03
  0.1142581225661314D-03  0.1233120983970109D-03  0.1330912547379246D-03
  0.1436539315096259D-03  0.1550631348099173D-03  0.1673869021783385D-03
  0.1806986951421528D-03  0.1950778208964072D-03  0.2106098850718217D-03
  0.2273872776473035D-03  0.2455096941684694D-03  0.2650846945390331D-03
  0.2862283017575252D-03  0.3090656430766508D-03  0.3337316361655834D-03
  0.3603717229554048D-03  0.3891426539432483D-03  0.4202133258198615D-03
  0.4537656753663142D-03  0.4899956326362367D-03  0.5291141364977900D-03
  0.5713482156517344D-03  0.6169421382651868D-03  0.6661586333613857D-03
  0.7192801870800195D-03  0.7766104168657128D-03  0.8384755265493101D-03
  0.9052258451518181D-03  0.9772374520582402D-03  0.1054913890971092D-02
  0.1138687974753787D-02  0.1229023682903820D-02  0.1326418152946107D-02
  0.1431403766497886D-02  0.1544550330117773D-02  0.1666467350301545D-02
  0.1797806401113424D-02  0.1939263581931223D-02  0.2091582061622294D-02
  0.2255554704140273D-02  0.2432026769024115D-02  0.2621898678574723D-02
  0.2826128841563345D-02  0.3045736521172215D-02  0.3281804732463720D-02
  0.3535483152001366D-02  0.3807991019285803D-02  0.4100620006404316D-02
  0.4414737028704943D-02  0.4751786965381356D-02  0.5113295254575827D-02
  0.5500870322964143D-02  0.5916205804766959D-02  0.6361082499731345D-02
  0.6837370013842312D-02  0.7347028020359533D-02  0.7892107072240140D-02
  0.8474748890121050D-02  0.9097186042820327D-02  0.9761740929813476D-02
  0.1047082396739605D-01  0.1122693087232080D-01  0.1203263892867431D-01
  0.1289060211572999D-01  0.1380354496659594D-01  0.1477425501980596D-01
  0.1580557371873831D-01  0.1690038560707729D-01  0.1806160566267137D-01
  0.1929216460733150D-01  0.2059499202663004D-01  0.2197299713191240D-01
  0.2342904699686032D-01  0.2496594210342308D-01  0.2658638903717023D-01
  0.2829297018055473D-01  0.3008811026468047D-01  0.3197403965644038D-01
  0.3395275427884446D-01  0.3602597208852937D-01  0.3819508606636737D-01
  0.4046111371530893D-01  0.4282464310462254D-01  0.4528577555202848D-01
  0.4784406509529668D-01  0.5049845497308864D-01  0.5324721141144731D-01
  0.5608785509758246D-01  0.5901709081650607D-01  0.6203073582855930D-01
  0.6512364767663692D-01  0.6828965223048350D-01  0.7152147290103217D-01
  0.7481066208937800D-01  0.7814753607124567D-01  0.8152111465699324D-01
  0.8491906710714146D-01  0.8832766592144439D-01  0.9173175025243974D-01
  0.9511470081839064D-01  0.9845842830106359D-01  0.1017433773056673D+00
  0.1049485480278462D+00  0.1080515378088451D+00  0.1110286047589392D+00
  0.1138547555823487D+00  0.1165038596382745D+00  0.1189487911141953D+00
  0.1211616009633572D+00  0.1231137199624301D+00  0.1247761938731003D+00
  0.1261199512396276D+00  0.1271161038214369D+00  0.1277362790457714D+00
  0.1279529831724321D+00  0.1277399930950847D+00  0.1270727738683640D+00
  0.1259289181566095D+00  0.1242886028609167D+00  0.1221350572117922D+00
  0.1194550356336509D+00  0.1162392877166153D+00  0.1124830166956627D+00
  0.1081863169654471D+00  0.1033545803823602D+00  0.9799886045767760D-01
  0.9213618306324663D-01  0.8578979199228647D-01  0.7898931768153265D-01
  0.7177085764628005D-01  0.6417695774458014D-01  0.5625648430575932D-01
  0.4806437846130503D-01  0.3966128572542554D-01  0.3111305600034498D-01
  0.2249011172637845D-01  0.1386668484104736D-01  0.5319926516956903D-02
 -0.3071102745861768D-02 -0.1122655127615126D-01 -0.1906698731228164D-01
 -0.2651468378311184D-01 -0.3349495383787095D-01 -0.3993751077826774D-01
 -0.4577782313360816D-01 -0.5095843332879374D-01 -0.5543020683825218D-01
 -0.5915347798634469D-01 -0.6209905870353465D-01 -0.6424907763676044D-01
 -0.6559761908710390D-01 -0.6615113436063504D-01 -0.6592860233753961D-01
 -0.6496142139737773D-01 -0.6329302128976452D-01 -0.6097819098860190D-01
 -0.5808212683218848D-01 -0.5467921403597427D-01 -0.5085156360466769D-01
 -0.4668733535315077D-01 -0.4227888574740479D-01 -0.3772078619992932D-01
 -0.3310776295669934D-01 -0.2853261353476841D-01 -0.2408415664333624D-01
 -0.1984527258048147D-01 -0.1589108926835856D-01 -0.1228736547869444D-01
 -0.9089117575312789D-02 -0.6339529466502543D-02 -0.4069177638927233D-02
 -0.2295594355628663D-02 -0.1023182550052049D-02 -0.2434858282812027D-03
  0.6419350977102465D-04 -0.6815379839150565D-04 -0.5984941000510351D-03
 -0.1476264152581983D-02 -0.2644099509594848D-02 -0.4039721598263774D-02
 -0.5597920735939458D-02 -0.7252568430358763D-02 -0.8938591397235292D-02
 -0.1059384216095414D-01 -0.1216080673738456D-01 -0.1358809819064879D-01
 -0.1483169480108012D-01 -0.1585589214658829D-01 -0.1663394884856639D-01
 -0.1714841589318908D-01 -0.1739114958297566D-01 -0.1736301865429947D-01
 -0.1707332695577032D-01 -0.1653898388337474D-01 -0.1578346467960340D-01
 -0.1483561078002174D-01 -0.1372832578927141D-01 -0.1249722487728104D-01
 -0.1117929422695032D-01 -0.9811612843930000D-02 -0.8430182039768638D-02
 -0.7068898921078142D-02 -0.5758700065003694D-02 -0.4526891050276058D-02
 -0.3396667390037320D-02 -0.2386823287786736D-02 -0.1511636950932484D-02
 -0.7809152026531282D-03 -0.2001759128023091D-03  0.2290557445757640D-03
  0.5088621834531170D-03  0.6444841267190563D-03  0.6438305292834927D-03
  0.5169690474798929D-03  0.2756158783214101D-03 -0.6735899582984948D-04
 -0.4983980378027836D-03 -0.1003683655120564D-02 -0.1569519603540986D-02
 -0.2182661638896712D-02 -0.2830595293404978D-02 -0.3501760965162207D-02
 -0.4185728549360787D-02 -0.4873325562168041D-02 -0.5556724056888784D-02
 -0.6229492591606307D-02 -0.6886620061291797D-02 -0.7524518401739164D-02
 -0.8141011058552965D-02 -0.8735313777251822D-02 -0.9308013781583524D-02
 -0.9861052841021666D-02 -0.1039771909795075D-01 -0.1092265184270569D-01
 -0.1144186262756443D-01 -0.1196277510256709D-01 -0.1249428459903617D-01
 -0.1304683654221741D-01 -0.1363251997382414D-01 -0.1426516809258661D-01
 -0.1496045238866865D-01
  0.0000000000000000D+00 -0.6566562113103360D-11 -0.7245158497151102D-11
 -0.7993948454792177D-11 -0.8820193000538238D-11 -0.9731680412265559D-11
 -0.1073852784559765D-10 -0.1184994105947221D-10 -0.1307861921502910D-10
 -0.1443555235126618D-10 -0.1593472634289338D-10 -0.1759102616873884D-10
 -0.1942092769672227D-10 -0.2144274640024165D-10 -0.2367669510385873D-10
 -0.2614514009850782D-10 -0.2887283092543620D-10 -0.3188714776346006D-10
 -0.3521838818347227D-10 -0.3890008028397962D-10 -0.4296933001399695D-10
 -0.4746720700645357D-10 -0.5243917209355626D-10 -0.5793555152630278D-10
 -0.6401206302859631D-10 -0.7073039936710162D-10 -0.7815887583794941D-10
 -0.8637314875189410D-10 -0.9545701280106287D-10 -0.1055032860799294D-09
 -0.1166147925187950D-09 -0.1289054525894209D-09 -0.1425014943685667D-09
 -0.1575427984112958D-09 -0.1741843914086784D-09 -0.1925981053013460D-09
 -0.2129744204118738D-09 -0.2355245132674065D-09 -0.2604825321346224D-09
 -0.2881081259099789D-09 -0.3186892549305385D-09 -0.3525453155296765D-09
 -0.3900306137963609D-09 -0.4315382280505153D-09 -0.4775043040683896D-09
 -0.5284128321358353D-09 -0.5848009606340051D-09 -0.6472649071396574D-09
 -0.7164665350260529D-09 -0.7931406713653170D-09 -0.8781032506531960D-09
 -0.9722603786078167D-09 -0.1076618421152675D-08 -0.1192295235812239D-08
 -0.1320532676272187D-08 -0.1462710515949758D-08 -0.1620361953264268D-08
 -0.1795190880097950D-08 -0.1989091115919898D-08 -0.2204167833464650D-08
 -0.2442761427993375D-08 -0.2707474111337319D-08 -0.3001199544479236D-08
 -0.3327155858763377D-08 -0.3688922456373965D-08 -0.4090481025973552D-08
 -0.4536261259891299D-08 -0.5031191815597985D-08 -0.5580757127080087D-08
 -0.6191060741875354D-08 -0.6868895937795015D-08 -0.7621824460667695D-08
 -0.8458264321828584D-08 -0.9387587702702528D-08 -0.1042023013497542D-07
 -0.1156781225993384D-07 -0.1284327562118263D-07 -0.1426103411286585D-07
 -0.1583714289270055D-07 -0.1758948677774898D-07 -0.1953799037331856D-07
 -0.2170485244439529D-07 -0.2411480732752811D-07 -0.2679541650242638D-07
 -0.2977739380034266D-07 -0.3309496812466253D-07 -0.3678628800249404D-07
 -0.4089387277940798D-07 -0.4546511581834563D-07 -0.5055284567415087D-07
 -0.5621595189389280D-07 -0.6252008284761653D-07 -0.6953842383248735D-07
 -0.7735256462458923D-07 -0.8605346668681991D-07 -0.9574254138932328D-07
 -0.1065328518728684D-06 -0.1185504525986561D-06 -0.1319358821948869D-06
 -0.1468458269469465D-06 -0.1634549742018903D-06 -0.1819580770880730D-06
 -0.2025722543083921D-06 -0.2255395513736294D-06 -0.2511297925256601D-06
 -0.2796437557863582D-06 -0.3114167070863327D-06 -0.3468223333106630D-06
 -0.3862771183812185D-06 -0.4302452112154303D-06 -0.4792438395996500D-06
 -0.5338493297367746D-06 -0.5947037975191260D-06 -0.6625225844905866D-06
 -0.7381025190511784D-06 -0.8223310917809073D-06 -0.9161966428806494D-06
 -0.1020799669711742D-05 -0.1137365373332950D-05 -0.1267257574857861D-05
 -0.1411994145463194D-05 -0.1573264108052163D-05 -0.1752946583997517D-05
 -0.1953131775145396D-05 -0.2176144189438254D-05 -0.2424568338205209D-05
 -0.2701277154457260D-05 -0.3009463404502862D-05 -0.3352674389950395D-05
 -0.3734850263767039D-05 -0.4160366312596175D-05 -0.4634079588057131D-05
 -0.5161380302314603D-05 -0.5748248437850332D-05 -0.6401316058103359D-05
 -0.7127935844465191D-05 -0.7936256425978052D-05 -0.8835305110907941D-05
 -0.9835078674035385D-05 -0.1094664289983773D-04 -0.1218224162950581D-04
 -0.1355541610862492D-04 -0.1508113548196600D-04 -0.1677593933169495D-04
 -0.1865809320480802D-04 -0.2074775812401759D-04 -0.2306717512278285D-04
 -0.2564086588867358D-04 -0.2849585063854722D-04 -0.3166188438273283D-04
 -0.3517171276189613D-04 -0.3906134865761259D-04 -0.4337037078381644D-04
 -0.4814224545869502D-04 -0.5342467273258199D-04 -0.5926995800385016D-04
 -0.6573541018820605D-04 -0.7288376741342512D-04 -0.8078365108708761D-04
 -0.8951004902470837D-04 -0.9914482812475464D-04 -0.1097772768298781D-03
 -0.1215046773145222D-03 -0.1344329069814657D-03 -0.1486770684274633D-03
 -0.1643621465438616D-03 -0.1816236908449542D-03 -0.2006085204575442D-03
 -0.2214754484526189D-03 -0.2443960213467621D-03 -0.2695552686406334D-03
 -0.2971524561876147D-03 -0.3274018359925841D-03 -0.3605333837236968D-03
 -0.3967935137761897D-03 -0.4364457601553084D-03 -0.4797714097455096D-03
 -0.5270700727096506D-03 -0.5786601728202605D-03 -0.6348793384766163D-03
 -0.6960846730201971D-03 -0.7626528807474313D-03 -0.8349802227582255D-03
 -0.9134822745041629D-03 -0.9985934546519100D-03 -0.1090766292703877D-02
 -0.1190470400779079D-02 -0.1298191113120426D-02 -0.1414427755341886D-02
 -0.1539691504252180D-02 -0.1674502798395162D-02 -0.1819388259346540D-02
 -0.1974877084428926D-02 -0.2141496872986616D-02 -0.2319768850835537D-02
 -0.2510202461121462D-02 -0.2713289294702668D-02 -0.2929496339479503D-02
 -0.3159258535908789D-02 -0.3402970635399637D-02 -0.3660978369449072D-02
 -0.3933568950306145D-02 -0.4220960938683216D-02 -0.4523293530552266D-02
 -0.4840615333337944D-02 -0.5172872721754204D-02 -0.5519897885003957D-02
 -0.5881396699867537D-02 -0.6256936588096963D-02 -0.6645934541180804D-02
 -0.7047645520535879D-02 -0.7461151466033004D-02 -0.7885351169885341D-02
 -0.8318951295644332D-02 -0.8760458842586433D-02 -0.9208175373249129D-02
 -0.9660193335327152D-02 -0.1011439481749439D-01 -0.1056845308082531D-01
 -0.1101983720215155D-01 -0.1146582015164265D-01 -0.1190349060288859D-01
 -0.1232976873861428D-01 -0.1274142626773916D-01 -0.1313511080898076D-01
 -0.1350737472196655D-01 -0.1385470837875052D-01 -0.1417357776711553D-01
 -0.1446046620319961D-01 -0.1471191980675203D-01 -0.1492459626054330D-01
 -0.1509531623995920D-01 -0.1522111676428461D-01 -0.1529930559304495D-01
 -0.1532751567472496D-01 -0.1530375855677135D-01 -0.1522647558966795D-01
 -0.1509458570732291D-01 -0.1490752854257388D-01 -0.1466530163968534D-01
 -0.1436849055555213D-01 -0.1401829069493085D-01 -0.1361651980660984D-01
 -0.1316562017849075D-01 -0.1266864971656594D-01 -0.1212926128585630D-01
 -0.1155166993034700D-01 -0.1094060788085096D-01 -0.1030126759407304D-01
 -0.9639233434072733D-02 -0.8960402990051771D-02 -0.8270899401437508D-02
 -0.7576976410942683D-02 -0.6884918168395223D-02 -0.6200936045902141D-02
 -0.5531064885979229D-02 -0.4881061181907053D-02 -0.4256305681948053D-02
 -0.3661712819844295D-02 -0.3101649210640342D-02 -0.2579863224041056D-02
 -0.2099427369490896D-02 -0.1662694910439516D-02 -0.1271271781324624D-02
 -0.9260045190146886D-03 -0.6269845475565830D-03 -0.3735687751315751D-03
 -0.1644160771156600D-03  0.2461149920557505D-05  0.1296315699183622D-03
  0.2201672211933610D-03  0.2775555385991102D-03  0.3056034154948232D-03
  0.3083359464219021D-03  0.2898927295414962D-03  0.2544247407844354D-03
  0.2059947966081680D-03  0.1484844766528455D-03  0.8551009019091916D-04
  0.2034986524997531D-04 -0.4411593553944256D-04 -0.1054507648664974D-03
 -0.1616926842616883D-03 -0.2113701441865867D-03 -0.2535028480744606D-03
 -0.2875883533000763D-03 -0.3135755187048994D-03 -0.3318263482364253D-03
 -0.3430681727302745D-03 -0.3483384219606750D-03 -0.3489244377293939D-03
 -0.3463008477572210D-03 -0.3420669557129146D-03 -0.3378864142786087D-03
 -0.3354311564199856D-03 -0.3363311933071952D-03 -0.3421314774835295D-03
 -0.3542566086857526D-03 -0.3739837555337958D-03 -0.4024238018426268D-03
 -0.4405104173423854D-03 -0.4889965077213079D-03 -0.5484573201080487D-03
 -0.6192993645272617D-03 -0.7017742516895024D-03 -0.7959965332607238D-03
 -0.9019646587488235D-03 -0.1019584211899311D-02 -0.1148692672141017D-02
 -0.1289085037378961D-02 -0.1440539759149016D-02 -0.1602844568348583D-02
 -0.1775821915064700D-02 -0.1959353905670828D-02 -0.2153406796951822D-02
 -0.2358055290062027D-02 -0.2573507058778075D-02 -0.2800128130066222D-02
 -0.3038469915361332D-02 -0.3289298853831113D-02 -0.3553629785224958D-02
 -0.3832764318119916D-02 -0.4128335611910113D-02 -0.4442361151973146D-02
 -0.4777305277777703D-02 -0.5136153411659758D-02 -0.5522500127497523D-02
 -0.5940653358607773D-02 -0.6395757124556772D-02 -0.6893935089168223D-02
 -0.7442456926801383D-02 -0.8049928737364723D-02 -0.8726507231763986D-02
 -0.9484135532010305D-02
  0.0000000000000000D+00  0.1217207529497152D-10  0.1342981627270994D-10
  0.1481764353784448D-10  0.1634901222197016D-10  0.1803835429875841D-10
  0.1990441324766574D-10  0.2196425203472262D-10  0.2424139663879871D-10
  0.2675621582870493D-10  0.2953462405157085D-10  0.3260420187507523D-10
  0.3599547905427155D-10  0.3974239241131417D-10  0.4388239444503469D-10
  0.4845692759409913D-10  0.5351184962448484D-10  0.5909789219642551D-10
  0.6527119203403579D-10  0.7209387101068960D-10  0.7963467962179390D-10
  0.8796971175293610D-10  0.9718319667337287D-10  0.1073683775512186D-09
  0.1186284859843296D-09  0.1310778230776191D-09  0.1448429589225261D-09
  0.1600640635957534D-09  0.1768963842806754D-09  0.1955118847614271D-09
  0.2161010653657315D-09  0.2388749834726988D-09  0.2640674969730089D-09
  0.2919377555994403D-09  0.3227729678664512D-09  0.3568914745006822D-09
  0.3946461627481719D-09  0.4364282598495289D-09  0.4826715483290570D-09
  0.5338570505982655D-09  0.5905182357880111D-09  0.6532468077602391D-09
  0.7226991399829639D-09  0.7996034304614083D-09  0.8847676582938388D-09
  0.9790884327645162D-09  0.1083560836309025D-08  0.1199289374316654D-08
  0.1327500157708239D-08  0.1469554458706216D-08  0.1626963796365408D-08
  0.1801406726461340D-08  0.1994747530446858D-08  0.2209057020638346D-08
  0.2446635703845258D-08  0.2710039573617944D-08  0.3002108832494417D-08
  0.3325999880456586D-08  0.3685220944676611D-08  0.4083671769020835D-08
  0.4525687830200696D-08  0.5016089601501953D-08  0.5560237445341328D-08
  0.6164092783214299D-08  0.6834286266723125D-08  0.7578193757213556D-08
  0.8404021015105084D-08  0.9320898104399713D-08  0.1033898463434409D-07
  0.1146958709019415D-07  0.1272528965003571D-07  0.1412010004638575D-07
  0.1566961221174416D-07  0.1739118764853104D-07  0.1930415768831940D-07
  0.2143004905557094D-07  0.2379283543019436D-07  0.2641921801437892D-07
  0.2933893845602812D-07  0.3258512786765277D-07  0.3619469611039381D-07
  0.4020876599277701D-07  0.4467315756849333D-07  0.4963892831294519D-07
  0.5516297562143068D-07  0.6130870881002979D-07  0.6814679862194224D-07
  0.7575601315635481D-07  0.8422415015414901D-07  0.9364907670609926D-07
  0.1041398887071369D-06  0.1158182037786380D-06  0.1288196029344860D-06
  0.1432952379928549D-06  0.1594136236525584D-06  0.1773626352808338D-06
  0.1973517358207970D-06  0.2196144578464237D-06  0.2444111696973005D-06
  0.2720321578447778D-06  0.3028010612075589D-06  0.3370786970840038D-06
  0.3752673227395329D-06  0.4178153815228265D-06  0.4652227877306139D-06
  0.5180468103483815D-06  0.5769086223183328D-06  0.6425005891862418D-06
  0.7155943789206777D-06  0.7970499834513638D-06  0.8878257521147260D-06
  0.9889895478060125D-06  0.1101731148306392D-05  0.1227376028076829D-05
  0.1367400669887462D-05  0.1523449571093537D-05  0.1697354126289365D-05
  0.1891153586595880D-05  0.2107118316093593D-05  0.2347775588038746D-05
  0.2615938187641063D-05  0.2914736114483858D-05  0.3247651706291349D-05
  0.3618558536849681D-05  0.4031764474635191D-05  0.4492059325257824D-05
  0.5004767520360779D-05  0.5575806358286567D-05  0.6211750347791406D-05
  0.6919902255506498D-05  0.7708371510854289D-05  0.8586160678840415D-05
  0.9563260771666669D-05  0.1065075623450191D-04  0.1186094050905857D-04
  0.1320744315080752D-04  0.1470536955168116D-04  0.1637145439980100D-04
  0.1822423009091906D-04  0.2028421139253840D-04  0.2257409775067466D-04
  0.2511899472034112D-04  0.2794665609339340D-04  0.3108774839042412D-04
  0.3457613947589554D-04  0.3844921314624692D-04  0.4274821162777205D-04
  0.4751860800268752D-04  0.5281051065582219D-04  0.5867910189806449D-04
  0.6518511297324492D-04  0.7239533768883763D-04  0.8038318692396199D-04
  0.8922928625601662D-04  0.9902211890482095D-04  0.1098587161146988D-03
  0.1218453969740521D-03  0.1350985595015414D-03  0.1497455246003077D-03
  0.1659254341879056D-03  0.1837902044406942D-03  0.2035055346369528D-03
  0.2252519715323441D-03  0.2492260285426479D-03  0.2756413582300301D-03
  0.3047299756775123D-03  0.3367435292785468D-03  0.3719546142513917D-03
  0.4106581227977347D-03  0.4531726232483524D-03  0.4998417587629132D-03
  0.5510356541647040D-03  0.6071523172829015D-03  0.6686190187377337D-03
  0.7358936314299332D-03  0.8094659080839885D-03  0.8898586720443594D-03
  0.9776288931428502D-03  0.1073368616853574D-02  0.1177705711150072D-02
  0.1291304391502290D-02  0.1414865480337423D-02  0.1549126353083907D-02
  0.1694860518682817D-02  0.1852876778259718D-02  0.2024017901592614D-02
  0.2209158757195562D-02  0.2409203828392035D-02  0.2625084044823231D-02
  0.2857752856597789D-02  0.3108181476930786D-02  0.3377353218858114D-02
  0.3666256852679229D-02  0.3975878913425717D-02  0.4307194892134102D-02
  0.4661159251287060D-02  0.5038694213712927D-02  0.5440677285783081D-02
  0.5867927490087762D-02  0.6321190300152790D-02  0.6801121290284092D-02
  0.7308268537437696D-02  0.7843053839148236D-02  0.8405752842012906D-02
  0.8996474208940668D-02  0.9615137990195022D-02  0.1026145340292806D-01
  0.1093489626608395D-01  0.1163468638176812D-01  0.1235976519983251D-01
  0.1310877414878361D-01  0.1388003406225866D-01  0.1467152617518651D-01
  0.1548087520608937D-01  0.1630533508037364D-01  0.1714177788229479D-01
  0.1798668664874882D-01  0.1883615263420525D-01  0.1968587768080440D-01
  0.2053118231868039D-01  0.2136702019660110D-01  0.2218799939972661D-01
  0.2298841114743972D-01  0.2376226627776915D-01  0.2450333981425372D-01
  0.2520522377505778D-01  0.2586138822250346D-01  0.2646525036451525D-01
  0.2701025130993860D-01  0.2748993985066886D-01  0.2789806240036874D-01
  0.2822865796918302D-01  0.2847615680501843D-01  0.2863548109456053D-01
  0.2870214590186160D-01  0.2867235833926192D-01  0.2854311282328263D-01
  0.2831228017294909D-01  0.2797868826262046D-01  0.2754219194459095D-01
  0.2700373000887662D-01  0.2636536704299664D-01  0.2563031820096141D-01
  0.2480295509076568D-01  0.2388879125562092D-01  0.2289444607496388D-01
  0.2182758634691429D-01  0.2069684534795710D-01  0.1951171977910576D-01
  0.1828244568470415D-01  0.1701985513583337D-01  0.1573521616711018D-01
  0.1444005910345063D-01  0.1314599297437781D-01  0.1186451615645659D-01
  0.1060682568623394D-01  0.9383629833828145D-02  0.8204968517412172D-02
  0.7080045977788524D-02  0.6017079833708012D-02  0.5023170222344026D-02
  0.4104192218293503D-02  0.3264714142086221D-02  0.2507943737180952D-02
  0.1835703530698432D-02  0.1248436010769427D-02  0.7452385604003493D-03
  0.3239273881674778D-03 -0.1887100828403473D-04 -0.2876030164895180D-03
 -0.4876485939272493D-03 -0.6251630201156464D-03 -0.7069039149247507D-03
 -0.7400482847479764D-03 -0.7320047984757721D-03 -0.6902267508080629D-03
 -0.6220312011179532D-03 -0.5344295344192669D-03 -0.4339741885898277D-03
 -0.3266255642880880D-03 -0.2176422644976703D-03 -0.1114968880213415D-03
 -0.1181869267143881D-04  0.7863642439910544D-04  0.1579890189778103D-03
  0.2252134790861555D-03  0.2800917195769443D-03  0.3231459965601230D-03
  0.3555543346335295D-03  0.3790526021911611D-03  0.3958276161376088D-03
  0.4084057757050234D-03  0.4195416087091710D-03  0.4321102788167644D-03
  0.4490075853567772D-03  0.4730603375260694D-03  0.5069492586035109D-03
  0.5531458289663514D-03  0.6138637593230935D-03  0.6910251377317772D-03
  0.7862407435291764D-03  0.9008035834774702D-03  0.1035694383793488D-02
  0.1191597561371451D-02  0.1368926084846462D-02  0.1567853604441831D-02
  0.1788352273761303D-02  0.2030234767277358D-02  0.2293199141231850D-02
  0.2576875344783048D-02  0.2880872394080865D-02  0.3204825453112479D-02
  0.3548442332819738D-02  0.3911549216699842D-02  0.4294135751864762D-02
  0.4696399988184215D-02  0.5118794008828071D-02  0.5562071439806085D-02
  0.6027338363727520D-02  0.6516109465195043D-02  0.7030371523301541D-02
  0.7572656636383708D-02  0.8146127838379298D-02  0.8754680050393893D-02
  0.9403059622423458D-02  0.1009700602966622D-01  0.1084341957883122D-01
  0.1165055917072285D-01  0.1252827414236311D-01  0.1348827381311570D-01
  0.1454443730677525D-01  0.1571316418983705D-01  0.1701376261523506D-01
  0.1846886667589250D-01
