    1
  115
 -0.6705509216320874D+00  0.3002178182736360D+00 -0.2788846828178224D+00
  0.2251939721628524D+01 -0.1060227823210727D+01 -0.1030297647384881D+01
 -0.3646362436720044D+00  0.1946454345728419D+00  0.4254232152511309D+00
 -0.8069340542452000D-01  0.5792187647914564D+00 -0.3245224332251223D+00
  0.2088417599390840D+00 -0.1415808225688815D+00  0.4271405874427201D+00
 -0.5136360657360604D-01  0.4514994351436217D+00 -0.1360225187756677D+00
 -0.3041289952834196D+00 -0.4283275400459919D-01 -0.1558777613118342D+00
  0.9486322649472334D-01 -0.1288285404493767D+00  0.3733370483863379D-01
  0.3695596029243273D-01 -0.6528438015315405D-01 -0.1239011448434830D+00
  0.4009300552002843D-01 -0.7557840702240136D-01  0.9087993100124529D-01
  0.5113625662129856D-01  0.4975525747381160D-01  0.3623302857563949D-01
 -0.1210013460566395D-01  0.1059910855000526D+00 -0.6590370867285555D-01
  0.4015897999603309D-01 -0.7343680410322607D-01  0.2030072418388291D-01
 -0.3106653248938123D-01 -0.3670883047381574D-02  0.4970273116582171D-01
 -0.2825924811216872D-02  0.2648085257752166D-01  0.2022755742255457D-01
 -0.1868499277147824D-01 -0.1497516849459999D-01 -0.1558601215053650D-01
  0.2025546621457632D-01  0.2253113916720359D-01 -0.7973842368843843D-02
 -0.1107463525883244D-01 -0.2955741917388311D-02  0.2682122624495481D-01
 -0.1315263397456980D-01 -0.1657877195008637D-01  0.2013213288960663D-01
 -0.1873093110425618D-01 -0.1560809752166357D-01 -0.1928137659201170D-01
  0.5877544329180213D-02 -0.8073964226474618D-02  0.4941930798009587D-02
  0.4581715347714219D-02  0.1053790137575366D-02 -0.6494054146811559D-02
 -0.3428586119558333D-02  0.4304578915725226D-02  0.5772392884182072D-02
  0.1364932011236541D-02 -0.1133474457119013D-02 -0.1330573530983603D-02
  0.5619230153717552D-02  0.6267274660292680D-02 -0.4720943072499006D-03
  0.3316760333609784D-02  0.4911582179512739D-03 -0.6387070117529675D-02
 -0.3676879709641162D-02  0.4946667048738590D-02 -0.2066580132314803D-02
  0.1198428674863294D-02 -0.2241304697882652D-02  0.3788745289091616D-02
 -0.9018524189642322D-03 -0.1157373342829517D-02  0.1078799620673802D-02
 -0.4120606778056840D-03  0.3008432013329295D-02  0.4099413756469672D-03
  0.4246101685091775D-04  0.1138772166758145D-02 -0.1857337394600132D-02
 -0.1635470952501427D-02 -0.1639498589740852D-02  0.1007126920475828D-02
  0.5645539822358951D-03 -0.7755882733550976D-03  0.1166895532258164D-02
 -0.9939768314515549D-04  0.1196034915147796D-02 -0.1201912610092760D-02
 -0.3775415400900078D-03  0.1821491124252320D-04  0.8558771635078374D-03
 -0.4312882494286746D-03 -0.7811558263591497D-03  0.4148664930207157D-03
  0.2932973535414757D-03  0.2950843581034057D-03 -0.2701817198732241D-03
  0.7619303127085554D-04 -0.2061673905271773D-03 -0.2397174581983756D-03
  0.1823675076386196D-05
    7
    1    1  333
  0.0000000000000000D+00 -0.4141018676971210D+07 -0.4017943291204370D+07
 -0.3898523563045364D+07 -0.3782650909117032D+07 -0.3670219971273622D+07
 -0.3561128520888406D+07 -0.3455277365648485D+07 -0.3352570259685181D+07
 -0.3252913815762413D+07 -0.3156217420578462D+07 -0.3062393152274911D+07
 -0.2971355700522060D+07 -0.2883022288944530D+07 -0.2797312599855139D+07
 -0.2714148701225460D+07 -0.2633454975824945D+07 -0.2555158052464914D+07
 -0.2479186739284755D+07 -0.2405471959019780D+07 -0.2333946686191779D+07
 -0.2264545886165188D+07 -0.2197206456013465D+07 -0.2131867167141927D+07
 -0.2068468609614818D+07 -0.2006953138136097D+07 -0.1947264819634657D+07
 -0.1889349382406498D+07 -0.1833154166767469D+07 -0.1778628077171828D+07
 -0.1725721535752973D+07 -0.1674386437244178D+07 -0.1624576105238309D+07
 -0.1576245249746766D+07 -0.1529349926019048D+07 -0.1483847494585517D+07
 -0.1439696582487006D+07 -0.1396857045656028D+07 -0.1355289932415354D+07
 -0.1314957448060896D+07 -0.1275822920496481D+07 -0.1237850766889418D+07
 -0.1201006461316580D+07 -0.1165256503371388D+07 -0.1130568387703364D+07
 -0.1096910574462430D+07 -0.1064252460621112D+07 -0.1032564352148602D+07
 -0.1001817437011333D+07 -0.9719837589755319D+06 -0.9430361921879732D+06
 -0.9149484165117397D+06 -0.8876948935946487D+06 -0.8612508436485131D+06
 -0.8355922229181868D+06 -0.8106957018198587D+06 -0.7865386437287444D+06
 -0.7630990843968787D+06 -0.7403557119823124D+06 -0.7182878476715230D+06
 -0.6968754268774551D+06 -0.6760989809960640D+06 -0.6559396197048130D+06
 -0.6363790137869916D+06 -0.6173993784662558D+06 -0.5989834572362455D+06
 -0.5811145061705610D+06 -0.5637762786988474D+06 -0.5469530108351285D+06
 -0.5306294068449811D+06 -0.5147906253384941D+06 -0.4994222657763932D+06
 -0.4845103553770419D+06 -0.4700413364124223D+06 -0.4560020538815485D+06
 -0.4423797435501005D+06 -0.4291620203454071D+06 -0.4163368670962175D+06
 -0.4038926236070391D+06 -0.3918179760570938D+06 -0.3801019467142600D+06
 -0.3687338839546437D+06 -0.3577034525787118D+06 -0.3470006244151684D+06
 -0.3366156692040486D+06 -0.3265391457507145D+06 -0.3167618933427401D+06
 -0.3072750234218458D+06 -0.2980699115033419D+06 -0.2891381893357002D+06
 -0.2804717372931490D+06 -0.2720626769943548D+06 -0.2639033641404850D+06
 -0.2559863815661287D+06 -0.2483045324967613D+06 -0.2408508340066115D+06
 -0.2336185106709809D+06 -0.2266009884072339D+06 -0.2197918884988594D+06
 -0.2131850217971528D+06 -0.2067743830952538D+06 -0.2005541456693940D+06
 -0.1945186559824059D+06 -0.1886624285446476D+06 -0.1829801409276697D+06
 -0.1774666289260755D+06 -0.1721168818631613D+06 -0.1669260380360532D+06
 -0.1618893802961872D+06 -0.1570023317610945D+06 -0.1522604516535683D+06
 -0.1476594312644306D+06 -0.1431950900351769D+06 -0.1388633717569432D+06
 -0.1346603408822966D+06 -0.1305821789464835D+06 -0.1266251810948474D+06
 -0.1227857527132341D+06 -0.1190604061582937D+06 -0.1154457575846721D+06
 -0.1119385238661822D+06 -0.1085355196081119D+06 -0.1052336542479325D+06
 -0.1020299292417260D+06 -0.9892143533374176D+05 -0.9590534990656501D+05
 -0.9297893440945007D+05 -0.9013953186244232D+05 -0.8738456443398715D+05
 -0.8471153108978247D+05 -0.8211800531070813D+05 -0.7960163287771706D+05
 -0.7716012972164995D+05 -0.7479127983598097D+05 -0.7249293325057795D+05
 -0.7026300406460727D+05 -0.6809946853677751D+05 -0.6600036323117465D+05
 -0.6396378321699135D+05 -0.6198788032051859D+05 -0.6007086142781313D+05
 -0.5821098683651708D+05 -0.5640656865535769D+05 -0.5465596924990655D+05
 -0.5295759973323952D+05 -0.5130991850018533D+05 -0.4971142980390981D+05
 -0.4816068237363378D+05 -0.4665626807234259D+05 -0.4519682059339006D+05
 -0.4378101419496613D+05 -0.4240756247144264D+05 -0.4107521716067003D+05
 -0.3978276698635137D+05 -0.3852903653467499D+05 -0.3731288516443648D+05
 -0.3613320594993723D+05 -0.3498892465599425D+05 -0.3387899874444297D+05
 -0.3280241641156740D+05 -0.3175819565592338D+05 -0.3074538337607123D+05
 -0.2976305449775657D+05 -0.2881031113011108D+05 -0.2788628175045998D+05
 -0.2699012041733308D+05 -0.2612100601127241D+05 -0.2527814150301343D+05
 -0.2446075324858259D+05 -0.2366809031080131D+05 -0.2289942380661414D+05
 -0.2215404627955375D+05 -0.2143127109653219D+05 -0.2073043186798194D+05
 -0.2005088189017973D+05 -0.1939199360835176D+05 -0.1875315809889843D+05
 -0.1813378456877750D+05 -0.1753329986976816D+05 -0.1695114802501079D+05
 -0.1638678976490382D+05 -0.1583970206917057D+05 -0.1530937771172795D+05
 -0.1479532480494919D+05 -0.1429706634008078D+05 -0.1381413972101168D+05
 -0.1334609628937426D+05 -0.1289250084012335D+05 -0.1245293112830830D+05
 -0.1202697736967969D+05 -0.1161424173994331D+05 -0.1121433787968059D+05
 -0.1082689041392283D+05 -0.1045153449700457D+05 -0.1008791539204872D+05
 -0.9735688098113131D+04 -0.9394517029830859D+04 -0.9064075755680809D+04
 -0.8744046794812735D+04 -0.8434121467943598D+04 -0.8133999793326874D+04
 -0.7843390415121824D+04 -0.7562010549150024D+04 -0.7289585930285924D+04
 -0.7025850746587578D+04 -0.6770547547494192D+04 -0.6523427116599302D+04
 -0.6284248303183515D+04 -0.6052777810417754D+04 -0.5828789941570158D+04
 -0.5612066308434726D+04 -0.5402395508430099D+04 -0.5199572778379097D+04
 -0.5003399633922515D+04 -0.4813683503936629D+04 -0.4630237369310453D+04
 -0.4452879415088576D+04 -0.4281432704374089D+04 -0.4115724881564730D+04
 -0.3955587911494855D+04 -0.3800857859886166D+04 -0.3651374719165674D+04
 -0.3506982282171574D+04 -0.3367528064509781D+04 -0.3232863274315599D+04
 -0.3102842825889734D+04 -0.2977325391103453D+04 -0.2856173479622993D+04
 -0.2739253535966676D+04 -0.2626436038354043D+04 -0.2517595581551360D+04
 -0.2412610923973475D+04 -0.2311364978895506D+04 -0.2213744731673410D+04
 -0.2119641070318969D+04 -0.2028948526291342D+04 -0.1941564935858976D+04
 -0.1857391048014424D+04 -0.1776330122991082D+04 -0.1698287570272575D+04
 -0.1623170683558488D+04 -0.1550888514051802D+04 -0.1481351899127543D+04
 -0.1414473640533399D+04 -0.1350168785699317D+04 -0.1288354953534170D+04
 -0.1228952635698430D+04 -0.1171885412661510D+04 -0.1117080042299589D+04
 -0.1064466402071237D+04 -0.1013977288273198D+04 -0.9655480935536585D+03
 -0.9191163953324078D+03 -0.8746214927941331D+03 -0.8320039307573014D+03
 -0.7912050452755165D+03 -0.7521665610433009D+03 -0.7148302645942063D+03
 -0.6791377710016650D+03 -0.6450303957640353D+03 -0.6124491377216782D+03
 -0.5813347735074984D+03 -0.5516280590354886D+03 -0.5232700288614615D+03
 -0.4962023797746612D+03 -0.4703679205019790D+03 -0.4457110646422538D+03
 -0.4221783385309668D+03 -0.3997188692949666D+03 -0.3782848107414247D+03
 -0.3578316564766865D+03 -0.3383183793758839D+03 -0.3197073563930761D+03
 -0.3019639973276855D+03 -0.2850561062406499D+03 -0.2689530047697871D+03
 -0.2536245631747045D+03 -0.2390403470670890D+03 -0.2251691078194227D+03
 -0.2119787714131981D+03 -0.1994369297408737D+03 -0.1875116758156394D+03
 -0.1761725297923991D+03 -0.1653912131216018D+03 -0.1551421191727393D+03
 -0.1454024409600930D+03 -0.1361520045484560D+03 -0.1273728981735739D+03
 -0.1190489942433262D+03 -0.1111654442698026D+03 -0.1037082043073759D+03
 -0.9666362626456089D+02 -0.9001813273441836D+02 -0.8375798065505899D+02
 -0.7786911069044734D+02 -0.7233707413888381D+02 -0.6714702625441939D+02
 -0.6228377347709398D+02 -0.5773186171377847D+02 -0.5347569316599575D+02
 -0.4949966004155508D+02 -0.4578828486698940D+02 -0.4232635709601530D+02
 -0.3909905972786865D+02 -0.3609208326593933D+02 -0.3329171197307500D+02
 -0.3068489077160091D+02 -0.2825926582147944D+02 -0.2600320002498709D+02
 -0.2390576502941969D+02 -0.2195671321927112D+02 -0.2014643378892265D+02
 -0.1846589958404439D+02 -0.1690661046209510D+02 -0.1546054047124582D+02
 -0.1412009403523741D+02 -0.1287807594593979D+02 -0.1172767613806053D+02
 -0.1066246861173586D+02 -0.9676421252707650D+01 -0.8763911885339619D+01
 -0.7919745552336974D+01 -0.7139169123293377D+01 -0.6417880091267444D+01
 -0.5752028486155572D+01 -0.5138212014849801D+01 -0.4573465299021202D+01
 -0.4055244720123715D+01 -0.3581409912577977D+01 -0.3150202714942891D+01
 -0.2760223254749771D+01 -0.2410408314796068D+01 -0.2099993479756129D+01
 -0.1828508471420760D+01
    1    1  333
  0.0000000000000000D+00  0.3902572178454212D-04  0.3994334681659539D-04
  0.4088316377146315D-04  0.4184572094931986D-04  0.4283142520400122D-04
  0.4384159823200043D-04  0.4487650853736516D-04  0.4593763439178807D-04
  0.4702501198728579D-04  0.4813954293082333D-04  0.4928187307848133D-04
  0.5045270588200448D-04  0.5165278196289362D-04  0.5288285373270600D-04
  0.5414369839787192D-04  0.5543611716077515D-04  0.5676093505594923D-04
  0.5811900211069952D-04  0.5951119404918959D-04  0.6093841307028336D-04
  0.6240158858621884D-04  0.6390167814511424D-04  0.6543966822677104D-04
  0.6701657522122118D-04  0.6863344635653170D-04  0.7029136071028160D-04
  0.7199143021944082D-04  0.7373480074568372D-04  0.7552265329423394D-04
  0.7735620508184136D-04  0.7923671080337510D-04  0.8116546389610206D-04
  0.8314379789449597D-04  0.8517308775497877D-04  0.8725475139331377D-04
  0.8939025109565451D-04  0.9158109509843437D-04  0.9382883926860039D-04
  0.9613508880520048D-04  0.9850149996915608D-04  0.1009297819532669D-03
  0.1034216989152736D-03  0.1059790717868963D-03  0.1086037806841773D-03
  0.1112977668257142D-03  0.1140630350609809D-03  0.1169016561399508D-03
  0.1198157693136829D-03  0.1228075849983488D-03  0.1258793874874918D-03
  0.1290335378330954D-03  0.1322724769762628D-03  0.1355987288907087D-03
  0.1390149038489067D-03  0.1425237020580089D-03  0.1461279172434252D-03
  0.1498304405681280D-03  0.1536342646753717D-03  0.1575424879653774D-03
  0.1615583190832167D-03  0.1656850816853757D-03  0.1699262193588701D-03
  0.1742853008968860D-03  0.1787660259187731D-03  0.1833722305039300D-03
  0.1881078936386425D-03  0.1929771434179411D-03  0.1979842641811118D-03
  0.2031337035010295D-03  0.2084300802025461D-03  0.2138781921532287D-03
  0.2194830250968368D-03  0.2252497616209030D-03  0.2311837908978023D-03
  0.2372907188785248D-03  0.2435763791261972D-03  0.2500468443555466D-03
  0.2567084386355702D-03  0.2635677503067850D-03  0.2706316458403428D-03
  0.2779072844394650D-03  0.2854021335791262D-03  0.2931239855016939D-03
  0.3010809748786140D-03  0.3092815975237865D-03  0.3177347301341562D-03
  0.3264496516490243D-03  0.3354360657238145D-03  0.3447041246283451D-03
  0.3542644549057773D-03  0.3641281844660490D-03  0.3743069715720788D-03
  0.3848130355972596D-03  0.3956591899101974D-03  0.4068588766743559D-03
  0.4184262040796845D-03  0.4303759858994920D-03  0.4427237835435146D-03
  0.4554859507942994D-03  0.4686796815045530D-03  0.4823230601543460D-03
  0.4964351156336510D-03  0.5110358784492899D-03  0.5261464413821154D-03
  0.5417890239270548D-03  0.5579870405904518D-03  0.5747651733887891D-03
  0.5921494485187541D-03  0.6101673176386164D-03  0.6288477438293051D-03
  0.6482212923755808D-03  0.6683202265982297D-03  0.6891786091490778D-03
  0.7108324083401573D-03  0.7333196104401870D-03  0.7566803373513217D-03
  0.7809569702854774D-03  0.8061942792298668D-03  0.8324395582751526D-03
  0.8597427671627187D-03  0.8881566783391725D-03  0.9177370300041434D-03
  0.9485426847839812D-03  0.9806357936379658D-03  0.1014081964846069D-02
  0.1048950437566278D-02  0.1085314259366963D-02  0.1123250467030190D-02
  0.1162840269866675D-02  0.1204169234216855D-02  0.1247327468441614D-02
  0.1292409806387307D-02  0.1339515987898478D-02  0.1388750834419483D-02
  0.1440224417400714D-02  0.1494052216693762D-02  0.1550355266215164D-02
  0.1609260283285879D-02  0.1670899777789446D-02  0.1735412136940975D-02
  0.1802941680415675D-02  0.1873638680855304D-02  0.1947659343047682D-02
  0.2025165735442893D-02  0.2106325666135086D-02  0.2191312495154664D-02
  0.2280304873801466D-02  0.2373486401182235D-02  0.2471045186679646D-02
  0.2573173307012780D-02  0.2680066144708041D-02  0.2791921594469459D-02
  0.2908939122987365D-02  0.3031318666553258D-02  0.3159259350652901D-02
  0.3292958014749486D-02  0.3432607525237876D-02  0.3578394859940422D-02
  0.3730498947052450D-02  0.3889088243528485D-02  0.4054318038509756D-02
  0.4226327470798592D-02  0.4405236252831034D-02  0.4591141098682855D-02
  0.4784111861016142D-02  0.4984187391006195D-02  0.5191371147295640D-02
  0.5405626595273440D-02  0.5626872457045435D-02  0.5854977896080405D-02
  0.6089757748847724D-02  0.6330967949524061D-02  0.6578301333598437D-02
  0.6831384050470519D-02  0.7089772864359059D-02  0.7352953673986311D-02
  0.7620341631559678D-02  0.7891283284991805D-02  0.8165061196314894D-02
  0.8440901493383474D-02  0.8717984777548609D-02  0.8995460721417516D-02
  0.9272466531225626D-02  0.9548149202002173D-02  0.9821691151516959D-02
  0.1009233838132140D-01  0.1035942980095149D-01  0.1062242580680322D-01
  0.1088093370341197D-01  0.1113472718984189D-01  0.1138375702214378D-01
  0.1162815021443006D-01  0.1186819583471382D-01  0.1210431656255808D-01
  0.1233702672882402D-01  0.1256687915392693D-01  0.1279440473471695D-01
  0.1302004991924664D-01  0.1324411780285820D-01  0.1346671842111438D-01
  0.1368773292323948D-01  0.1390679484695977D-01  0.1412328994540151D-01
  0.1433637423675694D-01  0.1454500841692563D-01  0.1474800566582611D-01
  0.1494408925336496D-01  0.1513195617867605D-01  0.1531034325922586D-01
  0.1547809249614620D-01  0.1563421305683061D-01  0.1577793773358161D-01
  0.1590877219194842D-01  0.1602653567948863D-01  0.1613139211741614D-01
  0.1622387065594411D-01  0.1630487486162627D-01  0.1637567975101734D-01
  0.1643791592060338D-01  0.1649354008113046D-01  0.1654479141895178D-01
  0.1659413341604086D-01  0.1664418110674067D-01  0.1669761428513846D-01
  0.1675707796220020D-01  0.1682507247274975D-01  0.1690383711013945D-01
  0.1699523305500035D-01  0.1710063362769597D-01  0.1722083236298730D-01
  0.1735598169304085D-01  0.1750557644463319D-01  0.1766849589303515D-01
  0.1784311453471566D-01  0.1802748394752440D-01  0.1821957578974888D-01
  0.1841756045442754D-01  0.1862008057119983D-01  0.1882646903691834D-01
  0.1903686278300289D-01  0.1925217956195677D-01  0.1947395322550615D-01
  0.1970405557338750D-01  0.1994435954903876D-01  0.2019641015601343D-01
  0.2046116353714475D-01  0.2073883479271491D-01  0.2102886930117208D-01
  0.2133002855263078D-01  0.2164056494908639D-01  0.2195845208675329D-01
  0.2228163636096709D-01  0.2260827971399055D-01  0.2293696950790995D-01
  0.2326687798599233D-01  0.2359785970223811D-01  0.2393048028476826D-01
  0.2426597405550455D-01  0.2460613161544304D-01  0.2495312180337587D-01
  0.2530925574727124D-01  0.2567670431784730D-01  0.2605718445540453D-01
  0.2645163491388551D-01  0.2685990835255362D-01  0.2728051480588425D-01
  0.2771046153841170D-01  0.2814524550316794D-01  0.2857906454429921D-01
  0.2900531603440974D-01  0.2941743539650708D-01  0.2981007548299782D-01
  0.3018052494210007D-01  0.3053011148187255D-01  0.3086517872192167D-01
  0.3119716523277647D-01  0.3154147230309218D-01  0.3191521648869855D-01
  0.3233446463603728D-01  0.3281183734179125D-01  0.3335522408031338D-01
  0.3396785927323084D-01  0.3464947888801242D-01  0.3539799160086804D-01
  0.3621111383841418D-01  0.3708761101442112D-01  0.3802800343054452D-01
  0.3903474890103349D-01  0.4011198994179433D-01  0.4126497463890477D-01
  0.4249925405799270D-01  0.4381974458085885D-01  0.4522973018567038D-01
  0.4672987044800186D-01  0.4831727478832298D-01  0.4998470105502108D-01
  0.5171993564963550D-01  0.5350541204895033D-01  0.5531812394381451D-01
  0.5712988752540206D-01  0.5890800367593070D-01  0.6061636425409142D-01
  0.6221703269005809D-01  0.6367230992106801D-01  0.6494726648021838D-01
  0.6601266999347996D-01  0.6684818002071781D-01  0.6744560413858358D-01
  0.6781192856538015D-01  0.6797176949721974D-01  0.6796886148349349D-01
  0.6786624441523044D-01  0.6774494192034874D-01  0.6770115609392488D-01
  0.6784228292572290D-01  0.6828232568693254D-01  0.6913743724031546D-01
  0.7052231408148968D-01  0.7254796523659582D-01  0.7532105112327771D-01
  0.7894463066308177D-01  0.8351987200995087D-01  0.8914812972950530D-01
  0.9593278983762778D-01  0.1039803924384401D+00  0.1134007206283820D+00
  0.1243057517913591D+00  0.1368075933205724D+00  0.1510157665842946D+00
  0.1670344892293883D+00  0.1849606542312291D+00  0.2048843514315102D+00
  0.2268909633190868D+00
    1    1  333
  0.0000000000000000D+00  0.2562357821545935D-08  0.2930453764538453D-08
  0.3330880922471349D-08  0.3766085603743987D-08  0.4238868964721378D-08
  0.4751354794036296D-08  0.5306754403598534D-08  0.5907427130357164D-08
  0.6557317773913015D-08  0.7259759139463030D-08  0.8018626917415020D-08
  0.8838005102932600D-08  0.9722259175366925D-08  0.1067603796736255D-07
  0.1170430635842886D-07  0.1281238602302955D-07  0.1400592661511859D-07
  0.1529096611933628D-07  0.1667396114565384D-07  0.1816180058576622D-07
  0.1976179761502536D-07  0.2148180598662333D-07  0.2333014062004993D-07
  0.2531573749200833D-07  0.2744807176545932D-07  0.2973727269964968D-07
  0.3219412345539581D-07  0.3483012294871356D-07  0.3765753013761890D-07
  0.4068941136207613D-07  0.4393969338331269D-07  0.4742320367397921D-07
  0.5115573295269718D-07  0.5515412407314182D-07  0.5943631158120331D-07
  0.6402140404846886D-07  0.6892972789550670D-07  0.7418295669937166D-07
  0.7980414430202362D-07  0.8581785492296451D-07  0.9225023612085416D-07
  0.9912910950413924D-07  0.1064841152413110D-06  0.1143467833946435D-06
  0.1227506559861412D-06  0.1317314637606020D-06  0.1413271953502935D-06
  0.1515782832143043D-06  0.1625277444021798D-06  0.1742213373894541D-06
  0.1867077376551859D-06  0.2000387143039316D-06  0.2142693347128107D-06
  0.2294581547877178D-06  0.2456674514602351D-06  0.2629634181246344D-06
  0.2814164640605142D-06  0.3011014272437953D-06  0.3220978598849522D-06
  0.3444903237801232D-06  0.3683687009233034D-06  0.3938285214383373D-06
  0.4209712790113703D-06  0.4499048388587345D-06  0.4807438100908493D-06
  0.5136099429429850D-06  0.5486325735293681D-06  0.5859491037414745D-06
  0.6257054485576405D-06  0.6680565817920377D-06  0.7131670771366019D-06
  0.7612116897135290D-06  0.8123759289004832D-06  0.8668567699030506D-06
  0.9248632888994787D-06  0.9866173743360825D-06  0.1052354568198454D-05
  0.1122324743630568D-05  0.1196793103226991D-05  0.1276040938407994D-05
  0.1360366685943904D-05  0.1450086845730154D-05  0.1545537093011345D-05
  0.1647073386455922D-05  0.1755073068795753D-05  0.1869936213835813D-05
  0.1992086826115448D-05  0.2121974257708189D-05  0.2260074649590352D-05
  0.2406892409833757D-05  0.2562961825863579D-05  0.2728848738207790D-05
  0.2905152272430439D-05  0.3092506658138296D-05  0.3291583195241919D-05
  0.3503092234468951D-05  0.3727785284134141D-05  0.3966457217573422D-05
  0.4219948541969534D-05  0.4489147836929333D-05  0.4774994188854999D-05
  0.5078479873091315D-05  0.5400652916106916D-05  0.5742620035950293D-05
  0.6105549409613333D-05  0.6490673752266845D-05  0.6899293380778108D-05
  0.7332779355486279D-05  0.7792576817451563D-05  0.8280208281187199D-05
  0.8797277088910431D-05  0.9345470873429647D-05  0.9926565114680284D-05
  0.1054242672889344D-04  0.1119501763616213D-04  0.1188639841179177D-04
  0.1261873183900698D-04  0.1339428648074962D-04  0.1421544015803450D-04
  0.1508468329344500D-04  0.1600462218563436D-04  0.1697798199997448D-04
  0.1800760964768088D-04  0.1909647623805180D-04  0.2024767929054646D-04
  0.2146444445898440D-04  0.2275012680895142D-04  0.2410821143727100D-04
  0.2554231352812426D-04  0.2705617748104674D-04  0.2865367525614973D-04
  0.3033880362782524D-04  0.3211568023908495D-04  0.3398853839920741D-04
  0.3596172035120482D-04  0.3803966880059468D-04  0.4022691662222420D-04
  0.4252807445246745D-04  0.4494781596411904D-04  0.4749086049405805D-04
  0.5016195287783575D-04  0.5296584018004978D-04  0.5590724489713504D-04
  0.5899083453137451D-04  0.6222118705596447D-04  0.6560275196972081D-04
  0.6913980672003686D-04  0.7283640796629668D-04  0.7669633756452943D-04
  0.8072304283104644D-04  0.8491957085652398D-04  0.8928849666191422D-04
  0.9383184497596198D-04  0.9855100559348097D-04  0.1034466423067560D-03
  0.1085185955633872D-03  0.1137657792447570D-03  0.1191860720394038D-03
  0.1247762043513656D-03  0.1305316418357267D-03  0.1364464672812065D-03
  0.1425132628216043D-03  0.1487229952950865D-03  0.1550649081418339D-03
  0.1615264241390003D-03  0.1680930642196097D-03  0.1747483887892360D-03
  0.1814739691354117D-03  0.1882493980212685D-03  0.1950523499128979D-03
  0.2018587029534958D-03  0.2086427361000442D-03  0.2153774163335541D-03
  0.2220347915163125D-03  0.2285865049279578D-03  0.2350044465890343D-03
  0.2412615541988298D-03  0.2473327723558988D-03  0.2531961715199545D-03
  0.2588342180713151D-03  0.2642351725419266D-03  0.2693945747161379D-03
  0.2743167517357909D-03  0.2790162598686159D-03  0.2835191433011825D-03
  0.2878638684526642D-03  0.2921017738985412D-03  0.2962968698529310D-03
  0.3005248344896254D-03  0.3048710920656139D-03  0.3094279239834874D-03
  0.3142906570852704D-03  0.3195530877801468D-03  0.3253024113109304D-03
  0.3316140526179117D-03  0.3385468369813808D-03  0.3461389780990326D-03
  0.3544053063986026D-03  0.3633360545359173D-03  0.3728973631501969D-03
  0.3830334947319589D-03  0.3936705756027461D-03  0.4047215513777803D-03
  0.4160919567139614D-03  0.4276860710918912D-03  0.4394130530816951D-03
  0.4511927028872859D-03  0.4629605803782571D-03  0.4746722875953078D-03
  0.4863067990043563D-03  0.4978687820985835D-03  0.5093898926157774D-03
  0.5209290536864860D-03  0.5325717395637548D-03  0.5444282866153013D-03
  0.5566312516119046D-03  0.5693318338835166D-03  0.5826953779469531D-03
  0.5968959796006324D-03  0.6121102346930467D-03  0.6285101986482080D-03
  0.6462556696511696D-03  0.6654859723421557D-03  0.6863115053630759D-03
  0.7088054272762668D-03  0.7329959918809900D-03  0.7588602008557913D-03
  0.7863196065875371D-03  0.8152392441550030D-03  0.8454307534665069D-03
  0.8766607019756549D-03  0.9086648461741340D-03  0.9411684832328492D-03
  0.9739120810041455D-03  0.1006680065507335D-02  0.1039329179640344D-02
  0.1071811595996387D-02  0.1104187524343474D-02  0.1136622913883054D-02
  0.1169370262231588D-02  0.1202734132717440D-02  0.1237026771945676D-02
  0.1272522011986251D-02  0.1309416252151315D-02  0.1347803707223024D-02
  0.1387669760905881D-02  0.1428902429621174D-02  0.1471318742716244D-02
  0.1514700949230631D-02  0.1558836947017090D-02  0.1603559854017026D-02
  0.1648782714980397D-02  0.1694525527236454D-02  0.1740932822902232D-02
  0.1788280838839802D-02  0.1836973864116333D-02  0.1887529722931925D-02
  0.1940554610479475D-02  0.1996707719443165D-02  0.2056656330764020D-02
  0.2121022347494690D-02  0.2190321676991800D-02  0.2264898482881156D-02
  0.2344857229554538D-02  0.2429996758503253D-02  0.2519752524980261D-02
  0.2613155723736579D-02  0.2708821337365402D-02  0.2804980732809214D-02
  0.2899577033317241D-02  0.2990440382334225D-02  0.3075551193127899D-02
  0.3153377095875372D-02  0.3223232718479297D-02  0.3285567913074544D-02
  0.3342064132671740D-02  0.3395442321266579D-02  0.3448975408280056D-02
  0.3505824270760843D-02  0.3568405078416318D-02  0.3637985698277967D-02
  0.3714604500443730D-02  0.3797275835475885D-02  0.3884364677469109D-02
  0.3974001649416119D-02  0.4064446166549010D-02  0.4154353482261576D-02
  0.4242938674054060D-02  0.4330050329858018D-02  0.4416173297435177D-02
  0.4502379058340679D-02  0.4590238838122003D-02  0.4681711044705151D-02
  0.4779011936095927D-02  0.4884476763318836D-02  0.5000417807001900D-02
  0.5128985485308718D-02  0.5272038841297014D-02  0.5431032060081878D-02
  0.5606924098846514D-02  0.5800118914126209D-02  0.6010444023575726D-02
  0.6237174942266712D-02  0.6479111916444403D-02  0.6734713847561111D-02
  0.7002289809852835D-02  0.7280243190909643D-02  0.7567355419246346D-02
  0.7863087034145712D-02  0.8167865134320386D-02  0.8483320992557265D-02
  0.8812443368284576D-02  0.9159624254627369D-02  0.9530594423318097D-02
  0.9932271554261763D-02  0.1037256660894511D-01  0.1086020514160265D-01
  0.1140461544744726D-01  0.1201591573032541D-01  0.1270500539557473D-01
  0.1348374037774717D-01  0.1436515601269074D-01  0.1536369446306102D-01
  0.1649539564136892D-01  0.1777801619038326D-01  0.1923104774369646D-01
  0.2087561298101461D-01  0.2273422756607428D-01  0.2483043230260881D-01
  0.2718832717145062D-01  0.2983207821728498D-01  0.3278553061641594D-01
  0.3607209266296602D-01
    1    1  333
  0.0000000000000000D+00 -0.1230297917790547D-11 -0.1818942095496705D-11
 -0.2425828427819745D-11 -0.3195505747323069D-11 -0.4041313520796832D-11
 -0.4987735013951531D-11 -0.6108401884409874D-11 -0.7355014579193662D-11
 -0.8767264353192129D-11 -0.1038050680391575D-10 -0.1217368100677115D-10
 -0.1421217992712777D-10 -0.1653540277875596D-10 -0.1909949325636812D-10
 -0.2203881365005253D-10 -0.2529944422575538D-10 -0.2895977275886805D-10
 -0.3304690990554428D-10 -0.3761644400364803D-10 -0.4279994101974946D-10
 -0.4851371706757910D-10 -0.5489701892322155D-10 -0.6203706566469505D-10
 -0.7000651895232477D-10 -0.7883691284416373D-10 -0.8868267773482428D-10
 -0.9968468125180423D-10 -0.1118457434052609D-09 -0.1253997832512236D-09
 -0.1404501616964652D-09 -0.1571429325285104D-09 -0.1756437523039566D-09
 -0.1961881728026078D-09 -0.2189882430499702D-09 -0.2442309995965104D-09
 -0.2721918319237628D-09 -0.3031292637495432D-09 -0.3373858631154096D-09
 -0.3752826233038587D-09 -0.4172016361742469D-09 -0.4635704681808504D-09
 -0.5148100081959292D-09 -0.5714338320346595D-09 -0.6339449214193482D-09
 -0.7030050948554547D-09 -0.7792760160618831D-09 -0.8634635292245945D-09
 -0.9563558533191184D-09 -0.1058809313907076D-08 -0.1171823797319677D-08
 -0.1296455096234936D-08 -0.1433857256395562D-08 -0.1585291269065203D-08
 -0.1752215427142706D-08 -0.1936088051597478D-08 -0.2138614486774198D-08
 -0.2361684918322747D-08 -0.2607322473312871D-08 -0.2877716409204777D-08
 -0.3175392137320532D-08 -0.3502967569296697D-08 -0.3863401454759154D-08
 -0.4259934205278400D-08 -0.4696168476245118D-08 -0.5175932212089189D-08
 -0.5703470030008562D-08 -0.6283504159453550D-08 -0.6921201660876320D-08
 -0.7622079477538532D-08 -0.8392343458070283D-08 -0.9238785097586204D-08
 -0.1016878676386711D-07 -0.1119041875075888D-07 -0.1231263976833544D-07
 -0.1354511166381231D-07 -0.1489859272859615D-07 -0.1638465627505017D-07
 -0.1801621877368898D-07 -0.1980724066188242D-07 -0.2177308294844903D-07
 -0.2393050372710817D-07 -0.2629801764238491D-07 -0.2889564920620577D-07
 -0.3174553288326255D-07 -0.3487179292472924D-07 -0.3830079177162036D-07
 -0.4206144700364862D-07 -0.4618539156249492D-07 -0.5070726463852170D-07
 -0.5566480301109436D-07 -0.6109944047924552D-07 -0.6705644077320212D-07
 -0.7358524794497180D-07 -0.8073995767315061D-07 -0.8857972450608400D-07
 -0.9716913772073240D-07 -0.1065788234708842D-06 -0.1168859311446082D-06
 -0.1281747236551681D-06 -0.1405373035671723D-06 -0.1540741173700474D-06
 -0.1688950157663220D-06 -0.1851197701656601D-06 -0.2028791554336905D-06
 -0.2223158777841717D-06 -0.2435856254193260D-06 -0.2668581645243479D-06
 -0.2923187063529952D-06 -0.3201690807856995D-06 -0.3506293479971003D-06
 -0.3839392402469087D-06 -0.4203599461577440D-06 -0.4601759067758142D-06
 -0.5036967522261101D-06 -0.5512594644974785D-06 -0.6032307759071574D-06
 -0.6600094040111759D-06 -0.7220289573628788D-06 -0.7897605787520997D-06
 -0.8637161068111817D-06 -0.9444513778405800D-06 -0.1032569550666649D-05
 -0.1128725063108855D-05 -0.1233627422348111D-05 -0.1348045519157164D-05
 -0.1472812121697386D-05 -0.1608828543024243D-05 -0.1757069770524412D-05
 -0.1918589725146175D-05 -0.2094526711136095D-05 -0.2286109333774055D-05
 -0.2494662533687068D-05 -0.2721613823047367D-05 -0.2968499778867213D-05
 -0.3236972758359216D-05 -0.3528807541915226D-05 -0.3845908295903999D-05
 -0.4190315373403167D-05 -0.4564212024638619D-05 -0.4969931086116015D-05
 -0.5409961122497513D-05 -0.5886952337908387D-05 -0.6403721703501910D-05
 -0.6963257282685587D-05 -0.7568721561354125D-05 -0.8223453322885531D-05
 -0.8930967804276853D-05 -0.9694954917008936D-05 -0.1051927485361717D-04
 -0.1140795077797745D-04 -0.1236515785282357D-04 -0.1339520829366197D-04
 -0.1450253117640509D-04 -0.1569164692078415D-04 -0.1696713494716780D-04
 -0.1833359388719089D-04 -0.1979559318713845D-04 -0.2135761511658859D-04
 -0.2302398565361314D-04 -0.2479879337153847D-04 -0.2668579505994566D-04
 -0.2868830655371419D-04 -0.3080907785243814D-04 -0.3305015154041283D-04
 -0.3541270386251755D-04 -0.3789686783953854D-04 -0.4050153899748354D-04
 -0.4322416452745616D-04 -0.4606051808577120D-04 -0.4900446336677014D-04
 -0.5204771195933119D-04 -0.5517958220749944D-04 -0.5838676922573922D-04
 -0.6165313856937715D-04 -0.6495955965693385D-04 -0.6828379890067544D-04
 -0.7160049585669287D-04 -0.7488124948163734D-04 -0.7809484407047358D-04
 -0.8120764542846928D-04 -0.8418419661011615D-04 -0.8698803694334442D-04
 -0.8958275817000141D-04 -0.9193329445471724D-04 -0.9400741961617176D-04
 -0.9577739334938284D-04 -0.9722166061818756D-04 -0.9832646784651279D-04
 -0.9908721943712396D-04 -0.9950936825859111D-04 -0.9960861976422712D-04
 -0.9941024250034021D-04 -0.9894732301051783D-04 -0.9825787542794024D-04
 -0.9738084061843812D-04 -0.9635111117998025D-04 -0.9519385752129262D-04
 -0.9391852332867268D-04 -0.9251291749570647D-04 -0.9093783586104619D-04
 -0.8912259910391899D-04 -0.8696180416069208D-04 -0.8431347297041597D-04
 -0.8099866635945348D-04 -0.7680252914828000D-04 -0.7147666090649658D-04
 -0.6474266743764069D-04 -0.5629674072088885D-04 -0.4581513257129572D-04
 -0.3296041925140225D-04 -0.1738849269193664D-04  0.1243751295050026D-05
  0.2327003094618316D-04  0.4900559292511260D-04  0.7873741657709311D-04
  0.1127137223008378D-03  0.1511328392254883D-03  0.1941315489211477D-03
  0.2417731083771607D-03  0.2940352685558833D-03  0.3507987494287477D-03
  0.4118368110716153D-03  0.4768067752148170D-03  0.5452445999480362D-03
  0.6165638803591380D-03  0.6900609143959424D-03  0.7649276864961716D-03
  0.8402746999585985D-03  0.9151654094759927D-03  0.9886634019712437D-03
  0.1059892256005930D-02  0.1128106010939043D-02  0.1192765349754417D-02
  0.1253611159819321D-02  0.1310723716614807D-02  0.1364553461149152D-02
  0.1415909672667517D-02  0.1465897692230062D-02  0.1515803878352736D-02
  0.1566939363121319D-02  0.1620465277908254D-02  0.1677229527645887D-02
  0.1737645600729953D-02  0.1801635401494423D-02  0.1868644807332932D-02
  0.1937725822745465D-02  0.2007667899778319D-02  0.2077155514336332D-02
  0.2144929438982091D-02  0.2209933533892777D-02  0.2271434913532576D-02
  0.2329111112436329D-02  0.2383102262846831D-02  0.2434029083202692D-02
  0.2482978814507167D-02  0.2531461650873509D-02  0.2581340069318636D-02
  0.2634733145664109D-02  0.2693897686938958D-02  0.2761087960613424D-02
  0.2838396086754129D-02  0.2927575902513110D-02  0.3029854495229081D-02
  0.3145737914754177D-02  0.3274821230968412D-02  0.3415618631105261D-02
  0.3565437181610770D-02  0.3720328377445439D-02  0.3875163683826780D-02
  0.4023890416564481D-02  0.4160024523744910D-02  0.4277414209226312D-02
  0.4371245127822601D-02  0.4439148592721800D-02  0.4482136707490399D-02
  0.4504994181593461D-02  0.4515805969853117D-02  0.4524554829913013D-02
  0.4541107381253391D-02  0.4573205002844827D-02  0.4625082783934626D-02
  0.4697048200662480D-02  0.4785959124091349D-02  0.4886273176757183D-02
  0.4991283362600273D-02  0.5094250712260485D-02  0.5189285156323882D-02
  0.5271939958649565D-02  0.5339547828637661D-02  0.5391349421678801D-02
  0.5428463695066658D-02  0.5453739091268699D-02  0.5471513067126768D-02
  0.5487298124409658D-02  0.5507406169894248D-02  0.5538519255140700D-02
  0.5587212907063871D-02  0.5659437818636138D-02  0.5759966309373392D-02
  0.5891811594983171D-02  0.6055630611838368D-02  0.6249125052314598D-02
  0.6466460896802050D-02  0.6697732787874549D-02  0.6928508422318988D-02
  0.7139495071677002D-02  0.7306375791812991D-02  0.7399862628063783D-02
  0.7386003909512997D-02  0.7226758498479472D-02  0.6880809316116914D-02
  0.6304534410889360D-02  0.5452994748151033D-02  0.4280751349629291D-02
  0.2742307588196075D-02  0.7920048443216071D-03 -0.1616723572947594D-02
 -0.4532723155215307D-02 -0.8008984182894224D-02 -0.1210479262513852D-01
 -0.1688792803294202D-01 -0.2243669204108881D-01 -0.2884161967117800D-01
 -0.3620679938990677D-01 -0.4465080086164848D-01 -0.5430727113349433D-01
 -0.6532530386070488D-01 -0.7786974568281581D-01 -0.9212167095318730D-01
 -0.1082793741478835D+00 -0.1265600752266732D+00 -0.1472036475622960D+00
 -0.1704764904569697D+00
    1    1  333
  0.0000000000000000D+00  0.1383320941530917D-11  0.2008560912561035D-11
  0.2737433361265152D-11  0.3577831366653289D-11  0.4532796828666791D-11
  0.5617385514334809D-11  0.6867152236179392D-11  0.8287471599662958D-11
  0.9877158336914475D-11  0.1170343630263793D-10  0.1374235921376831D-10
  0.1605986003478667D-10  0.1866009107507272D-10  0.2158116337043774D-10
  0.2486582296813769D-10  0.2854812312991741D-10  0.3269104419741104D-10
  0.3732673402919666D-10  0.4251132077681082D-10  0.4830350075894389D-10
  0.5477275344536286D-10  0.6199078643990784D-10  0.7005553713751554D-10
  0.7903518192163684D-10  0.8904670369171735D-10  0.1001705380161903D-09
  0.1125547401285975D-09  0.1263226277316982D-09  0.1416165684863571D-09
  0.1586051032120631D-09  0.1774647191975162D-09  0.1983957188307642D-09
  0.2215967281730811D-09  0.2473264304345470D-09  0.2758354785538282D-09
  0.3074118439834910D-09  0.3423660523247535D-09  0.3810737473067484D-09
  0.4238841883110008D-09  0.4712331125678205D-09  0.5236007034231038D-09
  0.5814724706426623D-09  0.6454202307798187D-09  0.7160628065198549D-09
  0.7940845544664447D-09  0.8802302309391419D-09  0.9752915140779443D-09
  0.1080208986274081D-08  0.1195980312799231D-08  0.1323631995271770D-08
  0.1464418424358522D-08  0.1619616904007943D-08  0.1790684926947761D-08
  0.1979195958704257D-08  0.2186888688698518D-08  0.2415686474113758D-08
  0.2667651325624157D-08  0.2945104143433996D-08  0.3250559325244060D-08
  0.3586792447427534D-08  0.3956815961980229D-08  0.4363974426028526D-08
  0.4811911849112455D-08  0.5304648400020822D-08  0.5846559886680024D-08
  0.6442494314784402D-08  0.7097710964601706D-08  0.7817986086644802D-08
  0.8609709403809101D-08  0.9479817674892260D-08  0.1043594414964968D-07
  0.1148644115025356D-07  0.1264050578667115D-07  0.1390813627861084D-07
  0.1530034939809915D-07  0.1682921280978891D-07  0.1850791572670506D-07
  0.2035090006925975D-07  0.2237401555874576D-07  0.2459462249284766D-07
  0.2703167419279922D-07  0.2970598621752114D-07  0.3264028949265728D-07
  0.3585950866598723D-07  0.3939090603956719D-07  0.4326430136907905D-07
  0.4751236277613106D-07  0.5217079968343126D-07  0.5727866747228305D-07
  0.6287873107498247D-07  0.6901771885418392D-07  0.7574675190268131D-07
  0.8312171161901188D-07  0.9120370832475643D-07  0.1000595261592798D-06
  0.1097621451702356D-06  0.1203913610053792D-06  0.1320343050771969D-06
  0.1447861729961150D-06  0.1587509694743293D-06  0.1740422430779527D-06
  0.1907839778645414D-06  0.2091115250994735D-06  0.2291726069256411D-06
  0.2511284061530145D-06  0.2751547877427901D-06  0.3014435554117524D-06
  0.3302038818461352D-06  0.3616637882094579D-06  0.3960718261251956D-06
  0.4336988309172326D-06  0.4748398109835972D-06  0.5198160578916716D-06
  0.5689773407865297D-06  0.6227043689747716D-06  0.6814113157264809D-06
  0.7455486460062659D-06  0.8156060919930939D-06  0.8921159021423272D-06
  0.9756562521884034D-06  0.1066854942139569D-05  0.1166393386796447D-05
  0.1275010748405411D-05  0.1393508527445288D-05  0.1522755232405297D-05
  0.1663691534383863D-05  0.1817335574900348D-05  0.1984788673512684D-05
  0.2167241276699270D-05  0.2365979210680283D-05  0.2582390296687111D-05
  0.2817971131172380D-05  0.3074334189217778D-05  0.3353215160631529D-05
  0.3656480443470800D-05  0.3986134801841091D-05  0.4344329068125694D-05
  0.4733367950883329D-05  0.5155717549375738D-05  0.5614012880494317D-05
  0.6111064904234830D-05  0.6649867106839357D-05  0.7233601348796670D-05
  0.7865642739168753D-05  0.8549563352577662D-05  0.9289134362940625D-05
  0.1008832626014414D-04  0.1095130677286199D-04  0.1188243594500565D-04
  0.1288625780102521D-04  0.1396748806215407D-04  0.1513099709158299D-04
  0.1638178726085775D-04  0.1772496395593046D-04  0.1916569911069185D-04
  0.2070918624975167D-04  0.2236058580084300D-04  0.2412495947476891D-04
  0.2600719229888933D-04  0.2801190101671838D-04  0.3014332726670845D-04
  0.3240521435492967D-04  0.3480066620948053D-04  0.3733198739373483D-04
  0.4000050350963192D-04  0.4280636144470714D-04  0.4574830985376725D-04
  0.4882346105302194D-04  0.5202703649676515D-04  0.5535209987657960D-04
  0.5878928344604124D-04  0.6232651575304632D-04  0.6594876181418681D-04
  0.6963779006257897D-04  0.7337198434452000D-04  0.7712622317978662D-04
  0.8087185294931290D-04  0.8457678542797930D-04  0.8820575309995829D-04
  0.9172075685953373D-04  0.9508173898841313D-04  0.9824750852184300D-04
  0.1011769341803396D-03  0.1038304016409737D-03  0.1061715046295292D-03
  0.1081689042318748D-03  0.1097982481770011D-03  0.1110439958233932D-03
  0.1119009498076011D-03  0.1123752609924077D-03  0.1124846581482413D-03
  0.1122576680402070D-03  0.1117316433809004D-03  0.1109494971069679D-03
  0.1099551827588536D-03  0.1087880747012996D-03  0.1074765594282260D-03
  0.1060312536715677D-03  0.1044383319242003D-03  0.1026534525694572D-03
  0.1005967190199790D-03  0.9814901155277317D-04  0.9514989762746248D-04
  0.9139719675934065D-04  0.8664816219993899D-04  0.8062215981447054D-04
  0.7300468062433719D-04  0.6345251519934638D-04  0.5159993754507280D-04
  0.3706578275712150D-04  0.1946134549757654D-04 -0.1600933913913439D-05
 -0.2649799942453799D-04 -0.5558591423281532D-04 -0.8918879342455173D-04
 -0.1275869505789349D-03 -0.1710043204518646D-03 -0.2195952900111572D-03
 -0.2734311673486502D-03 -0.3324866460376661D-03 -0.3966267857128698D-03
 -0.4655952316055131D-03 -0.5390046384210112D-03 -0.6163305444349269D-03
 -0.6969102468086082D-03 -0.7799485300293913D-03 -0.8645323402972008D-03
 -0.9496565870347586D-03 -0.1034263049634800D-02 -0.1117293685644973D-02
 -0.1197758260621083D-02 -0.1274813961210721D-02 -0.1347851458945700D-02
 -0.1416578006919857D-02 -0.1481084289452345D-02 -0.1541879176480058D-02
 -0.1599876909448637D-02 -0.1656326164917456D-02 -0.1712680073292549D-02
 -0.1770419698371104D-02 -0.1830856587281071D-02 -0.1894948370040044D-02
 -0.1963161848622789D-02 -0.2035408413523737D-02 -0.2111061618711805D-02
 -0.2189049993455340D-02 -0.2268005400648111D-02 -0.2346441059595911D-02
 -0.2422933747028550D-02 -0.2496289638584390D-02 -0.2565680071623513D-02
 -0.2630740024227974D-02 -0.2691627064607829D-02 -0.2749041673563954D-02
 -0.2804211354917745D-02 -0.2858841411914500D-02 -0.2915035108481706D-02
 -0.2975185575238983D-02 -0.3041841530784815D-02 -0.3117548832483801D-02
 -0.3204670194041859D-02 -0.3305186246582385D-02 -0.3420482686029829D-02
 -0.3551130862140172D-02 -0.3696673290456408D-02 -0.3855431808072008D-02
 -0.4024365043674415D-02 -0.4199013720467104D-02 -0.4373585948691786D-02
 -0.4541246118533257D-02 -0.4694671269776018D-02 -0.4826913319914592D-02
 -0.4932534235965077D-02 -0.5008857896275398D-02 -0.5057027067864314D-02
 -0.5082447382768716D-02 -0.5094255550036167D-02 -0.5103736592041791D-02
 -0.5122049166938655D-02 -0.5157954933202247D-02 -0.5216256489521906D-02
 -0.5297319536070717D-02 -0.5397611806685826D-02 -0.5510888464409129D-02
 -0.5629588672680356D-02 -0.5746116129670012D-02 -0.5853835128880318D-02
 -0.5947742803579716D-02 -0.6024849287768216D-02 -0.6084323125799880D-02
 -0.6127457885796168D-02 -0.6157504072354872D-02 -0.6179397481091619D-02
 -0.6199404544340085D-02 -0.6224698054999363D-02 -0.6262872373643804D-02
 -0.6321405131310620D-02 -0.6407071922763253D-02 -0.6525321185212367D-02
 -0.6679618271062728D-02 -0.6870770751447678D-02 -0.7096251389066338D-02
 -0.7349541574436775D-02 -0.7619524902953551D-02 -0.7889970737244064D-02
 -0.8139155594466011D-02 -0.8339676796603256D-02 -0.8458512994475621D-02
 -0.8457375123986076D-02 -0.8293364247892836D-02 -0.7919906701381024D-02
 -0.7287874879762008D-02 -0.6346733448321454D-02 -0.5045495885261890D-02
 -0.3333255354289568D-02 -0.1159089913832232D-02  0.1528769889399893D-02
  0.4784493113039485D-02  0.8666771555235448D-02  0.1324127078944985D-01
  0.1858313363663142D-01  0.2477928584611069D-01  0.3193037358436508D-01
  0.4015224851334753D-01  0.4957700131572663D-01  0.6035361650754584D-01
  0.7264837297067324D-01  0.8664518434985292D-01  0.1025461529816631D+00
  0.1205727498586820D+00  0.1409678681599397D+00  0.1640002582940869D+00
  0.1899692781310848D+00
    1   29  333
  0.0000000000000000D+00 -0.2035914200894167D-14  0.2036791799828709D-14
 -0.2233501829967191D-14 -0.2050158289147247D-14 -0.7934672608711480D-14
 -0.8627239691438087D-14  0.1131910974720229D-14 -0.7663746262601799D-14
 -0.1230238606308716D-13 -0.9188811911707612D-14 -0.1155514517954903D-13
 -0.8237544055180276D-14 -0.1254986472650522D-13 -0.7602438275548409D-14
 -0.1078728410791120D-13 -0.1426064283431446D-13 -0.1376299892942192D-13
 -0.2098379470459607D-13 -0.1543286166728693D-13 -0.1050800022246370D-13
 -0.2928379093124454D-13 -0.2161666836486613D-13 -0.2279750037695092D-13
 -0.2690361112336166D-13 -0.2437329563905160D-13 -0.2977102886038734D-13
 -0.2187907416940953D-13 -0.3153778491821960D-13 -0.3704098857960558D-13
 -0.3507570272968103D-13 -0.4606209710292234D-13 -0.5785810324643726D-13
 -0.6940801116744833D-13 -0.7017878721809772D-13 -0.7709013580064272D-13
 -0.8673750826373501D-13 -0.9953211317761165D-13 -0.1155240263867972D-12
 -0.1342968767642641D-12 -0.1573751022279161D-12 -0.1747973927640078D-12
 -0.1920694503584843D-12 -0.2204375084248223D-12 -0.2455984560543690D-12
 -0.2853043683228239D-12 -0.3170239882326430D-12 -0.3606065931374887D-12
 -0.4168970782527261D-12 -0.4682302866765714D-12 -0.5265016967864574D-12
 -0.6032059287701496D-12 -0.6895132453346347D-12 -0.7716048285570287D-12
 -0.8842448884946990D-12 -0.9969636200815446D-12 -0.1130635225691770D-11
 -0.1273690764172359D-11 -0.1451745029019316D-11 -0.1639738117736829D-11
 -0.1867644013116447D-11 -0.2105552065105323D-11 -0.2393958312317912D-11
 -0.2703499391770790D-11 -0.3070495713378067D-11 -0.3460890202127907D-11
 -0.3929943420307451D-11 -0.4445854486677951D-11 -0.5037320572851581D-11
 -0.5694389482207116D-11 -0.6451622248723710D-11 -0.7288119544315812D-11
 -0.8247012975535314D-11 -0.9327030952807902D-11 -0.1055572174177491D-10
 -0.1193882614798467D-10 -0.1350698315684411D-10 -0.1527455073785178D-10
 -0.1727722219834005D-10 -0.1953188984788091D-10 -0.2209252062950631D-10
 -0.2497060978205949D-10 -0.2822832879250884D-10 -0.3191745853577216D-10
 -0.3606687923073703D-10 -0.4077477970767529D-10 -0.4607896324455431D-10
 -0.5207307395416370D-10 -0.5884029184193015D-10 -0.6648730285658769D-10
 -0.7512515507663733D-10 -0.8487685269988218D-10 -0.9587283219512276D-10
 -0.1083089273527317D-09 -0.1223478264159710D-09 -0.1381845310961050D-09
 -0.1560700566411345D-09 -0.1762579977191448D-09 -0.1990287292891820D-09
 -0.2247513982906195D-09 -0.2537678905610365D-09 -0.2865235433113486D-09
 -0.3234722067139763D-09 -0.3651637913997263D-09 -0.4122114608093634D-09
 -0.4652742443845865D-09 -0.5251481726332610D-09 -0.5926734325133780D-09
 -0.6688512501242374D-09 -0.7547662623684660D-09 -0.8516434790854536D-09
 -0.9609073920149382D-09 -0.1084098185237944D-08 -0.1223009082770247D-08
 -0.1379616097081689D-08 -0.1556144373448742D-08 -0.1755162540758095D-08
 -0.1979450728911809D-08 -0.2232242152213977D-08 -0.2517107614177089D-08
 -0.2838096906836113D-08 -0.3199733570172463D-08 -0.3607150153931444D-08
 -0.4066083138620831D-08 -0.4582975086379899D-08 -0.5165091563096258D-08
 -0.5820581581134385D-08 -0.6558585951888264D-08 -0.7389402736204417D-08
 -0.8324567431093019D-08 -0.9377023657859818D-08 -0.1056132270577491D-07
 -0.1189375753977977D-07 -0.1339263099495151D-07 -0.1507842189577722D-07
 -0.1697412212645922D-07 -0.1910547405863904D-07 -0.2150127433894900D-07
 -0.2419381554237211D-07 -0.2721919027853903D-07 -0.3061776965761489D-07
 -0.3443469278264865D-07 -0.3872039075485666D-07 -0.4353117971550542D-07
 -0.4892990665160986D-07 -0.5498668461476889D-07 -0.6177964959899680D-07
 -0.6939586255296697D-07 -0.7793219374088848D-07 -0.8749640859864893D-07
 -0.9820827020073903D-07 -0.1102007393699879D-06 -0.1236213182383654D-06
 -0.1386334568749553D-06 -0.1554180833554979D-06 -0.1741752554485476D-06
 -0.1951259027860639D-06 -0.2185136798672852D-06 -0.2446069335620777D-06
 -0.2737007608613953D-06 -0.3061191241643342D-06 -0.3422171179316499D-06
 -0.3823831712807413D-06 -0.4270413972638260D-06 -0.4766538616348118D-06
 -0.5317228545144241D-06 -0.5927930904745111D-06 -0.6604538155128386D-06
 -0.7353407157102306D-06 -0.8181377131143477D-06 -0.9095784540408737D-06
 -0.1010447667655100D-05 -0.1121582199101787D-05 -0.1243871924060794D-05
 -0.1378260552642309D-05 -0.1525746512305379D-05 -0.1687384229313985D-05
 -0.1864286122142708D-05 -0.2057625926296259D-05 -0.2268644079409334D-05
 -0.2498656097538897D-05 -0.2749065115365886D-05 -0.3021380005944092D-05
 -0.3317240504361075D-05 -0.3638451073954645D-05 -0.3987024840858707D-05
 -0.4365238941264122D-05 -0.4775701638507868D-05 -0.5221431050306320D-05
 -0.5705943577272765D-05 -0.6233349008698476D-05 -0.6808447162588112D-05
 -0.7436819619401845D-05 -0.8124908626503189D-05 -0.8880074669721129D-05
 -0.9710624794687760D-05 -0.1062580465473851D-04 -0.1163574983057773D-04
 -0.1275139478023635D-04 -0.1398434065249875D-04 -0.1534668599005105D-04
 -0.1685082598759642D-04 -0.1850922667533770D-04 -0.2033417986379973D-04
 -0.2233754322876456D-04 -0.2453046792023342D-04 -0.2692311387539248D-04
 -0.2952435111978846D-04 -0.3234144407969901D-04 -0.3537971522162492D-04
 -0.3864218467958907D-04 -0.4212918350427745D-04 -0.4583794004564366D-04
 -0.4976214157379746D-04 -0.5389147667665988D-04 -0.5821116822616212D-04
 -0.6270151210848043D-04 -0.6733744333667441D-04 -0.7208815925887911D-04
 -0.7691683913882140D-04 -0.8178051096216558D-04 -0.8663012956762750D-04
 -0.9141094516892172D-04 -0.9606325671400413D-04 -0.1005236589307778D-03
 -0.1047269016378611D-03 -0.1086084800477560D-03 -0.1121080571790387D-03
 -0.1151737734087846D-03 -0.1177674103020932D-03 -0.1198702325082765D-03
 -0.1214891236070350D-03 -0.1226623634405778D-03 -0.1234640946595561D-03
 -0.1240062619342319D-03 -0.1244366875409808D-03 -0.1249321104031406D-03
 -0.1256855787986314D-03 -0.1268886120016986D-03 -0.1287097871336382D-03
 -0.1312727241109463D-03 -0.1346371493693005D-03 -0.1387865614914236D-03
 -0.1436249853832453D-03 -0.1489833613537275D-03 -0.1546342880341532D-03
 -0.1603123666919944D-03 -0.1657368180344721D-03 -0.1706333069933600D-03
 -0.1747527430045029D-03 -0.1778858481137026D-03 -0.1798731941656995D-03
 -0.1806110434297258D-03 -0.1800536535961021D-03 -0.1782127968506495D-03
 -0.1751551684118533D-03 -0.1709982187553503D-03 -0.1659047819420538D-03
 -0.1600767278394344D-03 -0.1537477524004517D-03 -0.1471753371543413D-03
 -0.1406318552454794D-03 -0.1343947710590089D-03 -0.1287358725418919D-03
 -0.1239094943737617D-03 -0.1201397509707366D-03 -0.1176069309408536D-03
 -0.1164334591284789D-03 -0.1166702802188976D-03 -0.1182852388516371D-03
 -0.1211560678456536D-03 -0.1250718561432817D-03 -0.1297478608178838D-03
 -0.1348585436055061D-03 -0.1400909316872402D-03 -0.1452141945194092D-03
 -0.1501519285918796D-03 -0.1550354206770210D-03 -0.1602157258768500D-03
 -0.1662242148152626D-03 -0.1736914780243142D-03 -0.1832514369230081D-03
 -0.1954606931684959D-03 -0.2107521727044820D-03 -0.2294258368380514D-03
 -0.2516671122373351D-03 -0.2775794261836275D-03 -0.3072189637917797D-03
 -0.3406239012540672D-03 -0.3778342232451859D-03 -0.4189008004017007D-03
 -0.4638836810181354D-03 -0.5128399487120697D-03 -0.5658014249947474D-03
 -0.6227422185693407D-03 -0.6835357985660334D-03 -0.7479009635606323D-03
 -0.8153358221708025D-03 -0.8850387105944471D-03 -0.9558148683003656D-03
 -0.1025967709579229D-02 -0.1093173730571513D-02 -0.1154340457396332D-02
 -0.1205447677996135D-02 -0.1241373757910074D-02 -0.1255709342658331D-02
 -0.1240564325923091D-02 -0.1186375157217708D-02 -0.1081721802099448D-02
 -0.9131640786375197D-03 -0.6651050266463236D-03 -0.3196822316381792D-03
  0.1433230575844097D-03  0.7465866559574649D-03  0.1515398021544270D-02
  0.2477936376739012D-02  0.3665736282503135D-02  0.5114407943357153D-02
  0.6864655279463145D-02  0.8963604197147054D-02  0.1146642247558083D-01
  0.1443819134744110D-01  0.1795597916381869D-01  0.2211107577878152D-01
  0.2701135588552233D-01  0.3278374996294697D-01  0.3957680561886182D-01
  0.4756331245399103D-01  0.5694295608672361D-01  0.6794495984746196D-01
  0.8083070555122381D-01  0.9589621357969501D-01  0.1134751767706579D+00
  0.1339412724920147D+00
    1   23  333
  0.0000000000000000D+00  0.1012447442187873D-13 -0.4648474105574117D-14
  0.8147550787016671D-14  0.8656501826306637D-14  0.1461953973422063D-13
  0.5427813154614231D-14  0.1148822109474804D-13  0.1093120298786651D-13
  0.3646018050873893D-14  0.1408921135151445D-13  0.1224822922126938D-13
  0.1204812893191809D-13  0.1127029482580096D-13  0.1554955149852453D-13
  0.2302247822754807D-13  0.2316734507483651D-13  0.2516695063294928D-13
  0.3019529324799333D-13  0.2796471431531571D-13  0.2189740292265913D-13
  0.3806344171768337D-13  0.3124536018209847D-13  0.2728297226505749D-13
  0.2643064023663503D-13  0.3620188716147485D-13  0.3619888241032222D-13
  0.5140530931024474D-13  0.5399599964908290D-13  0.7056832217113679D-13
  0.8281222313401357D-13  0.8515095381042993D-13  0.9580148995988111D-13
  0.1169852378231462D-12  0.1214494822309683D-12  0.1542255473355187D-12
  0.1691346820321266D-12  0.1933400333124482D-12  0.2090836087542939D-12
  0.2409803074804055D-12  0.2742712053682809D-12  0.3154874454386384D-12
  0.3552057310262380D-12  0.4085145431729987D-12  0.4735576199347259D-12
  0.5235575609996670D-12  0.5976507381320535D-12  0.6864363402583267D-12
  0.7678000031268181D-12  0.8616410398740114D-12  0.9928895214154675D-12
  0.1129765514893136D-11  0.1267263603812145D-11  0.1440263810192568D-11
  0.1642859032532980D-11  0.1861413473737218D-11  0.2105197972450822D-11
  0.2398530624332580D-11  0.2714519309133440D-11  0.3071997830516427D-11
  0.3468710976579301D-11  0.3946626561308957D-11  0.4461393035391379D-11
  0.5050800534948436D-11  0.5724245696234626D-11  0.6479731967144231D-11
  0.7343723679902631D-11  0.8304658388348593D-11  0.9405013104243194D-11
  0.1064473115435073D-10  0.1205038498448759D-10  0.1363853342692019D-10
  0.1542008562865909D-10  0.1744982623735128D-10  0.1974759103476370D-10
  0.2233768765180315D-10  0.2525441677092142D-10  0.2857129626954864D-10
  0.3230788700319567D-10  0.3652849434998877D-10  0.4130190686527124D-10
  0.4669321581626968D-10  0.5279183007448468D-10  0.5967400471634398D-10
  0.6745226445189314D-10  0.7624615960253103D-10  0.8617556818160208D-10
  0.9738052750944777D-10  0.1100399254771595D-09  0.1243461496989309D-09
  0.1404890787325608D-09  0.1587111137339869D-09  0.1793085863660546D-09
  0.2025466296028606D-09  0.2287848122293239D-09  0.2583989893554427D-09
  0.2918265119795711D-09  0.3295811427001933D-09  0.3721795380152031D-09
  0.4202641143086838D-09  0.4745222887837279D-09  0.5357504757799337D-09
  0.6048468633046051D-09  0.6828034051210415D-09  0.7707634735306189D-09
  0.8699892829128422D-09  0.9819411391832722D-09  0.1108202587292551D-08
  0.1250630087904840D-08  0.1411271896094726D-08  0.1592427778992312D-08
  0.1796712862128550D-08  0.2027068933104271D-08  0.2286797946290386D-08
  0.2579618896853870D-08  0.2909713565225862D-08  0.3281810383531449D-08
  0.3701219603454159D-08  0.4173879003265022D-08  0.4706530281854643D-08
  0.5306708239021251D-08  0.5982942903495932D-08  0.6744760420769268D-08
  0.7602896580166193D-08  0.8569438129106566D-08  0.9657942862978560D-08
  0.1088365495139901D-07  0.1226368262802357D-07  0.1381727865982301D-07
  0.1556600984452599D-07  0.1753410705253409D-07  0.1974875849347047D-07
  0.2224047955600175D-07  0.2504346724412270D-07  0.2819607256978116D-07
  0.3174126128409181D-07  0.3572720448336589D-07  0.4020780894797015D-07
  0.4524345804083182D-07  0.5090166985159338D-07  0.5725800287246656D-07
  0.6439691165652125D-07  0.7241277384062193D-07  0.8141096569317569D-07
  0.9150910912269517D-07  0.1028384088563163D-06  0.1155451169979049D-06
  0.1297921756758884D-06  0.1457609436315482D-06  0.1636531568875399D-06
  0.1836930102567349D-06  0.2061294833993488D-06  0.2312387573580163D-06
  0.2593269249510384D-06  0.2907328438361237D-06  0.3258312398283905D-06
  0.3650359742286115D-06  0.4088035505636097D-06  0.4576367825236363D-06
  0.5120886849938676D-06  0.5727664992819589D-06  0.6403358562115576D-06
  0.7155250786493359D-06  0.7991294976790203D-06  0.8920158092540778D-06
  0.9951263676280843D-06  0.1109483372865054D-05  0.1236192822237059D-05
  0.1376448267261735D-05  0.1531534148595662D-05  0.1702828776472437D-05
  0.1891806885486028D-05  0.2100041726432048D-05  0.2329206877230820D-05
  0.2581077852588892D-05  0.2857533910054240D-05  0.3160560488509238D-05
  0.3492253092248456D-05  0.3854823572210523D-05  0.4250610279022649D-05
  0.4682093765496418D-05  0.5151920275535417D-05  0.5662935591804395D-05
  0.6218232057080614D-05  0.6821211821521244D-05  0.7475669093641542D-05
  0.8185893584813026D-05  0.8956796296964159D-05  0.9794056945786873D-05
  0.1070428995634781D-04  0.1169522299415484D-04  0.1277587885184825D-04
  0.1395674839171660D-04  0.1524993988464558D-04  0.1666928865512512D-04
  0.1823041228787715D-04  0.1995069804161605D-04  0.2184921411545772D-04
  0.2394654143334710D-04  0.2626452837803778D-04  0.2882597575552878D-04
  0.3165426270189946D-04  0.3477292540948497D-04  0.3820519964199166D-04
  0.4197353524637211D-04  0.4609908719573691D-04  0.5060118332224570D-04
  0.5549676568608225D-04  0.6079979966112532D-04  0.6652064385765553D-04
  0.7266537435261542D-04  0.7923505855895457D-04  0.8622497761809626D-04
  0.9362380083593104D-04  0.1014127222999507D-03  0.1095645775882097D-03
  0.1180429686975930D-03  0.1268014372443637D-03  0.1357827412797007D-03
  0.1449183089954967D-03  0.1541279643377589D-03  0.1633200447625582D-03
  0.1723920594454086D-03  0.1812320658826684D-03  0.1897209700960700D-03
  0.1977359750882653D-03  0.2051554033129405D-03  0.2118650872930452D-03
  0.2177664373158276D-03  0.2227861314900757D-03  0.2268871048949901D-03
  0.2300801238391445D-03  0.2324347247438872D-03  0.2340877291547745D-03
  0.2352470416043320D-03  0.2361882017767487D-03  0.2372414579465650D-03
  0.2387681790722249D-03  0.2411273482299129D-03  0.2446352220770074D-03
  0.2495237356873295D-03  0.2559045881510645D-03  0.2637456716479595D-03
  0.2728645724641571D-03  0.2829402240854242D-03  0.2935403457502633D-03
  0.3041595154725716D-03  0.3142616258052227D-03  0.3233209554677497D-03
  0.3308576484441904D-03  0.3364653182952945D-03  0.3398302067443935D-03
  0.3407425198606589D-03  0.3391011829721904D-03  0.3349134256991889D-03
  0.3282904710315416D-03  0.3194403382353400D-03  0.3086584654130635D-03
  0.2963165846071291D-03  0.2828500662563841D-03  0.2687437893348238D-03
  0.2545164850142682D-03  0.2407034329087819D-03  0.2278373558049000D-03
  0.2164273663903987D-03  0.2069358920969130D-03  0.1997536933148031D-03
  0.1951734869824296D-03  0.1933634268292754D-03  0.1943429365142173D-03
  0.1979652580925476D-03  0.2039134715146527D-03  0.2117188432429032D-03
  0.2208110841870564D-03  0.2306060011525029D-03  0.2406259834066918D-03
  0.2506324344324399D-03  0.2607337310130144D-03  0.2714287654815105D-03
  0.2835632331120684D-03  0.2982088614571234D-03  0.3165062462340752D-03
  0.3395214683742229D-03  0.3681522322886304D-03  0.4030936404738622D-03
  0.4448524986538374D-03  0.4937896282406831D-03  0.5501704191156145D-03
  0.6142094787362824D-03  0.6861012787096167D-03  0.7660331159165875D-03
  0.8541791744679977D-03  0.9506754684903060D-03  0.1055575564553964D-02
  0.1168786668775157D-02  0.1289985199202727D-02  0.1418510494818102D-02
  0.1553234920080957D-02  0.1692408366965186D-02  0.1833475100858275D-02
  0.1972861133622050D-02  0.2105730980643394D-02  0.2225713744805969D-02
  0.2324600511772107D-02  0.2392018526379752D-02  0.2415088937424488D-02
  0.2378081727434552D-02  0.2262083105907849D-02  0.2044693173455187D-02
  0.1699769335516687D-02  0.1197222544457408D-02  0.5028554447439743D-03
 -0.4217937977377403D-03 -0.1619672590622814D-02 -0.3138601049035279D-02
 -0.5031949386470996D-02 -0.7359726512298380D-02 -0.1019017740602907D-01
 -0.1360193589069571D-01 -0.1768672287983466D-01 -0.2255253287189819D-01
 -0.2832722809072899D-01 -0.3516245752378042D-01 -0.4323784380224996D-01
 -0.5276540095244328D-01 -0.6399416105959990D-01 -0.7721498748631220D-01
 -0.9276552599246564D-01 -0.1110352251328827D+00 -0.1324703414472594D+00
 -0.1575789067662584D+00 -0.1869354318516831D+00 -0.2211866312983258D+00
 -0.2610557961590830D+00
