  0.5920000000000000D+01    4
  0.2747673412109099D+01
    1  115    7
  333  333  333  333  333  333  333
  0.2517533394741492D-01 -0.5566110525828597D-02  0.5028320680985869D-02
 -0.3424539904698836D-01  0.4493848754672077D-02  0.2541730033802142D-02
 -0.1735109073784392D-02  0.9385899482242115D-03  0.4179749882312650D-02
 -0.2099015570185840D-02  0.4172954197916941D-02 -0.1499668120019312D-02
  0.2754774736030506D-02 -0.2092007875766315D-02  0.3673640566531449D-02
 -0.5161531751994333D-03  0.4393482937117948D-02 -0.1332667392028297D-02
 -0.3068214956565927D-02 -0.5141265905363150D-03 -0.1548080560245969D-02
  0.8673828956829283D-03 -0.1112191976125153D-02  0.3006389311778987D-03
  0.3641084174698326D-03 -0.3200896028712580D-03 -0.5850283338353999D-03
  0.1280910980173333D-03 -0.2706229640470133D-03  0.3097500845096848D-03
  0.1211368764414109D-03  0.1009365264102490D-03  0.3836374562531756D-04
  0.4809934453097518D-04  0.1016662607869996D-03 -0.4751436879530894D-04
 -0.9992995584435053D-05  0.4229794641259146D-04 -0.1968171507433483D-04
  0.1146315332893099D-03  0.1467687670664134D-04 -0.1395439671136697D-03
  0.2748741845563278D-06 -0.1017450520598963D-03 -0.1251775291541509D-03
  0.1279734961532966D-03  0.1062704704531390D-03  0.1159460641003693D-03
 -0.1258487005899341D-03 -0.1813601990577942D-03  0.7069885427036844D-04
  0.7546046127736046D-04  0.2491917907690602D-04 -0.2422166691851536D-03
  0.1206795490198392D-03  0.1503545456276880D-03 -0.2127523247261276D-03
  0.1917901665681322D-03  0.1754630581194691D-03  0.2028078261032731D-03
 -0.6463115573667136D-04  0.9616307534355288D-04 -0.6157228060183597D-04
 -0.5407001952979453D-04 -0.6417836996232488D-05  0.7828118876045490D-04
  0.4621334334955654D-04 -0.5827616465754450D-04 -0.7120615453532134D-04
 -0.1541247311914106D-04  0.1605135838624957D-04  0.1275332698955988D-04
 -0.6830438028854556D-04 -0.6871367566140534D-04  0.5851194446492226D-05
 -0.3676252943207734D-04 -0.2715614830208906D-05  0.7568229155642010D-04
  0.4251910395016400D-04 -0.5748540232058149D-04  0.2233580831905406D-04
 -0.1142759449903442D-04  0.2414295414955951D-04 -0.3899921904592223D-04
  0.9511423064446325D-05  0.1190275750703624D-04 -0.1197164357281633D-04
  0.4853561446138094D-05 -0.2829841391414505D-04 -0.3843183136729299D-05
 -0.1817816997029389D-05 -0.7034575201851830D-05  0.1460800963471402D-04
  0.9344426431992571D-05  0.1317702915680186D-04 -0.7260795676009716D-05
 -0.2956938394356319D-05  0.5771335141865313D-05 -0.7005288904228012D-05
  0.7768249662580907D-06 -0.6337927290749608D-05  0.4888188469658921D-05
  0.1303297622015007D-05 -0.2301708346481533D-06 -0.2786894602092485D-05
  0.1349536182420904D-05  0.2111265977084410D-05 -0.6161584684407033D-06
 -0.3958067913466403D-06 -0.3178982857625797D-06  0.2926416440346812D-06
 -0.1495495499218260D-07  0.5565363798424807D-07  0.1283586887161333D-09
 -0.2664593787300252D-10
  0.0000000000000000D+00  0.9973001134894261D+06  0.9926020272045826D+06
  0.9879142778762281D+06  0.9832365687396749D+06  0.9785686090352350D+06
  0.9739105530775730D+06  0.9692617087843603D+06  0.9646221866059410D+06
  0.9599913762997130D+06  0.9553690439543931D+06  0.9507548251908076D+06
  0.9461483755945020D+06  0.9415493459635725D+06  0.9369573797281405D+06
  0.9323721155034393D+06  0.9277931863798491D+06  0.9232202197741942D+06
  0.9186528373262732D+06  0.9140906547393061D+06  0.9095332816340944D+06
  0.9049803214043172D+06  0.9004313710723850D+06  0.8958860211470817D+06
  0.8913438554828605D+06  0.8868044511409377D+06  0.8822673782523416D+06
  0.8777321998830988D+06  0.8731984719017360D+06  0.8686657428493269D+06
  0.8641335538123088D+06  0.8596014382983437D+06  0.8550689221154749D+06
  0.8505355232549350D+06  0.8460007517779070D+06  0.8414641097066023D+06
  0.8369250909200588D+06  0.8323831810550671D+06  0.8278378574126743D+06
  0.8232885888707533D+06  0.8187348358031419D+06  0.8141760500058995D+06
  0.8096116746312629D+06  0.8050411441299347D+06  0.8004638842023429D+06
  0.7958793117595681D+06  0.7912868348946937D+06  0.7866858528653461D+06
  0.7820757560882545D+06  0.7774559261466896D+06  0.7728257358117230D+06
  0.7681845490782470D+06  0.7635317212167958D+06  0.7588665988422064D+06
  0.7541885200002880D+06  0.7494968142736282D+06  0.7447908029078146D+06
  0.7400697989593251D+06  0.7353331074664796D+06  0.7305800256448336D+06
  0.7258098431085116D+06  0.7210218421190147D+06  0.7162152978630990D+06
  0.7113894787614177D+06  0.7065436468096274D+06  0.7016770579538032D+06
  0.6967889625020141D+06  0.6918786055739903D+06  0.6869452275909132D+06
  0.6819880648073793D+06  0.6770063498877006D+06  0.6719993125287365D+06
  0.6669661801315304D+06  0.6619061785240929D+06  0.6568185327377171D+06
  0.6517024678392910D+06  0.6465572098221005D+06  0.6413819865576827D+06
  0.6361760288113499D+06  0.6309385713239840D+06  0.6256688539628248D+06
  0.6203661229439125D+06  0.6150296321289188D+06  0.6096586443990956D+06
  0.6042524331090471D+06  0.5988102836230462D+06  0.5933314949365769D+06
  0.5878153813857160D+06  0.5822612744469658D+06  0.5766685246300144D+06
  0.5710365034658337D+06  0.5653646055924104D+06  0.5596522509402466D+06
  0.5538988870196131D+06  0.5481039913113381D+06  0.5422670737626917D+06
  0.5363876793896720D+06  0.5304653909866940D+06  0.5244998319443790D+06
  0.5184906691757340D+06  0.5124376161506416D+06  0.5063404360380947D+06
  0.5001989449551018D+06  0.4940130153206575D+06  0.4877825793125309D+06
  0.4815076324239788D+06  0.4751882371167473D+06  0.4688245265659470D+06
  0.4624167084915240D+06  0.4559650690701368D+06  0.4494699769202418D+06
  0.4429318871521550D+06  0.4363513454737020D+06  0.4297289923408690D+06
  0.4230655671415915D+06  0.4163619123994719D+06  0.4096189779827631D+06
  0.4028378253024987D+06  0.3960196314820487D+06  0.3891656934787770D+06
  0.3822774321367672D+06  0.3753563961478494D+06  0.3684042658963551D+06
  0.3614228571612103D+06  0.3544141246470916D+06  0.3473801653145134D+06
  0.3403232214768133D+06  0.3332456836301275D+06  0.3261500929806312D+06
  0.3190391436314812D+06  0.3119156843902237D+06  0.3047827201557638D+06
  0.2976434128425222D+06  0.2905010817980292D+06  0.2833592036690708D+06
  0.2762214116705320D+06  0.2690914942104201D+06  0.2619733928241400D+06
  0.2548711993710682D+06  0.2477891524467838D+06  0.2407316329650873D+06
  0.2337031588651630D+06  0.2267083789010080D+06  0.2197520654725544D+06
  0.2128391064608746D+06  0.2059744960334402D+06  0.1991633243897195D+06
  0.1924107664224551D+06  0.1857220692757907D+06  0.1791025387880734D+06
  0.1725575248146537D+06  0.1660924054343484D+06  0.1597125700524553D+06
  0.1534234014232880D+06  0.1472302566261328D+06  0.1411384470402741D+06
  0.1351532173772742D+06  0.1292797238419225D+06  0.1235230115071529D+06
  0.1178879910026391D+06  0.1123794146315928D+06  0.1070018520453955D+06
  0.1017596656208790D+06  0.9665698570018855D+05  0.9169768586796691D+05
  0.8688535845488540D+05  0.8222329047002856D+05  0.7771444017706823D+05
  0.7336141454022710D+05  0.6916644777542842D+05  0.6513138124945232D+05
  0.6125764497502225D+05  0.5754624095223702D+05  0.5399772860629966D+05
  0.5061221256779170D+05  0.4738933303451042D+05  0.4432825894288478D+05
  0.4142768416199210D+05  0.3868582690406698D+05  0.3610043252200808D+05
  0.3366877983672798D+05  0.3138769110529290D+05  0.2925354570479902D+05
  0.2726229756705647D+05  0.2540949635573039D+05  0.2369031233105499D+05
  0.2209956479813338D+05  0.2063175398381698D+05  0.1928109613497376D+05
  0.1804156157846045D+05  0.1690691543124130D+05  0.1587076059885182D+05
  0.1492658265404583D+05  0.1406779622449705D+05  0.1328779195146543D+05
  0.1257998443459085D+05  0.1193785962796049D+05  0.1135502162995629D+05
  0.1082523818073576D+05  0.1034248428708940D+05  0.9900983403510812D+04
  0.9495245617467801D+04  0.9120102316181306D+04  0.8770736851645610D+04
  0.8442710769875532D+04  0.8131985228950834D+04  0.7834937297628149D+04
  0.7548370901172359D+04  0.7269522262473308D+04  0.6996059773111780D+04
  0.6726078319289138D+04  0.6458088179753694D+04  0.6190998705238422D+04
  0.5924097079582304D+04  0.5657022549719484D+04  0.5389736593174707D+04
  0.5122489565748525D+04  0.4855784436964090D+04  0.4590338274986510D+04
  0.4327042184710080D+04  0.4066920431361874D+04  0.3811089496370101D+04
  0.3560717811746596D+04  0.3316986903484776D+04  0.3081054643431497D+04
  0.2854021263020500D+04  0.2636898721740514D+04  0.2430583949156057D+04
  0.2235836392927290D+04  0.2053260208134945D+04  0.1883291317175744D+04
  0.1726189456743574D+04  0.1582035211452579D+04  0.1450731915285365D+04
  0.1332012185315498D+04  0.1225448740314067D+04  0.1130469053275772D+04
  0.1046373272307891D+04  0.9723548997148531D+03  0.9075233386924680D+03
  0.8509277905887072D+03  0.8015816928935999D+03  0.7584868709204553D+03
  0.7206569467357481D+03  0.6871390880104733D+03  0.6570336566525240D+03
  0.6295112321933464D+03  0.6038266179057510D+03  0.5793295512954865D+03
  0.5554719607307622D+03  0.5318117335512698D+03  0.5080130799289695D+03
  0.4838436936498865D+03  0.4591690058530491D+03  0.4339439251211716D+03
  0.4082025121660975D+03  0.3820460925933436D+03  0.3556303317995763D+03
  0.3291517967091682D+03  0.3028345115753627D+03  0.2769169747979118D+03
  0.2516400502091966D+03  0.2272360795409573D+03  0.2039194880131942D+03
  0.1818790759447911D+03  0.1612721097155056D+03  0.1422202486343057D+03
  0.1248072730669689D+03  0.1090785157207002D+03  0.9504184385294073D+02
  0.8266999640330694D+02  0.7190401676377081D+02  0.6265769057005905D+02
  0.5482238591684117D+02  0.4827241563590898D+02  0.4287043523980828D+02
  0.3847273157849542D+02  0.3493418091504435D+02  0.3211271332128238D+02
  0.2987315669598542D+02  0.2809037532419320D+02  0.2665165868625560D+02
  0.2545835453975798D+02  0.2442677322238134D+02  0.2348841956305132D+02
  0.2258962835563516D+02  0.2169070028860758D+02  0.2076463937010119D+02
  0.1979560406419781D+02  0.1877717797486929D+02  0.1771056269041689D+02
  0.1660278426059620D+02  0.1546499020314705D+02  0.1431089848700207D+02
  0.1315544226582932D+02  0.1201363726487547D+02  0.1089968282793855D+02
  0.9826293802705875D+01  0.8804249189004766D+01  0.7842135071668290D+01
  0.6946253826469394D+01  0.6120669087478610D+01  0.5367353008304523D+01
  0.4686408647711478D+01  0.4076344043965736D+01  0.3534358640014440D+01
  0.3056640488136599D+01  0.2638649738345402D+01  0.2275379050856170D+01
  0.1961583365418623D+01  0.1691975074660353D+01  0.1461382647511684D+01
  0.1264874016883313D+01  0.1097846314593871D+01  0.9560857698017818D+00
  0.8358014031092942D+00  0.7336372209554820D+00  0.6466668624179663D+00
  0.5723749948640201D+00  0.5086291778845674D+00  0.4536454601956419D+00
  0.4059504645329985D+00  0.3643423111593659D+00  0.3278520485747538D+00
  0.2957069696891946D+00  0.2672967371412953D+00  0.2421428873608031D+00
  0.2198720764797988D+00  0.2001931425853171D+00  0.1828779434117876D+00
  0.1677457195043240D+00  0.1546514844761122D+00  0.1434755412009857D+00
  0.1341204668301936D+00
  0.0000000000000000D+00 -0.1689801119173611D+00 -0.1721716434865737D+00
 -0.1754229013672532D+00 -0.1787349328426695D+00 -0.1821080040227863D+00
 -0.1855470632273169D+00 -0.1890514809629861D+00 -0.1926268307876143D+00
 -0.1962711743809128D+00 -0.1999869599808415D+00 -0.2037752473533990D+00
 -0.2076373174498418D+00 -0.2115745622841347D+00 -0.2155883527190766D+00
 -0.2196801027246405D+00 -0.2238512606827526D+00 -0.2281033059374134D+00
 -0.2324377513067271D+00 -0.2368561427080154D+00 -0.2413600592023346D+00
 -0.2459511132085304D+00 -0.2506309506161320D+00 -0.2554012509251018D+00
 -0.2602637273901859D+00 -0.2652201271591582D+00 -0.2702722314062286D+00
 -0.2754218554558361D+00 -0.2806708488928085D+00 -0.2860210956550767D+00
 -0.2914745141047630D+00 -0.2970330570733655D+00 -0.3026987118765629D+00
 -0.3084735002940072D+00 -0.3143594785092184D+00 -0.3203587370044811D+00
 -0.3264734004053977D+00 -0.3327056272694626D+00 -0.3390576098127496D+00
 -0.3455315735684783D+00 -0.3521297769709074D+00 -0.3588545108576349D+00
 -0.3657080978830345D+00 -0.3726928918351430D+00 -0.3798112768479184D+00
 -0.3870656665003342D+00 -0.3944585027933441D+00 -0.4019922549952521D+00
 -0.4096694183455353D+00 -0.4174925126066509D+00 -0.4254640804528091D+00
 -0.4335866856841366D+00 -0.4418629112540858D+00 -0.4502953570973056D+00
 -0.4588866377446280D+00 -0.4676393797111117D+00 -0.4765562186424940D+00
 -0.4856397962046581D+00 -0.4948927567000852D+00 -0.5043177433945121D+00
 -0.5139173945363062D+00 -0.5236943390503245D+00 -0.5336511918872834D+00
 -0.5437905490089013D+00 -0.5541149819882979D+00 -0.5646270322044052D+00
 -0.5753292046083219D+00 -0.5862239610388201D+00 -0.5973137130634193D+00
 -0.6086008143207071D+00 -0.6200875523388463D+00 -0.6317761398044807D+00
 -0.6436687052555593D+00 -0.6557672831709549D+00 -0.6680738034290886D+00
 -0.6805900801072496D+00 -0.6933177995927027D+00 -0.7062585079762914D+00
 -0.7194135976987904D+00 -0.7327842934199843D+00 -0.7463716370802433D+00
 -0.7601764721242444D+00 -0.7741994268565171D+00 -0.7884408968986509D+00
 -0.8029010267182963D+00 -0.8175796902005873D+00 -0.8324764702332864D+00
 -0.8475906372777974D+00 -0.8629211268993718D+00 -0.8784665162311430D+00
 -0.8942249993483098D+00 -0.9101943615307480D+00 -0.9263719523946428D+00
 -0.9427546578763801D+00 -0.9593388710550522D+00 -0.9761204618034052D+00
 -0.9930947452611070D+00 -0.1010256449128643D+01 -0.1027599679785312D+01
 -0.1045117887240336D+01 -0.1062803828932543D+01 -0.1080649532400976D+01
 -0.1098646256856567D+01 -0.1116784453693576D+01 -0.1135053725988824D+01
 -0.1153442787047075D+01 -0.1171939418062118D+01 -0.1190530424975355D+01
 -0.1209201594627011D+01 -0.1227937650309486D+01 -0.1246722206847910D+01
 -0.1265537725349888D+01 -0.1284365467784392D+01 -0.1303185451569163D+01
 -0.1321976404366837D+01 -0.1340715719312059D+01 -0.1359379410915473D+01
 -0.1377942071915526D+01 -0.1396376831375447D+01 -0.1414655314350793D+01
 -0.1432747603482258D+01 -0.1450622202899342D+01 -0.1468246004852538D+01
 -0.1485584259525317D+01 -0.1502600548511739D+01 -0.1519256762481427D+01
 -0.1535513083590246D+01 -0.1551327973232629D+01 -0.1566658165769473D+01
 -0.1581458668903864D+01 -0.1595682771415245D+01 -0.1609282059000563D+01
 -0.1622206439008197D+01 -0.1634404174886341D+01 -0.1645821931201933D+01
 -0.1656404830117978D+01 -0.1666096520246135D+01 -0.1674839258816693D+01
 -0.1682574008128739D+01 -0.1689240547258700D+01 -0.1694777600014430D+01
 -0.1699122980123492D+01 -0.1702213754637478D+01 -0.1703986426517298D+01
 -0.1704377137336696D+01 -0.1703321891000983D+01 -0.1700756799323747D+01
 -0.1696618350234849D+01 -0.1690843699306331D+01 -0.1683370985177657D+01
 -0.1674139669336226D+01 -0.1663090900561602D+01 -0.1650167904170731D+01
 -0.1635316396005264D+01 -0.1618485020878789D+01 -0.1599625814950735D+01
 -0.1578694691212732D+01 -0.1555651946962070D+01 -0.1530462791794174D+01
 -0.1503097894271539D+01 -0.1473533945020090D+01 -0.1441754233565968D+01
 -0.1407749235756934D+01 -0.1371517208114737D+01 -0.1333064784940021D+01
 -0.1292407573442774D+01 -0.1249570741602779D+01 -0.1204589592881461D+01
 -0.1157510121314459D+01 -0.1108389539921022D+01 -0.1057296774780398D+01
 -0.1004312916556656D+01 -0.9495316207135559D+00 -0.8930594471628139D+00
 -0.8350161296469696D+00 -0.7755347647878039D+00 -0.7147619104501103D+00
 -0.6528575828969145D+00 -0.5899951421656611D+00 -0.5263610551954119D+00
 -0.4621545265037015D+00 -0.3975869866689012D+00 -0.3328814295401635D+00
 -0.2682715899913950D+00 -0.2040009551758871D+00 -0.1403216036393615D+00
 -0.7749286832353486D-01 -0.1577982144823914D-01  0.4454841849825195D-01
  0.1032205549046939D+00  0.1599651507575376D+00  0.2145128273057650D+00
  0.2665986117216010D+00  0.3159644182706818D+00  0.3623616437799133D+00
  0.4055538543217699D+00  0.4453195360712743D+00  0.4814548793023356D+00
  0.5137765605475875D+00  0.5421244841441639D+00  0.5663644408297692D+00
  0.5863906378606281D+00  0.6021280524270568D+00  0.6135345580862704D+00
  0.6206027726635484D+00  0.6233615757405511D+00  0.6218772445963732D+00
  0.6162541594236997D+00  0.6066350319217251D+00  0.5932006160568094D+00
  0.5761688659376901D+00  0.5557935133944900D+00  0.5323620469582528D+00
  0.5061930844430259D+00  0.4776331431197293D+00  0.4470528243729938D+00
  0.4148424435301649D+00  0.3814071499755284D+00  0.3471615973933621D+00
  0.3125242386557381D+00  0.2779113340801143D+00  0.2437307750892185D+00
  0.2103758372485661D+00  0.1782189867576996D+00  0.1476058722504420D+00
  0.1188496387491944D+00  0.9222570237861993D-01  0.6796712258052647D-01
  0.4626070275597669D-01  0.2724394025213001D-01  0.1100293228155158D-01
 -0.2428674281071404D-02 -0.1306962406614120D-01 -0.2098984675837597D-01
 -0.2630809426020810D-01 -0.2918844499225925D-01 -0.2983573265975742D-01
 -0.2848999099748067D-01 -0.2542003929928817D-01 -0.2091636460582139D-01
 -0.1528348394249209D-01 -0.8831992722007962D-02 -0.1870522259976140D-02
  0.5302160624818962D-02  0.1240467645872765D-01  0.1917994849124704D-01
  0.2540129457422214D-01  0.3087750177505034D-01  0.3545672030748036D-01
  0.3902905112771076D-01  0.4152774561586785D-01  0.4292898459757793D-01
  0.4325025561726629D-01  0.4254739961682408D-01  0.4091044860275369D-01
  0.3845842210181420D-01  0.3533328997279813D-01  0.3169334053211084D-01
  0.2770621446811985D-01  0.2354187567930434D-01  0.1936578954086370D-01
  0.1533256729555087D-01  0.1158031289243583D-01  0.8225876713095723D-02
  0.5361180632129754D-02  0.3050732431508421D-02  0.1330396595718913D-02
  0.2074349656229512D-03 -0.3382232683495549D-03 -0.3515750175411725D-03
  0.1008587223850967D-03  0.9352471680367041D-03  0.2055259408357315D-02
  0.3357229155811287D-02  0.4735422956903529D-02  0.6087161871517881D-02
  0.7317561387023929D-02  0.8343681206228566D-02  0.9097913432349171D-02
  0.9530481661034445D-02  0.9610971476732785D-02  0.9328862136060406D-02
  0.8693077789306246D-02  0.7730622900295916D-02  0.6484409039585225D-02
  0.5010417064747582D-02  0.3374367670417083D-02  0.1648092260668237D-02
 -0.9419648464570751D-04 -0.1779539705657380D-02 -0.3339594813536797D-02
 -0.4713573342062656D-02 -0.5850636177711144D-02 -0.6711666714751073D-02
 -0.7270382578655138D-02 -0.7513785251288691D-02 -0.7441981718572096D-02
 -0.7067441274826562D-02 -0.6413772696120707D-02 -0.5514121680778349D-02
 -0.4409295914652557D-02 -0.3145726007755672D-02 -0.1773365855860168D-02
 -0.3436268729359607D-03  0.1092571787406591D-02  0.2486569293753461D-02
  0.3793493213841474D-02  0.4973517023428319D-02  0.5992823667609661D-02
  0.6824268006729342D-02  0.7447743749463782D-02  0.7850271488990300D-02
  0.8025833462701210D-02  0.7974987462242530D-02  0.7704296867133729D-02
  0.7225616056500022D-02  0.6555270656878083D-02  0.5713170455808832D-02
  0.4721889782917172D-02  0.3605746148252001D-02  0.2389903415124046D-02
  0.1099521138839126D-02 -0.2410327824839175D-03 -0.1608893165144784D-02
 -0.2983323104567100D-02 -0.4346248244116102D-02 -0.5682696977655386D-02
 -0.6981146497383646D-02 -0.8233776897736111D-02 -0.9436637398732311D-02
 -0.1058973003030680D-01 -0.1169701668479246D-01 -0.1276635485726411D-01
 -0.1380936642352806D-01
  0.0000000000000000D+00  0.6896720486020136D-04  0.7194314606165715D-04
  0.7504798992558061D-04  0.7828731841356096D-04  0.8166614775793859D-04
  0.8519394981636669D-04  0.8887585655207529D-04  0.9272282924450965D-04
  0.9673913934294595D-04  0.1009335122221938D-03  0.1053136650666782D-03
  0.1098878583783768D-03  0.1146648243609140D-03  0.1196536434245300D-03
  0.1248638309462561D-03  0.1303053488593251D-03  0.1359886225573705D-03
  0.1419245660423991D-03  0.1481246048164761D-03  0.1546007003782583D-03
  0.1613653761871107D-03  0.1684317447860843D-03  0.1758135363216870D-03
  0.1835251285092800D-03  0.1915815781046500D-03  0.1999986539658683D-03
  0.2087928717844201D-03  0.2179815305695317D-03  0.2275827509744680D-03
  0.2376155155574709D-03  0.2480997110745671D-03  0.2590561729061466D-03
  0.2705067317240740D-03  0.2824742625110951D-03  0.2949827360495472D-03
  0.3080572730017833D-03  0.3217242007103203D-03  0.3360111128515119D-03
  0.3509469320825313D-03  0.3665619758276142D-03  0.3828880253558582D-03
  0.3999583983094213D-03  0.4178080248476571D-03  0.4364735275796012D-03
  0.4559933054642381D-03  0.4764076218651834D-03  0.4977586969536745D-03
  0.5200908046612162D-03  0.5434503743907139D-03  0.5678860977025145D-03
  0.5934490401993957D-03  0.6201927588421895D-03  0.6481734249353047D-03
  0.6774499530290202D-03  0.7080841359928052D-03  0.7401407865212582D-03
  0.7736878853412840D-03  0.8087967363959631D-03  0.8455421292869776D-03
  0.8840025092634946D-03  0.9242601550508801D-03  0.9664013648175310D-03
  0.1010516650582243D-02  0.1056700941367851D-02  0.1105053795409235D-02
  0.1155679621724990D-02  0.1208687911362017D-02  0.1264193478620738D-02
  0.1322316712565566D-02  0.1383183839120155D-02  0.1446927194039947D-02
  0.1513685507045068D-02  0.1583604197384649D-02  0.1656835681088675D-02
  0.1733539690145468D-02  0.1813883603821077D-02  0.1898042792311422D-02
  0.1986200972888003D-02  0.2078550578663299D-02  0.2175293140062180D-02
  0.2276639679039856D-02  0.2382811116035109D-02  0.2494038689588733D-02
  0.2610564388490919D-02  0.2732641396246956D-02  0.2860534547567652D-02
  0.2994520796497834D-02  0.3134889695693683D-02  0.3281943886245137D-02
  0.3435999597313308D-02  0.3597387154713883D-02  0.3766451497423932D-02
  0.3943552700821477D-02  0.4129066505283053D-02  0.4323384848562838D-02
  0.4526916400157575D-02  0.4740087095622109D-02  0.4963340668540769D-02
  0.5197139177577865D-02  0.5441963525725936D-02  0.5698313968541016D-02
  0.5966710607798954D-02  0.6247693866625340D-02  0.6541824941741240D-02
  0.6849686228027613D-02  0.7171881710141700D-02  0.7509037315417182D-02
  0.7861801221746803D-02  0.8230844113579012D-02  0.8616859378560372D-02
  0.9020563236720954D-02  0.9442694793431490D-02  0.9884016006658456D-02
  0.1034531155830782D-01  0.1082738861867951D-01  0.1133107649225511D-01
  0.1185722613221345D-01  0.1240670951021303D-01  0.1298041882710252D-01
  0.1357926554932306D-01  0.1420417925485437D-01  0.1485610627163729D-01
  0.1553600809048401D-01  0.1624485953357348D-01  0.1698364665873230D-01
  0.1775336437883202D-01  0.1855501377480415D-01  0.1938959908000112D-01
  0.2025812431292690D-01  0.2116158953474913D-01  0.2210098670749994D-01
  0.2307729512850296D-01  0.2409147641635073D-01  0.2514446902373227D-01
  0.2623718225259867D-01  0.2737048974759770D-01  0.2854522244443203D-01
  0.2976216095085176D-01  0.3102202733940774D-01  0.3232547633292740D-01
  0.3367308586596470D-01  0.3506534700828114D-01  0.3650265323977780D-01
  0.3798528907028650D-01  0.3951341800228435D-01  0.4108706983999019D-01
  0.4270612735448227D-01  0.4437031232151098D-01  0.4607917095661434D-01
  0.4783205878104559D-01  0.4962812496192762D-01  0.5146629618101462D-01
  0.5334526009850128D-01  0.5526344849150107D-01  0.5721902016114344D-01
  0.5920984371770785D-01  0.6123348036981895D-01  0.6328716686143275D-01
  0.6536779871909479D-01  0.6747191399166209D-01  0.6959567768524903D-01
  0.7173486711741525D-01  0.7388485843639660D-01  0.7604061457323726D-01
  0.7819667491675254D-01  0.8034714702298759D-01  0.8248570069187473D-01
  0.8460556476366463D-01  0.8669952700592171D-01  0.8875993747786105D-01
  0.9077871577191533D-01  0.9274736254198192D-01  0.9465697573302417D-01
  0.9649827192679912D-01  0.9826161321257046D-01  0.9993703997885499D-01
  0.1015143100015989D+00  0.1029829441747653D+00  0.1043322791901910D+00
  0.1055515274238672D+00  0.1066298442246659D+00  0.1075564027282507D+00
  0.1083204762328342D+00  0.1089115280741427D+00  0.1093193088241156D+00
  0.1095339605114581D+00  0.1095461274223656D+00  0.1093470728869949D+00
  0.1089288012923522D+00  0.1082841843862534D+00  0.1074070907513802D+00
  0.1062925171350431D+00  0.1049367201214020D+00  0.1033373464314897D+00
  0.1014935599360861D+00  0.9940616327110478D-01  0.9707771176077443D-01
  0.9451261718519624D-01  0.9171723878408206D-01  0.8869995877422092D-01
  0.8547123958346545D-01  0.8204365997716502D-01  0.7843192728284057D-01
  0.7465286301393019D-01  0.7072535936136204D-01  0.6667030426921930D-01
  0.6251047314302781D-01  0.5827038565966369D-01  0.5397612665783282D-01
  0.4965513068644266D-01  0.4533593047124258D-01  0.4104787032129106D-01
  0.3682078632651447D-01  0.3268465608315502D-01  0.2866922160934273D-01
  0.2480359005932360D-01  0.2111581778989572D-01  0.1763248425136330D-01
  0.1437826304023620D-01  0.1137549823221463D-01  0.8643794780260859D-02
  0.6199632281257104D-02  0.4056011753098773D-02  0.2222145189914564D-02
  0.7031975460346868D-03 -0.4999095880205000D-03 -0.1390624034692683D-02
 -0.1976811210893533D-02 -0.2270718157100686D-02 -0.2288848753386411D-02
 -0.2051747387802155D-02 -0.1583690542317727D-02 -0.9122881911599954D-03
 -0.6799950584690939D-04  0.9164299453088618D-03  0.2006599617413985D-02
  0.3167141539981030D-02  0.4362449105739204D-02  0.5557430102281389D-02
  0.6718265287606716D-02  0.7813152589051268D-02  0.8813016338099257D-02
  0.9692160900141137D-02  0.1042884866521041D-01  0.1100578367031485D-01
  0.1141048414266607D-01  0.1163552998464164D-01  0.1167867462670060D-01
  0.1154281467845563D-01  0.1123581528950119D-01  0.1077019392834410D-01
  0.1016267020380376D-01  0.9433594171124118D-02  0.8606270061525137D-02
  0.7706196335490127D-02  0.6760246198492958D-02  0.5795815081299385D-02
  0.4839962969592522D-02  0.3918579812620701D-02  0.3055601540416531D-02
  0.2272302511304788D-02  0.1586687571149217D-02  0.1013003437636799D-02
  0.5613849519683551D-03  0.2376470052064923D-03  0.4322779468639067D-04
 -0.2471634766056074D-04  0.2693017591053051D-04  0.1876189638046139D-03
  0.4436341010647659D-03  0.7786878859149394D-03  0.1174591362233363D-02
  0.1611972280678392D-02  0.2071011391185204D-02  0.2532167650193935D-02
  0.2976864103073807D-02  0.3388108793666342D-02  0.3751028829758531D-02
  0.4053300312453867D-02  0.4285461821173789D-02  0.4441104223957582D-02
  0.4516934607353733D-02  0.4512717067315579D-02  0.4431097961354268D-02
  0.4277327888200802D-02  0.4058896901476997D-02  0.3785102958478349D-02
  0.3466576040654386D-02  0.3114781522355455D-02  0.2741526112150690D-02
  0.2358488085944691D-02  0.1976790749694814D-02  0.1606634381915422D-02
  0.1256997643961898D-02  0.9354149582803862D-03  0.6478319704742182D-03
  0.3985372106100711D-03  0.1901646636147092D-03  0.2375928110266896D-04
 -0.1011044262502351D-03 -0.1861616970818958D-03 -0.2342661219532387D-03
 -0.2491787385379482D-03 -0.2353481348060963D-03 -0.1976910289172105D-03
 -0.1413815042040452D-03 -0.7165564138515345D-04  0.6363197337971281D-05
  0.8781465679440583D-04  0.1682248840986496D-03  0.2436021682834805D-03
  0.3105048252173168D-03  0.3660824264507609D-03  0.4080922839378328D-03
  0.4348937184527720D-03  0.4454230552884220D-03  0.4391525128200842D-03
  0.4160361983737088D-03  0.3764463294233975D-03  0.3211025941336046D-03
  0.2509972903660551D-03  0.1673185711017476D-03  0.7137380283192898D-04
 -0.3548526985658403D-04 -0.1519341561428547D-03 -0.2767429222619130D-03
 -0.4088382859786400D-03 -0.5473598312207725D-03 -0.6917098316212696D-03
 -0.8415962569343760D-03 -0.9970685094827225D-03 -0.1158545220078951D-02
 -0.1326833023498088D-02
  0.0000000000000000D+00 -0.1240499975089705D-06 -0.1330858265677148D-06
 -0.1427808488105716D-06 -0.1531831483894460D-06 -0.1643416147214015D-06
 -0.1763258776345592D-06 -0.1891889366887469D-06 -0.2030143693404709D-06
 -0.2178596650723588D-06 -0.2338058634596026D-06 -0.2509340593384670D-06
 -0.2693317473360624D-06 -0.2890938604360436D-06 -0.3103221038707907D-06
 -0.3331259435127762D-06 -0.3576231918168334D-06 -0.3839405783860945D-06
 -0.4122144696595087D-06 -0.4425916075627273D-06 -0.4752299060013994D-06
 -0.5102993162291159D-06 -0.5479827576063953D-06 -0.5884771220592240D-06
 -0.6319943582528460D-06 -0.6787626413423784D-06 -0.7290276354269663D-06
 -0.7830538561642108D-06 -0.8411261415982335D-06 -0.9035512399644033D-06
 -0.9706595239331765D-06 -0.1042806841534112D-05 -0.1120376514845810D-05
 -0.1203781498448096D-05 -0.1293466710620062D-05 -0.1389911551336762D-05
 -0.1493632622274651D-05 -0.1605186665288853D-05 -0.1725173737182008D-05
 -0.1854240640052991D-05 -0.1993084628103569D-05 -0.2142457413501789D-05
 -0.2303169495763480D-05 -0.2476094841128814D-05 -0.2662175940592174D-05
 -0.2862429277603733D-05 -0.3077951239014770D-05 -0.3309924505600922D-05
 -0.3559624961485671D-05 -0.3828429165017447D-05 -0.4117822427148068D-05
 -0.4429407547137580D-05 -0.4764914259494330D-05 -0.5126209450471754D-05
 -0.5515308207212473D-05 -0.5934385767781379D-05 -0.6385790445893543D-05
 -0.6872057610150666D-05 -0.7395924804085950D-05 -0.7960348100316677D-05
 -0.8568519789656766D-05 -0.9223887514187564D-05 -0.9930174962069540D-05
 -0.1069140425134604D-04 -0.1151192014019345D-04 -0.1239641621206271D-04
 -0.1334996319599109D-04 -0.1437803959510001D-04 -0.1548656480999812D-04
 -0.1668193495854496D-04 -0.1797106160926962D-04 -0.1936141366275473D-04
 -0.2086106263356844D-04 -0.2247873160493387D-04 -0.2422384814935673D-04
 -0.2610660153097337D-04 -0.2813800452952661D-04 -0.3032996025172492D-04
 -0.3269533432338615D-04 -0.3524803288531777D-04 -0.3800308684744455D-04
 -0.4097674288936821D-04 -0.4418656173144374D-04 -0.4765152423869038D-04
 -0.5139214596053637D-04 -0.5543060075262640D-04 -0.5979085417281795D-04
 -0.6449880739214494D-04 -0.6958245241304936D-04 -0.7507203944164806D-04
 -0.8100025731830343D-04 -0.8740242797137206D-04 -0.9431671592275933D-04
 -0.1017843539408550D-03 -0.1098498860065783D-03 -0.1185614288315896D-03
 -0.1279709532442155D-03 -0.1381345868381653D-03 -0.1491129393615921D-03
 -0.1609714524092773D-03 -0.1737807750684656D-03 -0.1876171672588378D-03
 -0.2025629325989088D-03 -0.2187068827243040D-03 -0.2361448350773345D-03
 -0.2549801462813816D-03 -0.2753242833069887D-03 -0.2972974347283258D-03
 -0.3210291644576907D-03 -0.3466591104306736D-03 -0.3743377307940235D-03
 -0.4042271002204483D-03 -0.4365017590375323D-03 -0.4713496179094585D-03
 -0.5089729208478205D-03 -0.5495892693484836D-03 -0.5934327104521540D-03
 -0.6407548915033331D-03 -0.6918262843316688D-03 -0.7469374814968841D-03
 -0.8064005671184282D-03 -0.8705505646483634D-03 -0.9397469637344545D-03
 -0.1014375328053615D-02 -0.1094848985666012D-02 -0.1181610803039724D-02
 -0.1275135043415724D-02 -0.1375929309613960D-02 -0.1484536570713208D-02
 -0.1601537271258990D-02 -0.1727551520753831D-02 -0.1863241360149540D-02
 -0.2009313100879200D-02 -0.2166519730622688D-02 -0.2335663378479967D-02
 -0.2517597830514676D-02 -0.2713231084712415D-02 -0.2923527932256196D-02
 -0.3149512549640645D-02 -0.3392271083509571D-02 -0.3652954207193295D-02
 -0.3932779624726605D-02 -0.4233034494631738D-02 -0.4555077741939108D-02
 -0.4900342222782313D-02 -0.5270336701432378D-02 -0.5666647594825283D-02
 -0.6090940434484392D-02 -0.6544960990247840D-02 -0.7030535994390042D-02
 -0.7549573398591107D-02 -0.8104062089781417D-02 -0.8696070984204414D-02
 -0.9327747412141343D-02 -0.1000131469868376D-01 -0.1071906883879204D-01
 -0.1148337415772619D-01 -0.1229665784088145D-01 -0.1316140321022809D-01
 -0.1408014161808348D-01 -0.1505544282300305D-01 -0.1608990370735469D-01
 -0.1718613519185582D-01 -0.1834674719924830D-01 -0.1957433151763927D-01
 -0.2087144241414859D-01 -0.2224057485170789D-01 -0.2368414016652243D-01
 -0.2520443907121839D-01 -0.2680363185948083D-01 -0.2848370570248174D-01
 -0.3024643894606029D-01 -0.3209336234093185D-01 -0.3402571716663778D-01
 -0.3604441024399319D-01 -0.3814996587089749D-01 -0.4034247476298967D-01
 -0.4262154013414381D-01 -0.4498622111255676D-01 -0.4743497375643886D-01
 -0.4996559000924682D-01 -0.5257513501805592D-01 -0.5525988332995364D-01
 -0.5801525458001561D-01 -0.6083574939003329D-01 -0.6371488630905464D-01
 -0.6664514074403853D-01 -0.6961788695031733D-01 -0.7262334427554566D-01
 -0.7565052897547697D-01 -0.7868721304287378D-01 -0.8171989160926298D-01
 -0.8473376058969109D-01 -0.8771270633910175D-01 -0.9063930917082171D-01
 -0.9349486264781995D-01 -0.9625941058971683D-01 -0.9891180373758526D-01
 -0.1014297779768777D+00 -0.1037900559309909D+00 -0.1059684735968192D+00
 -0.1079401334939390D+00 -0.1096795855354555D+00 -0.1111610364969982D+00
 -0.1123585885579729D+00 -0.1132465069144412D+00 -0.1137995159160338D+00
 -0.1139931225620099D+00 -0.1138039655078670D+00 -0.1132101869898968D+00
 -0.1121918242792644D+00 -0.1107312164406233D+00 -0.1088134213067527D+00
 -0.1064266367068091D+00 -0.1035626191210183D+00 -0.1002170921013780D+00
 -0.9639013602140400D-01 -0.9208655002601139D-01 -0.8731617647559545D-01
 -0.8209417774864514D-01 -0.7644125501872941D-01 -0.7038379858926232D-01
 -0.6395395958790523D-01 -0.5718963332539374D-01 -0.5013434544202647D-01
 -0.4283703312550903D-01 -0.3535171520630372D-01 -0.2773704683185349D-01
 -0.2005575668792992D-01 -0.1237396735785820D-01 -0.4760402354663155D-02
  0.2714513426819205D-02  0.9979649687019256D-02  0.1696424947916211D-01
  0.2359907362387406D-01  0.2981759033819739D-01  0.3555718661144729D-01
  0.4076037526599435D-01  0.4537596960032399D-01  0.4936019612477083D-01
  0.5267771524783864D-01  0.5530251990313272D-01  0.5721868307712862D-01
  0.5842092704555042D-01  0.5891498989879024D-01  0.5871776869459416D-01
  0.5785722332618244D-01  0.5637203094010228D-01  0.5431098737281266D-01
  0.5173215943590811D-01  0.4870179970422447D-01  0.4529304342396390D-01
  0.4158441489181267D-01  0.3765817778332362D-01  0.3359857007555609D-01
  0.2948996911025255D-01  0.2541503574828823D-01  0.2145288832424622D-01
  0.1767735716298333D-01  0.1415536879072697D-01  0.1094550575710322D-01
  0.8096783330687854D-02  0.5647678422129624D-02  0.3625439123021523D-02
  0.2045695420760590D-02  0.9123831436187106D-03  0.2179841775029078D-03
 -0.5592335668127863D-04  0.6217921046478221D-04  0.5348642615734995D-03
  0.1317105489596015D-02  0.2357817054937370D-02  0.3601534103025726D-02
  0.4990178758521483D-02  0.6464852235420080D-02  0.7967592891139736D-02
  0.9443042218486686D-02  0.1083996578653286D-01  0.1211258352737068D-01
  0.1322167262337322D-01  0.1413541565861633D-01  0.1482997600294223D-01
  0.1528979144337352D-01  0.1550758610893870D-01  0.1548411006577373D-01
  0.1522762562725288D-01  0.1475316904041320D-01  0.1408162503500522D-01
  0.1323865891321582D-01  0.1225355566605087D-01  0.1115801757042124D-01
  0.9984970689929757D-02  0.8767426856529596D-02  0.7537441479027467D-02
  0.6325199530550211D-02  0.5158253027793539D-02  0.4060923955913110D-02
  0.3053877579104168D-02  0.2153862951763671D-02  0.1373610600294311D-02
  0.7218720083414149D-03  0.2035817805423863D-03 -0.1798788778666873D-03
 -0.4303396040055296D-03 -0.5524412159301711D-03 -0.5531997566489938D-03
 -0.4415532451365166D-03 -0.2279078905177422D-03  0.7630195839167383D-04
  0.4590284536726957D-03  0.9079903995732456D-03  0.1411012365786413D-02
  0.1956318626983279D-02  0.2532780047674692D-02  0.3130114090860318D-02
  0.3739039945384198D-02  0.4351392300825597D-02  0.4960198499970974D-02
  0.5559724653832253D-02  0.6145496797857787D-02  0.6714303341698011D-02
  0.7264184963918249D-02  0.7794417803569487D-02  0.8305495366157122D-02
  0.8799114059233230D-02  0.9278166714764089D-02  0.9746747853998733D-02
  0.1021017375176963D-01  0.1067501947807548D-01  0.1114917391731087D-01
  0.1164191208352875D-01  0.1216398163391597D-01  0.1272769670795636D-01
  0.1334702765365996D-01
  0.0000000000000000D+00  0.1401794164481521D-06  0.1503901303923254D-06
  0.1613457503096652D-06  0.1731006126645988D-06  0.1857099639087321D-06
  0.1992524878507113D-06  0.2137880753989530D-06  0.2294111716346370D-06
  0.2461867412454522D-06  0.2642063613427436D-06  0.2835616714843862D-06
  0.3043515431569799D-06  0.3266832534488324D-06  0.3506717322941256D-06
  0.3764406793925606D-06  0.4041232263485140D-06  0.4338625814249375D-06
  0.4658128428153173D-06  0.5001398333439744D-06  0.5370220005294932D-06
  0.5766513944795447D-06  0.6192347196796710D-06  0.6649944700650736D-06
  0.7141701541734667D-06  0.7670196170026988D-06  0.8238204666265985D-06
  0.8848716139954317D-06  0.9504949350215377D-06  0.1021037064852690D-05
  0.1096871335026078D-05  0.1178399865075671D-05  0.1266055821120277D-05
  0.1360305854988519D-05  0.1461652738552726D-05  0.1570638209151869D-05
  0.1687846043291468D-05  0.1813905377224389D-05  0.1949494294549428D-05
  0.2095343702624176D-05  0.2252241521385102D-05  0.2421037210112279D-05
  0.2602646659781026D-05  0.2798057480920278D-05  0.3008334719362588D-05
  0.3234627034937613D-05  0.3478173381046631D-05  0.3740310226177096D-05
  0.4022479361792677D-05  0.4326236344685753D-05  0.4653259625827701D-05
  0.5005360422021262D-05  0.5384493391273624D-05  0.5792768177795641D-05
  0.6232461897921757D-05  0.6706032644065965D-05  0.7216134090117071D-05
  0.7765631288465416D-05  0.8357617756182837D-05  0.8995433955787330D-05
  0.9682687284558837D-05  0.1042327369557782D-04  0.1122140108358504D-04
  0.1208161457946062D-04  0.1300882390865033D-04  0.1400833298128676D-04
  0.1508587189512581D-04  0.1624763154681218D-04  0.1750030106247219D-04
  0.1885110827528550D-04  0.2030786349558484D-04  0.2187900683826222D-04
  0.2357365939290780D-04  0.2540167854426416D-04  0.2737371777434414D-04
  0.2950129130303387D-04  0.3179684395128575D-04  0.3427382664021703D-04
  0.3694677797066832D-04  0.3983141236117059D-04  0.4294471525793090D-04
  0.4630504596849925D-04  0.4993224871134735D-04  0.5384777251679372D-04
  0.5807480066068103D-04  0.6263839036106062D-04  0.6756562352000694D-04
  0.7288576934765740D-04  0.7863045976380041D-04  0.8483387853387730D-04
  0.9153296516124393D-04  0.9876763462602152D-04  0.1065810141329099D-03
  0.1150196981059868D-03  0.1241340227477897D-03  0.1339783615628400D-03
  0.1446114433322030D-03  0.1560966941155444D-03  0.1685026049503479D-03
  0.1819031270142547D-03  0.1963780961156435D-03  0.2120136884792318D-03
  0.2289029098971945D-03  0.2471461204215903D-03  0.2668515968800550D-03
  0.2881361356030391D-03  0.3111256978564026D-03  0.3359561005768575D-03
  0.3627737551083210D-03  0.3917364567332421D-03  0.4230142278826877D-03
  0.4567902179905502D-03  0.4932616630283555D-03  0.5326409078153434D-03
  0.5751564942409578D-03  0.6210543185602378D-03  0.6705988609233539D-03
  0.7240744902745805D-03  0.7817868476986541D-03  0.8440643111989141D-03
  0.9112595447558996D-03  0.9837511343312715D-03  0.1061945313242877D-02
  0.1146277779035173D-02  0.1237215603596495D-02  0.1335259237822109D-02
  0.1440944611579377D-02  0.1554845329088380D-02  0.1677574959076223D-02
  0.1809789418183700D-02  0.1952189445085778D-02  0.2105523161618239D-02
  0.2270588715867015D-02  0.2448237000658127D-02  0.2639374439168687D-02
  0.2844965827445366D-02  0.3066037221448728D-02  0.3303678853821586D-02
  0.3559048062888723D-02  0.3833372213415531D-02  0.4127951585366504D-02
  0.4444162203293420D-02  0.4783458575031724D-02  0.5147376304076409D-02
  0.5537534535334165D-02  0.5955638188895827D-02  0.6403479931036327D-02
  0.6882941825826793D-02  0.7395996604537975D-02  0.7944708483435916D-02
  0.8531233453637927D-02  0.9157818959434311D-02  0.9826802873928250D-02
  0.1054061167304957D-01  0.1130175770102255D-01  0.1211283541229114D-01
  0.1297651646682287D-01  0.1389554354774237D-01  0.1487272276252369D-01
  0.1591091448165818D-01  0.1701302246200148D-01  0.1818198109610215D-01
  0.1942074062397300D-01  0.2073225014025870D-01  0.2211943822789406D-01
  0.2358519104947435D-01  0.2513232773005243D-01  0.2676357287035129D-01
  0.2848152603787063D-01  0.3028862809555329D-01  0.3218712424405703D-01
  0.3417902367477114D-01  0.3626605575706394D-01  0.3844962271538543D-01
  0.4073074879032278D-01  0.4311002592303449D-01  0.4558755605517088D-01
  0.4816289019686496D-01  0.5083496448403942D-01  0.5360203352341390D-01
  0.5646160140940454D-01  0.5941035089164669D-01  0.6244407127503541D-01
  0.6555758574568879D-01  0.6874467893559036D-01  0.7199802566510928D-01
  0.7530912193508719D-01  0.7866821937736432D-01  0.8206426451272335D-01
  0.8548484430610993D-01  0.8891613964793982D-01  0.9234288852410449D-01
  0.9574836076209277D-01  0.9911434635191142D-01  0.1024211594329879D+00
  0.1056476601062370D+00  0.1087712962669711D+00  0.1117681676532640D+00
  0.1146131142572258D+00  0.1172798311473812D+00  0.1197410115908015D+00
  0.1219685201379322D+00  0.1239335970351257D+00  0.1256070949552064D+00
  0.1269597485816328D+00  0.1279624770453192D+00  0.1285867185950313D+00
  0.1288047961846543D+00  0.1285903118879657D+00  0.1279185672107261D+00
  0.1267670054705472D+00  0.1251156714695842D+00  0.1229476827092451D+00
  0.1202497054085066D+00  0.1170124276101904D+00  0.1132310207178915D+00
  0.1089055799287253D+00  0.1040415332451189D+00  0.9865000809683101D-01
  0.9274814411879007D-01  0.8635934034958430D-01  0.7951342507886669D-01
  0.7224673681889075D-01  0.6460210544386540D-01  0.5662872346585269D-01
  0.4838189872749944D-01  0.3992268151255498D-01  0.3131736121706225D-01
  0.2263683028606676D-01  0.1395581608452992D-01  0.5351984698632969D-02
 -0.3095075706322208D-02 -0.1130498049844402D-01 -0.1919776773617144D-01
 -0.2669519151678255D-01 -0.3372206641251278D-01 -0.4020763647186994D-01
 -0.4608693933189857D-01 -0.5130213368099720D-01 -0.5580375674461547D-01
 -0.5955187772895090D-01 -0.6251711330726224D-01 -0.6468147233009397D-01
 -0.6603899902892535D-01 -0.6659618711650900D-01 -0.6637214143430181D-01
 -0.6539846916582126D-01 -0.6371888912906848D-01 -0.6138855515968989D-01
 -0.5847309791579043D-01 -0.5504739827829110D-01 -0.5119411452023180D-01
 -0.4700199415902884D-01 -0.4256400946074928D-01 -0.3797536253487462D-01
 -0.3333141149722903D-01 -0.2872557302625647D-01 -0.2424725862465892D-01
 -0.1997990195814776D-01 -0.1599913280142599D-01 -0.1237114948645480D-01
 -0.9151336488095950D-02 -0.6383167104085961D-02 -0.4097423313056259D-02
 -0.2311756046627532D-02 -0.1030599497393275D-02 -0.2454428975276037D-03
  0.6454736853719889D-04 -0.6842679293386847D-04 -0.6020536033808838D-03
 -0.1485434784351545D-02 -0.2660825421606343D-02 -0.4065533576629300D-02
 -0.5633916476648134D-02 -0.7299406184561329D-02 -0.8996496733602338D-02
 -0.1066262715962902D-01 -0.1223990053462914D-01 -0.1367658745293455D-01
 -0.1492837243316065D-01 -0.1595931233416467D-01 -0.1674248640179541D-01
 -0.1726032779055272D-01 -0.1750463661576239D-01 -0.1747628514228167D-01
 -0.1718463664701416D-01 -0.1664671036502598D-01 -0.1588613490601114D-01
 -0.1493194065750060D-01 -0.1381724712540890D-01 -0.1257790338582436D-01
 -0.1125113865463730D-01 -0.9874275632217629D-02 -0.8483552234511129D-02
 -0.7113088283711291D-02 -0.5794023511933783D-02 -0.4553842650592006D-02
 -0.3415893187952173D-02 -0.2399092192005067D-02 -0.1517810857985914D-02
 -0.7819194063866013D-03 -0.1969707094041821D-03  0.2355015060003155D-03
  0.5175950206207802D-03  0.6545868938904937D-03  0.6544401717321800D-03
  0.5272910170898914D-03  0.2849352115365623D-03 -0.5966983006703388D-04
 -0.4928743253867833D-03 -0.1000766396737005D-02 -0.1569555935325486D-02
 -0.2185907370319995D-02 -0.2837219203787335D-02 -0.3511850499992806D-02
 -0.4199296570404189D-02 -0.4890317828989801D-02 -0.5577027149440034D-02
 -0.6252942021233181D-02 -0.6913008358305774D-02 -0.7553603009071332D-02
 -0.8172521900964635D-02 -0.8768960412573227D-02 -0.9343492073502171D-02
 -0.9898051121563993D-02 -0.1043592381177588D-01 -0.1096175268468426D-01
 -0.1148155719984762D-01 -0.1200277312736775D-01 -0.1253431172842740D-01
 -0.1308663780588871D-01 -0.1367186289928988D-01 -0.1430384551805338D-01
 -0.1499828496829165D-01
  0.0000000000000000D+00 -0.6554444043343903D-11 -0.7231786488121472D-11
 -0.7979192634940189D-11 -0.8803910047733795D-11 -0.9713712574494392D-11
 -0.1071869857805130D-10 -0.1182805681372509D-10 -0.1305446284125317D-10
 -0.1440888638366044D-10 -0.1590528738019793D-10 -0.1755852320888479D-10
 -0.1938503920396514D-10 -0.2140311687515215D-10 -0.2363293156573596D-10
 -0.2609680808931578D-10 -0.2881945008303140D-10 -0.3182818693828112D-10
 -0.3515326002155777D-10 -0.3882813522780936D-10 -0.4288984965826678D-10
 -0.4737939673662903D-10 -0.5234215292983012D-10 -0.5782835108614550D-10
 -0.6389360551142516D-10 -0.7059949445413149D-10 -0.7801420638832569D-10
 -0.8621325716304710D-10 -0.9528028588655571D-10 -0.1053079383017582D-09
 -0.1163988473929051D-09 -0.1286667220630673D-09 -0.1422375559455689D-09
 -0.1572509697762936D-09 -0.1738617022735674D-09 -0.1922412661661021D-09
 -0.2125797878973925D-09 -0.2350880516395387D-09 -0.2599997705957875D-09
 -0.2875741111869559D-09 -0.3180984986339391D-09 -0.3518917357013694D-09
 -0.3893074699952098D-09 -0.4307380492531381D-09 -0.4766188085799152D-09
 -0.5274328386141544D-09 -0.5837162892293804D-09 -0.6460642696380599D-09
 -0.7151374127580904D-09 -0.7916691795017230D-09 -0.8764739873505307D-09
 -0.9704562572928985D-09 -0.1074620484038524D-08 -0.1190082446520449D-08
 -0.1318081689193648D-08 -0.1459995419704149D-08 -0.1617353985316325D-08
 -0.1791858109251264D-08 -0.1985398089032284D-08 -0.2200075182309484D-08
 -0.2438225431722339D-08 -0.2702446209477933D-08 -0.2995625794816813D-08
 -0.3320976333806884D-08 -0.3682070571378638D-08 -0.4082882790684456D-08
 -0.4527834445266266D-08 -0.5021845025762493D-08 -0.5570388765639390D-08
 -0.6179557860455739D-08 -0.6856132953283871D-08 -0.7607661726061807D-08
 -0.8442546533854612D-08 -0.9370142127431473D-08 -0.1040086463048075D-07
 -0.1154631307262691D-07 -0.1281940492975583D-07 -0.1423452729076779D-07
 -0.1580770545670732D-07 -0.1755679098645264D-07 -0.1950167143518162D-07
 -0.2166450429036261D-07 -0.2406997789800109D-07 -0.2674560249261956D-07
 -0.2972203480160066D-07 -0.3303344009212671D-07 -0.3671789597150543D-07
 -0.4081784274412607D-07 -0.4538058567611745D-07 -0.5045885512811181D-07
 -0.5611143119397168D-07 -0.6240384023639120D-07 -0.6940913154710433D-07
 -0.7720874328895790D-07 -0.8589346790941414D-07 -0.9556452836093079D-07
 -0.1063347777352457D-06 -0.1183300363290861D-06 -0.1316905817228126D-06
 -0.1465728091867576D-06 -0.1631510816503679D-06 -0.1816197905954373D-06
 -0.2021956515881106D-06 -0.2251202607673589D-06 -0.2506629414858300D-06
 -0.2791239134790234D-06 -0.3108378204506269D-06 -0.3461776558377531D-06
 -0.3855591307943980D-06 -0.4294455331429582D-06 -0.4783531312325111D-06
 -0.5328571823535636D-06 -0.5935986116386240D-06 -0.6612914342786202D-06
 -0.7367310014601103D-06 -0.8208031587369538D-06 -0.9144944146542101D-06
 -0.1018903227407794D-05 -0.1135252528220519D-05 -0.1264903612017438D-05
 -0.1409371538968125D-05 -0.1570342204609963D-05 -0.1749691251660297D-05
 -0.1949505013350691D-05 -0.2172103696260666D-05 -0.2420067030283002D-05
 -0.2696262634603631D-05 -0.3003877371514547D-05 -0.3346451984585359D-05
 -0.3727919344274744D-05 -0.4152646652543518D-05 -0.4625481988497018D-05
 -0.5151805609593449D-05 -0.5737586457532998D-05 -0.6389444354615708D-05
 -0.7114718415104107D-05 -0.7921542236916388D-05 -0.8818926481726989D-05
 -0.9816849496138647D-05 -0.1092635667284520D-04 -0.1215966929838863D-04
 -0.1353030368291264D-04 -0.1505320141685545D-04 -0.1674487164928892D-04
 -0.1862354633203829D-04 -0.2070934942205171D-04 -0.2302448108087603D-04
 -0.2559341795352822D-04 -0.2844313064828208D-04 -0.3160331957255272D-04
 -0.3510667030650851D-04 -0.3898912971338672D-04 -0.4329020399162091D-04
 -0.4805327986634368D-04 -0.5332597009386914D-04 -0.5916048440930619D-04
 -0.6561402698102326D-04 -0.7274922134251070D-04 -0.8063456364796629D-04
 -0.8934490493810973D-04 -0.9896196290220582D-04 -0.1095748633756723D-03
 -0.1212807115139686D-03 -0.1341851922266814D-03 -0.1484031990340579D-03
 -0.1640594900149578D-03 -0.1812893689431790D-03 -0.2002393890510825D-03
 -0.2210680761082481D-03 -0.2439466666514134D-03 -0.2690598562431934D-03
 -0.2966065515651562D-03 -0.3268006189596973D-03 -0.3598716207206141D-03
 -0.3960655289912547D-03 -0.4356454055596537D-03 -0.4788920341438896D-03
 -0.5261044899401193D-03 -0.5776006292681636D-03 -0.6337174801045956D-03
 -0.6948115121559597D-03 -0.7612587629151010D-03 -0.8334547938872084D-03
 -0.9118144489012761D-03 -0.9967713841782858D-03 -0.1088777337657882D-02
 -0.1188301103048912D-02 -0.1295827172235873D-02 -0.1411854008122756D-02
 -0.1536891908820028D-02 -0.1671460423385179D-02 -0.1816085279225235D-02
 -0.1971294781891153D-02 -0.2137615649467695D-02 -0.2315568246232759D-02
 -0.2505661183868187D-02 -0.2708385263377838D-02 -0.2924206737161525D-02
 -0.3153559878492584D-02 -0.3396838855087797D-02 -0.3654388914595897D-02
 -0.3926496902738409D-02 -0.4213381149535878D-02 -0.4515180775540454D-02
 -0.4831944488235509D-02 -0.5163618958658633D-02 -0.5510036889739378D-02
 -0.5870904910602617D-02 -0.6245791454942022D-02 -0.6634114806163363D-02
 -0.7035131516951391D-02 -0.7447925435715358D-02 -0.7871397596452397D-02
 -0.8304257251242460D-02 -0.8745014345096554D-02 -0.9191973750327627D-02
 -0.9643231591048443D-02 -0.1009667399674813D-01 -0.1054997862601432D-01
 -0.1100061929614792D-01 -0.1144587404041134D-01 -0.1188283689069684D-01
 -0.1230843364832960D-01 -0.1271944185841095D-01 -0.1311251514271165D-01
 -0.1348421197205107D-01 -0.1383102887119713D-01 -0.1414943794801221D-01
 -0.1443592852494742D-01 -0.1468705252698433D-01 -0.1489947314860549D-01
 -0.1507001618710918D-01 -0.1519572329532567D-01 -0.1527390627886635D-01
 -0.1530220144720033D-01 -0.1527862292959412D-01 -0.1520161379096187D-01
 -0.1507009373218268D-01 -0.1488350213602863D-01 -0.1464183522284755D-01
 -0.1434567610994867D-01 -0.1399621662201470D-01 -0.1359526978134465D-01
 -0.1314527201744090D-01 -0.1264927428220473D-01 -0.1211092144961179D-01
 -0.1153441961724714D-01 -0.1092449121836139D-01 -0.1028631818680982D-01
 -0.9625473784453314D-02 -0.8947844082628881D-02 -0.8259540465657148D-02
 -0.7566804873463754D-02 -0.6875909801993664D-02 -0.6193055317501847D-02
 -0.5524265501647753D-02 -0.4875286821887612D-02 -0.4251490914127205D-02
 -0.3657784175626394D-02 -0.3098526403140520D-02 -0.2577460484932778D-02
 -0.2097654877832819D-02 -0.1661460284426112D-02 -0.1270481602198780D-02
 -0.9255658553790746D-03 -0.6268064480453371D-03 -0.3735636978722741D-03
 -0.1645012256390378D-03  0.2362612664475058D-05  0.1295894549952161D-03
  0.2202434165664768D-03  0.2778032991462493D-03  0.3060668528649697D-03
  0.3090497259112425D-03  0.2908819752974882D-03  0.2557051447006141D-03
  0.2075729205668483D-03  0.1503582326253840D-03  0.8766937837100601D-04
  0.2277734700657275D-04 -0.4144395555369376D-04 -0.1025633747395588D-03
 -0.1586233471907416D-03 -0.2081556556926075D-03 -0.2501822961913207D-03
 -0.2842021087343147D-03 -0.3101642799696861D-03 -0.3284302638743286D-03
 -0.3397260590114541D-03 -0.3450870900353756D-03 -0.3457981393693128D-03
 -0.3433308438210973D-03 -0.3392812066162037D-03 -0.3353093873100687D-03
 -0.3330837409530134D-03 -0.3342307119662661D-03 -0.3402917792327210D-03
 -0.3526882286277234D-03 -0.3726941258943826D-03 -0.4014174990720276D-03
 -0.4397894313488253D-03 -0.4885605208130601D-03 -0.5483039850882090D-03
 -0.6194245734056812D-03 -0.7021723885090581D-03 -0.7966607064605431D-03
 -0.9028869102188198D-03 -0.1020755701356407D-02 -0.1150103836647630D-02
 -0.1290725726721271D-02 -0.1442399348412094D-02 -0.1604912049400211D-02
 -0.1778085968832478D-02 -0.1961802957112919D-02 -0.2156029054527851D-02
 -0.2360838771338030D-02 -0.2576439603577040D-02 -0.2803197402306531D-02
 -0.3041663394412700D-02 -0.3292603815840948D-02 -0.3557033274410286D-02
 -0.3836253107447569D-02 -0.4131896151860318D-02 -0.4445979505129885D-02
 -0.4780967035712908D-02 -0.5139843588800365D-02 -0.5526203024118359D-02
 -0.5944352381353347D-02 -0.6399434547313087D-02 -0.6897571728706454D-02
 -0.7446031694921158D-02 -0.8053418012076706D-02 -0.8729883960970616D-02
 -0.9487367939493388D-02
  0.0000000000000000D+00  0.1220256946548386D-10  0.1346346347993413D-10
  0.1485477010373704D-10  0.1638997824132184D-10  0.1808355609426853D-10
  0.1995429425380568D-10  0.2201929845222308D-10  0.2430215381685715D-10
  0.2682328018923102D-10  0.2960865709750016D-10  0.3268593437206049D-10
  0.3608571841543753D-10  0.3984203127721242D-10  0.4399241951174716D-10
  0.4857842963687092D-10  0.5364603459545823D-10  0.5924609347122391D-10
  0.6543488399472661D-10  0.7227468408746047D-10  0.7983441695188500D-10
  0.8819036763681128D-10  0.9742697702219229D-10  0.1076377225431318D-09
  0.1189260951711805D-09  0.1314066832100006D-09  0.1452063747909962D-09
  0.1604656922190382D-09  0.1773402728083424D-09  0.1960025124995358D-09
  0.2166433903792556D-09  0.2394744942693104D-09  0.2647302698289721D-09
  0.2926705181511703D-09  0.3235831696609807D-09  0.3577873652760415D-09
  0.3956368793011353D-09  0.4375239224445903D-09  0.4838833677095824D-09
  0.5351974467806073D-09  0.5920009699520509D-09  0.6548871286985561D-09
  0.7245139467356687D-09  0.8016114529480588D-09  0.8869896579590276D-09
  0.9815474254821326D-09  0.1086282340045559D-08  0.1202301684337423D-08
  0.1330834652428155D-08  0.1473245939638509D-08  0.1631050866017018D-08
  0.1805932208461857D-08  0.1999758936687754D-08  0.2214607070745767D-08
  0.2452782902918339D-08  0.2716848854844458D-08  0.3009652272013497D-08
  0.3334357492682963D-08  0.3694481567245223D-08  0.4093934047562282D-08
  0.4537061314331549D-08  0.5028695964724731D-08  0.5574211843009627D-08
  0.6179585364349476D-08  0.6851463857288361D-08  0.7597241734481429D-08
  0.8425145395018663D-08  0.9344327866357201D-08  0.1036497431065521D-07
  0.1149841965060242D-07  0.1275727971521651D-07  0.1415559746824073D-07
  0.1570900606268813D-07  0.1743491066684330D-07  0.1935269123206738D-07
  0.2148392862368977D-07  0.2385265681606458D-07  0.2648564416481058D-07
  0.2941270711696160D-07  0.3266706010729835D-07  0.3628570582098749D-07
  0.4030987048382634D-07  0.4478548937738116D-07  0.4976374837330713D-07
  0.5530168794586212D-07  0.6146287686174792D-07  0.6831816357007657D-07
  0.7594651423196492D-07  0.8443594734898073D-07  0.9388457608385671D-07
  0.1044017706280101D-06  0.1161094543722082D-06  0.1291435491945004D-06
  0.1436555869099960D-06  0.1598145058487982D-06  0.1778086536617279D-06
  0.1978480198208486D-06  0.2201667239077905D-06  0.2450257886948031D-06
  0.2727162302506558D-06  0.3035625008789575D-06  0.3379263246557161D-06
  0.3762109697146666D-06  0.4188660062766714D-06  0.4663926047787547D-06
  0.5193494343806678D-06  0.5783592286672799D-06  0.6441160925832442D-06
  0.7173936325982948D-06  0.7990540008763906D-06  0.8900579538876356D-06
  0.9914760365392604D-06  0.1104501014600889D-05  0.1230461691053437D-05
  0.1370838256104562D-05  0.1527279336093146D-05  0.1701620923468502D-05
  0.1895907388600181D-05  0.2112414794480643D-05  0.2353676757564912D-05
  0.2622513122190453D-05  0.2922061742390512D-05  0.3255813693606870D-05
  0.3627652267989495D-05  0.4041896140798057D-05  0.4503347132070445D-05
  0.5017343027347512D-05  0.5589815964025842D-05  0.6227356935989073D-05
  0.6937287018712260D-05  0.7727735970171583D-05  0.8607728919743178D-05
  0.9587281917953231D-05  0.1067750718448854D-04  0.1189072896035172D-04
  0.1324061094241829D-04  0.1474229635484298D-04  0.1641256179165722D-04
  0.1826998604824279D-04  0.2033513524586550D-04  0.2263076564265371D-04
  0.2518204561575996D-04  0.2801679839220345D-04  0.3116576719919604D-04
  0.3466290459743694D-04  0.3854568785165986D-04  0.4285546227995289D-04
  0.4763781460520663D-04  0.5294297840619586D-04  0.5882627382969072D-04
  0.6534858377558291D-04  0.7257686880083580D-04  0.8058472300113789D-04
  0.8945297311691532D-04  0.9927032306783998D-04  0.1101340460411856D-03
  0.1221507261382573D-03  0.1354370514121745D-03  0.1501206599019743D-03
  0.1663410399735039D-03  0.1842504859076249D-03  0.2040151092206010D-03
  0.2258159056494560D-03  0.2498498770746652D-03  0.2763312068719043D-03
  0.3054924862705671D-03  0.3375859882363322D-03  0.3728849841747332D-03
  0.4116850973588731D-03  0.4543056854035995D-03  0.5010912423287039D-03
  0.5524128087616260D-03  0.6086693766171237D-03  0.6702892721474532D-03
  0.7377314985761764D-03  0.8114870166091306D-03  0.8920799379585993D-03
  0.9800686036263628D-03  0.1076046515081252D-02  0.1180643082655248D-02
  0.1294524151495495D-02  0.1418392261285888D-02  0.1552986591736352D-02
  0.1699082541593604D-02  0.1857490884724734D-02  0.2029056442758121D-02
  0.2214656209942175D-02  0.2415196862426778D-02  0.2631611581239171D-02
  0.2864856115980628D-02  0.3115904014910877D-02  0.3385740946824296D-02
  0.3675358041194410D-02  0.3985744175714555D-02  0.4317877144857591D-02
  0.4672713649679377D-02  0.5051178058043578D-02  0.5454149896023567D-02
  0.5882450045618524D-02  0.6336825641345712D-02  0.6817933678852401D-02
  0.7326323372561017D-02  0.7862417326569010D-02  0.8426491613564992D-02
  0.9018654890325530D-02  0.9638826715265860D-02  0.1028671527329329D-01
  0.1096179475549377D-01  0.1166328268551682D-01  0.1239011753028929D-01
  0.1314093697916393D-01  0.1391405732185863D-01  0.1470745440052195D-01
  0.1551874665370923D-01  0.1634518080852928D-01  0.1718362081013709D-01
  0.1803054060327405D-01  0.1888202139674293D-01  0.1973375404641866D-01
  0.2058104718339746D-01  0.2141884168883163D-01  0.2224173207358975D-01
  0.2304399525685114D-01  0.2381962715107116D-01  0.2456238734977858D-01
  0.2526585207828062D-01  0.2592347540525299D-01  0.2652865852605821D-01
  0.2707482671853737D-01  0.2755551334241329D-01  0.2796445000965639D-01
  0.2829566180216034D-01  0.2854356616360202D-01  0.2870307385436916D-01
  0.2876969014256979D-01  0.2873961422061782D-01  0.2860983469442152D-01
  0.2837821889681578D-01  0.2804359373141716D-01  0.2760581575626520D-01
  0.2706582826905888D-01  0.2642570325132717D-01  0.2568866617588216D-01
  0.2485910188243607D-01  0.2394253999306212D-01  0.2294561869089099D-01
  0.2187602612232846D-01  0.2074241921857172D-01  0.1955432034733180D-01
  0.1832199288433534D-01  0.1705629750178710D-01  0.1576853166958514D-01
  0.1447025551446725D-01  0.1317310774466901D-01  0.1188861579173707D-01
  0.1062800462363784D-01  0.9402008831370923D-02  0.8220692581301231D-02
  0.7093281863903830D-02  0.6028013170249685D-02  0.5032002310215809D-02
  0.4111136574013403D-02  0.3269992854715683D-02  0.2511783715801712D-02
  0.1838332722253447D-02  0.1250079669543394D-02  0.7461156499932779D-03
  0.3242471944564216D-03 -0.1891197904352800D-04 -0.2878237866352993D-03
 -0.4878860510415780D-03 -0.6252737923289739D-03 -0.7067657480420410D-03
 -0.7395608981122830D-03 -0.7310902113356774D-03 -0.6888290863066261D-03
 -0.6201159901262441D-03 -0.5319825555213180D-03 -0.4309998928934214D-03
 -0.3231451439326139D-03 -0.2136914315840964D-03 -0.1071234362686216D-03
 -0.7079917568604226D-05  0.8367636974190975D-04  0.1632617557341985D-03
  0.2306489487543930D-03  0.2856205758812025D-03  0.3287017827223861D-03
  0.3610753955360025D-03  0.3844836927559189D-03  0.4011211802204370D-03
  0.4135228832128725D-03  0.4244525517418391D-03  0.4367948397103095D-03
  0.4534549999874258D-03  0.4772689856957199D-03  0.5109261195349734D-03
  0.5569057438223331D-03  0.6174285443274769D-03  0.6944225911349662D-03
  0.7895035876353771D-03  0.9039683795998793D-03  0.1038800453693486D-02
  0.1194685943824960D-02  0.1372038550769286D-02  0.1571031748758078D-02
  0.1791636697127108D-02  0.2033664355994321D-02  0.2296810449348363D-02
  0.2580702078511812D-02  0.2884944995336525D-02  0.3209170776207976D-02
  0.3553083406184120D-02  0.3916505079899104D-02  0.4299421357228948D-02
  0.4702026155936765D-02  0.5124767424744358D-02  0.5568394685008988D-02
  0.6034009967175701D-02  0.6523123970606516D-02  0.7037719563578799D-02
  0.7580325009962038D-02  0.8154099583239123D-02  0.8762934512717861D-02
  0.9411572518041391D-02  0.1010574949752102D-01  0.1085236222675796D-01
  0.1165966611489048D-01  0.1253750704281305D-01  0.1349759090898286D-01
  0.1455379345603003D-01  0.1572251091985757D-01  0.1702304819222029D-01
  0.1847803620431197D-01
