SPIN-ORBITC
 0.3375129
FULLPOTENTIAL
 8.8 4    #5.92 4
 0
EFG1 
NWINDOWS
 2
LAPW
 4.4 7    #2.96 7
 10
 1
 1 1    1    1    1    1    1    1    1   1
     -1.0 -0.4 -1.8  0.0  0.0  0.0  0.0 0.0
      0.8  1.8 -1.6  1.0  1.0  1.0  1.0 1.0
 4.4 7    #2.96 7
 10
 1
 1 1    1    1    1    1    1    1    1   1
     -1.0 -0.4  0.8  0.0  0.0  0.0  0.0 0.0
      0.8  1.8  2.0  1.0  1.0  1.0  1.0 1.0
LSDF DATA
GL
K POINT
 36 36 12  #72 72 24  12 12 12    #4 4 4
 1
 0.10
ITERATION DATA;
 1
 1  0.300  0.300
 1  0.300  0.300
 1  0.300  0.300
 1  0.300  0.300
 1  0.300  0.300
 1 -0.300  0.300
 1  0.300  0.300
 1  0.300  0.300
 1  0.300  0.300
 1  0.300  0.300
 0 -0.300  0.300
