    1
  344
 -0.7028795222525855D+00  0.3315318011137651D+00 -0.3109288546418358D+00
  0.2521607376205870D+01 -0.1319433404629335D+01 -0.1319254631129407D+01
 -0.5175602763496429D+00  0.2687685300069905D+00  0.6162576306319411D+00
 -0.1155413381708616D+00  0.8511611757878934D+00 -0.5563594055509096D+00
  0.3805823036600810D+00 -0.2677218355106285D+00  0.7988106008973249D+00
 -0.1000928233812084D+00  0.8909506289956304D+00 -0.2745677276750497D+00
 -0.6639196109110812D+00 -0.9658423894878554D-01 -0.3495241328681092D+00
  0.2241718806819523D+00 -0.3196305282596709D+00  0.9862476295912018D-01
  0.9115243407049577D-01 -0.1647923167579438D+00 -0.3485075099599375D+00
  0.1065442997666096D+00 -0.2097925270195630D+00  0.2677514974922845D+00
  0.1402564193955208D+00  0.1445918815588022D+00  0.1144333081475516D+00
 -0.4484760579447709D-01  0.3221877482956490D+00 -0.1920205606086428D+00
  0.1294143905021592D+00 -0.2303388570929153D+00  0.6135468586774265D-01
 -0.1101875797526544D+00 -0.1196287856235087D-01  0.1645877858872874D+00
 -0.7430602614770103D-02  0.9128169965182610D-01  0.7474628911702980D-01
 -0.6937157185470702D-01 -0.5834344592596108D-01 -0.5942996902182691D-01
  0.7067598459940061D-01  0.9078795260751776D-01 -0.3369018738183904D-01
 -0.3955357954767316D-01 -0.1082509952997402D-01  0.1031855210230072D+00
 -0.5173543079838121D-01 -0.6357274059775762D-01  0.8158161078692210D-01
 -0.7495088675757938D-01 -0.6509704510334123D-01 -0.7845678242219806D-01
  0.2497785196897152D-01 -0.3657753994716575D-01  0.2493206158283541D-01
  0.1840613650914096D-01  0.4875186769220071D-02 -0.2769788319542026D-01
 -0.1346119271415599D-01  0.1701362702022668D-01  0.2784452569213127D-01
  0.6638914941830013D-02 -0.4729810022095976D-02 -0.6164923835827415D-02
  0.2324671102935143D-01  0.3088731684677713D-01 -0.3929635191378376D-02
  0.1721822405764195D-01  0.2702388273813633D-02 -0.3169196018797667D-01
 -0.1617874699098570D-01  0.2658875756733986D-01 -0.1006609803287473D-01
  0.6737807511990620D-02 -0.1280407338931456D-01  0.2367564653758959D-01
 -0.5865554715256769D-02 -0.6102023541986353D-02  0.7622516467849409D-02
 -0.4007168602169794D-02  0.2136396751966475D-01  0.2498496891020872D-02
  0.9365077653857872D-04  0.7290236724347032D-02 -0.1470236991406109D-01
 -0.1293299729788561D-01 -0.1557227663601521D-01  0.7987644363266627D-02
  0.5635378430052762D-02 -0.8830719685136908D-02  0.1231645680187500D-01
 -0.3587480275533662D-03  0.1491678732358254D-01 -0.1359364687780220D-01
 -0.5781705888015765D-02  0.4794811611550741D-03  0.1273750216710459D-01
 -0.7859635607331075D-02 -0.1536661800280526D-01  0.9894279294219143D-02
  0.6748134722921933D-02  0.7464473895821616D-02 -0.8110094816014334D-02
  0.1278121064548684D-02 -0.7286060381773228D-02 -0.9572039171850791D-02
  0.1449773208674048D-02 -0.6713299672524279D-03 -0.7110317012392784D-02
 -0.1137137116357251D-01  0.2507843155458136D-02 -0.7343366862332783D-02
  0.1020395251451089D-01  0.1359654328770952D-01 -0.2930524248522554D-02
 -0.4040669740620915D-02  0.2658710033637328D-02  0.2086474448095550D-02
 -0.1404046541745423D-02  0.1383029863439899D-01  0.2924571017860054D-03
 -0.1345155649308857D-01 -0.7780625314938732D-02  0.6732377530232789D-02
 -0.4389277698998122D-02 -0.1329914077022168D-01 -0.1290488454873437D-01
  0.5706697239925162D-02 -0.1419271203505829D-01 -0.7310156466594558D-02
  0.5079729419057942D-02  0.5951259261499987D-02  0.4827846613019226D-02
  0.4260701215400587D-02  0.6956450888158158D-03  0.6280957846627286D-02
  0.1963265483559751D-02  0.1257666722705267D-01  0.6625715984513815D-02
  0.9244680076051278D-02 -0.3349831820908401D-02  0.1010253450155776D-01
  0.1086695455810891D-01 -0.1867157128607600D-02  0.1310379864888300D-01
 -0.6105639743881327D-02  0.5807636961243080D-02 -0.8050135541838673D-02
  0.9188085006021974D-03  0.1151883961938108D-01 -0.2188690085496768D-02
 -0.2172101107462044D-02 -0.1214980797536170D-01 -0.1118525515310889D-01
  0.3286687160355149D-02 -0.5187419629388939D-02 -0.5349761707177289D-02
  0.1177818663719173D-01  0.1215588829200560D-01 -0.6235086115717252D-02
  0.3852973109417409D-03 -0.1133941990432160D-01  0.1057261222605706D-01
  0.1750153508095236D-02 -0.3997063015158145D-02 -0.5325148394706400D-02
  0.2967923721300597D-02 -0.9329556116080781D-02 -0.9349688744841093D-02
  0.5147738835438965D-02 -0.5692564411147669D-02 -0.1442503995285656D-02
  0.7762153250127508D-02  0.3509669526034804D-02 -0.1325981389821991D-02
 -0.4051509423640280D-03  0.1026350334698201D-01  0.4960699490358867D-02
  0.5770867780032177D-03 -0.1023621884609126D-01 -0.6732328887278448D-02
  0.9110369815134071D-02 -0.9149988201829910D-02 -0.8676665165193082D-02
 -0.4388456253438829D-02  0.5097983902695813D-02 -0.7222010889577441D-02
  0.8792927207067973D-02 -0.4626222140862533D-02 -0.2458333803531907D-02
 -0.1053256153051236D-02 -0.1274484733082132D-02  0.7127679999768353D-02
 -0.6928472980791733D-03  0.8106379338069297D-02  0.2255126804919455D-03
  0.7475918576011199D-02  0.7282684863767409D-03 -0.6900904229276259D-02
  0.3258738442618444D-02 -0.2556400317477720D-02  0.5252699657012705D-02
  0.2418246721944014D-02 -0.3848555619676785D-02 -0.1608434388367801D-02
 -0.1904697527298314D-02 -0.6345960712848421D-02  0.2888397955943185D-02
 -0.4064705611690369D-02 -0.1859625571856758D-02  0.1103860216789562D-02
  0.5655829764408628D-02 -0.2212020187037772D-02 -0.2029997499551543D-02
 -0.2760440868649210D-02  0.3003727684125239D-02 -0.4868520721036207D-02
 -0.5159034409928836D-02 -0.1881532446764346D-02 -0.2097125689601628D-02
 -0.2114812620494972D-02  0.3466613950179631D-02  0.1234495574764892D-02
  0.1779219959440096D-02  0.8642335717140107D-04  0.4079064544492033D-02
  0.1431230284296275D-02 -0.2477074068276522D-02  0.6145179913508082D-03
 -0.3653236737765052D-02  0.1048910842518161D-02  0.1564392734683124D-02
  0.9184047330942605D-03 -0.2460498167636372D-02 -0.2814896092450814D-02
  0.1738032966683742D-02  0.1687706106121715D-02  0.2050174695421256D-02
  0.2269741040274091D-02 -0.2942126939333615D-03  0.2869664538987048D-02
 -0.3026010637167331D-02  0.8777956248218594D-03  0.2270945872812712D-02
  0.1253459826114669D-02 -0.8058328584893245D-03 -0.2097503464485529D-02
 -0.2031744441196596D-02  0.1138020825498197D-02  0.9510254382605876D-03
 -0.1742801225697142D-02  0.2397350030344220D-03  0.1693163746106761D-02
  0.1631729257987756D-02 -0.1028123873285846D-02 -0.3344633662008504D-03
  0.2999114234249327D-03  0.6015425956275716D-03 -0.1787695677728551D-03
  0.4004391398067961D-03  0.1414055397271759D-03  0.5261397626781307D-03
  0.7931970843384852D-03  0.1776263354534245D-03  0.9614699786718772D-03
 -0.4639672355046097D-04 -0.5511486751639207D-03 -0.2013528913851770D-03
 -0.3393953775256442D-03  0.2597618329487611D-03  0.4138999512080662D-03
  0.1157879790227795D-03 -0.1312772980007510D-03 -0.1554544971590955D-04
 -0.1493196785559643D-03 -0.5083691762868152D-03 -0.5254132869032603D-04
 -0.3188134263084959D-05 -0.1120019881663458D-03  0.1365635639668466D-03
  0.5859889378451857D-03  0.9895754627527939D-03 -0.2128237426343226D-03
  0.2782959496234382D-03  0.5035310321062500D-03  0.4756141768147276D-03
 -0.2777005272005685D-03  0.4501596747424375D-04  0.7557302894589154D-03
 -0.7505194246452504D-04 -0.1292807094781453D-03  0.1055907149333420D-02
 -0.9551944334621506D-03 -0.5722627742493591D-03  0.4940654594477854D-03
 -0.1580066545585526D-04  0.1802740727612536D-03  0.2570412535597247D-03
 -0.8612689868031324D-03  0.1146318400302294D-02  0.1292775064340513D-02
 -0.6112477422353245D-03  0.1082986040961136D-02 -0.6628362187877884D-03
 -0.6663040893608458D-03 -0.1207777761963469D-02  0.2490665236827157D-03
 -0.1571760401163863D-02  0.6515782019231691D-03  0.4111988469903428D-03
  0.3227295066490704D-03 -0.2072797246436001D-02 -0.2507216788548026D-03
 -0.5312700949183855D-03  0.1463405938424298D-02 -0.1510181421383028D-02
  0.6738752142443614D-03  0.7314166664129210D-03  0.1743864046474862D-02
  0.2075154316987527D-02 -0.1116635765553863D-02 -0.6225378031497334D-03
  0.1047605218074815D-02  0.9700954272094605D-03 -0.1735015755773021D-02
  0.1563009327755813D-02  0.7525075115450562D-03  0.1163828531470921D-02
 -0.6773474184972588D-03  0.2092766416898479D-03 -0.2311812545975259D-02
 -0.2051937980259127D-02 -0.1271777427077669D-02 -0.2919811568882119D-03
 -0.1836509462113972D-03 -0.1177300959336316D-02
    7
    1    1  333
  0.0000000000000000D+00 -0.4141018498875015D+07 -0.4017943113110858D+07
 -0.3898523384954528D+07 -0.3782650731028871D+07 -0.3670219793188133D+07
 -0.3561128342805598D+07 -0.3455277187568350D+07 -0.3352570081607727D+07
 -0.3252913637687646D+07 -0.3156217242506390D+07 -0.3062392974205525D+07
 -0.2971355522455373D+07 -0.2883022110880541D+07 -0.2797312421793845D+07
 -0.2714148523166869D+07 -0.2633454797769067D+07 -0.2555157874411744D+07
 -0.2479186561234297D+07 -0.2405471780972037D+07 -0.2333946508146758D+07
 -0.2264545708122887D+07 -0.2197206277973885D+07 -0.2131866989105067D+07
 -0.2068468431580690D+07 -0.2006952960104701D+07 -0.1947264641605996D+07
 -0.1889349204380570D+07 -0.1833153988744281D+07 -0.1778627899151383D+07
 -0.1725721357735269D+07 -0.1674386259229217D+07 -0.1624575927226091D+07
 -0.1576245071737291D+07 -0.1529349748012322D+07 -0.1483847316581544D+07
 -0.1439696404485784D+07 -0.1396856867657551D+07 -0.1355289754419633D+07
 -0.1314957270067927D+07 -0.1275822742506255D+07 -0.1237850588901946D+07
 -0.1201006283331855D+07 -0.1165256325389408D+07 -0.1130568209724129D+07
 -0.1096910396485935D+07 -0.1064252282647357D+07 -0.1032564174177583D+07
 -0.1001817259043042D+07 -0.9719835810099668D+06 -0.9430360142251269D+06
 -0.9149482385516056D+06 -0.8876947156372180D+06 -0.8612506656937787D+06
 -0.8355920449661392D+06 -0.8106955238704857D+06 -0.7865384657820329D+06
 -0.7630989064528174D+06 -0.7403555340408861D+06 -0.7182876697327159D+06
 -0.6968752489412471D+06 -0.6760988030624375D+06 -0.6559394417737469D+06
 -0.6363788358584624D+06 -0.6173992005402381D+06 -0.5989832793127119D+06
 -0.5811143282494820D+06 -0.5637761007801904D+06 -0.5469528329188593D+06
 -0.5306292289310605D+06 -0.5147904474268825D+06 -0.4994220878670468D+06
 -0.4845101774699131D+06 -0.4700411585074607D+06 -0.4560018759786994D+06
 -0.4423795656493064D+06 -0.4291618424466045D+06 -0.4163366891993387D+06
 -0.4038924457120127D+06 -0.3918177981638427D+06 -0.3801017688227013D+06
 -0.3687337060646898D+06 -0.3577032746902686D+06 -0.3470004465281366D+06
 -0.3366154913183202D+06 -0.3265389678661762D+06 -0.3167617154592701D+06
 -0.3072748455393161D+06 -0.2980697336216142D+06 -0.2891380114546288D+06
 -0.2804715594125791D+06 -0.2720624991141222D+06 -0.2639031862604150D+06
 -0.2559862036860360D+06 -0.2483043546164500D+06 -0.2408506561258738D+06
 -0.2336183327895966D+06 -0.2266008105249701D+06 -0.2197917106154695D+06
 -0.2131848439123774D+06 -0.2067742052088167D+06 -0.2005539677810051D+06
 -0.1945184780917582D+06 -0.1886622506514175D+06 -0.1829799630315161D+06
 -0.1774664510266389D+06 -0.1721167039600627D+06 -0.1669258601288940D+06
 -0.1618892023845479D+06 -0.1570021538445327D+06 -0.1522602737316214D+06
 -0.1476592533366102D+06 -0.1431949121009715D+06 -0.1388631938158151D+06
 -0.1346601629336827D+06 -0.1305820009897930D+06 -0.1266250031294612D+06
 -0.1227855747385041D+06 -0.1190602281735413D+06 -0.1154455795891884D+06
 -0.1119383458592248D+06 -0.1085353415889063D+06 -0.1052334762156695D+06
 -0.1020297511955613D+06 -0.9892125727279509D+05 -0.9590517182991908D+05
 -0.9297875631614933D+05 -0.9013935375149247D+05 -0.8738438630435371D+05
 -0.8471135294039063D+05 -0.8211782714044105D+05 -0.7960145468541601D+05
 -0.7715995150611253D+05 -0.7479110159596114D+05 -0.7249275498478516D+05
 -0.7026282577170551D+05 -0.6809929021538544D+05 -0.6600018487986419D+05
 -0.6396360483428794D+05 -0.6198770190490022D+05 -0.6007068297771036D+05
 -0.5821080835031280D+05 -0.5640639013138635D+05 -0.5465579068645440D+05
 -0.5295742112854429D+05 -0.5130973985243616D+05 -0.4971125111124681D+05
 -0.4816050363414855D+05 -0.4665608928407713D+05 -0.4519664175433737D+05
 -0.4378083530306973D+05 -0.4240738352459623D+05 -0.4107503815671683D+05
 -0.3978258792308402D+05 -0.3852885740983413D+05 -0.3731270597571014D+05
 -0.3613302669495950D+05 -0.3498874533234308D+05 -0.3387881934963882D+05
 -0.3280223694306990D+05 -0.3175801611112875D+05 -0.3074520375230825D+05
 -0.2976287479228224D+05 -0.2881013134010534D+05 -0.2788610187301966D+05
 -0.2698994044946501D+05 -0.2612082594988548D+05 -0.2527796134490971D+05
 -0.2446057299044724D+05 -0.2366790994919191D+05 -0.2289924333794843D+05
 -0.2215386570009709D+05 -0.2143109040238374D+05 -0.2073025105506080D+05
 -0.2005070095421021D+05 -0.1939181254484932D+05 -0.1875297690315597D+05
 -0.1813360323585280D+05 -0.1753311839447332D+05 -0.1695096640190441D+05
 -0.1638660798828697D+05 -0.1583952013308731D+05 -0.1530919560997158D+05
 -0.1479514253107558D+05 -0.1429688388742905D+05 -0.1381395708273326D+05
 -0.1334591345847052D+05 -0.1289231780949147D+05 -0.1245274789079422D+05
 -0.1202679391813682D+05 -0.1161405806729412D+05 -0.1121415397897811D+05
 -0.1082670627840380D+05 -0.1045135012015959D+05 -0.1008773076763172D+05
 -0.9735503220177568D+04 -0.9394331892736873D+04 -0.9063890354086327D+04
 -0.8743861123649875D+04 -0.8433935522384039D+04 -0.8133813568741104D+04
 -0.7843203907038400D+04 -0.7561823753221375D+04 -0.7289398842267111D+04
 -0.7025663362333675D+04 -0.6770359862980895D+04 -0.6523239127970056D+04
 -0.6284060006825051D+04 -0.6052589203064435D+04 -0.5828601020436434D+04
 -0.5611877071373792D+04 -0.5402205954116155D+04 -0.5199382906509420D+04
 -0.5003209445435267D+04 -0.4813493001239540D+04 -0.4630046556514746D+04
 -0.4452688298242087D+04 -0.4281241291686718D+04 -0.4115533183618718D+04
 -0.3955395941431545D+04 -0.3800665633560295D+04 -0.3651182255257525D+04
 -0.3506789602246790D+04 -0.3367335193016248D+04 -0.3232670238506964D+04
 -0.3102649655665796D+04 -0.2977132118759087D+04 -0.2855980139500029D+04
 -0.2739060164007527D+04 -0.2626242671562049D+04 -0.2517402257371610D+04
 -0.2412417679618708D+04 -0.2311171850654496D+04 -0.2213551754252342D+04
 -0.2119448276277124D+04 -0.2028755945637357D+04 -0.1941372595868038D+04
 -0.1857198973312684D+04 -0.1776138335895623D+04 -0.1698096091375482D+04
 -0.1622979532451463D+04 -0.1550697710082459D+04 -0.1481161462026233D+04
 -0.1414283590836321D+04 -0.1349979144867209D+04 -0.1288165743758599D+04
 -0.1228763879436520D+04 -0.1171697131981194D+04 -0.1116892258137060D+04
 -0.1064279133500927D+04 -0.1013790551873303D+04 -0.9653619029249223D+03
 -0.9189307608006905D+03 -0.8744364213028778D+03 -0.8318194259367053D+03
 -0.7910211076613875D+03 -0.7519831884099571D+03 -0.7146474523615184D+03
 -0.6789555126755506D+03 -0.6448486833718630D+03 -0.6122679622085718D+03
 -0.5811541250662892D+03 -0.5514479273519539D+03 -0.5230904032674891D+03
 -0.4960232493152905D+03 -0.4701892739377813D+03 -0.4455328904263449D+03
 -0.4220006248193118D+03 -0.3995416040682356D+03 -0.3781079821330511D+03
 -0.3576552534089013D+03 -0.3381423925922641D+03 -0.3195317799379081D+03
 -0.3017888304236969D+03 -0.2848813554011791D+03 -0.2687786858315953D+03
 -0.2534507028537791D+03 -0.2388669836810926D+03 -0.2249962910352492D+03
 -0.2118065612046930D+03 -0.1992653950283907D+03 -0.1873408933554424D+03
 -0.1760025837511412D+03 -0.1652221955013308D+03 -0.1549741309854219D+03
 -0.1452355938814430D+03 -0.1359864227245962D+03 -0.1272087198772200D+03
 -0.1188863731344447D+03 -0.1110045500794593D+03 -0.1035492228187234D+03
 -0.9650675850956871D+02 -0.8986359336175043D+02 -0.8360599545690874D+02
 -0.7771991330711577D+02 -0.7219090199100197D+02 -0.6700411578472779D+02
 -0.6214435481663603D+02 -0.5759615292095771D+02 -0.5334389422068624D+02
 -0.4937194680970079D+02 -0.4566480328275797D+02 -0.4220721783913002D+02
 -0.3898433369680050D+02 -0.3598179815690028D+02 -0.3318585029480483D+02
 -0.3058338958837911D+02 -0.2816201847588092D+02 -0.2591005999945105D+02
 -0.2381655196586000D+02 -0.2187122092557932D+02 -0.2006443983200742D+02
 -0.1838717583002087D+02 -0.1683093372268600D+02 -0.1538770230983081D+02
 -0.1404990882524554D+02 -0.1281038648420919D+02 -0.1166235646509792D+02
 -0.1059942411092760D+02 -0.9615586487272434D+01 -0.8705246890725153D+01
 -0.7863231378927223D+01 -0.7084803325614548D+01 -0.6365672627555779D+01
 -0.5701998207569826D+01 -0.5090383651871288D+01 -0.4527866642712493D+01
 -0.4011903574862061D+01 -0.3540350361323222D+01 -0.3111440282165626D+01
 -0.2723758634422415D+01 -0.2376219475659126D+01 -0.2068025880881524D+01
 -0.1798663260612487D+01
    1    1  333
  0.0000000000000000D+00  0.3838015536320752D-04  0.3927859145789749D-04
  0.4019864430713391D-04  0.4114084479972430D-04  0.4210558231640331D-04
  0.4309415852284439D-04  0.4410682368909875D-04  0.4514503474768892D-04
  0.4620880896860533D-04  0.4729902668369101D-04  0.4841631241734685D-04
  0.4956134750313770D-04  0.5073484983002692D-04  0.5193754826634307D-04
  0.5317019592675748D-04  0.5443356904265257D-04  0.5572846694528987D-04
  0.5705571322704946D-04  0.5841615632280929D-04  0.5981067030071370D-04
  0.6124015561536574D-04  0.6270553994340831D-04  0.6420777897421662D-04
  0.6574785739544408D-04  0.6732678977166411D-04  0.6894562146757120D-04
  0.7060542967126868D-04  0.7230732455626119D-04  0.7405245017191232D-04
  0.7584198573750630D-04  0.7767714680984162D-04  0.7955918642752466D-04
  0.8148939653135966D-04  0.8346910922920880D-04  0.8549969817844090D-04
  0.8758258016008473D-04  0.8971921643994055D-04  0.9191111456083145D-04
  0.9415982976481344D-04  0.9646696694529667D-04  0.9883418234311826D-04
  0.1012631854436865D-03  0.1037557409784779D-03  0.1063136709776280D-03
  0.1089388569125829D-03  0.1116332419358869D-03  0.1143988333389531D-03
  0.1172377048174585D-03  0.1201519993320148D-03  0.1231439315498688D-03
  0.1262157908191081D-03  0.1293699441325753D-03  0.1326088392445847D-03
  0.1359350078509477D-03  0.1393510691661508D-03  0.1428597334205084D-03
  0.1464638056990480D-03  0.1501661898829331D-03  0.1539698928847850D-03
  0.1578780290524130D-03  0.1618938247565887D-03  0.1660206233581503D-03
  0.1702618902774813D-03  0.1746212185261692D-03  0.1791023343813139D-03
  0.1837091034198720D-03  0.1884455369617245D-03  0.1933157988656725D-03
  0.1983242125359552D-03  0.2034752686151064D-03  0.2087736329331854D-03
  0.2142241549848624D-03  0.2198318769033354D-03  0.2256020429607497D-03
  0.2315401096868285D-03  0.2376517564921478D-03  0.2439428972069824D-03
  0.2504196918678050D-03  0.2570885597381165D-03  0.2639561928224633D-03
  0.2710295703489822D-03  0.2783159741082884D-03  0.2858230048483173D-03
  0.2935585995944933D-03  0.3015310502276569D-03  0.3097490231006776D-03
  0.3182215800536130D-03  0.3269582006449103D-03  0.3359688059997320D-03
  0.3452637840128697D-03  0.3548540163039249D-03  0.3647509069160192D-03
  0.3749664128199146D-03  0.3855130764526751D-03  0.3964040603088767D-03
  0.4076531838049182D-03  0.4192749625467335D-03  0.4312846500107568D-03
  0.4436982820416455D-03  0.4565327240546333D-03  0.4698057213166067D-03
  0.4835359523241462D-03  0.4977430855998208D-03  0.5124478399416791D-03
  0.5276720484186075D-03  0.5434387262450908D-03  0.5597721427564931D-03
  0.5766978976683879D-03  0.5942430018154654D-03  0.6124359625637054D-03
  0.6313068740748213D-03  0.6508875126127218D-03  0.6712114371113662D-03
  0.6923140950872623D-03  0.7142329341475673D-03  0.7370075190765348D-03
  0.7606796548053225D-03  0.7852935151676959D-03  0.8108957776063302D-03
  0.8375357637360063D-03  0.8652655858211902D-03  0.8941402989383410D-03
  0.9242180587854568D-03  0.9555602847776284D-03  0.9882318281522291D-03
  0.1022301144573504D-02  0.1057840470762836D-02  0.1094926004328390D-02
  0.1133638086088804D-02  0.1174061383671678D-02  0.1216285075372601D-02
  0.1260403032618752D-02  0.1306513999490602D-02  0.1354721767289541D-02
  0.1405135341795519D-02  0.1457869100738203D-02  0.1513042938329907D-02
  0.1570782393647746D-02  0.1631218758805673D-02  0.1694489162650480D-02
  0.1760736625167884D-02  0.1830110076933586D-02  0.1902764337634954D-02
  0.1978860046813783D-02  0.2058563539253807D-02  0.2142046656778617D-02
  0.2229486487288893D-02  0.2321065020945803D-02  0.2416968712863733D-02
  0.2517387940163437D-02  0.2622516340982367D-02  0.2732550021559810D-02
  0.2847686616970344D-02  0.2968124190144685D-02  0.3094059953161752D-02
  0.3225688794064806D-02  0.3363201592540125D-02  0.3506783307239797D-02
  0.3656610818466159D-02  0.3812850510516632D-02  0.3975655579878981D-02
  0.4145163058013423D-02  0.4321490541148366D-02  0.4504732624900055D-02
  0.4694957048331090D-02  0.4892200561617151D-02  0.5096464543185222D-02
  0.5307710407655069D-02  0.5525854864701018D-02  0.5750765112674927D-02
  0.5982254078944801D-02  0.6220075852875581D-02  0.6463921496598025D-02
  0.6713415463279294D-02  0.6968112901549067D-02  0.7227498175669129D-02
  0.7490984981190262D-02  0.7757918478963569D-02  0.8027579899539278D-02
  0.8299194073839708D-02  0.8571940311954037D-02  0.8844966963434769D-02
  0.9117409833239649D-02  0.9388414381852946D-02  0.9657161296435362D-02
  0.9922894583743732D-02  0.1018495082383783D-01  0.1044278768078867D-01
  0.1069600926366794D-01  0.1094438556682992D-01  0.1118786310700530D-01
  0.1142656412529406D-01  0.1166077241471198D-01  0.1189090494022808D-01
  0.1211746997110202D-01  0.1234101403436555D-01  0.1256206163043612D-01
  0.1278105283777647D-01  0.1299828452669998D-01  0.1321386074501113D-01
  0.1342765694857829D-01  0.1363930129061888D-01  0.1384817441716828D-01
  0.1405342744022940D-01  0.1425401623292134D-01  0.1444874908363003D-01
  0.1463634412263725D-01  0.1481549276277246D-01  0.1498492557764003D-01
  0.1514347745017953D-01  0.1529014933745196D-01  0.1542416451442095D-01
  0.1554501761319789D-01  0.1565251513085738D-01  0.1574680633012002D-01
  0.1582840361569652D-01  0.1589819155667391D-01  0.1595742377193845D-01
  0.1600770693204245D-01  0.1605097118996635D-01  0.1608942646916556D-01
  0.1612550424754965D-01  0.1616178482423834D-01  0.1620091059341625D-01
  0.1624548663639764D-01  0.1629797104487511D-01  0.1636055886594827D-01
  0.1643506544545827D-01  0.1652281720322349D-01  0.1662456033136558D-01
  0.1674040017650529D-01  0.1686978546117997D-01  0.1701155100576658D-01
  0.1716402900104528D-01  0.1732523106652657D-01  0.1749309101421109D-01
  0.1766574274020792D-01  0.1784179242655309D-01  0.1802053483576174D-01
  0.1820206513699992D-01  0.1838725386225344D-01  0.1857758079618122D-01
  0.1877485614476510D-01  0.1898088387693701D-01  0.1919713357706964D-01
  0.1942448108247103D-01  0.1966305825023787D-01  0.1991222639043182D-01
  0.2017066420522174D-01  0.2043654459502000D-01  0.2070776682822145D-01
  0.2098220995212797D-01  0.2125797733524361D-01  0.2153360840670678D-01
  0.2180824013791700D-01  0.2208170671842498D-01  0.2235457084921949D-01
  0.2262808421614748D-01  0.2290407827322235D-01  0.2318478973946323D-01
  0.2347262849109127D-01  0.2376989907248638D-01  0.2407849113685185D-01
  0.2439955908709908D-01  0.2473321740345583D-01  0.2507828599847680D-01
  0.2543212958334886D-01  0.2579064583857044D-01  0.2614846671441344D-01
  0.2649943956715908D-01  0.2683743905052554D-01  0.2715751075491288D-01
  0.2745724821461419D-01  0.2773815741519349D-01  0.2800661083762509D-01
  0.2827393445776242D-01  0.2855532333182917D-01  0.2886767706131926D-01
  0.2922693184324283D-01  0.2964574559882149D-01  0.3013225580519278D-01
  0.3069015247633709D-01  0.3131979605742102D-01  0.3201983284916981D-01
  0.3278877447823111D-01  0.3362619415411459D-01  0.3453340163322029D-01
  0.3551360770738857D-01  0.3657166285276032D-01  0.3771347568859953D-01
  0.3894521122023547D-01  0.4027235512710309D-01  0.4169871761435548D-01
  0.4322544154577912D-01  0.4485007456947841D-01  0.4656576262394273D-01
  0.4836062136076080D-01  0.5021734166840877D-01  0.5211308486637443D-01
  0.5401972154707514D-01  0.5590446450095142D-01  0.5773094021585999D-01
  0.5946073015142920D-01  0.6105539486692310D-01  0.6247896725647944D-01
  0.6370084996349784D-01  0.6469899898986295D-01  0.6546319909127729D-01
  0.6599815655863148D-01  0.6632606499107974D-01  0.6648826237179419D-01
  0.6654563005238770D-01  0.6657749966279447D-01  0.6667905111356424D-01
  0.6695745765651433D-01  0.6752731362577098D-01  0.6850605642767675D-01
  0.7001011774013899D-01  0.7215236970364600D-01  0.7504112174546261D-01
  0.7878056623125773D-01  0.8347227133005947D-01  0.8921714214278792D-01
  0.9611724696008420D-01  0.1042769999240409D+00  0.1138033672264254D+00
  0.1248049771699841D+00  0.1373902505949132D+00  0.1516649203015220D+00
  0.1677296018363129D+00  0.1856781288817452D+00  0.2055985190775967D+00
  0.2275756344449452D+00
    1    1  333
  0.0000000000000000D+00  0.2577658689190247D-08  0.2946239824472206D-08
  0.3347171868916589D-08  0.3782893059304341D-08  0.4256188513429609D-08
  0.4769193142917368D-08  0.5325126568762128D-08  0.5926350153034281D-08
  0.6576789733454019D-08  0.7279791198696473D-08  0.8039226548703388D-08
  0.8859181644617968D-08  0.9744013625099612D-08  0.1069837440754959D-07
  0.1172722953805394D-07  0.1283589822363856D-07  0.1403002662422674D-07
  0.1531566098829952D-07  0.1669924734916018D-07  0.1818765196663280D-07
  0.1978823348395571D-07  0.2150880191335930D-07  0.2335770451680417D-07
  0.2534384586337287D-07  0.2747670095098720D-07  0.2976640202909827D-07
  0.3222372489556221D-07  0.3486018469708748D-07  0.3768801282908650D-07
  0.4072028271313244D-07  0.4397091195764459D-07  0.4745470924672263D-07
  0.5118749858386152D-07  0.5518608126133605D-07  0.5946840719760624D-07
  0.6405354470074251D-07  0.6896185593423948D-07  0.7421496885954816D-07
  0.7983595391444859D-07  0.8584935349210939D-07  0.9228131270618314D-07
  0.9915963841002921D-07  0.1065139560365626D-06  0.1143757829831452D-06
  0.1227786537707525D-06  0.1317582799541046D-06  0.1413526339717119D-06
  0.1516021378225960D-06  0.1625497811623032D-06  0.1742413051835699D-06
  0.1867253742296435D-06  0.2000537226550944D-06  0.2142814033660802D-06
  0.2294669499459348D-06  0.2456725923534146D-06  0.2629645247969563D-06
  0.2814131108530257D-06  0.3010931537103853D-06  0.3220841690440591D-06
  0.3444706897141360D-06  0.3683425611769389D-06  0.3937952485966171D-06
  0.4209302246959564D-06  0.4498553037438860D-06  0.4806850418258480D-06
  0.5135411318983621D-06  0.5485528654420188D-06  0.5858575633691102D-06
  0.6256010814935921D-06  0.6679383395508315D-06  0.7130338374060523D-06
  0.7610622216204322D-06  0.8122089677130002D-06  0.8666709240505135D-06
  0.9246570963750323D-06  0.9863892848897955D-06  0.1052102894595884D-05
  0.1122047740702008D-05  0.1196488861282512D-05  0.1275707456861550D-05
  0.1360001822529807D-05  0.1449688338443768D-05  0.1545102531830771D-05
  0.1646600191371943D-05  0.1754558542087917D-05  0.1869377468249690D-05
  0.1991480792195113D-05  0.2121317716226353D-05  0.2259364154006198D-05
  0.2406124336426302D-05  0.2562132339050008D-05  0.2727953769678284D-05
  0.2904187540418912D-05  0.3091467638121132D-05  0.3290465112455713D-05
  0.3501890049092729D-05  0.3726493698260722D-05  0.3965070654319364D-05
  0.4218461131926350D-05  0.4487553411956548D-05  0.4773286303347703D-05
  0.5076651719058726D-05  0.5398697405643712D-05  0.5740529732948336D-05
  0.6103316562171535D-05  0.6488290267621020D-05  0.6896750810837385D-05
  0.7330068939561577D-05  0.7789689449532294D-05  0.8277134515850246D-05
  0.8794007164715684D-05  0.9341994721392096D-05  0.9922872366462812D-05
  0.1053850674174372D-04  0.1119085952221081D-04  0.1188199107264694D-04
  0.1261406399679562D-04  0.1338934673844312D-04  0.1421021704650940D-04
  0.1507916535212024D-04  0.1599879803803964D-04  0.1697184045257329D-04
  0.1800113979787294D-04  0.1908966760120174D-04  0.2024052194970282D-04
  0.2145692923021579D-04  0.2274224544072916D-04  0.2409995685164910D-04
  0.2553368003741481D-04  0.2704716111052787D-04  0.2864427405619659D-04
  0.3032901804064000D-04  0.3210551353724112D-04  0.3397799714487745D-04
  0.3595081491536459D-04  0.3802841397867175D-04  0.4021533231110395D-04
  0.4251618640298416D-04  0.4493565659729717D-04  0.4747846988231101D-04
  0.5014937977680397D-04  0.5295314319661839D-04  0.5589449380827043D-04
  0.5897811171330778D-04  0.6220858913057073D-04  0.6559039157749825D-04
  0.6912781448085364D-04  0.7282493470917141D-04  0.7668555672309886D-04
  0.8071315311906837D-04  0.8491079921686562D-04  0.8928110149766959D-04
  0.9382611971312124D-04  0.9854728257808366D-04  0.1034452970558559D-03
  0.1085200514670606D-03  0.1137705126037529D-03  0.1191946176288887D-03
  0.1247891614066306D-03  0.1305496805676537D-03  0.1364703358867971D-03
  0.1425437950345376D-03  0.1487611184892268D-03  0.1551116519902135D-03
  0.1615829298086395D-03  0.1681605941247553D-03  0.1748283368243454D-03
  0.1815678714049265D-03  0.1883589439376141D-03  0.1951793936188274D-03
  0.2020052749167219D-03  0.2088110547787203D-03  0.2155698996398356D-03
  0.2222540679384664D-03  0.2288354239902934D-03  0.2352860883175955D-03
  0.2415792373176198D-03  0.2476900607362543D-03  0.2535968785698754D-03
  0.2592824086128852D-03  0.2647351618540995D-03  0.2699509244502124D-03
  0.2749342626042297D-03  0.2796999611064775D-03  0.2842742792489483D-03
  0.2886958829197648D-03  0.2930162932599349D-03  0.2972996863518234D-03
  0.3016218914846967D-03  0.3060684733174574D-03  0.3107318491902464D-03
  0.3157074857747206D-03  0.3210893335201499D-03  0.3269647670438763D-03
  0.3334094278217641D-03  0.3404824056228817D-03  0.3482222354598544D-03
  0.3566441317611945D-03  0.3657387758456168D-03  0.3754728192430195D-03
  0.3857910905962701D-03  0.3966203263914070D-03  0.4078741114516044D-03
  0.4194586307728338D-03  0.4312788053025543D-03  0.4432444049889452D-03
  0.4552757895847290D-03  0.4673090050000084D-03  0.4793000446513682D-03
  0.4912281593108691D-03  0.5030981582234458D-03  0.5149416859417478D-03
  0.5268174841728734D-03  0.5388106595399719D-03  0.5510309801216990D-03
  0.5636102210956964D-03  0.5766985766060737D-03  0.5904601550676737D-03
  0.6050675817946715D-03  0.6206957492222277D-03  0.6375147841955965D-03
  0.6556823467538191D-03  0.6753354391666804D-03  0.6965819905186329D-03
  0.7194925934893087D-03  0.7440929061950552D-03  0.7703573883771124D-03
  0.7982052049524823D-03  0.8274992740869404D-03  0.8580495160279830D-03
  0.8896213042354985D-03  0.9219498432331630D-03  0.9547606056408075D-03
  0.9877949939392555D-03  0.1020839082983192D-02  0.1053751839329638D-02
  0.1086487995311280D-02  0.1119110333787149D-02  0.1151787021529160D-02
  0.1184772061905417D-02  0.1218370534823234D-02  0.1252894072943868D-02
  0.1288614792205925D-02  0.1325726467851428D-02  0.1364320108280881D-02
  0.1404377708928817D-02  0.1445784129796640D-02  0.1488353850342186D-02
  0.1531867476898575D-02  0.1576112382341754D-02  0.1620922397097199D-02
  0.1666212554039173D-02  0.1712006084546722D-02  0.1758451917146738D-02
  0.1805831722043843D-02  0.1854556100104072D-02  0.1905149879886589D-02
  0.1958226742850364D-02  0.2014453614812923D-02  0.2074505495794784D-02
  0.2139011704396137D-02  0.2208494938513879D-02  0.2283305170486351D-02
  0.2363551297301271D-02  0.2449034786321446D-02  0.2539191452923675D-02
  0.2633050119116034D-02  0.2729220227766419D-02  0.2825924110979258D-02
  0.2921092255748253D-02  0.3012538845484659D-02  0.3098225860424975D-02
  0.3176601600122409D-02  0.3246962755545149D-02  0.3309745316958596D-02
  0.3366623294999478D-02  0.3420317636172772D-02  0.3474107639700538D-02
  0.3531163709558976D-02  0.3593910296025450D-02  0.3663618200650732D-02
  0.3740320857286663D-02  0.3823019340106289D-02  0.3910058279539079D-02
  0.3999543192695214D-02  0.4089706278773425D-02  0.4179176017066767D-02
  0.4267143413223928D-02  0.4353437630902109D-02  0.4438530426822728D-02
  0.4523488020382356D-02  0.4609885561177671D-02  0.4699695809170757D-02
  0.4795160920568994D-02  0.4898654548558577D-02  0.5012540613367248D-02
  0.5139034828824728D-02  0.5280075175996234D-02  0.5437207829741632D-02
  0.5611495452217064D-02  0.5803455152552431D-02  0.6013033666681541D-02
  0.6239627153939251D-02  0.6482151973706605D-02  0.6739171453190834D-02
  0.7009079421432739D-02  0.7290336249521578D-02  0.7581745437062679D-02
  0.7882749852343919D-02  0.8193718029422380D-02  0.8516185266063282D-02
  0.8853015076156311D-02  0.9208456480523094D-02  0.9588091998209335D-02
  0.9998696026514846D-02  0.1044804659209779D-01  0.1094474595851452D-01
  0.1149810263061156D-01  0.1211810901609456D-01  0.1281552233978623D-01
  0.1360203060472614D-01  0.1449046788014947D-01  0.1549503572969841D-01
  0.1663148906462421D-01  0.1791725043587947D-01  0.1937142395940133D-01
  0.2101468811753011D-01  0.2286905720726936D-01  0.2495751864783131D-01
  0.2730358218799665D-01  0.2993081825292998D-01  0.3286252607690217D-01
  0.3612170632435580D-01
    1    1  333
  0.0000000000000000D+00 -0.1231681073341953D-11 -0.1770485396399531D-11
 -0.2412579385128012D-11 -0.3153607622005642D-11 -0.4039836436230150D-11
 -0.4939464961439820D-11 -0.6085525393041730D-11 -0.7313439132012352D-11
 -0.8742726285519407D-11 -0.1032299316662174D-10 -0.1212755808508922D-10
 -0.1417697994397436D-10 -0.1647131540708928D-10 -0.1907910962157167D-10
 -0.2195907517376176D-10 -0.2520753686768630D-10 -0.2889093736946660D-10
 -0.3294508363598163D-10 -0.3753849109196645D-10 -0.4266687437818197D-10
 -0.4836623890115734D-10 -0.5474349676563999D-10 -0.6188205846673679D-10
 -0.6978911289326526D-10 -0.7862413544737676D-10 -0.8846754482566245D-10
 -0.9938846120441113D-10 -0.1115542967147990D-09 -0.1250764147956630D-09
 -0.1400692419506757D-09 -0.1567320322941626D-09 -0.1752285023202180D-09
 -0.1956897948161949D-09 -0.2184085329577886D-09 -0.2435956346237543D-09
 -0.2714723068317898D-09 -0.3023667511285861D-09 -0.3365200300529854D-09
 -0.3743603579231448D-09 -0.4161752977538458D-09 -0.4624138285316450D-09
 -0.5135292015156238D-09 -0.5700232192125792D-09 -0.6324395161526489D-09
 -0.7013319757930151D-09 -0.7774042008597994D-09 -0.8613910092874224D-09
 -0.9540533650826751D-09 -0.1056278582649042D-08 -0.1169062401875265D-08
 -0.1293385404460781D-08 -0.1430453936990671D-08 -0.1581558014341057D-08
 -0.1748054341457377D-08 -0.1931493372190032D-08 -0.2133575881915697D-08
 -0.2356109301473843D-08 -0.2601175239023076D-08 -0.2870959627021016D-08
 -0.3167936921874530D-08 -0.3494770561864306D-08 -0.3854380724184774D-08
 -0.4250009485949258D-08 -0.4685238326392868D-08 -0.5163866620952318D-08
 -0.5690241032738620D-08 -0.6268932609287206D-08 -0.6905138434917266D-08
 -0.7604411097137181D-08 -0.8372936374079180D-08 -0.9217449011413003D-08
 -0.1014532660891630D-07 -0.1116462945295747D-07 -0.1228431355539019D-07
 -0.1351396849053659D-07 -0.1486436585644800D-07 -0.1634707404829188D-07
 -0.1797493154898612D-07 -0.1976186899620296D-07 -0.2172323084489959D-07
 -0.2387580192641058D-07 -0.2623790349294148D-07 -0.2882967622157913D-07
 -0.3167308974400533D-07 -0.3479224751607426D-07 -0.3821346872055238D-07
 -0.4196565180283689D-07 -0.4608026301937994D-07 -0.5059186749183572D-07
 -0.5553821384865840D-07 -0.6096057120341448D-07 -0.6690409261622250D-07
 -0.7341815772511551D-07 -0.8055671438898247D-07 -0.8837875437809005D-07
 -0.9694875254806021D-07 -0.1063371784532668D-06 -0.1166210185806754D-06
 -0.1278843352835700D-06 -0.1402189669952683D-06 -0.1537252365064744D-06
 -0.1685126588084514D-06 -0.1847007907847668D-06 -0.2024200599473899D-06
 -0.2218128909940856D-06 -0.2430345768075180D-06 -0.2662545744403423D-06
 -0.2916575917075948D-06 -0.3194450567771779D-06 -0.3498364953913770D-06
 -0.3830711387251239D-06 -0.4194095160281336D-06 -0.4591354488347328D-06
 -0.5025578434654646D-06 -0.5500129643982282D-06 -0.6018666646861130D-06
 -0.6585167791408820D-06 -0.7203958681058329D-06 -0.7879739937811011D-06
 -0.8617619126815975D-06 -0.9423140714204654D-06 -0.1030232284551199D-05
 -0.1126169461435275D-05 -0.1230833489451659D-05 -0.1344991443181045D-05
 -0.1469474159433664D-05 -0.1605180873539836D-05 -0.1753084284414155D-05
 -0.1914235805820365D-05 -0.2089771114374626D-05 -0.2280915895242325D-05
 -0.2488991929645951D-05 -0.2715423383105396D-05 -0.2961743167715409D-05
 -0.3229599646411755D-05 -0.3520763377730565D-05 -0.3837133888227648D-05
 -0.4180746569088665D-05 -0.4553779369342488D-05 -0.4958559385855141D-05
 -0.5397569009283720D-05 -0.5873451830380474D-05 -0.6389017759061443D-05
 -0.6947247285114296D-05 -0.7551294814421774D-05 -0.8204490431347036D-05
 -0.8910340212102330D-05 -0.9672524297287482D-05 -0.1049489247262064D-04
 -0.1138145687188205D-04 -0.1233638107677445D-04 -0.1336396494487521D-04
 -0.1446862468416064D-04 -0.1565486714960621D-04 -0.1692725756920778D-04
 -0.1829037984205214D-04 -0.1974878805231606D-04 -0.2130694855737279D-04
 -0.2296917095010298D-04 -0.2473952711900057D-04 -0.2662175671246252D-04
 -0.2861915825381221D-04 -0.3073446430746035D-04 -0.3296970013138141D-04
 -0.3532602474547713D-04 -0.3780355433194869D-04 -0.4040116815686924D-04
 -0.4311629784437674D-04 -0.4594470243521151D-04 -0.4888023219545029D-04
 -0.5191458657157108D-04 -0.5503707330040152D-04 -0.5823437838856625D-04
 -0.6149035994208984D-04 -0.6478588145527787D-04 -0.6809870470535826D-04
 -0.7140346549562003D-04 -0.7467175929344148D-04 -0.7787236614700997D-04
 -0.8097164568002298D-04 -0.8393413108449628D-04 -0.8672334615084822D-04
 -0.8930285879409422D-04 -0.9163756819952585D-04 -0.9369519874647612D-04
 -0.9544794272621974D-04 -0.9687415626437299D-04 -0.9795997204723773D-04
 -0.9870065318281549D-04 -0.9910148167719806D-04 -0.9917796198584431D-04
 -0.9895513235567670D-04 -0.9846582267750309D-04 -0.9774776841743722D-04
 -0.9683961645102753D-04 -0.9577595785971929D-04 -0.9458166286303658D-04
 -0.9326588543824069D-04 -0.9181616401650680D-04 -0.9019305082596724D-04
 -0.8832565582812471D-04 -0.8610840206659868D-04 -0.8339917628229744D-04
 -0.8001894231467433D-04 -0.7575278404427005D-04 -0.7035227232046310D-04
 -0.6353901152738018D-04 -0.5500921385686103D-04 -0.4443916717838268D-04
 -0.3149149397448805D-04 -0.1582213737982269D-04  0.2911954796099233D-05
  0.2504445101503232D-04  0.5089055175846648D-04  0.8073719308152399D-04
  0.1148325519424076D-03  0.1533749076767714D-03  0.1965009759395119D-03
  0.2442739175317412D-03  0.2966713377876786D-03  0.3535737364747417D-03
  0.4147540470679958D-03  0.4798691191099264D-03  0.5484542457864546D-03
  0.6199221093309450D-03  0.6935677839429654D-03  0.7685816498276260D-03
  0.8440721516244755D-03  0.9191001561359138D-03  0.9927260624771979D-03
  0.1064069601778619D-02  0.1132380265308938D-02  0.1197113473201032D-02
  0.1258004154740605D-02  0.1315125987917327D-02  0.1368922264090401D-02
  0.1420194664362447D-02  0.1470040576137503D-02  0.1519738095354511D-02
  0.1570589743991593D-02  0.1623747543226843D-02  0.1680049510563360D-02
  0.1739898091686082D-02  0.1803202557216472D-02  0.1869394132155515D-02
  0.1937507795317240D-02  0.2006313370987721D-02  0.2074473034114371D-02
  0.2140702680775495D-02  0.2203918981291750D-02  0.2263359961784981D-02
  0.2318672725051860D-02  0.2369966314615685D-02  0.2417830517188220D-02
  0.2463322741491510D-02  0.2507925523692373D-02  0.2553477069289346D-02
  0.2602076921187663D-02  0.2655968582420616D-02  0.2717400863056779D-02
  0.2788469992221322D-02  0.2870945256634521D-02  0.2966082278638281D-02
  0.3074430307162875D-02  0.3195643470975389D-02  0.3328311359880035D-02
  0.3469832082282347D-02  0.3616361274678397D-02  0.3762882469824301D-02
  0.3903454340916887D-02  0.4031690830025576D-02  0.4141508335072813D-02
  0.4228112543696566D-02  0.4289090331992323D-02  0.4325336718957804D-02
  0.4341452968394421D-02  0.4345298234109295D-02  0.4346625600725238D-02
  0.4355110845811805D-02  0.4378376997447434D-02  0.4420628145100253D-02
  0.4482222345913953D-02  0.4560128786530792D-02  0.4648949959607247D-02
  0.4742131396506494D-02  0.4833074057085419D-02  0.4916001845548865D-02
  0.4986548883709798D-02  0.5042093228708393D-02  0.5081886311653241D-02
  0.5107026462816654D-02  0.5120314776296272D-02  0.5126020421377520D-02
  0.5129573357153314D-02  0.5137196200655432D-02  0.5155483272691632D-02
  0.5190933004854023D-02  0.5249439402240585D-02  0.5335748804541345D-02
  0.5452889674902433D-02  0.5601585647028722D-02  0.5779665729585842D-02
  0.5981490837801940D-02  0.6197421482376072D-02  0.6413360249944267D-02
  0.6610409137999176D-02  0.6764687824514028D-02  0.6847359469803235D-02
  0.6824902153762135D-02  0.6659642327534455D-02  0.6310529136059752D-02
  0.5734076941066792D-02  0.4885345279662487D-02  0.3718776783588598D-02
  0.2188691203098157D-02  0.2492576102486856D-03 -0.2146164912972266D-02
 -0.5046321374083587D-02 -0.8503881113832977D-02 -0.1257758969644537D-01
 -0.1733452256326552D-01 -0.2285222510630647D-01 -0.2922058911634115D-01
 -0.3654339150923430D-01 -0.4493950117102134D-01 -0.5454383193450636D-01
 -0.6550817585897700D-01 -0.7800212346746564D-01 -0.9221435823205745D-01
 -0.1083547461219355D+00 -0.1266575072064611D+00 -0.1473869006608298D+00
 -0.1708437299384325D+00
    1    1  333
  0.0000000000000000D+00  0.1367897745736528D-11  0.1994666154538380D-11
  0.2721233237534063D-11  0.3548851724866451D-11  0.4515856094424759D-11
  0.5596688392252470D-11  0.6844553250459919D-11  0.8250322924090317D-11
  0.9843424744879475D-11  0.1165429104895570D-10  0.1369444944155898D-10
  0.1599761604397106D-10  0.1859200600798811D-10  0.2151014436024440D-10
  0.2478690678932216D-10  0.2845478606628470D-10  0.3258359498679861D-10
  0.3720268981067384D-10  0.4237571909681225D-10  0.4815157033177010D-10
  0.5460933816621384D-10  0.6180018081938538D-10  0.6983677301389610D-10
  0.7879113595620577D-10  0.8875892082917316D-10  0.9986011595062468D-10
  0.1122082267865902D-09  0.1259348810041008D-09  0.1412015419399761D-09
  0.1581309273301255D-09  0.1769396105272667D-09  0.1978120351502985D-09
  0.2209523663039872D-09  0.2466066166573984D-09  0.2750385810573048D-09
  0.3065188440893871D-09  0.3413843114659567D-09  0.3799740782336916D-09
  0.4226640702281834D-09  0.4698896434402119D-09  0.5220972422349112D-09
  0.5798220355552552D-09  0.6435914904303327D-09  0.7140489567805221D-09
  0.7918464517030381D-09  0.8777562576555486D-09  0.9725682389040404D-09
  0.1077206181402872D-08  0.1192629799966114D-08  0.1319950212201783D-08
  0.1460351412163441D-08  0.1615122232773578D-08  0.1785722448291791D-08
  0.1973728718278244D-08  0.2180859253442918D-08  0.2409030258598800D-08
  0.2660324402215494D-08  0.2937019453939119D-08  0.3241641062992928D-08
  0.3576965650107070D-08  0.3945991751948158D-08  0.4352048161006308D-08
  0.4798796369420516D-08  0.5290188570437412D-08  0.5830655408249418D-08
  0.6424970013179914D-08  0.7078417137956029D-08  0.7796775571748023D-08
  0.8586363411471716D-08  0.9454134413064042D-08  0.1040769454272242D-07
  0.1145538620141518D-07  0.1260635099928318D-07  0.1387059005691687D-07
  0.1525909195187001D-07  0.1678385546829445D-07  0.1845806034614254D-07
  0.2029612570874035D-07  0.2231384672045847D-07  0.2452850902926621D-07
  0.2695905948539964D-07  0.2962622846456716D-07  0.3255270364221985D-07
  0.3576333905739620D-07  0.3928530917004025D-07  0.4314839098713590D-07
  0.4738512536509316D-07  0.5203114384524958D-07  0.5712541499531697D-07
  0.6271056333347649D-07  0.6883320249790714D-07  0.7554432428147986D-07
  0.8289964798905769D-07  0.9096014247044018D-07  0.9979238951566756D-07
  0.1094692092306188D-06  0.1200701315458428D-06  0.1316821017645030D-06
  0.1444000622500986D-06  0.1583277086926893D-06  0.1735783122801847D-06
  0.1902755231999404D-06  0.2085543239498579D-06  0.2285620426944382D-06
  0.2504594375136182D-06  0.2744219093330018D-06  0.3006407482378153D-06
  0.3293245510012732D-06  0.3607007534427037D-06  0.3950172276569590D-06
  0.4325440932894838D-06  0.4735755553756097D-06  0.5184320471066405D-06
  0.5674624189982608D-06  0.6210463307094514D-06  0.6795968588195239D-06
  0.7435632476408458D-06  0.8134339207411980D-06  0.8897396842442645D-06
  0.9730571515361919D-06  0.1064012436226976D-05  0.1163285089593457D-05
  0.1271612301529773D-05  0.1389793359060643D-05  0.1518694436820305D-05
  0.1659253634061303D-05  0.1812486314349992D-05  0.1979490788236765D-05
  0.2161454230396081D-05  0.2359658960031118D-05  0.2575488954231767D-05
  0.2810436677683753D-05  0.3066110152077875D-05  0.3344240239412418D-05
  0.3646688149027374D-05  0.3975453024864767D-05  0.4332679686635244D-05
  0.4720666311688653D-05  0.5141872035559473D-05  0.5598924377730715D-05
  0.6094626258047066D-05  0.6631962535480371D-05  0.7214105852170919D-05
  0.7844421480565052D-05  0.8526470985948112D-05  0.9264014349462317D-05
  0.1006101017971030D-04  0.1092161356746465D-04  0.1185017120426780D-04
  0.1285121301146664D-04  0.1392943981979611D-04  0.1508970635039414D-04
  0.1633699860119364D-04  0.1767640483669653D-04  0.1911307917506777D-04
  0.2065219667794280D-04  0.2229889870970219D-04  0.2405822740412624D-04
  0.2593504782641846D-04  0.2793395640097590D-04  0.3005917435711708D-04
  0.3231442458755494D-04  0.3470279082520431D-04  0.3722655790060664D-04
  0.3988703237291084D-04  0.4268434307221002D-04  0.4561722190828373D-04
  0.4868276604974019D-04  0.5187618379307697D-04  0.5519052797758636D-04
  0.5861642261002718D-04  0.6214179094712775D-04  0.6575159584369231D-04
  0.6942760687296006D-04  0.7314821227209253D-04  0.7688829801615577D-04
  0.8061922054366228D-04  0.8430890352191722D-04  0.8792209195505891D-04
  0.9142079826690654D-04  0.9476497311913194D-04  0.9791342797372545D-04
  0.1008250247197989D-03  0.1034601289885362D-03  0.1057822968190371D-03
  0.1077601292333026D-03  0.1093691867142809D-03  0.1105938096625034D-03
  0.1114286462735760D-03  0.1118796549276083D-03  0.1119643331001060D-03
  0.1117109388501925D-03  0.1111565228866287D-03  0.1103436692917497D-03
  0.1093159853070798D-03  0.1081124928051076D-03  0.1067612322969141D-03
  0.1052724942167438D-03  0.1036321590391992D-03  0.1017956345214982D-03
  0.9968282556907876D-04  0.9717447192281409D-04  0.9411006111845142D-04
  0.9028739288506670D-04  0.8546375746729351D-04  0.7935860874287579D-04
  0.7165756913597211D-04  0.6201759511190541D-04  0.5007315144944853D-04
  0.3544327907327320D-04  0.1773948395128490D-04 -0.3425585697686273D-05
 -0.2842867716994882D-04 -0.5762567461444279D-04 -0.9134053605135938D-04
 -0.1298534418721317D-03 -0.1733882162828212D-03 -0.2220991531587257D-03
 -0.2760574749217203D-03 -0.3352377809967209D-03 -0.3995050054160055D-03
 -0.4686026050190409D-03 -0.5421429424633963D-03 -0.6196011086169285D-03
 -0.7003137345056968D-03 -0.7834846442554494D-03 -0.8681994421799091D-03
 -0.9534512168464587D-03 -0.1038179343363900D-02 -0.1121322685541293D-02
 -0.1201887126006720D-02 -0.1279025096233899D-02 -0.1352121586199618D-02
 -0.1420877228212008D-02 -0.1485375184374498D-02 -0.1546115991280016D-02
 -0.1604004878339350D-02 -0.1660280979073762D-02 -0.1716387471586999D-02
 -0.1773795102446662D-02 -0.1833804657941660D-02 -0.1897362333536648D-02
 -0.1964922452618950D-02 -0.2036382411093798D-02 -0.2111099750318779D-02
 -0.2187984515582988D-02 -0.2265647279856107D-02 -0.2342576999837699D-02
 -0.2417323242520942D-02 -0.2488662248919654D-02 -0.2555733108224629D-02
 -0.2618136825714161D-02 -0.2675996028889622D-02 -0.2729976209264923D-02
 -0.2781270914082461D-02 -0.2831553768770080D-02 -0.2882900052723163D-02
 -0.2937680190177611D-02 -0.2998427223143052D-02 -0.3067680267091987D-02
 -0.3147806256629077D-02 -0.3240803101559586D-02 -0.3348088899109915D-02
 -0.3470284398522267D-02 -0.3606999948510181D-02 -0.3756644268076593D-02
 -0.3916281160587427D-02 -0.4081571941382040D-02 -0.4246854812030855D-02
 -0.4405423830526932D-02 -0.4550070704747893D-02 -0.4673928045999715D-02
 -0.4771583291522388D-02 -0.4840311612972725D-02 -0.4881123244244084D-02
 -0.4899214444951618D-02 -0.4903463156649811D-02 -0.4904890484570806D-02
 -0.4914435290707869D-02 -0.4940722543436769D-02 -0.4988518622844181D-02
 -0.5058247014351322D-02 -0.5146503278245708D-02 -0.5247209058358014D-02
 -0.5352978657664246D-02 -0.5456376040978993D-02 -0.5550895315384802D-02
 -0.5631624561788000D-02 -0.5695623109773700D-02 -0.5742067937935443D-02
 -0.5772223882817518D-02 -0.5789280920114687D-02 -0.5798089184091728D-02
 -0.5804812044362029D-02 -0.5816510538004024D-02 -0.5840668235365805D-02
 -0.5884663526066832D-02 -0.5955195743201236D-02 -0.6057672141718513D-02
 -0.6195564400335633D-02 -0.6369746112739767D-02 -0.6577826858010579D-02
 -0.6813504384848276D-02 -0.7065962867439761D-02 -0.7319355284768412D-02
 -0.7552415395249560D-02 -0.7738251959874539D-02 -0.7844378884750907D-02
 -0.7833025828110378D-02 -0.7661749569018962D-02 -0.7284323899698034D-02
 -0.6651826726404676D-02 -0.5713775787091792D-02 -0.4419107200721759D-02
 -0.2716763851282361D-02 -0.5556868809950957D-03  0.2115918244904173D-02
  0.5352046537961800D-02  0.9210964465355520D-02  0.1375766236435959D-01
  0.1906642226556848D-01  0.2522325227855733D-01  0.3232801473953786D-01
  0.4049616399816340D-01  0.4986010275958071D-01  0.6057024977996591D-01
  0.7279597750009736D-01  0.8672666319060315D-01  0.1025731933551801D+00
  0.1205704202780350D+00  0.1409809338279580D+00  0.1641018173316881D+00
  0.1902725794201293D+00
    1   30  333
  0.0000000000000000D+00 -0.6000176289077598D-14 -0.6098347569848988D-14
 -0.2273585411942230D-14 -0.3167509975255521D-14 -0.3859086209460406D-14
 -0.3927971793784011D-14 -0.5918566103774883D-14 -0.3314507856686560D-14
 -0.3412323033430499D-14 -0.6217442927137240D-14 -0.4434138674419444D-14
 -0.2354937325176705D-14 -0.5454044634956975D-14 -0.7316351319869402D-14
 -0.8621855807655976D-14 -0.1053809080511818D-13 -0.1766302542074389D-13
 -0.1187788419619690D-13 -0.1656698878072644D-13 -0.1780336190124991D-13
 -0.1452924714284307D-13 -0.1797069079776244D-13 -0.1406024557662225D-13
 -0.2326849327909808D-13 -0.2092164542593645D-13 -0.2129674213791207D-13
 -0.2404152865745694D-13 -0.2358535424589198D-13 -0.2153172373074888D-13
 -0.3244321880269824D-13 -0.3215883503824893D-13 -0.4643685187976093D-13
 -0.5296970037038699D-13 -0.6122957508637357D-13 -0.7024533509375250D-13
 -0.7734599806309207D-13 -0.8919343567291556D-13 -0.9829882425978541D-13
 -0.1100228897327755D-12 -0.1303013680607441D-12 -0.1462404909091424D-12
 -0.1647370216648732D-12 -0.1975456264106218D-12 -0.2208159535301166D-12
 -0.2464301713932204D-12 -0.2812790790660988D-12 -0.3145018117248752D-12
 -0.3564807644564904D-12 -0.4012069278217191D-12 -0.4583951994019658D-12
 -0.5219840768489354D-12 -0.5942662804221792D-12 -0.6780249102380407D-12
 -0.7665740434890914D-12 -0.8698088464095354D-12 -0.9837905559252792D-12
 -0.1109010397373776D-11 -0.1257656250515139D-11 -0.1417709914466163D-11
 -0.1617858653195548D-11 -0.1826877858668860D-11 -0.2069722093500498D-11
 -0.2354945183026503D-11 -0.2657050596954710D-11 -0.3007142176522841D-11
 -0.3408184292949334D-11 -0.3856240876182669D-11 -0.4364497790017338D-11
 -0.4938941792963339D-11 -0.5579600168362172D-11 -0.6326118740449900D-11
 -0.7151106900542000D-11 -0.8093109738064727D-11 -0.9154119544208805D-11
 -0.1035330217159447D-10 -0.1171290582679802D-10 -0.1324541280302845D-10
 -0.1498100788737491D-10 -0.1693578506058933D-10 -0.1915624336765758D-10
 -0.2165644222153505D-10 -0.2448037502105206D-10 -0.2767340081549444D-10
 -0.3128314910461825D-10 -0.3535538532902594D-10 -0.3995080250941159D-10
 -0.4515176939676284D-10 -0.5103293992764927D-10 -0.5765289095419888D-10
 -0.6514307085793392D-10 -0.7359958958136507D-10 -0.8314296338645829D-10
 -0.9391796781403821D-10 -0.1060871642354344D-09 -0.1198206100976502D-09
 -0.1353249394163794D-09 -0.1528314794477215D-09 -0.1725827095744557D-09
 -0.1948813958870303D-09 -0.2200435070605150D-09 -0.2484303673130159D-09
 -0.2804762846638783D-09 -0.3166243226554088D-09 -0.3574118559883957D-09
 -0.4034285595734626D-09 -0.4553378291282639D-09 -0.5138864632913814D-09
 -0.5799352076773802D-09 -0.6544213167082484D-09 -0.7384336084620619D-09
 -0.8331634287993848D-09 -0.9399831028031208D-09 -0.1060426506154179D-08
 -0.1196208162386701D-08 -0.1349280683076803D-08 -0.1521833334155248D-08
 -0.1716315566336332D-08 -0.1935492408282439D-08 -0.2182492824833561D-08
 -0.2460808920921635D-08 -0.2774385430896367D-08 -0.3127649201577400D-08
 -0.3525577410321926D-08 -0.3973778413760941D-08 -0.4478527657005249D-08
 -0.5046899196035351D-08 -0.5686834527803344D-08 -0.6407245494795309D-08
 -0.7218142641458527D-08 -0.8130763339880353D-08 -0.9157699589653488D-08
 -0.1031312054203240D-07 -0.1161286236028266D-07 -0.1307472162811424D-07
 -0.1471861806400170D-07 -0.1656687401261573D-07 -0.1864449546217182D-07
 -0.2097947303248587D-07 -0.2360311376820267D-07 -0.2655045690448833D-07
 -0.2986063668477829D-07 -0.3357742621328656D-07 -0.3774966660354033D-07
 -0.4243190615591639D-07 -0.4768495928782119D-07 -0.5357663244099129D-07
 -0.6018245463732059D-07 -0.6758650107447087D-07 -0.7588230157066552D-07
 -0.8517377310520349D-07 -0.9557632545385720D-07 -0.1072179915987968D-06
 -0.1202406424144421D-06 -0.1348013501050225D-06 -0.1510738039273198D-06
 -0.1692498090255860D-06 -0.1895409547403354D-06 -0.2121802806615732D-06
 -0.2374240684257165D-06 -0.2655537418690421D-06 -0.2968777551847701D-06
 -0.3317336205694633D-06 -0.3704898718665267D-06 -0.4135481087628073D-06
 -0.4613449689564388D-06 -0.5143540704744686D-06 -0.5730878372180998D-06
 -0.6380992335316786D-06 -0.7099833234586729D-06 -0.7893786467694647D-06
 -0.8769683915590560D-06 -0.9734813895258455D-06 -0.1079692950940579D-05
 -0.1196425632170404D-05 -0.1324550095845931D-05 -0.1464986260904979D-05
 -0.1618705164047754D-05 -0.1786731901085560D-05 -0.1970150420278936D-05
 -0.2170110849680242D-05 -0.2387840501050202D-05 -0.2624659642484214D-05
 -0.2882003386132551D-05 -0.3161451107546590D-05 -0.3464764627053653D-05
 -0.3793936181245101D-05 -0.4151246708528763D-05 -0.4539334046173928D-05
 -0.4961269662877687D-05 -0.5420641055956722D-05 -0.5921635607221805D-05
 -0.6469120139929216D-05 -0.7068709494147819D-05 -0.7726816636416666D-05
 -0.8450677570059322D-05 -0.9248344917357464D-05 -0.1012864633808709D-04
 -0.1110110632704874D-04 -0.1217583249372226D-04 -0.1336336971111935D-04
 -0.1467452704153315D-04 -0.1612018287784640D-04 -0.1771107336468333D-04
 -0.1945756777606033D-04 -0.2136943291616360D-04 -0.2345558666217664D-04
 -0.2572383911177586D-04 -0.2818061872364961D-04 -0.3083068021539765D-04
 -0.3367679129377505D-04 -0.3671939610195785D-04 -0.3995625487305642D-04
 -0.4338206158624208D-04 -0.4698804426768271D-04 -0.5076155640801759D-04
 -0.5468567249261479D-04 -0.5873880634984756D-04 -0.6289437795143467D-04
 -0.6712056266300767D-04 -0.7138016702756245D-04 -0.7563068669841175D-04
 -0.7982461519929172D-04 -0.8391008573986158D-04 -0.8783194088102876D-04
 -0.9153333364940719D-04 -0.9495796404296178D-04 -0.9805303999913591D-04
 -0.1007730122908242D-03 -0.1030840569066866D-03 -0.1049691543080066D-03
 -0.1064334344852784D-03 -0.1075092232493519D-03 -0.1082599636987034D-03
 -0.1087819550223874D-03 -0.1092027436602768D-03 -0.1096751395207712D-03
 -0.1103663150973558D-03 -0.1114423327576715D-03 -0.1130495242538179D-03
 -0.1152952944213447D-03 -0.1182315456605125D-03 -0.1218437938903015D-03
 -0.1260481585521696D-03 -0.1306967277168002D-03 -0.1355902124340890D-03
 -0.1404955183660414D-03 -0.1451653515653707D-03 -0.1493571945494023D-03
 -0.1528497045390479D-03 -0.1554554730506511D-03 -0.1570298763100123D-03
 -0.1574762989061637D-03 -0.1567483005635695D-03 -0.1548493765256500D-03
 -0.1518309002252857D-03 -0.1477887160911745D-03 -0.1428587108060008D-03
 -0.1372115660103303D-03 -0.1310467964001405D-03 -0.1245861040703569D-03
 -0.1180660310620028D-03 -0.1117298619626369D-03 -0.1058187148712599D-03
 -0.1005617644991381D-03 -0.9616557623638912D-04 -0.9280261806110945D-04
 -0.9059919948582164D-04 -0.8962342557462955D-04 -0.8987432586507285D-04
 -0.9127418056754987D-04 -0.9366718382060123D-04 -0.9682859024430016D-04
 -0.1004888649492149D-03 -0.1043754887652129D-03 -0.1082703097421091D-03
 -0.1120724559444928D-03 -0.1158491735752788D-03 -0.1198550910754745D-03
 -0.1245087935044073D-03 -0.1303320417100623D-03 -0.1378721685087480D-03
 -0.1476327148843037D-03 -0.1600297384656714D-03 -0.1753780992791655D-03
 -0.1939014433385983D-03 -0.2157552184482986D-03 -0.2410528197625422D-03
 -0.2698880390601924D-03 -0.3023501080317491D-03 -0.3385298079642179D-03
 -0.3785162743284862D-03 -0.4223845397718968D-03 -0.4701738535433337D-03
 -0.5218566131130725D-03 -0.5772974787758736D-03 -0.6362019774217517D-03
 -0.6980536676085686D-03 -0.7620387526014303D-03 -0.8269569122485042D-03
 -0.8911171115564776D-03 -0.9522172928574575D-03 -0.1007207166506813D-02
 -0.1052134025101342D-02 -0.1081972892831964D-02 -0.1090442888999907D-02
 -0.1069814844614993D-02 -0.1010716570383857D-02 -0.9019444268024862D-03
 -0.7302906171229875D-03 -0.4803942198332982D-03 -0.1346182825698648D-03
  0.3270546249100315D-03  0.9271323859619714D-03  0.1690770939426602D-02
  0.2646040170305330D-02  0.3824367455628937D-02  0.5261226952915851D-02
  0.6997123985401860D-02  0.9078895486486419D-02  0.1156131674923664D-01
  0.1450898202763560D-01  0.1799841511528160D-01  0.2212037354266663D-01
  0.2698232150002753D-01  0.3271106199835334D-01  0.3945553133642710D-01
  0.4738976135757397D-01  0.5671602320990933D-01  0.6766817899187870D-01
  0.8051532473527158D-01  0.9556572726296789D-01  0.1131719008969142D+00
  0.1337357649552340D+00
    1   24  333
  0.0000000000000000D+00  0.2519172437645574D-14  0.5973687731475949D-14
 -0.1663458612679319D-14  0.3767289195013142D-14  0.9805122397341872D-14
  0.4509462732056339D-14  0.8735176023024054D-14  0.1150969188558406D-13
  0.1282120180360994D-13  0.1057645567332365D-13  0.8903364943449123D-14
  0.1181739225345123D-13  0.1242718341905414D-13  0.1847030608926686D-13
  0.1371067792653734D-13  0.2078545621957210D-13  0.2312514050793819D-13
  0.2149124845006606D-13  0.1929771470067248D-13  0.3382549474724632D-13
  0.2867516838477109D-13  0.2137088835591149D-13  0.2510077624483290D-13
  0.2453727189931541D-13  0.3641456080266964D-13  0.3412817635404097D-13
  0.4215323226340220D-13  0.3774225849579451D-13  0.5542320306015470D-13
  0.6668153980668782D-13  0.7559211891358084D-13  0.8742367089977076D-13
  0.9761715218766334D-13  0.1048252151734272D-12  0.1247293566259423D-12
  0.1498417580111608D-12  0.1591336796132670D-12  0.1859897500038250D-12
  0.2096573359654815D-12  0.2400392738598409D-12  0.2701792970776092D-12
  0.3044105069374169D-12  0.3545802330162337D-12  0.4033217591783580D-12
  0.4567830548268094D-12  0.5238617589482655D-12  0.5888882764339226D-12
  0.6683301141629904D-12  0.7572457178561813D-12  0.8513027957441315D-12
  0.9776014538426124D-12  0.1106611217284467D-11  0.1248663595394424D-11
  0.1410731017602013D-11  0.1608048265798676D-11  0.1825494791133784D-11
  0.2058517594497067D-11  0.2337114458368512D-11  0.2648004313971590D-11
  0.3001930641751508D-11  0.3403156975401082D-11  0.3859245255702887D-11
  0.4364747637432427D-11  0.4936867733963134D-11  0.5592028331778848D-11
  0.6332156071041822D-11  0.7167611361717690D-11  0.8112239534560934D-11
  0.9182987182935382D-11  0.1039589215391144D-10  0.1176260455947005D-10
  0.1331436522742966D-10  0.1505078187035114D-10  0.1703210709345218D-10
  0.1926978441529331D-10  0.2178723472758925D-10  0.2464671122879280D-10
  0.2786892145664800D-10  0.3151191115831743D-10  0.3563314252217812D-10
  0.4028298606407335D-10  0.4553963821060436D-10  0.5147624696355406D-10
  0.5818920564256152D-10  0.6577306734710571D-10  0.7432748614726163D-10
  0.8399488393770476D-10  0.9491078298918371D-10  0.1072504296780821D-09
  0.1211730716123341D-09  0.1368937428102782D-09  0.1546490461292497D-09
  0.1747032449976717D-09  0.1973247396032169D-09  0.2228647731333591D-09
  0.2517150935564976D-09  0.2842623121417322D-09  0.3210111110508956D-09
  0.3624744257217014D-09  0.4092689982318273D-09  0.4620831651773808D-09
  0.5216770835061794D-09  0.5888995701877349D-09  0.6647676637224192D-09
  0.7503439688437186D-09  0.8468903348229982D-09  0.9557907359179551D-09
  0.1078629772593255D-08  0.1217171041834937D-08  0.1373405529291316D-08
  0.1549604127738525D-08  0.1748274404633247D-08  0.1972277384558687D-08
  0.2224814373484055D-08  0.2509514519545271D-08  0.2830441606402870D-08
  0.3192157788932522D-08  0.3599814321809303D-08  0.4059211406541177D-08
  0.4576869789080199D-08  0.5160099460644391D-08  0.5817150615036105D-08
  0.6557292782563771D-08  0.7390927455662189D-08  0.8329764632276283D-08
  0.9386948398923511D-08  0.1057725525922830D-07  0.1191726631033510D-07
  0.1342559773441637D-07  0.1512315763952796D-07  0.1703341300936111D-07
  0.1918266700424329D-07  0.2160043276001681D-07  0.2431979775872812D-07
  0.2737785613792886D-07  0.3081613496981460D-07  0.3468117574584419D-07
  0.3902506479959352D-07  0.4390609019933026D-07  0.4938943113365438D-07
  0.5554799108749847D-07  0.6246320183355793D-07  0.7022602208650722D-07
  0.7893796859806730D-07  0.8871230377273648D-07  0.9967527558449428D-07
  0.1119675227951076D-06  0.1257456220811858D-06  0.1411837492183560D-06
  0.1584754912468041D-06  0.1778358151255279D-06  0.1995032327493161D-06
  0.2237420920361931D-06  0.2508450720250682D-06  0.2811358478476980D-06
  0.3149719636412869D-06  0.3527478148139816D-06  0.3948978805554989D-06
  0.4419000805413261D-06  0.4942792422929840D-06  0.5526108064856341D-06
  0.6175244549318975D-06  0.6897079536214672D-06  0.7699109237524659D-06
  0.8589486064001939D-06  0.9577055079414186D-06  0.1067138903874712D-05
  0.1188282121574179D-05  0.1322247522420917D-05  0.1470229183432342D-05
  0.1633505135647159D-05  0.1813439380261833D-05  0.2011483502217583D-05
  0.2229178254517941D-05  0.2468155228250469D-05  0.2730139159604602D-05
  0.3016951430181818D-05  0.3330515689854780D-05  0.3672866775830110D-05
  0.4046164452413606D-05  0.4452713874308229D-05  0.4894994907709115D-05
  0.5375702897194465D-05  0.5897803292883125D-05  0.6464602716479528D-05
  0.7079838278167920D-05  0.7747786087382296D-05  0.8473388497218030D-05
  0.9262397264389220D-05  0.1012152766354249D-04  0.1105861552795269D-04
  0.1208276665092975D-04  0.1320448608212135D-04  0.1443577334020525D-04
  0.1579017095197174D-04  0.1728275477140594D-04  0.1893005891182745D-04
  0.2074993234846854D-04  0.2276132924956566D-04  0.2498403925596334D-04
  0.2743836680918828D-04  0.3014476974731940D-04  0.3312346645966171D-04
  0.3639401868963499D-04  0.3997489365649117D-04  0.4388300579160644D-04
  0.4813323514327229D-04  0.5273791743459819D-04  0.5770629966530355D-04
  0.6304395556092116D-04  0.6875215668194999D-04  0.7482719805943685D-04
  0.8125968127120156D-04  0.8803376340994336D-04  0.9512638726680982D-04
  0.1025065166241395D-03  0.1101344111193992D-03  0.1179609880957293D-03
  0.1259273345560530D-03  0.1339644511139450D-03  0.1419933317507126D-03
  0.1499255076603172D-03  0.1576642092934222D-03  0.1651063247893848D-03
  0.1721453501751596D-03  0.1786755285179202D-03  0.1845973486464006D-03
  0.1898245014370788D-03  0.1942922510713581D-03  0.1979669473680612D-03
  0.2008560674606848D-03  0.2030177363694993D-03  0.2045681820203298D-03
  0.2056851389982631D-03  0.2066050044410351D-03  0.2076117961261091D-03
  0.2090168624160998D-03  0.2111299530521466D-03  0.2142242875511366D-03
  0.2185004254192552D-03  0.2240549363294103D-03  0.2308596556848791D-03
  0.2387556627791315D-03  0.2474629710381533D-03  0.2566039387152036D-03
  0.2657359838984480D-03  0.2743882142801872D-03  0.2820969809278975D-03
  0.2884366992210577D-03  0.2930439402530228D-03  0.2956342775932459D-03
  0.2960124129708933D-03  0.2940766461511486D-03  0.2898189084370912D-03
  0.2833214656463489D-03  0.2747511715761305D-03  0.2643518920393063D-03
  0.2524354839598091D-03  0.2393715263246346D-03  0.2255758585832966D-03
  0.2114978833323859D-03  0.1976065221217597D-03  0.1843746697206685D-03
  0.1722619744554374D-03  0.1616957962768751D-03  0.1530502992413737D-03
  0.1466238951199669D-03  0.1426157874517096D-03  0.1411033266902065D-03
  0.1420234216443495D-03  0.1451633720235480D-03  0.1501686114114154D-03
  0.1565762407890667D-03  0.1638808576811229D-03  0.1716318696285465D-03
  0.1795480260583136D-03  0.1876204605549094D-03  0.1961693461282044D-03
  0.2058299495189563D-03  0.2174698177490545D-03  0.2320659648535695D-03
  0.2505829015169768D-03  0.2738841187846169D-03  0.3026899015399115D-03
  0.3375760292911110D-03  0.3789983302165295D-03  0.4273270447967112D-03
  0.4828786157304547D-03  0.5459371874899724D-03  0.6167617843674119D-03
  0.6955773648607071D-03  0.7825489665395534D-03  0.8777383935878280D-03
  0.9810427215145325D-03  0.1092113538710465D-02  0.1210255450550895D-02
  0.1334302019887202D-02  0.1462467069064166D-02  0.1592169189592431D-02
  0.1719827484718589D-02  0.1840627141651094D-02  0.1948254404560702D-02
  0.2034602325917083D-02  0.2089451853303970D-02  0.2100134265978101D-02
  0.2051187102057239D-02  0.1924017777957820D-02  0.1696591804086036D-02
  0.1343161007792997D-02  0.8340401379891111D-03  0.1354241400229344D-03
 -0.7907850249845195D-03 -0.1987206115188083D-02 -0.3501355876886788D-02
 -0.5386296377819443D-02 -0.7701674590692346D-02 -0.1051525874180364D-01
 -0.1390503014646205D-01 -0.1796183513973933D-01 -0.2279255375076620D-01
 -0.2852371575787270D-01 -0.3530549051092199D-01 -0.4331600323658975D-01
 -0.5276595635539699D-01 -0.6390356073079861D-01 -0.7701979896638540D-01
 -0.9245404103160045D-01 -0.1106000442956501D+00 -0.1319123945890129D+00
 -0.1569135566974809D+00 -0.1862015632703422D+00 -0.2204599428750557D+00
 -0.2604679687640858D+00
