  0.8800000000000001D+01    4
  0.2747673412109099D+01
    1  344    7
  333  333  333  333  333  333  333
  0.5592140806060604D-01 -0.2431136559571762D-01  0.2390235967494231D-01
 -0.1985874638371722D+00  0.1428144832797187D+00  0.1521480349690715D+00
  0.7134937800595605D-01 -0.3568392054198273D-01 -0.8476669123505988D-01
  0.1318081033988998D-01 -0.1249101744940534D+00  0.1039640706297409D+00
 -0.7289773467232846D-01  0.5260219924190367D-01 -0.1607175005608178D+00
  0.2121999945411162D-01 -0.1869360257675991D+00  0.5865119324143379D-01
  0.1512337099807993D+00  0.2263806808129462D-01  0.8107972931023887D-01
 -0.5368858893852264D-01  0.7757410418741893D-01 -0.2367064780440640D-01
 -0.2305613608508565D-01  0.4216429366913316D-01  0.9653489090236628D-01
 -0.2759813158404811D-01  0.5743897964035523D-01 -0.7556747251833687D-01
 -0.4045497076520096D-01 -0.4087398518363693D-01 -0.3257614215342544D-01
  0.1133688681914735D-01 -0.9386999454538315D-01  0.5774811645668508D-01
 -0.4016614871348190D-01  0.7295977788465431D-01 -0.1866590300542019D-01
  0.3632433076001450D-01  0.3303581746448529D-02 -0.5468686158623593D-01
  0.3469970216783206D-02 -0.3118361904028279D-01 -0.2656772650585943D-01
  0.2420244301200392D-01  0.2147900279893898D-01  0.2159928342559527D-01
 -0.2458750252850928D-01 -0.3313835735827011D-01  0.1175166196531953D-01
  0.1279572152863882D-01  0.4635527132917190D-02 -0.4029207892923204D-01
  0.2031864880183734D-01  0.2479496668233413D-01 -0.3384900234759859D-01
  0.3068907986975593D-01  0.2728627697609630D-01  0.3243179509666506D-01
 -0.1050379834358516D-01  0.1466873954533894D-01 -0.8652258933581949D-02
 -0.8828456296194300D-02 -0.8697476247701637D-03  0.1266395179000846D-01
  0.7752110778740337D-02 -0.9806475944340823D-02 -0.1278532162885782D-01
 -0.3031763140074393D-02  0.2545649390698249D-02  0.2481789553263840D-02
 -0.1377839835747795D-01 -0.1367877422767779D-01  0.7871993943590453D-03
 -0.7650204576039434D-02 -0.5320060415112037D-03  0.1539380568821754D-01
  0.9471780513493434D-02 -0.1267536228045292D-01  0.5742473365100345D-02
 -0.2917955355544526D-02  0.5975722756864897D-02 -0.1084697941181369D-01
  0.2713091801127992D-02  0.3067173249610768D-02 -0.3102048168608740D-02
  0.9200083175347884D-03 -0.9059079541317192D-02 -0.7168430894695653D-03
 -0.6500098893708263D-03 -0.3696596231119425D-02  0.6766506640111528D-02
  0.5800714306660387D-02  0.5901377068357323D-02 -0.3502077373519302D-02
 -0.2151701717710178D-02  0.3112958657610218D-02 -0.4811593882277318D-02
  0.7404731286437723D-03 -0.5316274438542670D-02  0.5284175077759689D-02
  0.1584428708332009D-02 -0.3551164176516693D-03 -0.4272396839141514D-02
  0.2109866636246587D-02  0.3795056392438237D-02 -0.2460768278035007D-02
 -0.1811737908827387D-02 -0.1801367859130454D-02  0.1640400948385058D-02
 -0.2480715930884692D-03  0.1491033230428969D-02  0.1821836802606240D-02
 -0.3938737224028336D-03  0.1581335434348336D-03  0.1183677025241250D-02
  0.1862708580109482D-02 -0.6237580198378585D-03  0.1122917003480772D-02
 -0.1420655138586566D-02 -0.2012613074070101D-02  0.6674963933130658D-03
  0.5729409224881733D-03 -0.2343857843217978D-03 -0.3184537329181732D-03
  0.2040666727431701D-03 -0.1657563241474352D-02 -0.1041145902721676D-03
  0.1646777357789554D-02  0.1096225164325605D-02 -0.6562844692717025D-03
  0.5087288771049590D-03  0.1302929972831498D-02  0.1177175856995074D-02
 -0.6833218527702003D-03  0.1222027512287959D-02  0.4940668367665043D-03
 -0.4404977342195573D-03 -0.3902206201175347D-03 -0.2544594057172139D-03
 -0.3328739728464388D-03 -0.1153181782053772D-03 -0.3975743998478937D-03
 -0.8341171826220632D-04 -0.6955456297323436D-03 -0.3167955458757694D-03
 -0.3911444445100638D-03  0.1927101431693195D-03 -0.4623609983644448D-03
 -0.4164407259934135D-03  0.8705397072755268D-05 -0.4488045120677406D-03
  0.2289766159778735D-03 -0.2090276151791257D-03  0.3042263321204283D-03
 -0.2680558723050759D-04 -0.3504799582065127D-03  0.6267908545569156D-04
  0.6729867720676705D-04  0.3538972107819252D-03  0.3437035799176262D-03
 -0.1032514094704132D-03  0.1275388676795500D-03  0.1379122077171881D-03
 -0.2935129189686419D-03 -0.2873250388686661D-03  0.1491430161119715D-03
 -0.1100715029842715D-04  0.2292785902558737D-03 -0.2100446258142754D-03
 -0.1875424984771042D-04  0.6070718091364876D-04  0.9016956809148966D-04
 -0.5031368510145212D-04  0.1247085302859009D-03  0.1337894394689610D-03
 -0.9184204941408954D-04  0.8197803009132638D-04  0.1891302296618639D-04
 -0.8124460760776930D-04 -0.3529389201254887D-04  0.4055665362074279D-05
  0.1458521359119144D-04 -0.1109761759761078D-03 -0.5875984382047959D-04
 -0.1635674165811726D-04  0.1087317050475577D-03  0.6115802031897374D-04
 -0.8180228470846819D-04  0.8539570392603777D-04  0.8115255826008177D-04
  0.3416168661084557D-04 -0.4509234331410765D-04  0.5416301011141200D-04
 -0.6629356732130186D-04  0.3123546899325480D-04  0.8864986505305959D-05
  0.1999109973161185D-04  0.9084377689003307D-05 -0.5294363522407832D-04
  0.1291456920791862D-04 -0.5461808730513363D-04 -0.2007363942532763D-04
 -0.4866286547465856D-04  0.2605535821309571D-05  0.3160891380209995D-04
 -0.3222218572118277D-04  0.1387390537509693D-04 -0.1609448708986457D-04
 -0.1066631546420560D-04  0.7310813211123099D-05  0.1929024558503044D-04
  0.1002675438665284D-04  0.2136105784845912D-04 -0.1001410139450914D-04
  0.1401368234941801D-04  0.1158781274839414D-04  0.3433367436437998D-05
 -0.1564388584808260D-04  0.1715042110356320D-05  0.4606349751524543D-05
  0.7692020522739536D-05 -0.7854089206666281D-05  0.1042257044160100D-04
  0.1434004784303679D-04  0.5591745645934694D-05  0.5433495111477785D-05
  0.5066440974718306D-05 -0.8605301301050065D-05 -0.5177764888874141D-05
  0.1075399662543917D-05 -0.4881531679585749D-05 -0.8386169139838019D-05
 -0.2071256223342796D-05  0.1007618282204670D-04 -0.2237766217414485D-06
  0.6124906609666009D-05 -0.9223230284456616D-06 -0.6336058121818274D-05
 -0.1122532551846207D-05  0.4114695107062947D-05  0.4112424800685477D-05
 -0.3385201074074680D-05 -0.2137803044499909D-05 -0.6432431841902512D-05
 -0.2530918024837760D-05  0.5894731126126167D-06 -0.3941753749023108D-05
  0.4933849133891870D-05 -0.7989073335493380D-06 -0.1967157266373571D-05
 -0.1757081912688608D-05 -0.2617853350634323D-06  0.3448906193780618D-05
  0.2305001767785619D-05 -0.4014995319268680D-06 -0.9929730457858812D-06
  0.2222708140733251D-05 -0.3206864524054512D-06 -0.2477159899804305D-05
 -0.1395054183429038D-05  0.3524162056656879D-06  0.1576924380204639D-05
 -0.6183678637456640D-06  0.1831086547805785D-06 -0.4686829251455705D-06
 -0.3907198318414964D-06 -0.2496690103291558D-06 -0.8236843321578114D-06
 -0.5714972056549690D-06  0.5175745646765913D-06 -0.1219214291965598D-05
  0.6869253843384813D-06  0.8184201564791713D-06  0.4243249199280968D-06
  0.1942238098876718D-06 -0.5484599055351429D-06 -0.2510782787710914D-06
  0.1213434494947920D-06 -0.8310546241286147D-06 -0.3754961855796536D-06
 -0.2643984983482018D-06 -0.3128166840420618D-06  0.5388874267415863D-06
  0.1146204427931258D-06 -0.5176713331676066D-06  0.4804278618602464D-06
  0.3431340251479166D-06  0.4286289544182644D-06  0.1016815859643106D-07
  0.7821286726187162D-08  0.2056677172597459D-06  0.5881664968065463D-07
 -0.7158051670856923D-07  0.1453881244650748D-07  0.8040869551730056D-07
 -0.1233466097266671D-06  0.6034237852931392D-08  0.6286312893539841D-08
 -0.2044728941299384D-07 -0.1816789123489509D-07  0.4744444086154477D-08
 -0.3962209749068988D-07  0.2676524804986816D-07 -0.8042917664979692D-08
  0.5448891980130363D-07  0.5083263814410431D-07  0.2148940647398179D-07
 -0.6966180867699960D-07 -0.4185026988373193D-07  0.4402429150750707D-08
 -0.1745164180011803D-11 -0.2989367624451702D-07  0.3189584091047503D-08
 -0.4484517385291138D-07  0.1142717919602279D-08  0.2893841275426120D-08
  0.2403448680523660D-07 -0.3707488114373434D-07  0.5945092882860828D-08
 -0.6388255718292433D-08  0.4824365621279098D-08 -0.1202797705898242D-07
  0.8285771008369094D-08 -0.1952514036123691D-07 -0.2689251135589285D-08
  0.1055516290805265D-08 -0.8413822962595915D-08  0.2732109147222202D-09
 -0.1850292255321901D-08  0.4583892478807592D-08  0.1212163948876982D-07
  0.1430329051521973D-08  0.1527850988453123D-08  0.1197863745936241D-08
  0.1197977651379984D-08 -0.1149481343708095D-08  0.1217820955820865D-08
 -0.3052317653567257D-09 -0.2669960016167627D-10 -0.1535833332158525D-09
 -0.5724439101534913D-10 -0.6330084568484346D-11
  0.0000000000000000D+00  0.9972915389843746D+06  0.9925934929589768D+06
  0.9879057837979126D+06  0.9832281147389479D+06  0.9785601950182087D+06
  0.9739021789746525D+06  0.9692533745226607D+06  0.9646138921384306D+06
  0.9599831215638228D+06  0.9553608288963545D+06  0.9507466497574848D+06
  0.9461402397351100D+06  0.9415412496297895D+06  0.9369493228740542D+06
  0.9323640980856690D+06  0.9277852083576320D+06  0.9232122811094698D+06
  0.9186449379837711D+06  0.9140827946866284D+06  0.9095254608418066D+06
  0.9049725398460287D+06  0.9004236287248334D+06  0.8958783179902195D+06
  0.8913361914999394D+06  0.8867968263185893D+06  0.8822597925806645D+06
  0.8777246533557397D+06  0.8731909645159761D+06  0.8686582746061659D+06
  0.8641261247165469D+06  0.8595940483586668D+06  0.8550615713445421D+06
  0.8505282116694613D+06  0.8459934793987476D+06  0.8414568765588397D+06
  0.8369178970330874D+06  0.8323760264626805D+06  0.8278307421531521D+06
  0.8232815129869457D+06  0.8187277993425588D+06  0.8141690530207945D+06
  0.8096047171787249D+06  0.8050342262719714D+06  0.8004570060059703D+06
  0.7958724732968971D+06  0.7912800362430180D+06  0.7866790941072310D+06
  0.7820690373116183D+06  0.7774492474448967D+06  0.7728190972836699D+06
  0.7681779508284422D+06  0.7635251633554491D+06  0.7588600814853138D+06
  0.7541820432697133D+06  0.7494903782971851D+06  0.7447844078193485D+06
  0.7400634448987913D+06  0.7353267945800215D+06  0.7305737540848571D+06
  0.7258036130337619D+06  0.7210156536946432D+06  0.7162091512607343D+06
  0.7113833741592297D+06  0.7065375843923908D+06  0.7016710379129550D+06
  0.6967829850357067D+06  0.6918726708871444D+06  0.6869393358952620D+06
  0.6819822163215087D+06  0.6770005448370863D+06  0.6719935511457707D+06
  0.6669604626555438D+06  0.6619005052013732D+06  0.6568129038215143D+06
  0.6516968835898211D+06  0.6465516705065327D+06  0.6413764924501268D+06
  0.6361705801928252D+06  0.6309331684823846D+06  0.6256634971928693D+06
  0.6203608125470824D+06  0.6150243684133897D+06  0.6096534276796452D+06
  0.6042472637069584D+06  0.5988051618659915D+06  0.5933264211584862D+06
  0.5878103559266290D+06  0.5822562976528670D+06  0.5766635968526480D+06
  0.5710316250625013D+06  0.5653597769257453D+06  0.5596474723779709D+06
  0.5538941589342656D+06  0.5480993140799855D+06  0.5422624477666100D+06
  0.5363831050140052D+06  0.5304608686200832D+06  0.5244953619785650D+06
  0.5184862520051288D+06  0.5124332521718710D+06  0.5063361256495086D+06
  0.5001946885562502D+06  0.4940088133117344D+06  0.4877784320937814D+06
  0.4815035403950690D+06  0.4751842006760990D+06  0.4688205461100311D+06
  0.4624127844141147D+06  0.4559612017615249D+06  0.4494661667664067D+06
  0.4429281345338920D+06  0.4363476507657083D+06  0.4297253559107829D+06
  0.4230619893489892D+06  0.4163583935948146D+06  0.4096155185063016D+06
  0.4028344254831309D+06  0.3960162916361286D+06  0.3891624139088807D+06
  0.3822742131304097D+06  0.3753532379761588D+06  0.3684011688126989D+06
  0.3614198213997815D+06  0.3544111504214501D+06  0.3473772528160872D+06
  0.3403203708733611D+06  0.3332428950641671D+06  0.3261473665678295D+06
  0.3190364794590208D+06  0.3119130825151367D+06  0.3047801806032471D+06
  0.2976409356042332D+06  0.2904986668303709D+06  0.2833568508914680D+06
  0.2762191209637093D+06  0.2690892654146855D+06  0.2619712257376834D+06
  0.2548690937482831D+06  0.2477871079966203D+06  0.2407296493494475D+06
  0.2337012356973475D+06  0.2267065157442272D+06  0.2197502618385146D+06
  0.2128373618084517D+06  0.2059728097674554D+06  0.1991616958598306D+06
  0.1924091949221775D+06  0.1857205540416653D+06  0.1791010789989950D+06
  0.1725561195913788D+06  0.1660910538391979D+06  0.1597112710892296D+06
  0.1534221540374140D+06  0.1472290597050559D+06  0.1411372994141204D+06
  0.1351521178197935D+06  0.1292786710717332D+06  0.1235220041893058D+06
  0.1178870277505143D+06  0.1123784940091476D+06  0.1070009725697749D+06
  0.1017588257654041D+06  0.9665618389773034D+05  0.9169692051471822D+05
  0.8688462791453516D+05  0.8222259307834182D+05  0.7771377424687443D+05
  0.7336077836681220D+05  0.6916583964232534D+05  0.6513079943461805D+05
  0.6125708775738693D+05  0.5754570661860435D+05  0.5399721545857269D+05
  0.5061171893049321D+05  0.4738885726256052D+05  0.4432779942959216D+05
  0.4142723934720948D+05  0.3868539528245392D+05  0.3610001265133912D+05
  0.3366837034617589D+05  0.3138729070361176D+05  0.2925315318832509D+05
  0.2726191182743864D+05  0.2540911638729780D+05  0.2368993723772345D+05
  0.2209919379974952D+05  0.2063138642183551D+05  0.1928073147736162D+05
  0.1804119942372152D+05  0.1690655551145607D+05  0.1587040278162942D+05
  0.1492622694208942D+05  0.1406744276072446D+05  0.1328744100917259D+05
  0.1257963641770758D+05  0.1193751506625403D+05  0.1135468117270003D+05
  0.1082490258881784D+05  0.1034215442355616D+05  0.9900660222562874D+04
  0.9494930151951008D+04  0.9119795663641689D+04  0.8770440159045364D+04
  0.8442425217096765D+04  0.8131712011243405D+04  0.7834677607188286D+04
  0.7548125908068161D+04  0.7269293095161603D+04  0.6995847498816970D+04
  0.6725883924538098D+04  0.6457912551380467D+04  0.6190842612187794D+04
  0.5923961155851066D+04  0.5656907278778042D+04  0.5389642294208754D+04
  0.5122416382049669D+04  0.4855732326780256D+04  0.4590307005115845D+04
  0.4327031327086697D+04  0.4066929362837973D+04  0.3811117401846428D+04
  0.3560763690743076D+04  0.3317049580175547D+04  0.3081132780094854D+04
  0.2854113376775632D+04  0.2637003204361080D+04  0.2430699089667433D+04
  0.2235960402612284D+04  0.2053391247494097D+04  0.1883427524316306D+04
  0.1726328976608336D+04  0.1582176225249334D+04  0.1450872669442578D+04
  0.1332151019272530D+04  0.1225584112457240D+04  0.1130599564354335D+04
  0.1046497685754455D+04  0.9724721581692822D+03  0.9076325765022746D+03
  0.8510283417810035D+03  0.8016730944442712D+03  0.7585688612060372D+03
  0.7207294592699201D+03  0.6872022406409145D+03  0.6570877365754991D+03
  0.6295566772714177D+03  0.6038639948968289D+03  0.5793595317049270D+03
  0.5554952950779183D+03  0.5318292248933185D+03  0.5080255575046970D+03
  0.4838519874925713D+03  0.4591739231744486D+03  0.4339462291893082D+03
  0.4082029042914771D+03  0.3820451977060112D+03  0.3556286879492347D+03
  0.3291498486591420D+03  0.3028326084959666D+03  0.2769153719029738D+03
  0.2516389140280577D+03  0.2272354963834967D+03  0.2039194750725933D+03
  0.1818795943961130D+03  0.1612730791107831D+03  0.1422215618685533D+03
  0.1248088111950046D+03  0.1090801619412494D+03  0.9504349604238615D+02
  0.8267157767353906D+02  0.7190548362830751D+02  0.6265903845359924D+02
  0.5482365184355388D+02  0.4827367810331445D+02  0.4287181142837471D+02
  0.3847437214827082D+02  0.3493626276153367D+02  0.3211543074398246D+02
  0.2987671149180176D+02  0.2809496635044188D+02  0.2665747144398551D+02
  0.2546555130818597D+02  0.2443548423032846D+02  0.2349873561551499D+02
  0.2260159524625552D+02  0.2170431522714428D+02  0.2077984954387865D+02
  0.1981230734133784D+02  0.1879522565128034D+02  0.1772976408827394D+02
  0.1662291290819650D+02  0.1548579126743928D+02  0.1433209709254438D+02
  0.1317675231716296D+02  0.1203477039204774D+02  0.1092035709486519D+02
  0.9846241852336124D+01  0.8823225544684020D+01  0.7859922367500479D+01
  0.6962667797836770D+01  0.6135562212509780D+01  0.5380616755920262D+01
  0.4697974338653180D+01  0.4086182380184701D+01  0.3542478029056918D+01
  0.3063084298672255D+01  0.2643492669491454D+01  0.2278722815311522D+01
  0.1963551896891399D+01  0.1692709470685857D+01  0.1461036049423950D+01
  0.1263606611626665D+01  0.1095820618312338D+01  0.9534623242563328D+00
  0.8327349836838849D+00  0.7302736228816428D+00  0.6431403004887445D+00
  0.5688061241184538D+00  0.5051237189991723D+00  0.4502933942881188D+00
  0.4028257478883820D+00  0.3615030509655524D+00  0.3253410748097540D+00
  0.2935527359870633D+00  0.2655144836034927D+00  0.2407360003010862D+00
  0.2188335836772775D+00  0.1995072869511453D+00  0.1825217832696550D+00
  0.1676907069430466D+00  0.1548649832761226D+00  0.1439222312209177D+00
  0.1347636196730439D+00
  0.0000000000000000D+00 -0.1684538192396200D+00 -0.1716354107139745D+00
 -0.1748765424820372D+00 -0.1781782585654267D+00 -0.1815408241893317D+00
 -0.1849691722183095D+00 -0.1884626752449927D+00 -0.1920268894561230D+00
 -0.1956598825574391D+00 -0.1993640951677054D+00 -0.2031405837508359D+00
 -0.2069906252681942D+00 -0.2109156073983856D+00 -0.2149168967345144D+00
 -0.2189959028427128D+00 -0.2231540695939575D+00 -0.2273928717249189D+00
 -0.2317138173421774D+00 -0.2361184475485059D+00 -0.2406083364872485D+00
 -0.2451850915557109D+00 -0.2498503535177041D+00 -0.2546057966428646D+00
 -0.2594531288505546D+00 -0.2643940918476814D+00 -0.2694304612616942D+00
 -0.2745640467639953D+00 -0.2797966921797622D+00 -0.2851302755803783D+00
 -0.2905667093543074D+00 -0.2961079402521423D+00 -0.3017559494013722D+00
 -0.3075127522862462D+00 -0.3133803986878636D+00 -0.3193609725794085D+00
 -0.3254565919711967D+00 -0.3316694086999209D+00 -0.3380016081562005D+00
 -0.3444554089442252D+00 -0.3510330624669603D+00 -0.3577368524300107D+00
 -0.3645690942569026D+00 -0.3715321344081168D+00 -0.3786283495958194D+00
 -0.3858601458857849D+00 -0.3932299576775699D+00 -0.4007402465535030D+00
 -0.4083934999865760D+00 -0.4161922298967863D+00 -0.4241389710449619D+00
 -0.4322362792525218D+00 -0.4404867294350643D+00 -0.4488929134370452D+00
 -0.4574574376542323D+00 -0.4661829204299364D+00 -0.4750719892103937D+00
 -0.4841272774439813D+00 -0.4933514212082633D+00 -0.5027470555481528D+00
 -0.5123168105077530D+00 -0.5220633068377017D+00 -0.5319891513591051D+00
 -0.5420969319643845D+00 -0.5523892122345867D+00 -0.5628685256519752D+00
 -0.5735373693859062D+00 -0.5843981976292751D+00 -0.5954534144620061D+00
 -0.6067053662173639D+00 -0.6181563333260849D+00 -0.6298085216126321D+00
 -0.6416640530171829D+00 -0.6537249557162880D+00 -0.6659931536145316D+00
 -0.6784704551789447D+00 -0.6911585415873719D+00 -0.7040589541615820D+00
 -0.7171730810554815D+00 -0.7305021431684858D+00 -0.7440471792539354D+00
 -0.7578090301922810D+00 -0.7717883223988332D+00 -0.7859854503359862D+00
 -0.8004005581001707D+00 -0.8150335200542278D+00 -0.8298839204766285D+00
 -0.8449510321997349D+00 -0.8602337942105539D+00 -0.8757307881886750D+00
 -0.8914402139577935D+00 -0.9073598638291783D+00 -0.9234870958177333D+00
 -0.9398188057139408D+00 -0.9563513979981071D+00 -0.9730807555867529D+00
 -0.9900022084050653D+00 -0.1007110500783719D+01 -0.1024399757683537D+01
 -0.1041863449756989D+01 -0.1059494357261918D+01 -0.1077284532849828D+01
 -0.1095225263258737D+01 -0.1113307029949207D+01 -0.1131519468731434D+01
 -0.1149851328441579D+01 -0.1168290428736663D+01 -0.1186823617089614D+01
 -0.1205436725079275D+01 -0.1224114524084537D+01 -0.1242840680507348D+01
 -0.1261597710666055D+01 -0.1280366935518623D+01 -0.1299128435394497D+01
 -0.1317861004934735D+01 -0.1336542108461966D+01 -0.1355147836025312D+01
 -0.1373652860390393D+01 -0.1392030395270816D+01 -0.1410252155125580D+01
 -0.1428288316875946D+01 -0.1446107483926213D+01 -0.1463676652904728D+01
 -0.1480961183575041D+01 -0.1497924772401474D+01 -0.1514529430289248D+01
 -0.1530735465055771D+01 -0.1546501469227134D+01 -0.1561784313791783D+01
 -0.1576539148581506D+01 -0.1590719409988119D+01 -0.1604276836762046D+01
 -0.1617161494676093D+01 -0.1629321810873546D+01 -0.1640704618753930D+01
 -0.1651255214281480D+01 -0.1660917424630334D+01 -0.1669633690105486D+01
 -0.1677345160299325D+01 -0.1683991805458754D+01 -0.1689512544046905D+01
 -0.1693845387484944D+01 -0.1696927603052596D+01 -0.1698695895909200D+01
 -0.1699086611169491D+01 -0.1698035956928115D+01 -0.1695480249072863D+01
 -0.1691356178657291D+01 -0.1685601102517002D+01 -0.1678153357708955D+01
 -0.1668952600228065D+01 -0.1657940168308249D+01 -0.1645059470444497D+01
 -0.1630256398076879D+01 -0.1613479762654857D+01 -0.1594681756549874D+01
 -0.1573818437004188D+01 -0.1550850231993613D+01 -0.1525742466540201D+01
 -0.1498465907637597D+01 -0.1468997325546469D+01 -0.1437320068780941D+01
 -0.1403424649639432D+01 -0.1367309336637163D+01 -0.1328980749674334D+01
 -0.1288454453227157D+01 -0.1245755542282205D+01 -0.1200919215153250D+01
 -0.1153991326729611D+01 -0.1105028915113691D+01 -0.1054100694021333D+01
 -0.1001287502751741D+01 -0.9466827049956555D+00 -0.8903925272538887D+00
 -0.8325363271976571D+00 -0.7732467819332404D+00 -0.7126699858533514D+00
 -0.6509654475846925D+00 -0.5883059754949205D+00 -0.5248774413227373D+00
 -0.4608784117628660D+00 -0.3965196382937549D+00 -0.3320233962003437D+00
 -0.2676226646361748D+00 -0.2035601407061533D+00 -0.1400870819484336D+00
 -0.7746197326348016D-01 -0.1594901628862714D-01  0.4418355854844142D-01
  0.1026653545449315D+00  0.1592258402582173D+00  0.2135965414511697D+00
  0.2655133815302037D+00  0.3147191550312310D+00  0.3609661149946366D+00
  0.4040186512127485D+00  0.4436560323829241D+00  0.4796751812222255D+00
  0.5118934476694830D+00  0.5401513415109217D+00  0.5643151822189705D+00
  0.5842796206115866D+00  0.5999699842528371D+00  0.6113443964667022D+00
  0.6183956175727630D+00  0.6211525566225641D+00  0.6196814026615386D+00
  0.6140863264939480D+00  0.6045097071993873D+00  0.5911318423263636D+00
  0.5741701068275177D+00  0.5538775334221751D+00  0.5305407961536475D+00
  0.5044775893839456D+00  0.4760334062216823D+00  0.4455777332433291D+00
  0.4134996921254729D+00  0.3802031731869425D+00  0.3461015205263522D+00
  0.3116118430689199D+00  0.2771490400025212D+00  0.2431196423497484D+00
  0.2099155843285655D+00  0.1779080282230051D+00  0.1474413742391742D+00
  0.1188275917941329D+00  0.9234101043733488D-01  0.6821370674311775D-01
  0.4663161771077463D-01  0.2773150122643320D-01  0.1159884985025669D-01
 -0.1733154398233017D-02 -0.1228357930539371D-01 -0.2012253732802144D-01
 -0.2536882733290429D-01 -0.2818644668223600D-01 -0.2878003084049185D-01
 -0.2738931175862718D-01 -0.2428271948320975D-01 -0.1975028241009598D-01
 -0.1409600903589154D-01 -0.7629956712921830D-02 -0.6602096969214236D-03
  0.6515001228862645D-02  0.1361480277851800D-01  0.2038257758921635D-01
  0.2659204164274638D-01  0.3205230746638699D-01  0.3661177015065541D-01
  0.4016069086724487D-01  0.4263239650636375D-01  0.4400306273722591D-01
  0.4429009929424538D-01  0.4354920837368568D-01  0.4187023730031069D-01
  0.3937199269784721D-01  0.3619622304058543D-01  0.3250100775372709D-01
  0.2845381247673198D-01  0.2422448072593194D-01  0.1997843155909927D-01
  0.1587032106831195D-01  0.1203840322345225D-01  0.8599793806706403D-02
  0.5646801319959646D-02  0.3244442482398804D-02  0.1429209130353108D-02
  0.2090999887288880D-03 -0.4351229952125363D-03 -0.5475461069927113D-03
 -0.1937235472931883D-03  0.5435123134070139D-03  0.1568834198954427D-02
  0.2779557557718769D-02  0.4070882093525200D-02  0.5340988348325801D-02
  0.6495755139113557D-02  0.7452890359092511D-02  0.8145304328384468D-02
  0.8523598650932090D-02  0.8557591323887028D-02  0.8236847963110328D-02
  0.7570237430163507D-02  0.6584576310111739D-02  0.5322469043825556D-02
  0.3839487178648611D-02  0.2200859986071664D-02  0.4778674986484630D-03
 -0.1255865687876995D-02 -0.2927982294025194D-02 -0.4470732698302441D-02
 -0.5823892800699692D-02 -0.6937142264849191D-02 -0.7771824378147754D-02
 -0.8302048644524150D-02 -0.8515135674248548D-02 -0.8411438478815892D-02
 -0.8003603060388671D-02 -0.7315353055218726D-02 -0.6379897702027492D-02
 -0.5238069732820630D-02 -0.3936300586020574D-02 -0.2524535611302752D-02
 -0.1054182840559596D-02  0.4238233684377129D-03  0.1860776795712938D-02
  0.3211720223299342D-02  0.4436696512727498D-02  0.5501708716684607D-02
  0.6379382070857195D-02  0.7049333299253942D-02  0.7498263528249957D-02
  0.7719799997137043D-02  0.7714118497885700D-02  0.7487383013602283D-02
  0.7051041344714648D-02  0.6421015786544502D-02  0.5616826381476508D-02
  0.4660681324181170D-02  0.3576565150639140D-02  0.2389350863813454D-02
  0.1123957506222298D-02 -0.1954298227639815D-03 -0.1546064731160196D-02
 -0.2907260182028950D-02 -0.4260919680713031D-02 -0.5591976950486101D-02
 -0.6888745158545809D-02 -0.8143179761598113D-02 -0.9351062035442309D-02
 -0.1051211344225781D-01 -0.1163005438130599D-01 -0.1271262463286245D-01
 -0.1377158845795151D-01
  0.0000000000000000D+00  0.6875155121047111D-04  0.7171834633586505D-04
  0.7481365526488255D-04  0.7804304344496460D-04  0.8141151231170568D-04
  0.8492850611965592D-04  0.8859914115413554D-04  0.9243434685759110D-04
  0.9643838164633426D-04  0.1006199452666921D-03  0.1049867321871292D-03
  0.1095469785164002D-03  0.1143093907889425D-03  0.1192830227125898D-03
  0.1244773617074714D-03  0.1299023404684914D-03  0.1355683538120082D-03
  0.1414862837552361D-03  0.1476675223422345D-03  0.1541239960697796D-03
  0.1608681917775173D-03  0.1679131836933656D-03  0.1752726618717697D-03
  0.1829609620735390D-03  0.1909930971475590D-03  0.1993847899982818D-03
  0.2081525082177464D-03  0.2173135004658100D-03  0.2268858346871107D-03
  0.2368884382571591D-03  0.2473411401545122D-03  0.2582647152606325D-03
  0.2696809308938841D-03  0.2816125956891094D-03  0.2940836109394487D-03
  0.3071190245224631D-03  0.3207450875381945D-03  0.3349893137925762D-03
  0.3498805422655680D-03  0.3654490027095461D-03  0.3817263845297864D-03
  0.3987459091054339D-03  0.4165424057159941D-03  0.4351523912452591D-03
  0.4546141538415746D-03  0.4749678407205134D-03  0.4962555503032910D-03
  0.5185214288916568D-03  0.5418117720874784D-03  0.5661751311727884D-03
  0.5916624246736545D-03  0.6183270553388731D-03  0.6462250327720119D-03
  0.6754151019629353D-03  0.7059588779722799D-03  0.7379209870296795D-03
  0.7713692143135219D-03  0.8063746586868429D-03  0.8430118946703371D-03
  0.8813591419394773D-03  0.9214984426382068D-03  0.9635158468065101D-03
  0.1007501606223332D-02  0.1053550376969573D-02  0.1101761431018249D-02
  0.1152238877160091D-02  0.1205091891572781D-02  0.1260434958340501D-02
  0.1318388120227348D-02  0.1379077240003095D-02  0.1442634272612735D-02
  0.1509197548471840D-02  0.1578912068157720D-02  0.1651929808751531D-02
  0.1728410042068389D-02  0.1808519664990821D-02  0.1892433542095508D-02
  0.1980334860733241D-02  0.2072415498687436D-02  0.2168876404496822D-02
  0.2269927990482177D-02  0.2375790538465408D-02  0.2486694618110398D-02
  0.2602881517749240D-02  0.2724603687483071D-02  0.2852125194264007D-02
  0.2985722188571904D-02  0.3125683382197212D-02  0.3272310536526967D-02
  0.3425918960605041D-02  0.3586838018098982D-02  0.3755411642152715D-02
  0.3931998856936721D-02  0.4116974304523513D-02  0.4310728775515190D-02
  0.4513669741631063D-02  0.4726221888224349D-02  0.4948827644438260D-02
  0.5181947708430360D-02  0.5426061564790344D-02  0.5681667990947776D-02
  0.5949285549012052D-02  0.6229453059106525D-02  0.6522730049849027D-02
  0.6829697181193521D-02  0.7150956634378642D-02  0.7487132463229238D-02
  0.7838870900525024D-02  0.8206840612585257D-02  0.8591732894619829D-02
  0.8994261798764624D-02  0.9415164186052581D-02  0.9855199692870936D-02
  0.1031515060172228D-01  0.1079582160534022D-01  0.1129803945241375D-01
  0.1182265246234853D-01  0.1237052989564074D-01  0.1294256116556398D-01
  0.1353965487597488D-01  0.1416273766913475D-01  0.1481275286652791D-01
  0.1549065888473937D-01  0.1619742740754392D-01  0.1693404129446505D-01
  0.1770149220519547D-01  0.1850077791844562D-01  0.1933289932301603D-01
  0.2019885705818898D-01  0.2109964777992526D-01  0.2203626002885164D-01
  0.2300966967565640D-01  0.2402083491930119D-01  0.2507069081343414D-01
  0.2616014329658042D-01  0.2729006270213059D-01  0.2846127672487200D-01
  0.2967456282186484D-01  0.3093064002688116D-01  0.3223016015945721D-01
  0.3357369841190011D-01  0.3496174330038918D-01  0.3639468596967416D-01
  0.3787280884485165D-01  0.3939627362835299D-01  0.4096510864565989D-01
  0.4257919554943564D-01  0.4423825539877988D-01  0.4594183413823470D-01
  0.4768928751005312D-01  0.4947976544312559D-01  0.5131219597290308D-01
  0.5318526875868854D-01  0.5509741827781946D-01  0.5704680679055963D-01
  0.5903130718494889D-01  0.6104848582742626D-01  0.6309558556270042D-01
  0.6516950902504548D-01  0.6726680244285822D-01  0.6938364013882171D-01
  0.7151580994922038D-01  0.7365869980766591D-01  0.7580728576048526D-01
  0.7795612170302017D-01  0.8009933114774588D-01  0.8223060135608171D-01
  0.8434318018555649D-01  0.8642987602212802D-01  0.8848306118336302D-01
  0.9049467919122027D-01  0.9245625632265993D-01  0.9435891785146297D-01
  0.9619340939467030D-01  0.9795012377108930D-01  0.9961913376645121D-01
  0.1011902311791243D+00  0.1026529724908474D+00  0.1039967314678314D+00
  0.1052107589478871D+00  0.1062842500081514D+00  0.1072064186347672D+00
  0.1079665799298953D+00  0.1085542397922659D+00  0.1089591918948025D+00
  0.1091716216566479D+00  0.1091822167673572D+00  0.1089822836685589D+00
  0.1085638692338030D+00  0.1079198867116684D+00  0.1070442448119787D+00
  0.1059319786220196D+00  0.1045793808413047D+00  0.1029841316225623D+00
  0.1011454251069379D+00  0.9906409054662491D-01  0.9674270572445048D-01
  0.9418570021191791D-01  0.9139944586314654D-01  0.8839233182859663D-01
  0.8517482129840159D-01  0.8175948715891815D-01  0.7816102377656288D-01
  0.7439623221855160D-01  0.7048397638848899D-01  0.6644510780253525D-01
  0.6230235706426837D-01  0.5808019051677402D-01  0.5380463106020492D-01
  0.4950304272097176D-01  0.4520387924110759D-01  0.4093639771662954D-01
  0.3673033914229133D-01  0.3261557860427904D-01  0.2862174878624014D-01
  0.2477784139850654D-01  0.2111179208336421D-01  0.1765005526576532D-01
  0.1441717628141811D-01  0.1143536889300352D-01  0.8724106968931281D-02
  0.6299739615111225D-02  0.4175139385927134D-02  0.2359393323873108D-02
  0.8575464577960906D-03 -0.3295929999028786D-03 -0.1205578199153356D-02
 -0.1778370374874948D-02 -0.2060301489244842D-02 -0.2067948161083784D-02
 -0.1821914175851581D-02 -0.1346521068673324D-02 -0.6694087007925906D-03
  0.1789496532405279D-03  0.1165810500267588D-02  0.2256791703924767D-02
  0.3416559941373807D-02  0.4609559143464379D-02  0.5800762924183615D-02
  0.6956432307186425D-02  0.8044858841358762D-02  0.9037072535800531D-02
  0.9907493996191516D-02  0.1063451075596828D-01  0.1120095910438682D-01
  0.1159449473567197D-01  0.1180783827786630D-01  0.1183888516742064D-01
  0.1169067334062883D-01  0.1137120669427778D-01  0.1089313706313027D-01
  0.1027331237490806D-01  0.9532203456888577D-02  0.8693226458954581D-02
  0.7781981812657260D-02  0.6825433876663808D-02  0.5851057774449172D-02
  0.4885981304868946D-02  0.3956150143905698D-02  0.3085543849403989D-02
  0.2295468467768234D-02  0.1603948897903378D-02  0.1025240697843233D-02
  0.5694768486743089D-03  0.2424602570245208D-03  0.4560762878929931D-04
 -0.2395506239845953D-04  0.2684920579167205D-04  0.1874258906889747D-03
  0.4440060209819437D-03  0.7802425741943552D-03  0.1177881665663908D-02
  0.1617481179029521D-02  0.2079147749505328D-02  0.2543262692510392D-02
  0.2991168647869892D-02  0.3405791301982263D-02  0.3772174327984046D-02
  0.4077910262986920D-02  0.4313455022959509D-02  0.4472318828249648D-02
  0.4551131328460500D-02  0.4549583651295402D-02  0.4470254947248234D-02
  0.4318335658153504D-02  0.4101263971232531D-02  0.3828295412133628D-02
  0.3510027967007339D-02  0.3157906267873706D-02  0.2783728129889919D-02
  0.2399175132143406D-02  0.2015386160987292D-02  0.1642589156211308D-02
  0.1289802046676522D-02  0.9646093821633007D-03  0.6730167911036722D-03
  0.4193814001000488D-03  0.2064129517537553D-03  0.3523768567448978D-04
 -0.9448484010631646D-04 -0.1844029252818152D-03 -0.2372832464913835D-03
 -0.2568018663158392D-03 -0.2473261936037704D-03 -0.2136973097340818D-03
 -0.1610207873971415D-03 -0.9447269728460201D-04 -0.1912601867980218D-04
  0.6019879855109115D-04  0.1390567699395133D-03  0.2134737494946369D-03
  0.2800143287541141D-03  0.3358233365424780D-03  0.3786428183303844D-03
  0.4068069843447609D-03  0.4192180290377524D-03  0.4153059467540723D-03
  0.3949755182211353D-03  0.3585435456833547D-03  0.3066692063337319D-03
  0.2402801086883308D-03  0.1604963069515269D-03  0.6855417747089374D-04
 -0.3426829687833321D-04 -0.1467236515638162D-03 -0.2676636646449062D-03
 -0.3961042670479576D-03 -0.5312866651134033D-03 -0.6727352121871905D-03
 -0.8203131851604334D-03 -0.9742784055843573D-03 -0.1135341652502659D-02
 -0.1304732243893926D-02
  0.0000000000000000D+00 -0.1237718397748354D-06 -0.1327873345324684D-06
 -0.1424605334167586D-06 -0.1528394115389828D-06 -0.1639727471852111D-06
 -0.1759300115405369D-06 -0.1887640849089235D-06 -0.2025583543544994D-06
 -0.2173701792737883D-06 -0.2332804151039647D-06 -0.2503699723820590D-06
 -0.2687261470135845D-06 -0.2884436561623914D-06 -0.3096239738228497D-06
 -0.3323763169261580D-06 -0.3568182299150189D-06 -0.3830761540248419D-06
 -0.4112861453165361D-06 -0.4415946116334939D-06 -0.4741591072720953D-06
 -0.5091491963652453D-06 -0.5467473815075440D-06 -0.5871501059108544D-06
 -0.6305688350914991D-06 -0.6772312239376411D-06 -0.7273823762670327D-06
 -0.7812862043146568D-06 -0.8392268961851254D-06 -0.9015105000126598D-06
 -0.9684666342693177D-06 -0.1040450334438934D-05 -0.1117844047117004D-05
 -0.1201059783505185D-05 -0.1290541445254145D-05 -0.1386767336675166D-05
 -0.1490252878495572D-05 -0.1601553539583151D-05 -0.1721268004418287D-05
 -0.1850041595557649D-05 -0.1988569971919475D-05 -0.2137603125437134D-05
 -0.2297949700486112D-05 -0.2470481662500325D-05 -0.2656139344370096D-05
 -0.2855936901568771D-05 -0.3070968209502693D-05 -0.3302413239335244D-05
 -0.3551544951516567D-05 -0.3819736749474652D-05 -0.4108470539409409D-05
 -0.4419345445900350D-05 -0.4754087237112580D-05 -0.5114558517788622D-05
 -0.5502769752971593D-05 -0.5920891190544534D-05 -0.6371265756222219D-05
 -0.6856423000625807D-05 -0.7379094184541923D-05 -0.7942228595451424D-05
 -0.8549011195948462D-05 -0.9202881712798109D-05 -0.9907555284145014D-05
 -0.1066704479183237D-04 -0.1148568501597061D-04 -0.1236815875986048D-04
 -0.1331952510518236D-04 -0.1434524997007143D-04 -0.1545123915637063D-04
 -0.1664387408705588D-04 -0.1793005045063096D-04 -0.1931721998626739D-04
 -0.2081343566169422D-04 -0.2242740051540680D-04 -0.2416852045574539D-04
 -0.2604696133188642D-04 -0.2807371061587877D-04 -0.3026064406064802D-04
 -0.3262059772647453D-04 -0.3516744579793557D-04 -0.3791618464478919D-04
 -0.4088302361387691D-04 -0.4408548307493984D-04 -0.4754250028139315D-04
 -0.5127454364769064D-04 -0.5530373608804847D-04 -0.5965398810708946D-04
 -0.6435114138151252D-04 -0.6942312362330420D-04 -0.7490011556935051D-04
 -0.8081473099968475D-04 -0.8720221074707774D-04 -0.9410063172429112D-04
 -0.1015511320621162D-03 -0.1095981535213183D-03 -0.1182897024147806D-03
 -0.1276776303524602D-03 -0.1378179362011333D-03 -0.1487710907332048D-03
 -0.1606023855238979D-03 -0.1733823077437058D-03 -0.1871869425827590D-03
 -0.2020984051353655D-03 -0.2182053036659605D-03 -0.2356032362714767D-03
 -0.2543953230490413D-03 -0.2746927759711168D-03 -0.2966155087617834D-03
 -0.3202927891567015D-03 -0.3458639360140809D-03 -0.3734790638232831D-03
 -0.4032998772297308D-03 -0.4355005182576754D-03 -0.4702684689638161D-03
 -0.5078055122923152D-03 -0.5483287539224862D-03 -0.5920717079011669D-03
 -0.6392854488289671D-03 -0.6902398333190957D-03 -0.7452247933649432D-03
 -0.8045517041329317D-03 -0.8685548285349778D-03 -0.9375928407240109D-03
 -0.1012050430389843D-02 -0.1092339989403814D-02 -0.1178903381961201D-02
 -0.1272213798891565D-02 -0.1372777696239651D-02 -0.1481136817553045D-02
 -0.1597870298536390D-02 -0.1723596851834134D-02 -0.1858977028671847D-02
 -0.2004715552906839D-02 -0.2161563721698530D-02 -0.2330321865492665D-02
 -0.2511841858306325D-02 -0.2707029667386731D-02 -0.2916847929180173D-02
 -0.3142318536172021D-02 -0.3384525216527989D-02 -0.3644616085565246D-02
 -0.3923806144893909D-02 -0.4223379701580750D-02 -0.4544692675884199D-02
 -0.4889174761982493D-02 -0.5258331401655364D-02 -0.5653745526079453D-02
 -0.6077079015756135D-02 -0.6530073823111117D-02 -0.7014552696496513D-02
 -0.7532419438203360D-02 -0.8085658622680130D-02 -0.8676334694481126D-02
 -0.9306590358584244D-02 -0.9978644168672349D-02 -0.1069478721183957D-01
 -0.1145737878104381D-01 -0.1226884091958630D-01 -0.1313165171507671D-01
 -0.1404833721388037D-01 -0.1502146182111138D-01 -0.1605361704601807D-01
 -0.1714740844832427D-01 -0.1830544063798511D-01 -0.1953030017916330D-01
 -0.2082453624933289D-01 -0.2219063890660736D-01 -0.2363101482302984D-01
 -0.2514796034904495D-01 -0.2674363178511474D-01 -0.2842001275088588D-01
 -0.3017887856091852D-01 -0.3202175753922968D-01 -0.3394988923325623D-01
 -0.3596417952178870D-01 -0.3806515265142377D-01 -0.4025290028257247D-01
 -0.4252702767943057D-01 -0.4488659723891811D-01 -0.4733006962167320D-01
 -0.4985524282392748D-01 -0.5245918961253833D-01 -0.5513819383651844D-01
 -0.5788768622684728D-01 -0.6070218040171407D-01 -0.6357520990598037D-01
 -0.6649926723063451D-01 -0.6946574587914613D-01 -0.7246488667136096D-01
 -0.7548572960000215D-01 -0.7851607267758615D-01 -0.8154243932977301D-01
 -0.8455005600146202D-01 -0.8752284174030349D-01 -0.9044341160411226D-01
 -0.9329309579889025D-01 -0.9605197648658262D-01 -0.9869894420099770D-01
 -0.1012117757689565D+00 -0.1035672355463983D+00 -0.1057412016386499D+00
 -0.1077088185751520D+00 -0.1094446776462948D+00 -0.1109230257796248D+00
 -0.1121180034316256D+00 -0.1130039114980593D+00 -0.1135555067005562D+00
 -0.1137483242916924D+00 -0.1135590262390542D+00 -0.1129657723068697D+00
 -0.1119486106601301D+00 -0.1104898837817518D+00 -0.1085746446319952D+00
 -0.1061910771075554D+00 -0.1033309139949488D+00 -0.9998984478129982D-01
 -0.9616790491054326D-01 -0.9186983738215450D-01 -0.8710541701306038D-01
 -0.8188972725360952D-01 -0.7624337919926613D-01 -0.7019266240574205D-01
 -0.6376961733132228D-01 -0.5701201972970803D-01 -0.4996326813073149D-01
 -0.4267216670127496D-01 -0.3519259729459324D-01 -0.2758307638381184D-01
 -0.1990619483359739D-01 -0.1222794107697002D-01 -0.4616911198288254D-02
  0.2856587375253617D-02  0.1012152847832182D-01  0.1710724252579925D-01
  0.2374455749769385D-01  0.2996698523323716D-01  0.3571192965951173D-01
  0.4092189099131976D-01  0.4554563790174085D-01  0.4953931827671719D-01
  0.5286747851240603D-01  0.5550396144080526D-01  0.5743265393044694D-01
  0.5864805704391007D-01  0.5915565438990970D-01  0.5897205804520952D-01
  0.5812491614734223D-01  0.5665257197817971D-01  0.5460347096359478D-01
  0.5203531934473293D-01  0.4901400607017492D-01  0.4561230739195497D-01
  0.4190840135569043D-01  0.3798422647960311D-01  0.3392372506585182D-01
  0.2981101647612276D-01  0.2572854910083154D-01  0.2175528150815839D-01
  0.1796494331664221D-01  0.1442442471573982D-01  0.1119234035790803D-01
  0.8317808712343980D-02  0.5839482087405301D-02  0.3784855593426699D-02
  0.2169875525665997D-02  0.9988591827295235D-03  0.2647291706064803D-03
 -0.5044405681019710D-04  0.2539287520706548D-04  0.4553787650970351D-03
  0.1195073594329156D-02  0.2193984976275709D-02  0.3397235452218518D-02
  0.4747315145778509D-02  0.6185860827102325D-02  0.7655401620795710D-02
  0.9101013724702034D-02  0.1047183147275310D-01  0.1172236939904318D-01
  0.1281361875927680D-01  0.1371389132730847D-01  0.1439939255402759D-01
  0.1485451519062738D-01  0.1507185346944138D-01  0.1505194720752947D-01
  0.1480277478668516D-01  0.1433902348640946D-01  0.1368117437549810D-01
  0.1285444607375031D-01  0.1188764643831575D-01  0.1081198315933325D-01
  0.9659883210505040D-02  0.8463867275031909D-02  0.7255519081791896D-02
  0.6064581657909421D-02  0.4918203542710778D-02  0.3840348733816633D-02
  0.2851375207569477D-02  0.1967778811713949D-02  0.1202092556186701D-02
  0.5629260528980473D-03  0.5512614830233396D-04 -0.3199624064421761D-03
 -0.5641582515487753D-03 -0.6820484027969634D-03 -0.6805574758012747D-03
 -0.5684998975290917D-03 -0.3561316172608711D-03 -0.5471536652571919D-04
  0.3238890530921539D-03  0.7676005343613003D-03  0.1264452050568531D-02
  0.1802881600535085D-02  0.2371976858909848D-02  0.2961673695970694D-02
  0.3562910515729125D-02  0.4167741877136729D-02  0.4769416065655817D-02
  0.5362422159863549D-02  0.5942512678084596D-02  0.6506708135897383D-02
  0.7053289846756240D-02  0.7581787139480428D-02  0.8092964927733324D-02
  0.8588817340549256D-02  0.9072572961799070D-02  0.9548717200778784D-02
  0.1002303745757496D-01  0.1050269709678592D-01  0.1099634486463391D-01
  0.1151426733646345D-01  0.1206859342024501D-01  0.1267356180241006D-01
  0.1334586587442703D-01
  0.0000000000000000D+00  0.1397657202694815D-06  0.1499462106992363D-06
  0.1608693953268386D-06  0.1725894487625343D-06  0.1851614525876258D-06
  0.1986638553388428D-06  0.2131563706278479D-06  0.2287331611533033D-06
  0.2454589984419897D-06  0.2634251863724398D-06  0.2827230910426077D-06
  0.3034512890479438D-06  0.3257167372650129D-06  0.3496340225462155D-06
  0.3753264752586705D-06  0.4029268294034280D-06  0.4325778654600586D-06
  0.4644332212082715D-06  0.4986582239187602D-06  0.5354307877152640D-06
  0.5749423885295330D-06  0.6173991127287765D-06  0.6630227887755398D-06
  0.7120522086968435D-06  0.7647444459668557D-06  0.8213762778321444D-06
  0.8822457204804096D-06  0.9476736861258727D-06  0.1018005771883966D-05
  0.1093614191095976D-05  0.1174899858641454D-05  0.1262294642727942D-05
  0.1356263796673318D-05  0.1457308585308497D-05  0.1565969121832674D-05
  0.1682827432257241D-05  0.1808510765986085D-05  0.1943695172608492D-05
  0.2089109366635309D-05  0.2245538903700209D-05  0.2413830693686388D-05
  0.2594897878337597D-05  0.2789725103183094D-05  0.2999374216063745D-05
  0.3224990427205370D-05  0.3467808968662539D-05  0.3729162294068007D-05
  0.4010487862989236D-05  0.4313336557834041D-05  0.4639381785183873D-05
  0.4990429317689294D-05  0.5368427937262717D-05  0.5775480945275354D-05
  0.6213858610838042D-05  0.6686011634049150D-05  0.7194585707361570D-05
  0.7742437264989545D-05  0.8332650517583459D-05  0.8968555877286827D-05
  0.9653749886799046D-05  0.1039211677524504D-04  0.1118785177355006D-04
  0.1204548633268530D-04  0.1296991539964562D-04  0.1396642691840297D-04
  0.1504073373641195D-04  0.1619900811159412D-04  0.1744791903016642D-04
  0.1879467256228180D-04  0.2024705550029511D-04  0.2181348254363892D-04
  0.2350304731488000D-04  0.2532557751361809D-04  0.2729169453858335D-04
  0.2941287793368590D-04  0.3170153504097420D-04  0.3417107627258166D-04
  0.3683599644488899D-04  0.3971196265142256D-04  0.4281590918656802D-04
  0.4616614007011541D-04  0.4978243976310309D-04  0.5368619270850316D-04
  0.5790051237612507D-04  0.6245038053982514D-04  0.6736279756681805D-04
  0.7266694455370539D-04  0.7839435820188678D-04  0.8457911938638727D-04
  0.9125805643692450D-04  0.9847096421832008D-04  0.1062608401692017D-03
  0.1146741385333661D-03  0.1237610440972245D-03  0.1335757668293727D-03
  0.1441768589045146D-03  0.1556275556835831D-03  0.1679961423148343D-03
  0.1813563477167194D-03  0.1957877678022213D-03  0.2113763199057096D-03
  0.2282147304768058D-03  0.2464030582107511D-03  0.2660492548906448D-03
  0.2872697663229583D-03  0.3101901758529800D-03  0.3349458930502496D-03
  0.3616828902543684D-03  0.3905584897673046D-03  0.4217422045678545D-03
  0.4554166355052790D-03  0.4917784280001164D-03  0.5310392913382705D-03
  0.5734270836868626D-03  0.6191869659837248D-03  0.6685826278532594D-03
  0.7218975886755688D-03  0.7794365768787881D-03  0.8415269904312870D-03
  0.9085204413753155D-03  0.9807943870604916D-03  0.1058753850497386D-02
  0.1142833231950868D-02  0.1233498213521495D-02  0.1331247758012175D-02
  0.1436616202836577D-02  0.1550175449084841D-02  0.1672537245109625D-02
  0.1804355563118693D-02  0.1946329066246406D-02  0.2099203662411112D-02
  0.2263775139933788D-02  0.2440891878379535D-02  0.2631457626371533D-02
  0.2836434336198823D-02  0.3056845042878326D-02  0.3293776772918471D-02
  0.3548383465349430D-02  0.3821888884614173D-02  0.4115589501637999D-02
  0.4430857315793953D-02  0.4769142586542097D-02  0.5131976439226249D-02
  0.5520973304851195D-02  0.5937833148625342D-02  0.6384343436633077D-02
  0.6862380784195276D-02  0.7373912223288914D-02  0.7920996019836913D-02
  0.8505781964766510D-02  0.9130511055491678D-02  0.9797514476942801D-02
  0.1050921178349184D-01  0.1126810817516583D-01  0.1207679075348666D-01
  0.1293792363421294D-01  0.1385424178630904D-01  0.1482854345876235D-01
  0.1586368104957428D-01  0.1696255026454902D-01  0.1812807740761521D-01
  0.1936320463957749D-01  0.2067087303869092D-01  0.2205400329458389D-01
  0.2351547386717110D-01  0.2505809644467073D-01  0.2668458854008200D-01
  0.2839754307392777D-01  0.3019939480320095D-01  0.3209238347276297D-01
  0.3407851358645452D-01  0.3615951072142332D-01  0.3833677434119354D-01
  0.4061132710133378D-01  0.4298376068675094D-01  0.4545417827213285D-01
  0.4802213375733383D-01  0.5068656799792920D-01  0.5344574232804557D-01
  0.5629716975810485D-01  0.5923754432435400D-01  0.6226266916989293D-01
  0.6536738404807543D-01  0.6854549305814928D-01  0.7178969354906363D-01
  0.7509150725948308D-01  0.7844121489883366D-01  0.8182779551393699D-01
  0.8523887212629321D-01  0.8866066526367702D-01  0.9207795614320487D-01
  0.9547406138757092D-01  0.9883082126722417D-01  0.1021286035536401D+00
  0.1053463251368451D+00  0.1084614935969518D+00  0.1114502709186759D+00
  0.1142875614910802D+00  0.1169471264361656D+00  0.1194017261512265D+00
  0.1216232927252669D+00  0.1235831335931591D+00  0.1252521674181316D+00
  0.1266011927402619D+00  0.1276011893942470D+00  0.1282236520839374D+00
  0.1284409548061039D+00  0.1282267440460368D+00  0.1275563578297362D+00
  0.1264072668212089D+00  0.1247595327111402D+00  0.1225962781705331D+00
  0.1199041616584101D+00  0.1166738493983383D+00  0.1129004758995405D+00
  0.1085840835230645D+00  0.1037300308132788D+00  0.9834935866398560D-01
  0.9245910290313038D-01  0.8608254159866374D-01  0.7924936534980211D-01
  0.7199575907192556D-01  0.6436438434753047D-01  0.5640425233496191D-01
  0.4817047853097598D-01  0.3972391239507159D-01  0.3113063697517020D-01
  0.2246133622444957D-01  0.1379053064996988D-01  0.5195685247168529D-02
 -0.3243802710464247D-02 -0.1144772462556138D-01 -0.1933627493581176D-01
 -0.2683133962602969D-01 -0.3385783590349396D-01 -0.4034507663927953D-01
 -0.4622813025499823D-01 -0.5144914443370949D-01 -0.5595860046845277D-01
 -0.5971646432264064D-01 -0.6269320061972287D-01 -0.6487061686514790D-01
 -0.6624250727589322D-01 -0.6681506870525517D-01 -0.6660706537142883D-01
 -0.6564972443530853D-01 -0.6398635093164837D-01 -0.6167165801718833D-01
 -0.5877081677768597D-01 -0.5535823863756668D-01 -0.5151611237571711D-01
 -0.4733272645509251D-01 -0.4290061539725499D-01 -0.3831457587690903D-01
 -0.3366960373238328D-01 -0.2905880692493754D-01 -0.2457135146399165D-01
 -0.2029049738044154D-01 -0.1629178000157153D-01 -0.1264138816629710D-01
 -0.9394785786761617D-02 -0.6595616518170628D-02 -0.4274923466195401D-02
 -0.2450707061082783D-02 -0.1127834667874118D-02 -0.2983053766077191D-03
  0.5813708654393414D-04 -0.2693893486011595D-04 -0.5118983516496742D-03
 -0.1346548084759146D-02 -0.2473861174151992D-02 -0.3831859945170490D-02
 -0.5355595559299480D-02 -0.6979157368411345D-02 -0.8637644568235535D-02
 -0.1026903505558828D-01 -0.1181589200224166D-01 -0.1322685692951473D-01
 -0.1445788800511716D-01 -0.1547321285722989D-01 -0.1624597567128470D-01
 -0.1675856851871135D-01 -0.1700264702485706D-01 -0.1697884095877701D-01
 -0.1669618116038788D-01 -0.1617127497857425D-01 -0.1542727225460239D-01
 -0.1449267191170836D-01 -0.1340002456869812D-01 -0.1218458877465073D-01
 -0.1088299728701933D-01 -0.9531985493358866D-02 -0.8167227088767501D-02
 -0.6822313164092568D-02 -0.5527900736941965D-02 -0.4311046281096124D-02
 -0.3194729724151068D-02 -0.2197565296448426D-02 -0.1333687964693702D-02
 -0.6127982250429702D-03 -0.4034384273653273D-04  0.3821853590458064D-03
  0.6568745177609934D-03  0.7889370966689551D-03  0.7862278154409253D-03
  0.6587363279545712D-03  0.4180803057913656D-03  0.7701380588548560D-04
 -0.3510361017194882D-03 -0.8523943593370142D-03 -0.1413517324778015D-02
 -0.2021321950227116D-02 -0.2663462630008102D-02 -0.3328555889187767D-02
 -0.4006355100305764D-02 -0.4687879127348414D-02 -0.5365500153691706D-02
 -0.6032996941134833D-02 -0.6685580377083957D-02 -0.7319898444840946D-02
 -0.7934027754837820D-02 -0.8527458598600884D-02 -0.9101080223050898D-02
 -0.9657172776016184D-02 -0.1019941220499300D-01 -0.1073289438167092D-01
 -0.1126418491308423D-01 -0.1180140153703720D-01 -0.1235433676165522D-01
 -0.1293462957165865D-01 -0.1355599677551877D-01 -0.1423453685378518D-01
 -0.1498912355347659D-01
  0.0000000000000000D+00 -0.5666594939470113D-11 -0.6252129461459691D-11
 -0.6898225457386997D-11 -0.7611146992923030D-11 -0.8397612898815860D-11
 -0.9266349402937892D-11 -0.1022530006861947D-10 -0.1128541772287324D-10
 -0.1245618494285623D-10 -0.1374966634870297D-10 -0.1517870221875123D-10
 -0.1675750578751101D-10 -0.1850187652773745D-10 -0.2042925065117944D-10
 -0.2255892191622962D-10 -0.2491223968362816D-10 -0.2751282239774082D-10
 -0.3038680488147661D-10 -0.3356310840278588D-10 -0.3707374024995776D-10
 -0.4095412650114876D-10 -0.4524348074684609D-10 -0.4998521309358214D-10
 -0.5522738386935111D-10 -0.6102320693319776D-10 -0.6743160810866260D-10
 -0.7451784484799120D-10 -0.8235419392591216D-10 -0.9102071472846348D-10
 -0.1006060965524170D-09 -0.1112085992807917D-09 -0.1229370978572014D-09
 -0.1359122421600415D-09 -0.1502677451906677D-09 -0.1661518139531364D-09
 -0.1837287390343152D-09 -0.2031806607115110D-09 -0.2247095314420357D-09
 -0.2485392968493667D-09 -0.2749183198408957D-09 -0.3041220753028016D-09
 -0.3364561459521227D-09 -0.3722595534219966D-09 -0.4119084625557083D-09
 -0.4558203012350257D-09 -0.5044583429210879D-09 -0.5583368045001232D-09
 -0.6180265180666874D-09 -0.6841612420170765D-09 -0.7574446843462362D-09
 -0.8386583194335833D-09 -0.9286700889686230D-09 -0.1028444088118443D-08
 -0.1139051349703217D-08 -0.1261681852163297D-08 -0.1397657891629833D-08
 -0.1548448974625703D-08 -0.1715688406021101D-08 -0.1901191767066079D-08
 -0.2106977500866352D-08 -0.2335289847828618D-08 -0.2588624401682474D-08
 -0.2869756588025606D-08 -0.3181773402314006D-08 -0.3528108783250845D-08
 -0.3912583041084171D-08 -0.4339446808927120D-08 -0.4813430039447892D-08
 -0.5339796629786263D-08 -0.5924405325062236D-08 -0.6573777626154793D-08
 -0.7295173511436085D-08 -0.8096675875848871D-08 -0.8987284695214791D-08
 -0.9977022040195660D-08 -0.1107704919426245D-07 -0.1229979727488721D-07
 -0.1365911291864502D-07 -0.1517042077088139D-07 -0.1685090472115043D-07
 -0.1871971004907398D-07 -0.2079816889418269D-07 -0.2311005174052818D-07
 -0.2568184791555708D-07 -0.2854307844641096D-07 -0.3172664499934790D-07
 -0.3526921905364286D-07 -0.3921167593488683D-07 -0.4359957885929575D-07
 -0.4848371872626942D-07 -0.5392071604742132D-07 -0.5997369212367900D-07
 -0.6671301738565380D-07 -0.7421714570487975D-07 -0.8257354447417525D-07
 -0.9187973135472352D-07 -0.1022444298069368D-06 -0.1137888568743258D-06
 -0.1266481581882688D-06 -0.1409730068218737D-06 -0.1569313844596263D-06
 -0.1747105653843775D-06 -0.1945193260341617D-06 -0.2165904053701533D-06
 -0.2411832440470861D-06 -0.2685870334145689D-06 -0.2991241087296038D-06
 -0.3331537246576626D-06 -0.3710762552144814D-06 -0.4133378647888941D-06
 -0.4604357018266507D-06 -0.5129236721873077D-06 -0.5714188551554329D-06
 -0.6366086316405119D-06 -0.7092586012880461D-06 -0.7902213731009158D-06
 -0.8804463227928456D-06 -0.9809904195249242D-06 -0.1093030234975471D-05
 -0.1217875258930366D-05 -0.1356982657824615D-05 -0.1511973625988924D-05
 -0.1684651493832722D-05 -0.1877021772902151D-05 -0.2091314334767017D-05
 -0.2330007939090568D-05 -0.2595857346096602D-05 -0.2891923270045012D-05
 -0.3221605453327388D-05 -0.3588679165464931D-05 -0.3997335457687088D-05
 -0.4452225531935527D-05 -0.4958509613108402D-05 -0.5521910745145347D-05
 -0.6148773965150858D-05 -0.6846131345123837D-05 -0.7621773427945188D-05
 -0.8484327622962045D-05 -0.9443344166656059D-05 -0.1050939029528317D-04
 -0.1169415331876900D-04 -0.1301055332819417D-04 -0.1447286631248982D-04
 -0.1609685850298061D-04 -0.1789993280651758D-04 -0.1990128822842052D-04
 -0.2212209322438506D-04 -0.2458567395488843D-04 -0.2731771844522296D-04
 -0.3034649767770073D-04 -0.3370310465818895D-04 -0.3742171250510111D-04
 -0.4153985260319427D-04 -0.4609871384461769D-04 -0.5114346394297560D-04
 -0.5672359374971219D-04 -0.6289328542259948D-04 -0.6971180518987343D-04
 -0.7724392131658782D-04 -0.8556034770771095D-04 -0.9473821337065219D-04
 -0.1048615577031880D-03 -0.1160218512658067D-03 -0.1283185413345617D-03
 -0.1418596211057436D-03 -0.1567622209307736D-03 -0.1731532193926219D-03
 -0.1911698713872305D-03 -0.2109604496389364D-03 -0.2326848952516452D-03
 -0.2565154719720531D-03 -0.2826374178128066D-03 -0.3112495865478639D-03
 -0.3425650703471438D-03 -0.3768117934608965D-03 -0.4142330653973454D-03
 -0.4550880804620701D-03 -0.4996523488506110D-03 -0.5482180427150214D-03
 -0.6010942387734475D-03 -0.6586070371162501D-03 -0.7210995339045703D-03
 -0.7889316236858357D-03 -0.8624796050996351D-03 -0.9421355618591924D-03
 -0.1028306489118293D-02 -0.1121413133730722D-02 -0.1221888515547959D-02
 -0.1330176095861244D-02 -0.1446727558465141D-02 -0.1572000168701865D-02
 -0.1706453676347893D-02 -0.1850546729441525D-02 -0.2004732768243982D-02
 -0.2169455371600675D-02 -0.2345143032136075D-02 -0.2532203342103206D-02
 -0.2731016578399976D-02 -0.2941928683370266D-02 -0.3165243647582243D-02
 -0.3401215311878125D-02 -0.3650038618645574D-02 -0.3911840356464065D-02
 -0.4186669458001301D-02 -0.4474486928199581D-02 -0.4775155498289207D-02
 -0.5088429120830764D-02 -0.5413942441601489D-02 -0.5751200405426158D-02
 -0.6099568174658774D-02 -0.6458261560528415D-02 -0.6826338188473131D-02
 -0.7202689638314548D-02 -0.7586034818012088D-02 -0.7974914845022491D-02
 -0.8367689721142732D-02 -0.8762537094217624D-02 -0.9157453402252229D-02
 -0.9550257691245817D-02 -0.9938598386368309D-02 -0.1031996327585743D-01
 -0.1069169293717247D-01 -0.1105099779456368D-01 -0.1139497894552333D-01
 -0.1172065283006805D-01 -0.1202497974131525D-01 -0.1230489608868916D-01
 -0.1255735022726118D-01 -0.1277934155983979D-01 -0.1296796250491840D-01
 -0.1312044280673360D-01 -0.1323419554752952D-01 -0.1330686411130389D-01
 -0.1333636924777260D-01 -0.1332095529978458D-01 -0.1325923459100687D-01
 -0.1315022892618827D-01 -0.1299340713503335D-01 -0.1278871759212491D-01
 -0.1253661466970336D-01 -0.1223807812466148D-01 -0.1189462448971016D-01
 -0.1150830963234602D-01 -0.1108172176987490D-01 -0.1061796439302032D-01
 -0.1012062875461499D-01 -0.9593755829790962D-02 -0.9041787941052284D-02
 -0.8469510558151191D-02 -0.7881985112671217D-02 -0.7284473993010073D-02
 -0.6682359188342058D-02 -0.6081056312566447D-02 -0.5485925946647176D-02
 -0.4902184379305707D-02 -0.4334815895774452D-02 -0.3788488760526839D-02
 -0.3267476965595600D-02 -0.2775589677573764D-02 -0.2316110122834314D-02
 -0.1891745412475913D-02 -0.1504588536821968D-02 -0.1156093463966871D-02
 -0.8470639660775338D-03 -0.5776564768864048D-03 -0.3473969577037923D-03
 -0.1552114191438465D-03  0.5305874895456671D-06  0.1219605302402776D-03
  0.2116448625437883D-03  0.2725100749659928D-03  0.3077608173855110D-03
  0.3207933434425063D-03  0.3151067373790121D-03  0.2942145038224081D-03
  0.2615591145928937D-03  0.2204319920589671D-03  0.1739011718733645D-03
  0.1247485466729786D-03  0.7541818559395945D-04  0.2797679298820008D-04
 -0.1591305650472935D-04 -0.5500667954073139D-04 -0.8847821441201323D-04
 -0.1159092886034901D-03 -0.1372663852486652D-03 -0.1528682460414747D-03
 -0.1633449816665740D-03 -0.1695908234388469D-03 -0.1727126174442751D-03
 -0.1739762200658317D-03 -0.1747528981983012D-03 -0.1764676767783110D-03
 -0.1805513280429931D-03 -0.1883973851850435D-03 -0.2013252148539017D-03
 -0.2205498252140458D-03 -0.2471587430628346D-03 -0.2820959840648371D-03
 -0.3261528778006594D-03 -0.3799653012615695D-03 -0.4440167222275444D-03
 -0.5186463550935712D-03 -0.6040616795597762D-03 -0.7003545589602800D-03
 -0.8075202168682945D-03 -0.9254783699941345D-03 -0.1054095883534420D-02
 -0.1193210390760796D-02 -0.1342654415628439D-02 -0.1502279646586288D-02
 -0.1671981137184412D-02 -0.1851721352046869D-02 -0.2041554138794916D-02
 -0.2241648879065514D-02 -0.2452315258391521D-02 -0.2674029281471085D-02
 -0.2907461353119922D-02 -0.3153507435383450D-02 -0.3413324492548866D-02
 -0.3688371653110258D-02 -0.3980458772717723D-02 -0.4291804393429661D-02
 -0.4625105494018514D-02 -0.4983621933657371D-02 -0.5371279147958220D-02
 -0.5792793492258547D-02 -0.6253825686220378D-02 -0.6761169158348302D-02
 -0.7322981781595001D-02 -0.7949071650716504D-02 -0.8651250143427030D-02
 -0.9443769410654631D-02
  0.0000000000000000D+00  0.1048304296104555D-10  0.1156613459225598D-10
  0.1276123658260098D-10  0.1407993321954013D-10  0.1553464959493119D-10
  0.1714151921647344D-10  0.1891523625848014D-10  0.2087604988318451D-10
  0.2304149983714851D-10  0.2543389530732596D-10  0.2807697994582417D-10
  0.3099703757081329D-10  0.3422328369340732D-10  0.3778796045601351D-10
  0.4172674465417768D-10  0.4607911360360571D-10  0.5088874007349572D-10
  0.5620394941723004D-10  0.6207821884405954D-10  0.6857073129682001D-10
  0.7574699065184865D-10  0.8367950339401242D-10  0.9244853476156077D-10
  0.1021429475230746D-09  0.1128611324558520D-09  0.1247120407277019D-09
  0.1378163294704208D-09  0.1523076331137578D-09  0.1683339744648762D-09
  0.1860593310899251D-09  0.2056653743104692D-09  0.2273534000818035D-09
  0.2513464731982965D-09  0.2778918086983369D-09  0.3072634170466922D-09
  0.3397650426875053D-09  0.3757334289225633D-09  0.4155419458169855D-09
  0.4596046220127475D-09  0.5083806259895355D-09  0.5623792475080687D-09
  0.6221654357653433D-09  0.6883659572541715D-09  0.7616762435280408D-09
  0.8428680071138665D-09  0.9327977127861739D-09  0.1032416001424772D-08
  0.1142778174844931D-08  0.1265055862448796D-08  0.1400550004450300D-08
  0.1550705301940219D-08  0.1717126301372062D-08  0.1901595300370765D-08
  0.2106092283330134D-08  0.2332817119330662D-08  0.2584214281769193D-08
  0.2863000379069237D-08  0.3172194819299710D-08  0.3515153968871953D-08
  0.3895609207164824D-08  0.4317709325444357D-08  0.4786067770362547D-08
  0.5305815290262583D-08  0.5882658607183203D-08  0.6522945809622097D-08
  0.7233739241651427D-08  0.8022896753844510D-08  0.8899162281750059D-08
  0.9872266829532124D-08  0.1095304106122084D-07  0.1215354084127355D-07
  0.1348718722148593D-07  0.1496892254455221D-07  0.1661538452781497D-07
  0.1844510040622805D-07  0.2047870345383142D-07  0.2273917447091211D-07
  0.2525211112262553D-07  0.2804602834766715D-07  0.3115269342645564D-07
  0.3460749971152035D-07  0.3844988348311472D-07  0.4272378890578101D-07
  0.4747818663252375D-07  0.5276765223886659D-07  0.5865301137656600D-07
  0.6520205932404419D-07  0.7249036348651020D-07  0.8060215837292623D-07
  0.8963134366021373D-07  0.9968259715923100D-07  0.1108726158351681D-06
  0.1233314995214993D-06  0.1372042936175067D-06  0.1526527088920168D-06
  0.1698570385497751D-06  0.1890182949729742D-06  0.2103605910520559D-06
  0.2341337937927765D-06  0.2606164809583769D-06  0.2901192349075838D-06
  0.3229883115543039D-06  0.3596097265402387D-06  0.4004138053170919D-06
  0.4458802489243647D-06  0.4965437728693203D-06  0.5530003827193212D-06
  0.6159143568593286D-06  0.6860260144097032D-06  0.7641603546070767D-06
  0.8512366630951797D-06  0.9482791906285701D-06  0.1056429020743426D-05
  0.1176957255082491D-05  0.1311279658370649D-05  0.1460972919623248D-05
  0.1627792702137007D-05  0.1813693672276641D-05  0.2020851716146008D-05
  0.2251688574047254D-05  0.2508899145312042D-05  0.2795481740773218D-05
  0.3114771586969183D-05  0.3470477915281080D-05  0.3866725000735960D-05
  0.4308097549315645D-05  0.4799690869426585D-05  0.5347166302857531D-05
  0.5956812433202707D-05  0.6635612635483238D-05  0.7391319579665566D-05
  0.8232537353034599D-05  0.9168811921997628D-05  0.1021073071289836D-04
  0.1137003215380087D-04  0.1265972608489822D-04  0.1409422601409952D-04
  0.1568949426625721D-04  0.1746320114914643D-04  0.1943489933633820D-04
  0.2162621474601867D-04  0.2406105527500742D-04  0.2676583882792492D-04
  0.2976974216173531D-04  0.3310497214457381D-04  0.3680706110352241D-04
  0.4091518800716979D-04  0.4547252729347763D-04  0.5052662720945434D-04
  0.5612981957381396D-04  0.6233966290417941D-04  0.6921942086310699D-04
  0.7683857796834296D-04  0.8527339447793040D-04  0.9460750229512677D-04
  0.1049325436360684D-03  0.1163488540586400D-03  0.1289661912572985D-03
  0.1429045107783266D-03  0.1582947894949910D-03  0.1752798972937590D-03
  0.1940155169515882D-03  0.2146711116204339D-03  0.2374309386679556D-03
  0.2624951078418896D-03  0.2900806808183142D-03  0.3204228081494568D-03
  0.3537758984329729D-03  0.3904148131704949D-03  0.4306360792573672D-03
  0.4747591093378016D-03  0.5231274183609912D-03  0.5761098225764210D-03
  0.6341016049056567D-03  0.6975256281200324D-03  0.7668333745405306D-03
  0.8425058880615615D-03  0.9250545911951898D-03  0.1015021946552005D-02
  0.1112981928741697D-02  0.1219540269122561D-02  0.1335334432193612D-02
  0.1461033278757876D-02  0.1597336367353549D-02  0.1744972841928547D-02
  0.1904699850415566D-02  0.2077300435859332D-02  0.2263580839181318D-02
  0.2464367150688191D-02  0.2680501246201979D-02  0.2912835943399074D-02
  0.3162229314789898D-02  0.3429538095967879D-02  0.3715610131525515D-02
  0.4021275806609910D-02  0.4347338419673488D-02  0.4694563461811831D-02
  0.5063666780315390D-02  0.5455301618910806D-02  0.5870044544723794D-02
  0.6308380292378050D-02  0.6770685578897249D-02  0.7257211969199006D-02
  0.7768067900903105D-02  0.8303200008795263D-02  0.8862373923385434D-02
  0.9445154754281126D-02  0.1005088750716523D-01  0.1067867772251719D-01
  0.1132737266420669D-01  0.1199554342595413D-01  0.1268146836248353D-01
  0.1338311828891339D-01  0.1409814392533595D-01  0.1482386609222789D-01
  0.1555726918478721D-01  0.1629499846881489D-01  0.1703336174552444D-01
  0.1776833592574619D-01  0.1849557903339392D-01  0.1921044812176695D-01
  0.1990802353233688D-01  0.2058313985235208D-01  0.2123042383342529D-01
  0.2184433941728119D-01  0.2241923987671071D-01  0.2294942692008965D-01
  0.2342921642822659D-01  0.2385301029582357D-01  0.2421537364089173D-01
  0.2451111643008161D-01  0.2473537835348012D-01  0.2488371557756765D-01
  0.2495218781879716D-01  0.2493744402148838D-01  0.2483680479985984D-01
  0.2464833972027989D-01  0.2437093745858628D-01  0.2400436686752295D-01
  0.2354932703139825D-01  0.2300748446365785D-01  0.2238149572531377D-01
  0.2167501390991886D-01  0.2089267766497085D-01  0.2004008171671250D-01
  0.1912372823555666D-01  0.1815095883498239D-01  0.1712986752157912D-01
  0.1606919549458266D-01  0.1497820930016856D-01  0.1386656444646067D-01
  0.1274415714507815D-01  0.1162096733147207D-01  0.1050689650214649D-01
  0.9411604171820699D-02  0.8344346886332439D-02  0.7313823724118602D-02
  0.6328032085795266D-02  0.5394137319211952D-02  0.4518359373319278D-02
  0.3705879237965372D-02  0.2960767428621404D-02  0.2285936233959694D-02
  0.1683116875866967D-02  0.1152862147462512D-02  0.6945745022538577D-03
  0.3065589703641994D-03 -0.1390032250881075D-04 -0.2704418590819936D-03
 -0.4675090804210221D-03 -0.6102163871428576D-03 -0.7042023454267958D-03
 -0.7554741349903868D-03 -0.7702476603315080D-03 -0.7547879781573067D-03
 -0.7152547396305873D-03 -0.6575571613473602D-03 -0.5872226303374388D-03
 -0.5092824393002118D-03 -0.4281774060850737D-03 -0.3476853310132550D-03
 -0.2708714483356438D-03 -0.2000622632609832D-03 -0.1368424324605689D-03
 -0.8207363178289957D-04 -0.3593365888506913D-04  0.2026638898044409D-05
  0.3281160023704106D-04  0.5789759208267186D-04  0.7914218997653439D-04
  0.9868952495278783D-04  0.1188755255097083D-03  0.1421364997553781D-03
  0.1709240664715347D-03  0.2076288961800182D-03  0.2545151115204648D-03
  0.3136665673757769D-03  0.3869456272490090D-03  0.4759645070245920D-03
  0.5820687937390923D-03  0.7063323779603528D-03  0.8495627666261648D-03
  0.1012315564391693D-02  0.1194916814294333D-02  0.1397491858440295D-02
  0.1619999412844786D-02  0.1862269614259327D-02  0.2124044914584334D-02
  0.2405022830222740D-02  0.2704899727715236D-02  0.3023415026453047D-02
  0.3360395435556340D-02  0.3715799110305546D-02  0.4089759920742524D-02
  0.4482632354024248D-02  0.4895037929943714D-02  0.5327914367960558D-02
  0.5782569118253767D-02  0.6260739237898104D-02  0.6764659986021805D-02
  0.7297144938838910D-02  0.7861680929954467D-02  0.8462541740359585D-02
  0.9104925259191814D-02  0.9795119850406483D-02  0.1054070697352759D-01
  0.1135080877961022D-01  0.1223639152595987D-01  0.1321063835243694D-01
  0.1428940837069006D-01  0.1549180338510760D-01  0.1684086885273943D-01
  0.1836446366790143D-01
