    1
  344
 -0.7026842995990928D+00  0.3312483889795498D+00 -0.3106617013025847D+00
  0.2519483258568386D+01 -0.1318180980487374D+01 -0.1318006511493843D+01
 -0.5170290305621019D+00  0.2685439249037913D+00  0.6156936344434623D+00
 -0.1154634843286048D+00  0.8504989043585310D+00 -0.5560317672610959D+00
  0.3803595258210742D+00 -0.2676015079619072D+00  0.7985553475297640D+00
 -0.1000404312188514D+00  0.8907446834203397D+00 -0.2745485736384448D+00
 -0.6639227818057941D+00 -0.9656555567575605D-01 -0.3495390100776262D+00
  0.2241603850032348D+00 -0.3196671616833712D+00  0.9866417419897680D-01
  0.9115158695739131D-01 -0.1648334174944306D+00 -0.3485261530453150D+00
  0.1065928998105286D+00 -0.2098418963914634D+00  0.2677926155794337D+00
  0.1402457424003089D+00  0.1446306829825277D+00  0.1144699503605405D+00
 -0.4490186295706503D-01  0.3222624770138845D+00 -0.1920037002790049D+00
  0.1293994137543411D+00 -0.2302911881020169D+00  0.6135272393261862D-01
 -0.1101675454002117D+00 -0.1197215896198141D-01  0.1645245105502547D+00
 -0.7406724051566472D-02  0.9123565659645337D-01  0.7469049103633907D-01
 -0.6933571895737259D-01 -0.5827985092590676D-01 -0.5937985204150129D-01
  0.7062643160727025D-01  0.9069236057799940D-01 -0.3366447822839326D-01
 -0.3954615624572545D-01 -0.1079936993188102D-01  0.1030192152335783D+00
 -0.5165084297587691D-01 -0.6346952894149653D-01  0.8139391086281295D-01
 -0.7478858047214625D-01 -0.6493423412356809D-01 -0.7827790188752530D-01
  0.2491768485574051D-01 -0.3648781020437111D-01  0.2489782469359873D-01
  0.1833441136386321D-01  0.4890812566963179D-02 -0.2759529949945840D-01
 -0.1337458473931905D-01  0.1690111862437699D-01  0.2771571810868669D-01
  0.6610329797403411D-02 -0.4704103771623825D-02 -0.6148459112803680D-02
  0.2306447342731084D-01  0.3076160827016650D-01 -0.3932298320534365D-02
  0.1714283512945843D-01  0.2710723497295198D-02 -0.3151563873034117D-01
 -0.1604770038285551D-01  0.2643378207247464D-01 -0.9981996524018478D-02
  0.6707545082519630D-02 -0.1272674202684971D-01  0.2353506582659261D-01
 -0.5829480618080071D-02 -0.6068256167952082D-02  0.7578388904250189D-02
 -0.4000595144095290D-02  0.2124219573678968D-01  0.2506054913475622D-02
  0.7129130551658560D-04  0.7222234059324087D-02 -0.1459331301864259D-01
 -0.1282522242732343D-01 -0.1548761104287262D-01  0.7939987975580456D-02
  0.5597043315194247D-02 -0.8782867596835008D-02  0.1224293366956451D-01
 -0.3429186464622672D-03  0.1483949939509474D-01 -0.1350154686109523D-01
 -0.5766881940026339D-02  0.4657803574025412D-03  0.1266309533008992D-01
 -0.7836723289244726D-02 -0.1533151820248442D-01  0.9856226413131400D-02
  0.6725046128830176D-02  0.7446336302535063D-02 -0.8089230189026009D-02
  0.1286785017946312D-02 -0.7274273633273058D-02 -0.9565667472579548D-02
  0.1435081738924507D-02 -0.6685234010248700D-03 -0.7109234044214482D-02
 -0.1136047542771389D-01  0.2506341551850618D-02 -0.7346465310054466D-02
  0.1020973481560204D-01  0.1360046580512234D-01 -0.2935360670210664D-02
 -0.4049524161412978D-02  0.2661062086705643D-02  0.2088602123163148D-02
 -0.1405006614442391D-02  0.1385054918536596D-01  0.2960573718108602D-03
 -0.1346388696607478D-01 -0.7796096618182417D-02  0.6746202475464392D-02
 -0.4390736752225231D-02 -0.1332907468707684D-01 -0.1293856449656219D-01
  0.5723557608030933D-02 -0.1423250118587431D-01 -0.7330964731388225D-02
  0.5098954798869152D-02  0.5973632280945978D-02  0.4841950224028288D-02
  0.4275106889232097D-02  0.7037342127081412D-03  0.6303173358463667D-02
  0.1965521875401554D-02  0.1262439227832024D-01  0.6658123613854703D-02
  0.9286795121762779D-02 -0.3369139718691796D-02  0.1015699118242283D-01
  0.1092310601020518D-01 -0.1874204639599135D-02  0.1317404296179620D-01
 -0.6137965262074543D-02  0.5836870878830379D-02 -0.8096825213892149D-02
  0.9221382258621057D-03  0.1158395576686295D-01 -0.2199710254117027D-02
 -0.2182804216721559D-02 -0.1221786243467474D-01 -0.1125425176355859D-01
  0.3303963564357404D-02 -0.5218737067832381D-02 -0.5381766579544513D-02
  0.1184982814604214D-01  0.1222730215505721D-01 -0.6274475688076967D-02
  0.3883435834566405D-03 -0.1141063128722931D-01  0.1063789818363352D-01
  0.1759350664289746D-02 -0.4022133202216975D-02 -0.5360820661016409D-02
  0.2987000034475819D-02 -0.9394138159076562D-02 -0.9413106479850480D-02
  0.5183534557576683D-02 -0.5733868130765237D-02 -0.1451573829463651D-02
  0.7817150585827510D-02  0.3535617558418705D-02 -0.1335015040249820D-02
 -0.4089657917452316D-03  0.1033976985557013D-01  0.4997078352531078D-02
  0.5816473303417690D-03 -0.1030905224886248D-01 -0.6781788707214413D-02
  0.9177323574195428D-02 -0.9216782803352291D-02 -0.8744689002794299D-02
 -0.4420706240495044D-02  0.5135452175402460D-02 -0.7271785099968103D-02
  0.8857321548811753D-02 -0.4662835329578115D-02 -0.2477111938966307D-02
 -0.1062211607093744D-02 -0.1284131692768558D-02  0.7185557772486586D-02
 -0.6989525563094565D-03  0.8169462967416080D-02  0.2274318028578307D-03
  0.7532244371896532D-02  0.7342164186892419D-03 -0.6954428225148043D-02
  0.3286110909872791D-02 -0.2576001543646094D-02  0.5297279240796618D-02
  0.2437865668200517D-02 -0.3880045779578280D-02 -0.1620904848358457D-02
 -0.1919079456092978D-02 -0.6396422000869643D-02  0.2910392666819609D-02
 -0.4098401047229865D-02 -0.1875310176680295D-02  0.1113869820612846D-02
  0.5703586032714583D-02 -0.2231330643001121D-02 -0.2047256862194913D-02
 -0.2781869824079149D-02  0.3028966315664590D-02 -0.4911701511621587D-02
 -0.5198918673615908D-02 -0.1896758468459121D-02 -0.2112749762059132D-02
 -0.2130647661884806D-02  0.3495093771238340D-02  0.1244379086708431D-02
  0.1793601653975431D-02  0.8515027243679670D-04  0.4110728453721303D-02
  0.1440971107386604D-02 -0.2496381178595823D-02  0.6214012383999379D-03
 -0.3680713502881131D-02  0.1058252137606971D-02  0.1576193168574318D-02
  0.9257713897806974D-03 -0.2481130087711093D-02 -0.2835903306285001D-02
  0.1753090781884769D-02  0.1702107118021753D-02  0.2064269176052123D-02
  0.2285603747201312D-02 -0.2969406314944900D-03  0.2895667648844042D-02
 -0.3052677105762210D-02  0.8831702726367563D-03  0.2290560244193269D-02
  0.1264565956187950D-02 -0.8134071809856830D-03 -0.2112471410806635D-02
 -0.2049926220250399D-02  0.1148330154201448D-02  0.9572924671296026D-03
 -0.1754855166122065D-02  0.2414939954546439D-03  0.1704743952334442D-02
  0.1643278168435477D-02 -0.1038435484484191D-02 -0.3350026121261294D-03
  0.3015417911422595D-03  0.6068006346707222D-03 -0.1803066010501896D-03
  0.4010279135116235D-03  0.1410749951312939D-03  0.5283088019929518D-03
  0.7957767016381129D-03  0.1807476207138751D-03  0.9675615195017599D-03
 -0.4350922818011704D-04 -0.5528079741374769D-03 -0.1994070704560392D-03
 -0.3413436473314978D-03  0.2593032129630295D-03  0.4178348690473713D-03
  0.1183789050976786D-03 -0.1374368318117343D-03 -0.1980231270676362D-04
 -0.1506287171421331D-03 -0.5205703182753606D-03 -0.4964899483968976D-04
 -0.2431110368519095D-05 -0.1190516378747375D-03  0.1399867780741571D-03
  0.5983337835585249D-03  0.1006996163398066D-02 -0.2154337264013065D-03
  0.2819793612710917D-03  0.5137142719999326D-03  0.4850961395677720D-03
 -0.2823935657220259D-03  0.4707305223544310D-04  0.7668032619615085D-03
 -0.7751821969609298D-04 -0.1316640476947763D-03  0.1069840978732585D-02
 -0.9696682137232230D-03 -0.5815301121000142D-03  0.5012783467795697D-03
 -0.1456282515403252D-04  0.1819763253824429D-03  0.2593319775854484D-03
 -0.8711725967628602D-03  0.1161276526464124D-02  0.1309380822476152D-02
 -0.6189961506071097D-03  0.1095302986912114D-02 -0.6709198780341227D-03
 -0.6742785488715325D-03 -0.1224523465223350D-02  0.2530674297187316D-03
 -0.1591887720589343D-02  0.6615044575057499D-03  0.4169596195126833D-03
  0.3270482494204919D-03 -0.2100827232925230D-02 -0.2554775098006339D-03
 -0.5386559803692179D-03  0.1483469848835713D-02 -0.1526924210248895D-02
  0.6813164322875366D-03  0.7390460404681116D-03  0.1764094423359540D-02
  0.2102384648601619D-02 -0.1129850877598462D-02 -0.6312465270918666D-03
  0.1060559513920891D-02  0.9813906438695284D-03 -0.1754793463824006D-02
  0.1583177907012663D-02  0.7625046483082990D-03  0.1178758263857369D-02
 -0.6854718607274444D-03  0.2117686741888679D-03 -0.2340783494466890D-02
 -0.2078573689104900D-02 -0.1287409723673369D-02 -0.2943274227230554D-03
 -0.1854416599552999D-03 -0.1191977947683458D-02
    7
    1    1  333
  0.0000000000000000D+00 -0.4141018492958600D+07 -0.4017943107194399D+07
 -0.3898523379038026D+07 -0.3782650725112326D+07 -0.3670219787271542D+07
 -0.3561128336888964D+07 -0.3455277181651671D+07 -0.3352570075691005D+07
 -0.3252913631770880D+07 -0.3156217236589579D+07 -0.3062392968288670D+07
 -0.2971355516538475D+07 -0.2883022104963599D+07 -0.2797312415876860D+07
 -0.2714148517249841D+07 -0.2633454791851995D+07 -0.2555157868494627D+07
 -0.2479186555317136D+07 -0.2405471775054834D+07 -0.2333946502229511D+07
 -0.2264545702205597D+07 -0.2197206272056552D+07 -0.2131866983187689D+07
 -0.2068468425663270D+07 -0.2006952954187237D+07 -0.1947264635688488D+07
 -0.1889349198463020D+07 -0.1833153982826687D+07 -0.1778627893233746D+07
 -0.1725721351817588D+07 -0.1674386253311493D+07 -0.1624575921308324D+07
 -0.1576245065819481D+07 -0.1529349742094469D+07 -0.1483847310663647D+07
 -0.1439696398567845D+07 -0.1396856861739568D+07 -0.1355289748501607D+07
 -0.1314957264149858D+07 -0.1275822736588143D+07 -0.1237850582983791D+07
 -0.1201006277413658D+07 -0.1165256319471168D+07 -0.1130568203805846D+07
 -0.1096910390567610D+07 -0.1064252276728989D+07 -0.1032564168259172D+07
 -0.1001817253124589D+07 -0.9719835750914721D+06 -0.9430360083065901D+06
 -0.9149482326330272D+06 -0.8876947097185981D+06 -0.8612506597751172D+06
 -0.8355920390474363D+06 -0.8106955179517417D+06 -0.7865384598632482D+06
 -0.7630989005339923D+06 -0.7403555281220209D+06 -0.7182876638138107D+06
 -0.6968752430223024D+06 -0.6760987971434535D+06 -0.6559394358547241D+06
 -0.6363788299394011D+06 -0.6173991946211390D+06 -0.5989832733935752D+06
 -0.5811143223303086D+06 -0.5637760948609809D+06 -0.5469528269996137D+06
 -0.5306292230117801D+06 -0.5147904415075678D+06 -0.4994220819476987D+06
 -0.4845101715505325D+06 -0.4700411525880479D+06 -0.4560018700592558D+06
 -0.4423795597298330D+06 -0.4291618365271022D+06 -0.4163366832798090D+06
 -0.4038924397924566D+06 -0.3918177922442616D+06 -0.3801017629030964D+06
 -0.3687337001450629D+06 -0.3577032687706209D+06 -0.3470004406084700D+06
 -0.3366154853986365D+06 -0.3265389619464774D+06 -0.3167617095395583D+06
 -0.3072748396195933D+06 -0.2980697277018828D+06 -0.2891380055348914D+06
 -0.2804715534928382D+06 -0.2720624931943804D+06 -0.2639031803406755D+06
 -0.2559861977663016D+06 -0.2483043486967242D+06 -0.2408506502061601D+06
 -0.2336183268698987D+06 -0.2266008046052918D+06 -0.2197917046958150D+06
 -0.2131848379927511D+06 -0.2067741992892232D+06 -0.2005539618614492D+06
 -0.1945184721722452D+06 -0.1886622447319528D+06 -0.1829799571121054D+06
 -0.1774664451072881D+06 -0.1721166980407784D+06 -0.1669258542096829D+06
 -0.1618891964654170D+06 -0.1570021479254895D+06 -0.1522602678126737D+06
 -0.1476592474177663D+06 -0.1431949061822399D+06 -0.1388631878972051D+06
 -0.1346601570152036D+06 -0.1305819950714552D+06 -0.1266249972112749D+06
 -0.1227855688204805D+06 -0.1190602222556920D+06 -0.1154455736715255D+06
 -0.1119383399417611D+06 -0.1085353356716550D+06 -0.1052334702986446D+06
 -0.1020297452787773D+06 -0.9892125135626728D+05 -0.9590516591366334D+05
 -0.9297875040018228D+05 -0.9013934783583146D+05 -0.8738438038901686D+05
 -0.8471134702539684D+05 -0.8211782122581001D+05 -0.7960144877116822D+05
 -0.7715994559226937D+05 -0.7479109568254487D+05 -0.7249274907181894D+05
 -0.7026281985921346D+05 -0.6809928430339257D+05 -0.6600017896839656D+05
 -0.6396359892337264D+05 -0.6198769599456536D+05 -0.6007067706798511D+05
 -0.5821080244122749D+05 -0.5640638422297240D+05 -0.5465578477874453D+05
 -0.5295741522157231D+05 -0.5130973394623722D+05 -0.4971124520585737D+05
 -0.4816049772960640D+05 -0.4665608338042151D+05 -0.4519663585160892D+05
 -0.4378082940131072D+05 -0.4240737762385043D+05 -0.4107503225702975D+05
 -0.3978258202450292D+05 -0.3852885151240810D+05 -0.3731270007949024D+05
 -0.3613302079999885D+05 -0.3498873943869698D+05 -0.3387881345736493D+05
 -0.3280223105222832D+05 -0.3175801022178228D+05 -0.3074519786452251D+05
 -0.2976286890612588D+05 -0.2881012545565032D+05 -0.2788609599034143D+05
 -0.2698993456864280D+05 -0.2612082007100261D+05 -0.2527795546805387D+05
 -0.2446056711571082D+05 -0.2366790407667238D+05 -0.2289923746774869D+05
 -0.2215385983232581D+05 -0.2143108453715582D+05 -0.2073024519249770D+05
 -0.2005069509444036D+05 -0.1939180668800849D+05 -0.1875297104938758D+05
 -0.1813359738530824D+05 -0.1753311254731216D+05 -0.1695096055829460D+05
 -0.1638660214840484D+05 -0.1583951429711754D+05 -0.1530918977810703D+05
 -0.1479513670351691D+05 -0.1429687806438425D+05 -0.1381395126441699D+05
 -0.1334590764510331D+05 -0.1289231200129886D+05 -0.1245274208800573D+05
 -0.1202678812098505D+05 -0.1161405227601383D+05 -0.1121414819380553D+05
 -0.1082670049957641D+05 -0.1045134434791538D+05 -0.1008772500221067D+05
 -0.9735497461822217D+04 -0.9394326141693969D+04 -0.9063884610609008D+04
 -0.8743855388000360D+04 -0.8433929794836773D+04 -0.8133807849586173D+04
 -0.7843198196585116D+04 -0.7561818051801903D+04 -0.7289393150239996D+04
 -0.7025657680087197D+04 -0.6770354190936199D+04 -0.6523233466584024D+04
 -0.6284054356592958D+04 -0.6052583564522419D+04 -0.5828595394163865D+04
 -0.5611871457995626D+04 -0.5402200354305362D+04 -0.5199377320989588D+04
 -0.5003203874983488D+04 -0.4813487446689627D+04 -0.4630041018760881D+04
 -0.4452682778242948D+04 -0.4281235790470065D+04 -0.4115527702286478D+04
 -0.3955390481165311D+04 -0.3800660195627137D+04 -0.3651176841015985D+04
 -0.3506784213152780D+04 -0.3367329830628571D+04 -0.3232664904492046D+04
 -0.3102644351801109D+04 -0.2977126846934666D+04 -0.2855974901717379D+04
 -0.2739054962375184D+04 -0.2626237508287036D+04 -0.2517397134746157D+04
 -0.2412412600001846D+04 -0.2311166816448590D+04 -0.2213546767875217D+04
 -0.2119443340131350D+04 -0.2028751062079096D+04 -0.1941367767177879D+04
 -0.1857194201693552D+04 -0.1776133623423288D+04 -0.1698091440018452D+04
 -0.1622974944084780D+04 -0.1550693186508682D+04 -0.1481157005014243D+04
 -0.1414279202149942D+04 -0.1349974826292380D+04 -0.1288161497119978D+04
 -0.1228759706600154D+04 -0.1171693034842157D+04 -0.1116888238593118D+04
 -0.1064275193414846D+04 -0.1013786693027317D+04 -0.9653581269711208D+03
 -0.9189270692109075D+03 -0.8744328153212016D+03 -0.8318159065372107D+03
 -0.7910176755131627D+03 -0.7519798438510410D+03 -0.7146441953829830D+03
 -0.6789523429166384D+03 -0.6448456001268195D+03 -0.6122649644455645D+03
 -0.5811512114585478D+03 -0.5514450963210095D+03 -0.5230876530380751D+03
 -0.4960205779810777D+03 -0.4701866795366126D+03 -0.4455303710229120D+03
 -0.4219981785922184D+03 -0.3995392293969946D+03 -0.3781056776787379D+03
 -0.3576530181799977D+03 -0.3381402259861317D+03 -0.3195296817425879D+03
 -0.3017868007901037D+03 -0.2848793947226646D+03 -0.2687767946246643D+03
 -0.2534488816086910D+03 -0.2388652327342595D+03 -0.2249946105029325D+03
 -0.2118049510027034D+03 -0.1992638549755426D+03 -0.1873394233321944D+03
 -0.1760011838717915D+03 -0.1652208662620546D+03 -0.1549728733654205D+03
 -0.1452344093912010D+03 -0.1359853134072173D+03 -0.1272076882743416D+03
 -0.1188854222286857D+03 -0.1110036832231207D+03 -0.1035484436553479D+03
 -0.9650607089205738D+02 -0.8986300126845279D+02 -0.8360550290552789D+02
 -0.7771952426533906D+02 -0.7219062028238552D+02 -0.6700394498845256D+02
 -0.6214429816025768D+02 -0.5759621316614371D+02 -0.5334407354313029D+02
 -0.4937224667586000D+02 -0.4566522432711145D+02 -0.4220775975029330D+02
 -0.3898499511715247D+02 -0.3598257660506768D+02 -0.3318674212337437D+02
 -0.3058438998467423D+02 -0.2816312151526974D+02 -0.2591125875758465D+02
 -0.2381783869208081D+02 -0.2187258727385862D+02 -0.2006587713866990D+02
 -0.1838867541995100D+02 -0.1683248721936348D+02 -0.1538930192098296D+02
 -0.1405154757686690D+02 -0.1281205838178017D+02 -0.1166405657142014D+02
 -0.1060114854282875D+02 -0.9617332345497495D+01 -0.8707012145666788D+01
 -0.7865014737747110D+01 -0.7086604103739335D+01 -0.6367490640832445D+01
 -0.5703833692799697D+01 -0.5092237215055281D+01 -0.4529739227679829D+01
 -0.4013796440683123D+01 -0.3542265055340503D+01 -0.3113378596468466D+01
 -0.2725722536470445D+01 -0.2378211007994909D+01 -0.2070047037121731D+01
 -0.1800715837881803D+01
    1    1  333
  0.0000000000000000D+00  0.3841391928993100D-04  0.3931324852231091D-04
  0.4023421879677769D-04  0.4117736177778689D-04  0.4214306737124065D-04
  0.4313263845504133D-04  0.4414632582675502D-04  0.4518558757304254D-04
  0.4625044149209468D-04  0.4734176887425854D-04  0.4846019502862416D-04
  0.4960640215414992D-04  0.5078110904967017D-04  0.5198504551976835D-04
  0.5321896561609163D-04  0.5448364656397424D-04  0.5577988869509069D-04
  0.5710851665781248D-04  0.5847037995412749D-04  0.5986635376251642D-04
  0.6129733967066156D-04  0.6276426651566872D-04  0.6426809125410856D-04
  0.6580979978855955D-04  0.6739040793397580D-04  0.6901096240836565D-04
  0.7067254179457682D-04  0.7237625763213393D-04  0.7412325543233668D-04
  0.7591471593710549D-04  0.7775185620545459D-04  0.7963593090721667D-04
  0.8156823356606844D-04  0.8355009801361164D-04  0.8558289966813010D-04
  0.8766805704226188D-04  0.8980703330421787D-04  0.9200133787705162D-04
  0.9425252797930560D-04  0.9656221055207907D-04  0.9893204386054126D-04
  0.1013637396138632D-03  0.1038590647443253D-03  0.1064198435728552D-03
  0.1090479599159918D-03  0.1117453594010531D-03  0.1145140517966637D-03
  0.1173561134618499D-03  0.1202736899453281D-03  0.1232689987327313D-03
  0.1263443320314471D-03  0.1295020597499879D-03  0.1327446326859588D-03
  0.1360745856787956D-03  0.1394945411754675D-03  0.1430072127465665D-03
  0.1466154089162539D-03  0.1503220371475727D-03  0.1541301080129654D-03
  0.1580427396535421D-03  0.1620631623795594D-03  0.1661947235943185D-03
  0.1704408929185532D-03  0.1748052676599056D-03  0.1792915785932402D-03
  0.1839036958991253D-03  0.1886456357128718D-03  0.1935215667477476D-03
  0.1985358175639471D-03  0.2036928840904854D-03  0.2089974376064278D-03
  0.2144543332402433D-03  0.2200686189729172D-03  0.2258455451355490D-03
  0.2317905744947123D-03  0.2379093929691101D-03  0.2442079210556039D-03
  0.2506923257712326D-03  0.2573690335601032D-03  0.2642447438928529D-03
  0.2713264437004292D-03  0.2786214228050708D-03  0.2861372902295170D-03
  0.2938819916277966D-03  0.3018638278075553D-03  0.3100914744009185D-03
  0.3185740028081613D-03  0.3273209026528103D-03  0.3363421053620075D-03
  0.3456480096076528D-03  0.3552495082320316D-03  0.3651580168795355D-03
  0.3753855046032897D-03  0.3859445264256688D-03  0.3968482579209725D-03
  0.4081105321046840D-03  0.4197458787447248D-03  0.4317695660973948D-03
  0.4441976453285418D-03  0.4570469979232349D-03  0.4703353857958675D-03
  0.4840815048502372D-03  0.4983050417724722D-03  0.5130267343238172D-03
  0.5282684352830578D-03  0.5440531805556769D-03  0.5604052610086732D-03
  0.5773502988849881D-03  0.5949153285610195D-03  0.6131288820196042D-03
  0.6320210791181315D-03  0.6516237230650753D-03  0.6719704009449764D-03
  0.6930965897649734D-03  0.7150397679577864D-03  0.7378395326273168D-03
  0.7615377225484956D-03  0.7861785469926316D-03  0.8118087205392741D-03
  0.8384776036985664D-03  0.8662373495239333D-03  0.8951430558506532D-03
  0.9252529231323205D-03  0.9566284178092145D-03  0.9893344402796351D-03
  0.1023439497834715D-02  0.1059015881293136D-02  0.1096139844932108D-02
  0.1134891788973202D-02  0.1175356443291805D-02  0.1217623051361541D-02
  0.1261785552895571D-02  0.1307942763469216D-02  0.1356198549175895D-02
  0.1406661994017673D-02  0.1459447557573689D-02  0.1514675219528256D-02
  0.1572470608268301D-02  0.1632965109055106D-02  0.1696295947934932D-02
  0.1762606246133743D-02  0.1832045039602923D-02  0.1904767257651872D-02
  0.1980933653642909D-02  0.2060710680473023D-02  0.2144270302322464D-02
  0.2231789733639429D-02  0.2323451095343133D-02  0.2419440977263938D-02
  0.2519949895205975D-02  0.2625171629642895D-02  0.2735302432611373D-02
  0.2850540088115309D-02  0.2971082810806593D-02  0.3097127966741350D-02
  0.3228870599832950D-02  0.3366501746742172D-02  0.3510206523647652D-02
  0.3660161968013578D-02  0.3816534620137353D-02  0.3979477830256274D-02
  0.4149128780277509D-02  0.4325605212274902D-02  0.4509001861792085D-02
  0.4699386600473586D-02  0.4896796302104458D-02  0.5101232458178758D-02
  0.5312656584043090D-02  0.5530985476092692D-02  0.5756086403560876D-02
  0.5987772347153992D-02  0.6225797430465564D-02  0.6469852729258114D-02
  0.6719562688668013D-02  0.6974482426827491D-02  0.7234096254891450D-02
  0.7497817793145485D-02  0.7764992106440273D-02  0.8034900310927597D-02
  0.8306767108450974D-02  0.8579771670356388D-02  0.8853062204378381D-02
  0.9125774378727662D-02  0.9397053531925062D-02  0.9666080255043785D-02
  0.9932098496699604D-02  0.1019444482924835D-01  0.1045257697170774D-01
  0.1070609916154868D-01  0.1095478160341586D-01  0.1119857111099897D-01
  0.1143759030924666D-01  0.1167212345664925D-01  0.1190258805440853D-01
  0.1212949296255054D-01  0.1235338533272386D-01  0.1257479030043238D-01
  0.1279414856553323D-01  0.1301175758349696D-01  0.1322772193211879D-01
  0.1344191752881552D-01  0.1365397291318772D-01  0.1386326904301355D-01
  0.1406895727470625D-01  0.1426999367176985D-01  0.1446518667683488D-01
  0.1465325455915569D-01  0.1483288887754086D-01  0.1500282038049674D-01
  0.1516188417509001D-01  0.1530908150909641D-01  0.1544363602824618D-01
  0.1556504282427859D-01  0.1567310894618987D-01  0.1576798429859832D-01
  0.1585018200954695D-01  0.1592058743794027D-01  0.1598045503746044D-01
  0.1603139233030412D-01  0.1607533030351554D-01  0.1611447965665353D-01
  0.1615127254035478D-01  0.1618828977390007D-01  0.1622817406801212D-01
  0.1627353056668103D-01  0.1632681712459976D-01  0.1639022821541208D-01
  0.1646557825285465D-01  0.1655419236495709D-01  0.1665681511930485D-01
  0.1677354996626534D-01  0.1690384355971082D-01  0.1704652861635307D-01
  0.1719993535712842D-01  0.1736207375049796D-01  0.1753087645297133D-01
  0.1770447683755000D-01  0.1788148126155236D-01  0.1806118532774046D-01
  0.1824368557279670D-01  0.1842985419547225D-01  0.1862117266692184D-01
  0.1881945262299997D-01  0.1902649898709365D-01  0.1924378170345563D-01
  0.1947217637397103D-01  0.1971181413685234D-01  0.1996205529925912D-01
  0.2022157752781558D-01  0.2048855292077977D-01  0.2076088042556552D-01
  0.2103643945373333D-01  0.2131333456592555D-01  0.2159010728143732D-01
  0.2186589755144518D-01  0.2214054334535198D-01  0.2241461177324045D-01
  0.2268935930882024D-01  0.2296662224602744D-01  0.2324864179828552D-01
  0.2353783153019095D-01  0.2383649835660189D-01  0.2414653243686720D-01
  0.2446908625915042D-01  0.2480426943697661D-01  0.2515089361037044D-01
  0.2550631150934755D-01  0.2586640507447277D-01  0.2622578709151466D-01
  0.2657828319791962D-01  0.2691774531893704D-01  0.2723919758203002D-01
  0.2754021618686054D-01  0.2782229690422123D-01  0.2809181142116825D-01
  0.2836009493449340D-01  0.2864235985305182D-01  0.2895552693154897D-01
  0.2931555163691230D-01  0.2973510403543250D-01  0.3022232345338863D-01
  0.3078089105023946D-01  0.3141114967539524D-01  0.3211172258837081D-01
  0.3288109647746567D-01  0.3371882077479699D-01  0.3462618485575761D-01
  0.3560638391328930D-01  0.3666425826879443D-01  0.3780571194002179D-01
  0.3903691059598891D-01  0.4036334528114881D-01  0.4178883551475970D-01
  0.4331453654427869D-01  0.4493801050768324D-01  0.4665241892486643D-01
  0.4844589308072331D-01  0.5030113850769848D-01  0.5219532915982553D-01
  0.5410034528020810D-01  0.5598340542711225D-01  0.5780813718572539D-01
  0.5953611782407954D-01  0.6112889804828399D-01  0.6255049520870831D-01
  0.6377029118339633D-01  0.6476621712410699D-01  0.6552803084606207D-01
  0.6606041261629243D-01  0.6638553498974593D-01  0.6654472483147010D-01
  0.6659886764714305D-01  0.6662731940021427D-01  0.6672530787828136D-01
  0.6700007844040494D-01  0.6756631897241812D-01  0.6854157550651310D-01
  0.7004239421395864D-01  0.7218175702225543D-01  0.7506806827038834D-01
  0.7880559214425766D-01  0.8349594019808129D-01  0.8924003016499427D-01
  0.9613991247574362D-01  0.1042999550444363D+00  0.1138270528340239D+00
  0.1248297422746724D+00  0.1374163372499675D+00  0.1516924558644188D+00
  0.1677586010074572D+00  0.1857085080889582D+00  0.2056301246239848D+00
  0.2276082828710654D+00
    1    1  333
  0.0000000000000000D+00  0.2582847881078491D-08  0.2952060496285979D-08
  0.3353669449781348D-08  0.3790146067678644D-08  0.4264244168945682D-08
  0.4778133052977357D-08  0.5335023131051921D-08  0.5937259160751183D-08
  0.6588800806202772D-08  0.7292988498870274D-08  0.8053704241312659D-08
  0.8875049183072593D-08  0.9761372312460740D-08  0.1071732499312756D-07
  0.1174791146464625D-07  0.1285843591571973D-07  0.1405455575985187D-07
  0.1534233544843549D-07  0.1672823137275895D-07  0.1821911232285831D-07
  0.1982234924338954D-07  0.2154576749040270D-07  0.2339774040775446D-07
  0.2538716573054004D-07  0.2752355155476252D-07  0.2981703511625943D-07
  0.3227841777677674D-07  0.3491921377063111D-07  0.3775169833010303D-07
  0.4078895586460466D-07  0.4404492021280266D-07  0.4753444036608028D-07
  0.5127335525671484D-07  0.5527849182988043D-07  0.5956782960451555D-07
  0.6416046236790431D-07  0.6907679846265920D-07  0.7433849402300764D-07
  0.7996866498959495D-07  0.8599187111020755D-07  0.9243430745254061D-07
  0.9932384165925312D-07  0.1066901298183440D-06  0.1145647447282451D-06
  0.1229812815464635D-06  0.1319755025241313D-06  0.1415854417185772D-06
  0.1518515723826736D-06  0.1628169749211091D-06  0.1745274626904429D-06
  0.1870317555103440D-06  0.2003817039696580D-06  0.2146324133082822D-06
  0.2298425303736930D-06  0.2460743854898601D-06  0.2633942746814745D-06
  0.2818726805262537D-06  0.3015844978014847D-06  0.3226094088132093D-06
  0.3450320695506021D-06  0.3689424506407945D-06  0.3944361970823908D-06
  0.4216149207427255D-06  0.4505866244909857D-06  0.4814660206682607D-06
  0.5143750322302164D-06  0.5494431305203258D-06  0.5868078783056201D-06
  0.6266153591584070D-06  0.6690207186135500D-06  0.7141887277197626D-06
  0.7622943347130153D-06  0.8135232933296348D-06  0.8680727690949978D-06
  0.9261520960038690D-06  0.9879834407483040D-06  0.1053802585318862D-05
  0.1123859724319230D-05  0.1198420333638876D-05  0.1277766066658382D-05
  0.1362195692644631D-05  0.1452026091617021D-05  0.1547593338375468D-05
  0.1649253777894014D-05  0.1757385253127194D-05  0.1872388263115534D-05
  0.1994687350190340D-05  0.2124732393337187D-05  0.2263000091880453D-05
  0.2409995479060412D-05  0.2566253482275069D-05  0.2732340631692217D-05
  0.2908856761029226D-05  0.3096436919527044D-05  0.3295753217065016D-05
  0.3507516871772985D-05  0.3732480346630904D-05  0.3971439491107469D-05
  0.4225235903408146D-05  0.4494759274237063D-05  0.4780949929145423D-05
  0.5084801370661646D-05  0.5407363034040632D-05  0.5749743076625994D-05
  0.6113111240395024D-05  0.6498701881966176D-05  0.6907817076814338D-05
  0.7341829770667206D-05  0.7802187104295345D-05  0.8290413724431975D-05
  0.8808115240303585D-05  0.9356981713174794D-05  0.9938791231122714D-05
  0.1055541344713003D-04  0.1120881323758402D-04  0.1190105430994900D-04
  0.1263430281658776D-04  0.1341083090585155D-04  0.1423302019851624D-04
  0.1510336523451775D-04  0.1602447665738162D-04  0.1699908431453641D-04
  0.1803004008183247D-04  0.1912032040055868D-04  0.2027302848853617D-04
  0.2149139609086303D-04  0.2277878477420479D-04  0.2413868663414263D-04
  0.2557472429319402D-04  0.2709065014228215D-04  0.2869034468921078D-04
  0.3037781384970586D-04  0.3215718508494951D-04  0.3403270221209243D-04
  0.3600871870936449D-04  0.3808968935146788D-04  0.4028015994162365D-04
  0.4258475501053878D-04  0.4500816307351070D-04  0.4755511943763279D-04
  0.5023038605674862D-04  0.5303872836457678D-04  0.5598488857554555D-04
  0.5907355536344747D-04  0.6230932941845627D-04  0.6569668466807911D-04
  0.6923992473602310D-04  0.7294313445984726D-04  0.7681012592214827D-04
  0.8084437891342609D-04  0.8504897542488814D-04  0.8942652794614475D-04
  0.9397910145790068D-04  0.9870812899815496D-04  0.1036143207809916D-03
  0.1086975671040318D-03  0.1139568353477951D-03  0.1193900616259752D-03
  0.1249940379199131D-03  0.1307642959475702D-03  0.1366949892665009D-03
  0.1427787758084071D-03  0.1490067035388356D-03  0.1553681026584735D-03
  0.1618504886332363D-03  0.1684394813216624D-03  0.1751187465605490D-03
  0.1818699678651671D-03  0.1886728572642712D-03  0.1955052157442270D-03
  0.2023430553769835D-03  0.2091607965872124D-03  0.2159315553918604D-03
  0.2226275362319003D-03  0.2292205463803624D-03  0.2356826469822204D-03
  0.2419869536725369D-03  0.2481085952866815D-03  0.2540258322197040D-03
  0.2597213257443609D-03  0.2651835354471918D-03  0.2704082033980895D-03
  0.2753998614630554D-03  0.2801732721884054D-03  0.2847546870292129D-03
  0.2891827803288827D-03  0.2935090992787973D-03  0.2977978640203007D-03
  0.3021249651715163D-03  0.3065760438256769D-03  0.3112436051367979D-03
  0.3162232096124149D-03  0.3216089007546366D-03  0.3274881374871796D-03
  0.3339366282543825D-03  0.3410135038950038D-03  0.3487573068087724D-03
  0.3571832188956372D-03  0.3662818448723810D-03  0.3760197140332828D-03
  0.3863414882829105D-03  0.3971736966201855D-03  0.4084296816932060D-03
  0.4200153594732281D-03  0.4318353641447757D-03  0.4437991708531729D-03
  0.4558268463639224D-03  0.4678541549548859D-03  0.4798368286520935D-03
  0.4917538851406994D-03  0.5036099360138906D-03  0.5154364697038388D-03
  0.5272921184785735D-03  0.5392619303490757D-03  0.5514556687973482D-03
  0.5640051606477105D-03  0.5770607091971587D-03  0.5907865896956308D-03
  0.6053556510508136D-03  0.6209430638467577D-03  0.6377192840065200D-03
  0.6558423463630516D-03  0.6754496666827928D-03  0.6966496172339950D-03
  0.7195132524370250D-03  0.7440666972986715D-03  0.7702848679844074D-03
  0.7980873577541810D-03  0.8273374659606690D-03  0.8578454272873807D-03
  0.8893768442274144D-03  0.9216670492977399D-03  0.9544415320212175D-03
  0.9874415991600631D-03  0.1020453126872788D-02  0.1053334802611982D-02
  0.1086041034552843D-02  0.1118634281399344D-02  0.1151282435021806D-02
  0.1184239318196226D-02  0.1217809956804693D-02  0.1252306068664239D-02
  0.1287999983656545D-02  0.1325085788399818D-02  0.1363654853820803D-02
  0.1403689536451704D-02  0.1445075005865871D-02  0.1487625958892508D-02
  0.1531123099799686D-02  0.1575353767323607D-02  0.1620151626475694D-02
  0.1665431425189648D-02  0.1711216010051628D-02  0.1757653849605744D-02
  0.1805026106031467D-02  0.1853742851763986D-02  0.1904328393219278D-02
  0.1957395920776353D-02  0.2013611922446410D-02  0.2073651033031782D-02
  0.2138142294730419D-02  0.2207608230959469D-02  0.2282398751484881D-02
  0.2362622809443225D-02  0.2448082050585321D-02  0.2538212590741771D-02
  0.2632043669815866D-02  0.2728185255658495D-02  0.2824860294436188D-02
  0.2919999948140931D-02  0.3011419095180067D-02  0.3097080375166151D-02
  0.3175432642712326D-02  0.3245772963490844D-02  0.3308537456475147D-02
  0.3365399982658617D-02  0.3419081088284152D-02  0.3472859522661901D-02
  0.3529905149457244D-02  0.3592642060509201D-02  0.3662341009360515D-02
  0.3739035738040496D-02  0.3821727944143227D-02  0.3908763095321520D-02
  0.3998247634689832D-02  0.4088414657639221D-02  0.4177893413772268D-02
  0.4265875483386963D-02  0.4352190362552010D-02  0.4437309869461562D-02
  0.4522299998438476D-02  0.4608735381794708D-02  0.4698587972711363D-02
  0.4794098841901145D-02  0.4897640297594947D-02  0.5011574684055550D-02
  0.5138115946497514D-02  0.5279200153424962D-02  0.5436371482235472D-02
  0.5610690581522713D-02  0.5802672608059638D-02  0.6012262490437129D-02
  0.6238854813340142D-02  0.6481364682860436D-02  0.6738354580252483D-02
  0.7008217976302581D-02  0.7289415443365661D-02  0.7580751302307540D-02
  0.7881669907759545D-02  0.8192541967410248D-02  0.8514905625483573D-02
  0.8851627843235439D-02  0.9206961535524864D-02  0.9586493307070523D-02
  0.9997001478721712D-02  0.1044626742145955D-01  0.1094289575153640D-01
  0.1149619601012389D-01  0.1211616015426346D-01  0.1281354347626145D-01
  0.1360003071319253D-01  0.1448845155539814D-01  0.1549300228963912D-01
  0.1662943181045715D-01  0.1791515601091303D-01  0.1936927180064205D-01
  0.2101245010218582D-01  0.2286669775366173D-01  0.2495499573209404D-01
  0.2730084998101536D-01  0.2992783237529982D-01  0.3285925279564009D-01
  0.3611813756389977D-01
    1    1  333
  0.0000000000000000D+00 -0.1214786234003512D-11 -0.1800251025135987D-11
 -0.2419937169438737D-11 -0.3153379283903657D-11 -0.4005513385459271D-11
 -0.4964355996228766D-11 -0.6041672885530379D-11 -0.7284046913871051D-11
 -0.8731571014312267D-11 -0.1034450151633809D-10 -0.1214881242639130D-10
 -0.1417915317673673D-10 -0.1646676894550226D-10 -0.1903454775497767D-10
 -0.2196599177764342D-10 -0.2521531137493218D-10 -0.2888539412237351D-10
 -0.3299319272963908D-10 -0.3758714200998654D-10 -0.4267710869771515D-10
 -0.4837956969685845D-10 -0.5476942478081441D-10 -0.6189998733999209D-10
 -0.6981010775119820D-10 -0.7866918726627818D-10 -0.8850604071932774D-10
 -0.9942924209176527D-10 -0.1115926865143711D-09 -0.1251101617499277D-09
 -0.1401171946985488D-09 -0.1567979432534367D-09 -0.1752888503750585D-09
 -0.1957748441086216D-09 -0.2185066704596294D-09 -0.2436825950728331D-09
 -0.2715902967494203D-09 -0.3024954644639681D-09 -0.3366841393880068D-09
 -0.3744830472661476D-09 -0.4163379384442758D-09 -0.4625998442747477D-09
 -0.5137692766579618D-09 -0.5702503232767738D-09 -0.6326715401129591D-09
 -0.7016114052006312D-09 -0.7777190189334845D-09 -0.8617085589567018D-09
 -0.9544502840871645D-09 -0.1056686167006646D-08 -0.1169504687582178D-08
 -0.1293881560512855D-08 -0.1431029873901358D-08 -0.1582195530979427D-08
 -0.1748738249980498D-08 -0.1932264503639586D-08 -0.2134425075835505D-08
 -0.2357075043641839D-08 -0.2602236635286900D-08 -0.2872132514594100D-08
 -0.3169213296770627D-08 -0.3496168837795781D-08 -0.3855908130301520D-08
 -0.4251751204541501D-08 -0.4687110900829620D-08 -0.5165949983990693D-08
 -0.5692519101397736D-08 -0.6271472497993136D-08 -0.6907902976646986D-08
 -0.7607494047211281D-08 -0.8376308068580539D-08 -0.9221167388638146D-08
 -0.1014942002542473D-07 -0.1116913711538827D-07 -0.1228920973923401D-07
 -0.1351941813178992D-07 -0.1487031383697927D-07 -0.1635363707129600D-07
 -0.1798214773200382D-07 -0.1976978997112218D-07 -0.2173196764822427D-07
 -0.2388540363770947D-07 -0.2624843721422848D-07 -0.2884122737012888D-07
 -0.3168579253601577D-07 -0.3480619333372317D-07 -0.3822882073819230D-07
 -0.4198249598327642D-07 -0.4609875074841411D-07 -0.5061216158552789D-07
 -0.5556049567425764D-07 -0.6098502636732348D-07 -0.6693092138918642D-07
 -0.7344759232604052D-07 -0.8058900893461421D-07 -0.8841420067702100D-07
 -0.9698760937156505D-07 -0.1063798119223844D-06 -0.1166677814110251D-06
 -0.1279355683196085D-06 -0.1402751638518560D-06 -0.1537868480500190D-06
 -0.1685802110704653D-06 -0.1847747999845395D-06 -0.2025011811764046D-06
 -0.2219017937245841D-06 -0.2431319897489657D-06 -0.2663612705357075D-06
 -0.2917744621468593D-06 -0.3195730931082724D-06 -0.3499766873093157D-06
 -0.3832246416414030D-06 -0.4195775894186812D-06 -0.4593194081216372D-06
 -0.5027592439557947D-06 -0.5502333792941964D-06 -0.6021078368863802D-06
 -0.6587806512418939D-06 -0.7206845404740722D-06 -0.7882897713333342D-06
 -0.8621072463651656D-06 -0.9426917052172324D-06 -0.1030645152376623D-05
 -0.1126620797179666D-05 -0.1231326792904223D-05 -0.1345530499526227D-05
 -0.1470063102695609D-05 -0.1605824266820352D-05 -0.1753786985620389D-05
 -0.1915003170130361D-05 -0.2090608880347926D-05 -0.2281830337063314D-05
 -0.2489989848468859D-05 -0.2716512147420751D-05 -0.2962930777560972D-05
 -0.3230894786324816D-05 -0.3522175369385595D-05 -0.3838672901736019D-05
 -0.4182423568357675D-05 -0.4555606180682009D-05 -0.4960548795118821D-05
 -0.5399734784941687D-05 -0.5875808843401503D-05 -0.6391581995498202D-05
 -0.6950035944062078D-05 -0.7554326387646314D-05 -0.8207784750781052D-05
 -0.8913918547099547D-05 -0.9676409382503046D-05 -0.1049910865038630D-04
 -0.1138603009971149D-04 -0.1234133905530932D-04 -0.1336933710040943D-04
 -0.1447444228695392D-04 -0.1566116328586210D-04 -0.1693406726306341D-04
 -0.1829774001661299D-04 -0.1975673751758113D-04 -0.2131552799837590D-04
 -0.2297842289002097D-04 -0.2474949580388857D-04 -0.2663248806915505D-04
 -0.2863069960692330D-04 -0.3074686427658232D-04 -0.3298300831867276D-04
 -0.3534029142268623D-04 -0.3781883004167962D-04 -0.4041750324432957D-04
 -0.4313374189063547D-04 -0.4596330363267940D-04 -0.4890003665350686D-04
 -0.5193563740745747D-04 -0.5505940975117691D-04 -0.5825803486332142D-04
 -0.6151536483304173D-04 -0.6481225604073564D-04 -0.6812646191212506D-04
 -0.7143260872246224D-04 -0.7470228120401788D-04 -0.7790424761768000D-04
 -0.8100485479237538D-04 -0.8396862251915441D-04 -0.8675906071402673D-04
 -0.8933972350414697D-04 -0.9167549678104683D-04 -0.9373409281899058D-04
 -0.9548769347245444D-04 -0.9691464695599342D-04 -0.9800108106263207D-04
 -0.9874225762145710D-04 -0.9914346131288132D-04 -0.9922020328355660D-04
 -0.9899753226935338D-04 -0.9850829168282668D-04 -0.9779023248413650D-04
 -0.9688201740958134D-04 -0.9581825175790605D-04 -0.9462381618553987D-04
 -0.9330786884238895D-04 -0.9185794380982607D-04 -0.9023457825938931D-04
 -0.8836685459009284D-04 -0.8614915446121023D-04 -0.8343930862518895D-04
 -0.8005821014986336D-04 -0.7579085762988175D-04 -0.7038872301272753D-04
 -0.6357329943461549D-04 -0.5504067729807825D-04 -0.4446701404311406D-04
 -0.3151479556615873D-04 -0.1583982486918035D-04  0.2901091065996763D-05
  0.2504175896302257D-04  0.5089751160483371D-04  0.8075540762214340D-04
  0.1148637328656398D-03  0.1534208575615606D-03  0.1965635658230196D-03
  0.2443550598871877D-03  0.2967729548536300D-03  0.3536977241453116D-03
  0.4149022347147292D-03  0.4800432261027423D-03  0.5486558357902806D-03
  0.6201525441647398D-03  0.6938281791304795D-03  0.7688728349719606D-03
  0.8443946392077222D-03  0.9194541231350447D-03  0.9931113495489168D-03
  0.1064485734619233D-02  0.1132826502185453D-02  0.1197588880526664D-02
  0.1258507709706476D-02  0.1315656702696490D-02  0.1369479321204202D-02
  0.1420777548450555D-02  0.1470649181865649D-02  0.1520372795401284D-02
  0.1571251401325031D-02  0.1624437461510684D-02  0.1680769327761023D-02
  0.1740649630757039D-02  0.1803987657069182D-02  0.1870214484241573D-02
  0.1938364809429176D-02  0.2007208087871124D-02  0.2075406094715160D-02
  0.2141674354151299D-02  0.2204929246802503D-02  0.2264408636748210D-02
  0.2319759626611228D-02  0.2371091443561031D-02  0.2418994251581629D-02
  0.2464526028411429D-02  0.2509170058253493D-02  0.2554765450762877D-02
  0.2603412776697518D-02  0.2657356649320615D-02  0.2718847021557232D-02
  0.2789981240582999D-02  0.2872529622074247D-02  0.2967748658602855D-02
  0.3076188237840378D-02  0.3197502823708647D-02  0.3330281971992596D-02
  0.3471923337948252D-02  0.3618581664858248D-02  0.3765239178550338D-02
  0.3905952927450610D-02  0.4034335098446548D-02  0.4144300494368509D-02
  0.4231053747182562D-02  0.4292181621316403D-02  0.4328580290713478D-02
  0.4344853536110766D-02  0.4348864153493410D-02  0.4350369430930391D-02
  0.4359049168515447D-02  0.4382529551679563D-02  0.4425016540430080D-02
  0.4486868695174335D-02  0.4565054543522111D-02  0.4654175119717586D-02
  0.4747674092236301D-02  0.4838950497128845D-02  0.4922226509819836D-02
  0.4993134883638060D-02  0.5049052754969348D-02  0.5089231108861812D-02
  0.5114768286466589D-02  0.5128465799421660D-02  0.5134593567115900D-02
  0.5138582539359175D-02  0.5146656458576595D-02  0.5165410788232302D-02
  0.5201344992227383D-02  0.5260353860076889D-02  0.5347184119508970D-02
  0.5464864063516135D-02  0.5614116418176957D-02  0.5792768343617483D-02
  0.5995177729647184D-02  0.6211700608849875D-02  0.6428233306533972D-02
  0.6625869391106709D-02  0.6780717510163474D-02  0.6863926740107452D-02
  0.6841957616596154D-02  0.6677115333270487D-02  0.6328324115455218D-02
  0.5752070272752919D-02  0.4903383313997199D-02  0.3736675709867412D-02
  0.2206239349235735D-02  0.2662204851794682D-03 -0.2130036952068669D-02
 -0.5031283406678882D-02 -0.8490182815212896D-02 -0.1256546440530932D-01
 -0.1732417713976601D-01 -0.2284383111251813D-01 -0.2921427545819790D-01
 -0.3653923838903174D-01 -0.4493753513843599D-01 -0.5454402205218394D-01
 -0.6551043150827854D-01 -0.7800629506342752D-01 -0.9222024296502271D-01
 -0.1083621016378976D+00 -0.1266660764566116D+00 -0.1473964511429054D+00
 -0.1708541088086485D+00
    1    1  333
  0.0000000000000000D+00  0.1373471706565863D-11  0.1995779917694526D-11
  0.2721319060524003D-11  0.3557638699266632D-11  0.4509883664191065D-11
  0.5603079141653100D-11  0.6847052838575712D-11  0.8251990852158261D-11
  0.9844212769240099D-11  0.1165960329364930D-10  0.1369239884507399D-10
  0.1599406148576297D-10  0.1859205029390761D-10  0.2151787866273901D-10
  0.2478493149739444D-10  0.2846426510200603D-10  0.3259371151843198D-10
  0.3721381067443823D-10  0.4237254936994791D-10  0.4815090889235540D-10
  0.5460030121824924D-10  0.6181330260459895D-10  0.6984237696274594D-10
  0.7880496582484374D-10  0.8877148391234260D-10  0.9988490853091159D-10
  0.1122236067791369D-09  0.1259521666202194D-09  0.1412072873970091D-09
  0.1581558212297767D-09  0.1769732361904426D-09  0.1978346058965269D-09
  0.2209778592962692D-09  0.2466422566515799D-09  0.2750612761796389D-09
  0.3065550960042812D-09  0.3414206457415344D-09  0.3800199661756271D-09
  0.4227195370288390D-09  0.4699473852616468D-09  0.5221619586981788D-09
  0.5798857077301156D-09  0.6436790641469968D-09  0.7141296845959945D-09
  0.7919440181099642D-09  0.8778542309263533D-09  0.9726862709377126D-09
  0.1077326071640922D-08  0.1192775905034864D-08  0.1320102511170807D-08
  0.1460514819192495D-08  0.1615311907666241D-08  0.1785939984384025D-08
  0.1973960332565252D-08  0.2181119504217412D-08  0.2409314127824093D-08
  0.2660634408243310D-08  0.2937369879646350D-08  0.3242021767567808D-08
  0.3577393371604711D-08  0.3946457136768387D-08  0.4352557766271665D-08
  0.4799357379953475D-08  0.5290811608839250D-08  0.5831336308090347D-08
  0.6425724201601419D-08  0.7079248334238402D-08  0.7797683924156260D-08
  0.8587372469915189D-08  0.9455244861610695D-08  0.1040891816379818D-07
  0.1145672639999259D-07  0.1260782262810532D-07  0.1387221194526867D-07
  0.1526086702855591D-07  0.1678580926666362D-07  0.1846021026706875D-07
  0.2029848624529328D-07  0.2231644126593585D-07  0.2453136563577608D-07
  0.2696220209036094D-07  0.2962966343824721D-07  0.3255648531493909D-07
  0.3576749252669942D-07  0.3928987436126990D-07  0.4315340177524383D-07
  0.4739063123210022D-07  0.5203718601048262D-07  0.5713204735810003D-07
  0.6271783735924362D-07  0.6884119373858168D-07  0.7555308004789026D-07
  0.8290925972120756D-07  0.9097068664294631D-07  0.9980395702110823D-07
  0.1094818896918402D-06  0.1200840406338984D-06  0.1316973520023055D-06
  0.1444167727453498D-06  0.1583460380306903D-06  0.1735984101121117D-06
  0.1902975496876594D-06  0.2085784597739857D-06  0.2285884823867007D-06
  0.2504884187246120D-06  0.2744536522969868D-06  0.3006755219727554D-06
  0.3293626489185105D-06  0.3607424747723443D-06  0.3950629238440537D-06
  0.4325941103717511D-06  0.4736303275885842D-06  0.5184920015618952D-06
  0.5675280491434505D-06  0.6211181585003031D-06  0.6796754599156964D-06
  0.7436492456211869D-06  0.8135280028357241D-06  0.8898426038919019D-06
  0.9731697083578175D-06  0.1064135539401371D-05  0.1163419685378977D-05
  0.1271759444938206D-05  0.1389954200615791D-05  0.1518870220158997D-05
  0.1659445718207713D-05  0.1812696178583758D-05  0.1979720037564440D-05
  0.2161704604224034D-05  0.2359932354688554D-05  0.2575787427852340D-05
  0.2810762468570125D-05  0.3066465687702984D-05  0.3344628145557148D-05
  0.3647111275169279D-05  0.3975914467117084D-05  0.4333182781381398D-05
  0.4721214678092179D-05  0.5142469593451537D-05  0.5599575354285800D-05
  0.6095335209308842D-05  0.6632734398869737D-05  0.7214945937187660D-05
  0.7845335510502246D-05  0.8527465115510915D-05  0.9265095200009832D-05
  0.1006218483629194D-04  0.1092288967234964D-04  0.1185155691482354D-04
  0.1285271705627102D-04  0.1393107152824718D-04  0.1509147567323691D-04
  0.1633891612179082D-04  0.1767848181833813D-04  0.1911532755409781D-04
  0.2065462909523717D-04  0.2230152849484594D-04  0.2406106861640965D-04
  0.2593811521475542D-04  0.2793726541305254D-04  0.3006274111498948D-04
  0.3231826583662395D-04  0.3470692389500692D-04  0.3723100065077680D-04
  0.3989180309628072D-04  0.4268946039735384D-04  0.4562270467148379D-04
  0.4868863315347628D-04  0.5188245401797364D-04  0.5519721979845702D-04
  0.5862355394807969D-04  0.6214937891343335D-04  0.6575965645682272D-04
  0.6943615475675949D-04  0.7315726030089127D-04  0.7689785699147355D-04
  0.8062929882667700D-04  0.8431950671227394D-04  0.8793322257566489D-04
  0.9143245547869045D-04  0.9477715253799666D-04  0.9792612157244270D-04
  0.1008382208407819D-03  0.1034738125321778D-03  0.1057964495900060D-03
  0.1077747304952048D-03  0.1093842139503836D-03  0.1106092395273547D-03
  0.1114444557013927D-03  0.1118958223641078D-03  0.1119808397471538D-03
  0.1117277698378427D-03  0.1111736682234407D-03  0.1103611244963629D-03
  0.1093337515211584D-03  0.1081305763184164D-03  0.1067796433798887D-03
  0.1052912451884653D-03  0.1036512616197270D-03  0.1018150964848116D-03
  0.9970264680078719D-04  0.9719464002668418D-04  0.9413054673130688D-04
  0.9030814484835647D-04  0.8548469802363177D-04  0.7937962891706410D-04
  0.7167852442164141D-04  0.6203830159230699D-04  0.5009338242601747D-04
  0.3546276233596402D-04  0.1775789973043876D-04 -0.3408605998374281D-05
 -0.2841355137808726D-04 -0.5761286925270554D-04 -0.9133056478198192D-04
 -0.1298468628152427D-03 -0.1733856281371227D-03 -0.2221011900545766D-03
 -0.2760647999389874D-03 -0.3352510783281228D-03 -0.3995249711894652D-03
 -0.4686299368591213D-03 -0.5421783279914720D-03 -0.6196452131308464D-03
 -0.7003671882990658D-03 -0.7835480301472697D-03 -0.8682732840582462D-03
 -0.9535359701670706D-03 -0.1038275388748336D-02 -0.1121430326717224D-02
 -0.1202006593286979D-02 -0.1279156556499591D-02 -0.1352265159932683D-02
 -0.1421033013290165D-02 -0.1485543285343368D-02 -0.1546296551676731D-02
 -0.1604198113216620D-02 -0.1660487201608632D-02 -0.1716607112552900D-02
 -0.1774028717941901D-02 -0.1834052924225689D-02 -0.1897626030518453D-02
 -0.1965202437823972D-02 -0.2036679589156598D-02 -0.2111415042976550D-02
 -0.2188318837101212D-02 -0.2266001521986753D-02 -0.2342952029060479D-02
 -0.2417719910918676D-02 -0.2489081418661377D-02 -0.2556175688585805D-02
 -0.2618603820798795D-02 -0.2676488593717980D-02 -0.2730495711670402D-02
 -0.2781818999752919D-02 -0.2832132426740078D-02 -0.2883511678699756D-02
 -0.2938327645064691D-02 -0.2999113884206640D-02 -0.3068410069217229D-02
 -0.3148583721148286D-02 -0.3241633350230986D-02 -0.3348977651001854D-02
 -0.3471237947957129D-02 -0.3608025123000881D-02 -0.3757748366610618D-02
 -0.3917471875012346D-02 -0.4082857267424400D-02 -0.4248242961868492D-02
 -0.4406923165517744D-02 -0.4551689713372571D-02 -0.4675675394707948D-02
 -0.4773467970670573D-02 -0.4842343175298643D-02 -0.4883312104228587D-02
 -0.4901572165252383D-02 -0.4906002633153925D-02 -0.4907625964985830D-02
 -0.4917382220877032D-02 -0.4943897296954723D-02 -0.4991938196265693D-02
 -0.5061928753190250D-02 -0.5150464659738659D-02 -0.5251467523573594D-02
 -0.5357551470727218D-02 -0.5461280153637281D-02 -0.5556147221869858D-02
 -0.5637240135600088D-02 -0.5701617418323529D-02 -0.5748455033238644D-02
 -0.5779016567521914D-02 -0.5796490488825905D-02 -0.5805725140534439D-02
 -0.5812881795459418D-02 -0.5825019066326665D-02 -0.5849617751407405D-02
 -0.5894053101158248D-02 -0.5965020922267727D-02 -0.6067924532071086D-02
 -0.6206231227742985D-02 -0.6380809728627507D-02 -0.6589264170379009D-02
 -0.6825286171153572D-02 -0.7078052913520658D-02 -0.7331709267315455D-02
 -0.7564979416295341D-02 -0.7750960634277637D-02 -0.7857152902285711D-02
 -0.7845768971946745D-02 -0.7674345287459696D-02 -0.7296631699184328D-02
 -0.6663678865625829D-02 -0.5724974948564559D-02 -0.4429425926199718D-02
 -0.2725946463532943D-02 -0.5634543413355630D-03  0.2109860552166367D-02
  0.5347998618747150D-02  0.9209220061811990D-02  0.1375849693376790D-01
  0.1907008156769457D-01  0.2522994219948321D-01  0.3233789257709890D-01
  0.4050933113815963D-01  0.4987659862412792D-01  0.6059004719846281D-01
  0.7281898023247942D-01  0.8675270716451688D-01  0.1026020541129089D+00
  0.1206018299680754D+00  0.1410146113786978D+00  0.1641375150967469D+00
  0.1903101478010752D+00
    1   30  333
  0.0000000000000000D+00  0.4327472446740251D-14  0.1253671202069729D-15
 -0.6626948389722898D-14 -0.2290419487659256D-14  0.2385167887243460D-15
 -0.4718522410464544D-14 -0.9728654364577314D-14 -0.1525881211491510D-14
 -0.5722122470609840D-14 -0.5448906277305815D-14 -0.6236158112923681D-14
 -0.5544517624755755D-14 -0.8066885165939482D-14 -0.1268253673905839D-13
 -0.4674276548699566D-14 -0.1490539936296845D-13 -0.1233451593672861D-13
 -0.1180826465858697D-13 -0.7836118499836336D-14 -0.1657957706852523D-13
 -0.1648672661262344D-13 -0.1909683404196275D-13 -0.1681112940665776D-13
 -0.2148433122359094D-13 -0.2533489071908582D-13 -0.2016049083423949D-13
 -0.2887352775538803D-13 -0.2806547952998230D-13 -0.3187447170807233D-13
 -0.2917342378997627D-13 -0.4239182694073910D-13 -0.4945993035422989D-13
 -0.5125483082462096D-13 -0.5990298104905354D-13 -0.6161638861004237D-13
 -0.7837853520573900D-13 -0.8332812854753523D-13 -0.9607352622140241D-13
 -0.1120265916196411D-12 -0.1300262481211324D-12 -0.1421349623009555D-12
 -0.1668068749731104D-12 -0.1870691809494382D-12 -0.2167762727933005D-12
 -0.2496906303288217D-12 -0.2796133523652759D-12 -0.3244940833392711D-12
 -0.3635891485098346D-12 -0.4076938022006895D-12 -0.4568347269232697D-12
 -0.5184190732212608D-12 -0.5964749756528994D-12 -0.6723039608762350D-12
 -0.7630791391786493D-12 -0.8652110232950020D-12 -0.9819878247153369D-12
 -0.1102745060579031D-11 -0.1261735611718185D-11 -0.1426323267298639D-11
 -0.1618361447717940D-11 -0.1828834450553182D-11 -0.2073128789145474D-11
 -0.2358522940770199D-11 -0.2664516109569542D-11 -0.3009854657383292D-11
 -0.3413651867839272D-11 -0.3864534060618833D-11 -0.4375513315763616D-11
 -0.4949127904374577D-11 -0.5603761036361805D-11 -0.6350150801380560D-11
 -0.7175963230318962D-11 -0.8123192468304477D-11 -0.9184715017712238D-11
 -0.1038969959647914D-10 -0.1174558389792971D-10 -0.1329187943197408D-10
 -0.1502674674582533D-10 -0.1698769675678562D-10 -0.1921064167555302D-10
 -0.2171932670336051D-10 -0.2455082153160203D-10 -0.2775261317448911D-10
 -0.3136805593781854D-10 -0.3546149276400125D-10 -0.4007685891490986D-10
 -0.4529281988637286D-10 -0.5117390594881876D-10 -0.5782054540241464D-10
 -0.6533211481389771D-10 -0.7381749475974573D-10 -0.8338685467755268D-10
 -0.9419780269887166D-10 -0.1064047178723882D-09 -0.1201839517000335D-09
 -0.1357343952940192D-09 -0.1532894756438317D-09 -0.1730995449706299D-09
 -0.1954708561113659D-09 -0.2207024920102382D-09 -0.2491844643747082D-09
 -0.2813182599528274D-09 -0.3175742192191058D-09 -0.3584851972606286D-09
 -0.4046370264144637D-09 -0.4566961913420032D-09 -0.5154252722379181D-09
 -0.5816690379080415D-09 -0.6563881014335500D-09 -0.7406479373264447D-09
 -0.8356639560780527D-09 -0.9428005490123818D-09 -0.1063601977910272D-08
 -0.1199800503210307D-08 -0.1353321536893862D-08 -0.1526389841773787D-08
 -0.1721459146273142D-08 -0.1941303555992365D-08 -0.2189036690721843D-08
 -0.2468189391137006D-08 -0.2782701338549976D-08 -0.3137023822834037D-08
 -0.3536148816226673D-08 -0.3985688682016558D-08 -0.4491948169631154D-08
 -0.5062030685989291D-08 -0.5703880518596662D-08 -0.6426448938827853D-08
 -0.7239774831017304D-08 -0.8155120546917942D-08 -0.9185141953090121D-08
 -0.1034400782833658D-07 -0.1164764774095588D-07 -0.1311387414690909D-07
 -0.1476269004777301D-07 -0.1661648018076855D-07 -0.1870030693545034D-07
 -0.2104226190954679D-07 -0.2367374963840521D-07 -0.2662989345375688D-07
 -0.2994996636655120D-07 -0.3367784903431503D-07 -0.3786254624847640D-07
 -0.4255875572396050D-07 -0.4782747454492474D-07 -0.5373671178958300D-07
 -0.6036221726743071D-07 -0.6778832609755430D-07 -0.7610881950130058D-07
 -0.8542794804055431D-07 -0.9586144928496209D-07 -0.1075377263025656D-06
 -0.1205990749361551D-06 -0.1352030207558539D-06 -0.1515237613483711D-06
 -0.1697536794784331D-06 -0.1901049601585354D-06 -0.2128113184928850D-06
 -0.2381297991914624D-06 -0.2663426258302834D-06 -0.2977591564567086D-06
 -0.3327178689254572D-06 -0.3715883609622505D-06 -0.4147733791091827D-06
 -0.4627108031687434D-06 -0.5158755997129843D-06 -0.5747816446923234D-06
 -0.6399834645721061D-06 -0.7120777928497513D-06 -0.7917049365547004D-06
 -0.8795499874600074D-06 -0.9763437793390296D-06 -0.1082863737624905D-05
 -0.1199934649057513D-05 -0.1328429505473344D-05 -0.1469270685018175D-05
 -0.1623431761142989D-05 -0.1791940505400226D-05 -0.1975883654981417D-05
 -0.2176414264627939D-05 -0.2394762745355084D-05 -0.2632252678988560D-05
 -0.2890322752966766D-05 -0.3170556285221557D-05 -0.3474719494651768D-05
 -0.3804809639371823D-05 -0.4163113457137559D-05 -0.4552275574742150D-05
 -0.4975375444502429D-05 -0.5436010028084450D-05 -0.5938377858966959D-05
 -0.6487358859805874D-05 -0.7088583083640866D-05 -0.7748480981305316D-05
 -0.8474308340673746D-05 -0.9274139833951031D-05 -0.1015682727165068D-04
 -0.1113192111994515D-04 -0.1220955638859473D-04 -0.1340030629138947D-04
 -0.1471500861263164D-04 -0.1616457020766245D-04 -0.1775975473676417D-04
 -0.1951095734204581D-04 -0.2142796830818026D-04 -0.2351972584389193D-04
 -0.2579405644588749D-04 -0.2825740022085311D-04 -0.3091451794330628D-04
 -0.3376817687467420D-04 -0.3681881327573342D-04 -0.4006417108237190D-04
 -0.4349891851895616D-04 -0.4711424739657543D-04 -0.5089746350065365D-04
 -0.5483158117625516D-04 -0.5889494085569318D-04 -0.6306087523379028D-04
 -0.6729745824151742D-04 -0.7156738096086820D-04 -0.7582801032780367D-04
 -0.8003169946279986D-04 -0.8412643209451840D-04 -0.8805689611918076D-04
 -0.9176609016605710D-04 -0.9519756732578440D-04 -0.9829840532708387D-04
 -0.1010229526282079D-03 -0.1033373237591428D-03 -0.1052244927383938D-03
 -0.1066896523459332D-03 -0.1077652729561954D-03 -0.1085150324490566D-03
 -0.1090355564333542D-03 -0.1094548008186583D-03 -0.1099260470492964D-03
 -0.1106169673493872D-03 -0.1116941063393609D-03 -0.1133042095376672D-03
 -0.1155549770577508D-03 -0.1184984486860824D-03 -0.1221200990566760D-03
 -0.1263358298866697D-03 -0.1309973605667312D-03 -0.1359049265170178D-03
 -0.1408249057279609D-03 -0.1455094818270524D-03 -0.1497156724250149D-03
 -0.1532217696397238D-03 -0.1558401295266379D-03 -0.1574260397047807D-03
 -0.1578829487187302D-03 -0.1571646288241780D-03 -0.1552749245150062D-03
 -0.1522656770278745D-03 -0.1482332938054162D-03 -0.1433142919322632D-03
 -0.1376800189101740D-03 -0.1315306548622518D-03 -0.1250885270213663D-03
 -0.1185907185422735D-03 -0.1122809237070930D-03 -0.1064004885071077D-03
 -0.1011785817585972D-03 -0.9682147813189210D-04 -0.9350102440288100D-04
 -0.9134254522303177D-04 -0.9041278719482425D-04 -0.9070907615173568D-04
 -0.9215172886074184D-04 -0.9458287841387862D-04 -0.9777587216179318D-04
 -0.1014597538696218D-03 -0.1053614370856104D-03 -0.1092633674182123D-03
 -0.1130665624535551D-03 -0.1168412805606102D-03 -0.1208457922488850D-03
 -0.1255022438682246D-03 -0.1313351591575386D-03 -0.1388933280382823D-03
 -0.1486802645343914D-03 -0.1611106495075438D-03 -0.1764969528790624D-03
 -0.1950598246129788D-03 -0.2169514901906923D-03 -0.2422821979102661D-03
 -0.2711428812835324D-03 -0.3036203376713055D-03 -0.3398034139361523D-03
 -0.3797798452261125D-03 -0.4236238039772355D-03 -0.4713742064283909D-03
 -0.5230036180491923D-03 -0.5783773317274883D-03 -0.6372019261918333D-03
 -0.6989623768792399D-03 -0.7628466050663341D-03 -0.8276562344452934D-03
 -0.8917023104442339D-03 -0.9526848856549806D-03 -0.1007555681537764D-02
 -0.1052363745933121D-02 -0.1082085412193589D-02 -0.1090440431309538D-02
 -0.1069699314017881D-02 -0.1010488281678885D-02 -0.9016004879465172D-03
 -0.7298229582566349D-03 -0.4797873102797319D-03 -0.1338466461001602D-03
  0.3280288999275634D-03  0.9283618564072942D-03  0.1692324388347785D-02
  0.2648003203288609D-02  0.3826841832737491D-02  0.5264328535423907D-02
  0.7000979385880506D-02  0.9083637707960925D-02  0.1156708021696545D-01
  0.1451589741366265D-01  0.1800660423313531D-01  0.2212994439500570D-01
  0.2699336336280607D-01  0.3272364028987600D-01  0.3946968200116430D-01
  0.4740548462769558D-01  0.5673327691799709D-01  0.6768687211146736D-01
  0.8053531254145156D-01  0.9558681040094819D-01  0.1131938315384431D+00
  0.1337582644194607D+00
    1   24  333
  0.0000000000000000D+00  0.6700112735521787D-14  0.1934313833751835D-15
  0.4463454409986993D-14  0.1106575357925179D-14  0.7119840013912689D-15
  0.1031372058927237D-13 -0.5704418759774162D-14  0.9896476233548889D-14
  0.1316335802921139D-13  0.5399934175611319D-14 -0.1250105664796549D-14
  0.1148135803395216D-13  0.1644292160349489D-13  0.1771564264905313D-13
  0.1964634034397214D-13  0.2005456224909199D-13  0.2044521400157807D-13
  0.2262823877588576D-13  0.2845442922812107D-13  0.3221852451455429D-13
  0.3475704845874902D-13  0.2656575292939568D-13  0.2979760452632120D-13
  0.3515732585765815D-13  0.3792434487082151D-13  0.4511943471339051D-13
  0.3671164845769229D-13  0.4401765111935167D-13  0.5520055929185627D-13
  0.6834155472569699D-13  0.6866438791725277D-13  0.8709691744649225D-13
  0.9573645971068713D-13  0.1116181587738605D-12  0.1203935297080702D-12
  0.1478173977757382D-12  0.1672657549859780D-12  0.1910977886254446D-12
  0.2162578078689982D-12  0.2350965611734919D-12  0.2772075330702034D-12
  0.3138324745086779D-12  0.3540099418780463D-12  0.4007106288339271D-12
  0.4565813734653058D-12  0.5252599466079211D-12  0.5824585900218730D-12
  0.6777367850003978D-12  0.7663720745784787D-12  0.8583346722500557D-12
  0.9753974343503456D-12  0.1105798752853965D-11  0.1254794341639928D-11
  0.1425505442535245D-11  0.1613706064040537D-11  0.1832755102999666D-11
  0.2067901872721467D-11  0.2348316716806959D-11  0.2660079457415897D-11
  0.3008476089458119D-11  0.3410877054700369D-11  0.3863150119772243D-11
  0.4379287899987098D-11  0.4956571198306572D-11  0.5602526421072402D-11
  0.6344939953000550D-11  0.7200057501651646D-11  0.8138511099138791D-11
  0.9218410541372291D-11  0.1043268792375001D-10  0.1179302371813464D-10
  0.1335587039057907D-10  0.1510405505321987D-10  0.1708406621696634D-10
  0.1932680721886656D-10  0.2186017357985315D-10  0.2471549599577170D-10
  0.2794915125257756D-10  0.3159971762078439D-10  0.3572945700024788D-10
  0.4040996192890903D-10  0.4567041870089288D-10  0.5162637823076924D-10
  0.5835981484474391D-10  0.6596028972616581D-10  0.7454644387223865D-10
  0.8424761325389755D-10  0.9519813786526365D-10  0.1075616664946443D-09
  0.1215225256677258D-09  0.1372965183230937D-09  0.1551082429916880D-09
  0.1752136899075822D-09  0.1979198847969779D-09  0.2235325347032314D-09
  0.2524575963159856D-09  0.2851012046380588D-09  0.3219585092665262D-09
  0.3635531720409401D-09  0.4104828953981661D-09  0.4634495219930233D-09
  0.5232079421415325D-09  0.5906470798807170D-09  0.6667248552069179D-09
  0.7525636476845655D-09  0.8493912844398123D-09  0.9586224129721105D-09
  0.1081808644792848D-08  0.1220776633523795D-08  0.1377468992706392D-08
  0.1554183284507774D-08  0.1753438914812037D-08  0.1978111448462733D-08
  0.2231409224978729D-08  0.2516944905672623D-08  0.2838809946347786D-08
  0.3201603760217524D-08  0.3610464901611241D-08  0.4071218276726229D-08
  0.4590400047521216D-08  0.5175350344823483D-08  0.5834356987652430D-08
  0.6576682213500112D-08  0.7412787184819492D-08  0.8354396695593874D-08
  0.9414700208165466D-08  0.1060852741309481D-07  0.1195249145043078D-07
  0.1346528410707926D-07  0.1516785500908004D-07  0.1708374749001104D-07
  0.1923934703599085D-07  0.2166424348093115D-07  0.2439164993208124D-07
  0.2745871536335256D-07  0.3090713820319207D-07  0.3478357435466285D-07
  0.3914027191509238D-07  0.4403567862562279D-07  0.4953518425788257D-07
  0.5571188308248320D-07  0.6264745334959130D-07  0.7043312795551941D-07
  0.7917070842113839D-07  0.8897379130899184D-07  0.9996899059600020D-07
  0.1122973604653674D-06  0.1261159433401528D-06  0.1415994003522402D-06
  0.1589418926640736D-06  0.1783590079938768D-06  0.2000899451498336D-06
  0.2243998121682888D-06  0.2515821513411565D-06  0.2819615610276143D-06
  0.3158966088926753D-06  0.3537828209352794D-06  0.3960559413861255D-06
  0.4431952337750603D-06  0.4957270442206698D-06  0.5542284372539344D-06
  0.6193308774741518D-06  0.6917240899978757D-06  0.7721598098612426D-06
  0.8614555571754120D-06  0.9604983183267152D-06  0.1070248042431508D-05
  0.1191740911227302D-05  0.1326092372235479D-05  0.1474499747175704D-05
  0.1638244577334237D-05  0.1818694537827093D-05  0.2017305113855161D-05
  0.2235621160450466D-05  0.2475278575076318D-05  0.2738006586844407D-05
  0.3025631292918358D-05  0.3340081255064281D-05  0.3683396453355686D-05
  0.4057742061467993D-05  0.4465428945532318D-05  0.4908943074649645D-05
  0.5390986401477418D-05  0.5914531636866743D-05  0.6482893534912266D-05
  0.7099818451944560D-05  0.7769593182804244D-05  0.8497172576163838D-05
  0.9288323113737246D-05  0.1014977747449266D-04  0.1108939201838999D-04
  0.1211629664232094D-04  0.1324102438787623D-04  0.1447560692733485D-04
  0.1583362320497916D-04  0.1733018965079349D-04  0.1898188482076938D-04
  0.2080660550053663D-04  0.2282335631948792D-04  0.2505197914341924D-04
  0.2751283135106043D-04  0.3022642327570912D-04  0.3321302411092874D-04
  0.3649224340577136D-04  0.4008259184752325D-04  0.4400102158373172D-04
  0.4826244320399229D-04  0.5287921429707709D-04  0.5786059349889587D-04
  0.6321215426939971D-04  0.6893515429329144D-04  0.7502585929120936D-04
  0.8147482422116324D-04  0.8826614034891208D-04  0.9537666355260795D-04
  0.1027752478626682D-03  0.1104220187988869D-03  0.1182677340652781D-03
  0.1262532949327859D-03  0.1343094904361298D-03  0.1423570784866959D-03
  0.1503073325673198D-03  0.1580632085138135D-03  0.1655213100571706D-03
  0.1725748489669386D-03  0.1791177974604923D-03  0.1850504037775118D-03
  0.1902861690099800D-03  0.1947602422038486D-03  0.1984389587204192D-03
  0.2013299081309658D-03  0.2034914779512676D-03  0.2050403243525153D-03
  0.2061547787295988D-03  0.2070719880195061D-03  0.2080768344209382D-03
  0.2094815831895565D-03  0.2115968694551502D-03  0.2146966727251039D-03
  0.2189820948235137D-03  0.2245499572063314D-03  0.2313720177546579D-03
  0.2392889525071423D-03  0.2480200922487470D-03  0.2571869137601644D-03
  0.2663458555728919D-03  0.2750250530043639D-03  0.2827599881905663D-03
  0.2891243889857002D-03  0.2937543756362495D-03  0.2963653396604952D-03
  0.2967620806114193D-03  0.2948432692910270D-03  0.2906014602367158D-03
  0.2841197621611774D-03  0.2755660494964393D-03  0.2651853363832071D-03
  0.2532906983067165D-03  0.2402529384334993D-03  0.2264890542380984D-03
  0.2124494613717164D-03  0.1986038640389325D-03  0.1854256183011387D-03
  0.1733744184091076D-03  0.1628771623054279D-03  0.1543069608578982D-03
  0.1479605201639225D-03  0.1440346654861084D-03  0.1426037444168686D-03
  0.1436011883696690D-03  0.1468106323832500D-03  0.1518741055770107D-03
  0.1583261579058102D-03  0.1656603488987860D-03  0.1734271204461099D-03
  0.1813485621736397D-03  0.1894211594387718D-03  0.1979715774484517D-03
  0.2076414545194053D-03  0.2193033126041282D-03  0.2339368391265575D-03
  0.2525065946126192D-03  0.2758737288593054D-03  0.3047543866146325D-03
  0.3397191280583490D-03  0.3812181551828260D-03  0.4296162109424833D-03
  0.4852247483049562D-03  0.5483236711020619D-03  0.6191686476273059D-03
  0.6979822256802036D-03  0.7849279870415034D-03  0.8800672098457432D-03
  0.9832973232576166D-03  0.1094271079486820D-02  0.1212294971099452D-02
  0.1336205067600980D-02  0.1464218194978596D-02  0.1593756301487661D-02
  0.1721242030660256D-02  0.1841864092526182D-02  0.1949311996532289D-02
  0.2035481515321607D-02  0.2090155428318475D-02  0.2100665548514883D-02
  0.2051548174303440D-02  0.1924207174300946D-02  0.1696601636032256D-02
  0.1342973543019835D-02  0.8336239419190418D-03  0.1347300087372211D-03
 -0.7918279717873599D-03 -0.1988693685039786D-02 -0.3503410835326910D-02
 -0.5389068736575375D-02 -0.7705339808152239D-02 -0.1052001378479148D-01
 -0.1391108769935799D-01 -0.1796941651952371D-01 -0.2280188119872198D-01
 -0.2853500469047492D-01 -0.3531894205663565D-01 -0.4333179705812153D-01
 -0.5278424346935934D-01 -0.6392445589091469D-01 -0.7704337224548360D-01
 -0.9248030857244441D-01 -0.1106289588461194D+00 -0.1319438374319898D+00
 -0.1569473339877226D+00 -0.1862374115975776D+00 -0.2204975507498368D+00
 -0.2605070235631377D+00
