  0.8800000000000001D+01    4
  0.2747673412109099D+01
    1  344    7
  333  333  333  333  333  333  333
  0.5586691713511958D-01 -0.2428134424002047D-01  0.2387242740270522D-01
 -0.1983939329665118D+00  0.1427101342882861D+00  0.1520423093763655D+00
  0.7129434146456883D-01 -0.3566805689737939D-01 -0.8470714146899806D-01
  0.1317257986805830D-01 -0.1248609618175632D+00  0.1039446034941386D+00
 -0.7287495941904824D-01  0.5258991184472715D-01 -0.1607174551286522D+00
  0.2121481616099063D-01 -0.1869383120829972D+00  0.5866156187900076D-01
  0.1512553039946220D+00  0.2263657088833933D-01  0.8109138610787661D-01
 -0.5368686457212136D-01  0.7757628041683355D-01 -0.2367329970361155D-01
 -0.2305677924826006D-01  0.4217720701822980D-01  0.9654031518687273D-01
 -0.2761101683004467D-01  0.5745280023551547D-01 -0.7557479926309839D-01
 -0.4046253046223987D-01 -0.4088598865855691D-01 -0.3258052566828567D-01
  0.1134091186109077D-01 -0.9389463445401582D-01  0.5776187798413486D-01
 -0.4016851951294593D-01  0.7297193126841756D-01 -0.1867227533529570D-01
  0.3632748602225602D-01  0.3306071207620966D-02 -0.5469624724946844D-01
  0.3469137798705135D-02 -0.3118752033452118D-01 -0.2656709482343768D-01
  0.2420644089593427D-01  0.2147619104074378D-01  0.2159891674898299D-01
 -0.2459245940286347D-01 -0.3313410681065045D-01  0.1175033177355347D-01
  0.1280163656436301D-01  0.4634661460769540D-02 -0.4029122141922969D-01
  0.2031585414221924D-01  0.2479534007458285D-01 -0.3384007626501236D-01
  0.3068658332373046D-01  0.2727865259536787D-01  0.3242805048083035D-01
 -0.1050169642213877D-01  0.1466378970973619D-01 -0.8649624270614381D-02
 -0.8825565279157661D-02 -0.8718080287306476D-03  0.1265847209082005D-01
  0.7748913769804284D-02 -0.9802413176478999D-02 -0.1277807469562496D-01
 -0.3030094412268179D-02  0.2544965744706730D-02  0.2481183596687439D-02
 -0.1377000493476390D-01 -0.1367304036289616D-01  0.7868251083501552D-03
 -0.7646334391121606D-02 -0.5327753967112798D-03  0.1538259422998862D-01
  0.9465408432920078D-02 -0.1266540588053573D-01  0.5737771608633846D-02
 -0.2916046307857509D-02  0.5971081979977143D-02 -0.1083641961287926D-01
  0.2710672581097284D-02  0.3065143980020662D-02 -0.3098566623416114D-02
  0.9188922921871882D-03 -0.9050465404671262D-02 -0.7173673671624511D-03
 -0.6485437251229543D-03 -0.3691296564650793D-02  0.6758282882535445D-02
  0.5791740251540634D-02  0.5894036899443352D-02 -0.3498161469756495D-02
 -0.2148098756825474D-02  0.3108374971618526D-02 -0.4805079518177833D-02
  0.7395004050201864D-03 -0.5308341393561632D-02  0.5274846322590723D-02
  0.1582171294953320D-02 -0.3541225786617903D-03 -0.4264263296105136D-02
  0.2106222411615928D-02  0.3788916752184519D-02 -0.2455242025891302D-02
 -0.1807865687704307D-02 -0.1797746556856856D-02  0.1636347742349900D-02
 -0.2478163354021009D-03  0.1487799640718403D-02  0.1818083928735337D-02
 -0.3926365550046564D-03  0.1577110063981703D-03  0.1180825545181866D-02
  0.1857674658652303D-02 -0.6224158079657852D-03  0.1120211660004536D-02
 -0.1417076985945410D-02 -0.2006968407978325D-02  0.6661301938764414D-03
  0.5715695913224559D-03 -0.2334683303772916D-03 -0.3176576130669078D-03
  0.2034966377870365D-03 -0.1652898841822888D-02 -0.1040212444609326D-03
  0.1641787710574409D-02  0.1093293089952677D-02 -0.6542970049756653D-03
  0.5069947692023720D-03  0.1298626755594009D-02  0.1173490473544983D-02
 -0.6814524803835247D-03  0.1218043730639419D-02  0.4919581998343240D-03
 -0.4390761026842643D-03 -0.3889011015033219D-03 -0.2531423021311728D-03
 -0.3317057242862265D-03 -0.1151632175343867D-03 -0.3961106586858236D-03
 -0.8284861839535659D-04 -0.6926342435027946D-03 -0.3155284869524172D-03
 -0.3892250882054886D-03  0.1920682566914686D-03 -0.4604674946446294D-03
 -0.4145753388916128D-03  0.8362135164942050D-05 -0.4466378495481631D-03
  0.2278155754115942D-03 -0.2079981450294717D-03  0.3029200120020977D-03
 -0.2665787905847281D-04 -0.3485207324682559D-03  0.6229795989649096D-04
  0.6694309543612284D-04  0.3519746556125567D-03  0.3420353975890333D-03
 -0.1027183126507374D-03  0.1267383941493798D-03  0.1371780810057412D-03
 -0.2917982118424115D-03 -0.2856238732589683D-03  0.1483104496475070D-03
 -0.1094807059943339D-04  0.2278069865848171D-03 -0.2087210996940042D-03
 -0.1853726052020009D-04  0.6023765050156507D-04  0.8956258333743347D-04
 -0.4998533292520898D-04  0.1237086941289398D-03  0.1328041186112187D-03
 -0.9133012846734629D-04  0.8139541125498649D-04  0.1877721529501213D-04
 -0.8046875845810149D-04 -0.3493506110125495D-04  0.3912196305662477D-05
  0.1454702393443081D-04 -0.1100802922575822D-03 -0.5833256504273425D-04
 -0.1631001700092515D-04  0.1078405532378603D-03  0.6065013114051502D-04
 -0.8105694029132723D-04  0.8466322610583582D-04  0.8051804612605839D-04
  0.3384481363813037D-04 -0.4468425496065595D-04  0.5365127491228177D-04
 -0.6566265036881572D-04  0.3089454722688161D-04  0.8698668534307222D-05
  0.1990843191326958D-04  0.8998275166503713D-05 -0.5249887223690391D-04
  0.1287190682896577D-04 -0.5411114161909008D-04 -0.2002493606062043D-04
 -0.4818006491707806D-04  0.2628434093138829D-05  0.3122819896807423D-04
 -0.3204402794815579D-04  0.1373262355194803D-04 -0.1582781681391048D-04
 -0.1054124441289732D-04  0.7120023774476443D-05  0.1919695520344595D-04
  0.9940068886384603D-05  0.2106364250965135D-04 -0.9881517607817419D-05
  0.1385089941679097D-04  0.1150857661645597D-04  0.3459753649720552D-05
 -0.1540827442459426D-04  0.1646540827496589D-05  0.4521889097158479D-05
  0.7577170979939568D-05 -0.7732122979530684D-05  0.1023219412461617D-04
  0.1412882075202546D-04  0.5511812764889833D-05  0.5351210980190937D-05
  0.4986639379541479D-05 -0.8458812039899137D-05 -0.5124521834469823D-05
  0.1139164639632062D-05 -0.4868088555695498D-05 -0.8246117505726488D-05
 -0.2028157000595269D-05  0.9992538654700729D-05 -0.2030168848768354D-06
  0.6006397253450224D-05 -0.8956492129464413D-06 -0.6286032745391949D-05
 -0.1096706570449208D-05  0.4035342075287663D-05  0.4030247283035967D-05
 -0.3347766419014786D-05 -0.2088565106654139D-05 -0.6367979344528506D-05
 -0.2461479346911501D-05  0.5798839067649887D-06 -0.3865311053605312D-05
  0.4875217171452792D-05 -0.7771516849552999D-06 -0.1904907666003168D-05
 -0.1734711963709414D-05 -0.2800418291380442D-06  0.3404144659704036D-05
  0.2253975485860965D-05 -0.3755511236450052D-06 -0.9699034985368986D-06
  0.2169318137605395D-05 -0.3135410356305863D-06 -0.2442124473721573D-05
 -0.1348481977360762D-05  0.3268952436037883D-06  0.1565198071215239D-05
 -0.6044676791752084D-06  0.1991015163603626D-06 -0.4715677857606571D-06
 -0.3737531418609690D-06 -0.2474249918420092D-06 -0.8111431288006616D-06
 -0.5510214778880486D-06  0.5215285805388114D-06 -0.1199309251475762D-05
  0.6767249817616891D-06  0.8040455195250609D-06  0.4036522061008981D-06
  0.1799986777909540D-06 -0.5289980957602654D-06 -0.2351921795699111D-06
  0.1163635340279522D-06 -0.8186406587702933D-06 -0.3617691616582648D-06
 -0.2673366512767278D-06 -0.2981224704216947D-06  0.5281011667256492D-06
  0.1072048562232368D-06 -0.5075568835013834D-06  0.4732134594412878D-06
  0.3355685865705321D-06  0.4208362393665688D-06  0.1190686265392705D-07
  0.5719575588974581D-08  0.2008508541009420D-06  0.5433532852713751D-07
 -0.6978833135540485D-07  0.1313332387685964D-07  0.7637715515308619D-07
 -0.1230207375718453D-06  0.6273252089329725D-08  0.7403971999772521D-09
 -0.1718995895488105D-07 -0.1626120116269330D-07  0.3692835880592225D-08
 -0.3958660509092949D-07  0.2660017264157293D-07 -0.8460814864112927D-08
  0.5548796611080021D-07  0.4927022959093507D-07  0.1864427415993780D-07
 -0.6843216255274380D-07 -0.4291901276692137D-07  0.5454175665452809D-08
  0.7456171978751682D-09 -0.2890129356949977D-07  0.2698169884918522D-08
 -0.4323247898840930D-07  0.8194673501163502D-09  0.2454056702963174D-08
  0.2376365863162862D-07 -0.3584871060842954D-07  0.6040799897162225D-08
 -0.6121078489200405D-08  0.4300861593546381D-08 -0.1152166647339829D-07
  0.8195547766551742D-08 -0.1975272099758607D-07 -0.3221896903090851D-08
  0.6645791874025395D-09 -0.8307325605142093D-08  0.3360156611907062D-09
 -0.1921323190681265D-08  0.4441103957495903D-08  0.1233098416884485D-07
  0.1381520790701427D-08  0.1467395125481596D-08  0.1128316685904128D-08
  0.1225789054339545D-08 -0.1160104689863573D-08  0.1242754268891162D-08
 -0.2906480272339416D-09 -0.3044865168162294D-10 -0.1496386544469405D-09
 -0.5993935965465027D-10 -0.1551998892327519D-11
  0.0000000000000000D+00  0.9972912551443413D+06  0.9925932104491007D+06
  0.9879055026150767D+06  0.9832278348801160D+06  0.9785599164803869D+06
  0.9739019017559044D+06  0.9692530986204168D+06  0.9646136175511450D+06
  0.9599828482893794D+06  0.9553605569329375D+06  0.9507463791032936D+06
  0.9461399703884185D+06  0.9415409815889529D+06  0.9369490561375017D+06
  0.9323638326519110D+06  0.9277849442252654D+06  0.9232120182771750D+06
  0.9186446764503188D+06  0.9140825344508839D+06  0.9095252019027269D+06
  0.9049722822026717D+06  0.9004233723763565D+06  0.8958780629358848D+06
  0.8913359377391133D+06  0.8867965738507499D+06  0.8822595414053994D+06
  0.8777244034727536D+06  0.8731907159250911D+06  0.8686580273073221D+06
  0.8641258787098079D+06  0.8595938036442248D+06  0.8550613279227153D+06
  0.8505279695406996D+06  0.8459932385636361D+06  0.8414566370181007D+06
  0.8369176587875829D+06  0.8323757895134144D+06  0.8278305065012760D+06
  0.8232812786337578D+06  0.8187275662895103D+06  0.8141688212694889D+06
  0.8096044867309248D+06  0.8050339971295991D+06  0.8004567781711097D+06
  0.7958722467717997D+06  0.7912798110301044D+06  0.7866788702090909D+06
  0.7820688147310190D+06  0.7774490261847819D+06  0.7728188773471615D+06
  0.7681777322188483D+06  0.7635249460762631D+06  0.7588598655402168D+06
  0.7541818286625780D+06  0.7494901650320794D+06  0.7447841959005366D+06
  0.7400632343307373D+06  0.7353265853673907D+06  0.7305735462325204D+06
  0.7258034065467971D+06  0.7210154485783363D+06  0.7162089475205849D+06
  0.7113831718009493D+06  0.7065373834219064D+06  0.7016708383364129D+06
  0.6967827868594703D+06  0.6918724741178000D+06  0.6869391405396174D+06
  0.6819820223865950D+06  0.6770003523301602D+06  0.6719933600743123D+06
  0.6669602730272628D+06  0.6619003170242021D+06  0.6568127171036149D+06
  0.6516966983395797D+06  0.6465514867325631D+06  0.6413763101612669D+06
  0.6361703993981369D+06  0.6309329891911526D+06  0.6256633194145996D+06
  0.6203606362914984D+06  0.6150241936904304D+06  0.6096532544994616D+06
  0.6042470920799116D+06  0.5988049918026453D+06  0.5933262526696051D+06
  0.5878101890231714D+06  0.5822561323459790D+06  0.5766634331536586D+06
  0.5710314629829131D+06  0.5653596164772271D+06  0.5596473135723491D+06
  0.5538940017835143D+06  0.5480991585962173D+06  0.5422622939620642D+06
  0.5363829529010342D+06  0.5304607182111412D+06  0.5244952132861933D+06
  0.5184861050419413D+06  0.5124331069505378D+06  0.5063359821827379D+06
  0.5001945468567724D+06  0.4940086733922794D+06  0.4877782939670612D+06
  0.4815034040737531D+06  0.4751840661727931D+06  0.4688204134372517D+06
  0.4624126535842620D+06  0.4559610727868594D+06  0.4494660396590165D+06
  0.4429280093056646D+06  0.4363475274282996D+06  0.4297252344755823D+06
  0.4230618698270860D+06  0.4163582759969629D+06  0.4096154028428817D+06
  0.4028343117641100D+06  0.3960161798710205D+06  0.3891623041067047D+06
  0.3822741052996445D+06  0.3753531321247000D+06  0.3684010649478107D+06
  0.3614197195280506D+06  0.3544110505487336D+06  0.3473771549474651D+06
  0.3403202750130830D+06  0.3332428012155997D+06  0.3261472747334038D+06
  0.3190363896401752D+06  0.3119129947122640D+06  0.3047800948156380D+06
  0.2976408518300196D+06  0.2904985850664694D+06  0.2833567711335245D+06
  0.2762190432060421D+06  0.2690891896502300D+06  0.2619711519579372D+06
  0.2548690219432528D+06  0.2477870381547688D+06  0.2407295814576441D+06
  0.2337011697408204D+06  0.2267064517065164D+06  0.2197501997014311D+06
  0.2128373015520373D+06  0.2059727513699482D+06  0.1991616392976357D+06
  0.1924091401698397D+06  0.1857205010718501D+06  0.1791010277824753D+06
  0.1725560700970274D+06  0.1660910060339879D+06  0.1597112249382426D+06
  0.1534221095038576D+06  0.1472290167502886D+06  0.1411372579976881D+06
  0.1351520778994751D+06  0.1292786326035981D+06  0.1235219671277820D+06
  0.1178869920484693D+06  0.1123784596179808D+06  0.1070009394395241D+06
  0.1017587938448644D+06  0.9665615313458721D+05  0.9169689085569349D+05
  0.8688459930554766D+05  0.8222256546468176D+05  0.7771374757339130D+05
  0.7336075257811611D+05  0.6916581468300165D+05  0.6513077524945453D+05
  0.6125706429161233D+05  0.5754568381813763D+05  0.5399719327028264D+05
  0.5061169730246548D+05  0.4738883614437183D+05  0.4432777877258928D+05
  0.4142721910479091D+05  0.3868537541035254D+05  0.3609999310790225D+05
  0.3366835109264156D+05  0.3138727170437674D+05  0.2925313441120243D+05
  0.2726189324390118D+05  0.2540909797270403D+05  0.2368991897152236D+05
  0.2209917566566054D+05  0.2063136840799973D+05  0.1928071357646084D+05
  0.1804118163306114D+05  0.1690653783300830D+05  0.1587038522203365D+05
  0.1492620951260669D+05  0.1406742547714075D+05  0.1328742389165553D+05
  0.1257961949060617D+05  0.1193749835784498D+05  0.1135466471487937D+05
  0.1082488641673767D+05  0.1034213857520775D+05  0.9900644738307936D+04
  0.9494915074004210D+04  0.9119781035508220D+04  0.8770426024918665D+04
  0.8442411621222478D+04  0.8131698997256727D+04  0.7834665217432910D+04
  0.7548114182906040D+04  0.7269282072283641D+04  0.6995837212565460D+04
  0.6725874405252503D+04  0.6457903824778512D+04  0.6190834698794060D+04
  0.5923954070485334D+04  0.5656901030115331D+04  0.5389636884422433D+04
  0.5122411806548246D+04  0.4855728574047075D+04  0.4590304056659629D+04
  0.4327029157508949D+04  0.4066927940021154D+04  0.3811116687264473D+04
  0.3560763639893263D+04  0.3317050143127863D+04  0.3081133902152206D+04
  0.2854114999235277D+04  0.2637005265364768D+04  0.2430701525124978D+04
  0.2235963147180684D+04  0.2053394235592135D+04  0.1883430691152625D+04
  0.1726332259199714D+04  0.1582179563405062D+04  0.1450876006690771D+04
  0.1332154303704827D+04  0.1225587297469716D+04  0.1130602609152476D+04
  0.1046500558318877D+04  0.9724748305639904D+03  0.9076350277052876D+03
  0.8510305576759558D+03  0.8016750676373762D+03  0.7585705907043621D+03
  0.7207309499871601D+03  0.6872035027782484D+03  0.6570887848903562D+03
  0.6295575302591542D+03  0.6038646739132446D+03  0.5793600600597089D+03
  0.5554956971300840D+03  0.5318295251794946D+03  0.5080257799295965D+03
  0.4838521546083009D+03  0.4591740555713608D+03  0.4339463450161625D+03
  0.4082030189168584D+03  0.3820453235266216D+03  0.3556288343440207D+03
  0.3291500220817015D+03  0.3028328126915737D+03  0.2769156082312210D+03
  0.2516391818678530D+03  0.2272357935941637D+03  0.2039197984832958D+03
  0.1818799402957973D+03  0.1612734437122967D+03  0.1422219417234095D+03
  0.1248092035392473D+03  0.1090805649577292D+03  0.9504390903019200D+02
  0.8267200112099974D+02  0.7190591918966689D+02  0.6265948884330504D+02
  0.5482412072596384D+02  0.4827416967965785D+02  0.4287233023910777D+02
  0.3847492275838566D+02  0.3493684944000206D+02  0.3211605715577852D+02
  0.2987738041942322D+02  0.2809567945950798D+02  0.2665822910449441D+02
  0.2546635247950856D+02  0.2443632641419697D+02  0.2349961487739486D+02
  0.2260250630176806D+02  0.2170525158696942D+02  0.2078080370783305D+02
  0.1981327103041857D+02  0.1879619006525139D+02  0.1773072017599152D+02
  0.1662385163821272D+02  0.1548670388739040D+02  0.1433297536732749D+02
  0.1317758873776129D+02  0.1203555834894373D+02  0.1092109101212876D+02
  0.9846917280562836D+01  0.8823839212874777D+01  0.7860472195639296D+01
  0.6963152873288493D+01  0.6135982734366108D+01  0.5380973952337581D+01
  0.4698270357683757D+01  0.4086420178893707D+01  0.3542661236214939D+01
  0.3063217077292187D+01  0.2643579578524337D+01  0.2278768674843750D+01
  0.1963561660624197D+01  0.1692688108846227D+01  0.1460988444549281D+01
  0.1263537468990023D+01  0.1095734392006317D+01  0.9533631592930794D+00
  0.8326266738072635D+00  0.7301595832640674D+00  0.6430235540091854D+00
  0.5686892996031330D+00  0.5050090596026845D+00  0.4501827741099639D+00
  0.4027206949390255D+00  0.3614047747184673D+00  0.3252504967325044D+00
  0.2934705216624757D+00  0.2654410752841181D+00  0.2406716489669686D+00
  0.2187783799152008D+00  0.1994611901730769D+00  0.1824846489996643D+00
  0.1676623120165797D+00  0.1548450494504043D+00  0.1439104462111213D+00
  0.1347596588844377D+00
  0.0000000000000000D+00 -0.1686010011989368D+00 -0.1717853725078055D+00
 -0.1750293361325735D+00 -0.1783339370070813D+00 -0.1816994405862807D+00
 -0.1851307840432160D+00 -0.1886273394268251D+00 -0.1921946677780799D+00
 -0.1958308351140506D+00 -0.1995382841862002D+00 -0.2033180723815008D+00
 -0.2071714777770716D+00 -0.2110998892640314D+00 -0.2151046746295713D+00
 -0.2191872446714665D+00 -0.2233490445223167D+00 -0.2275915502073919D+00
 -0.2319162711510362D+00 -0.2363247498026249D+00 -0.2408185616809824D+00
 -0.2453993155879594D+00 -0.2500686537210764D+00 -0.2548282518129648D+00
 -0.2596798192753955D+00 -0.2646250993372184D+00 -0.2696658691774762D+00
 -0.2748039400489260D+00 -0.2800411573879565D+00 -0.2853794009071016D+00
 -0.2908205846659782D+00 -0.2963666571163759D+00 -0.3020196011170375D+00
 -0.3077814339135079D+00 -0.3136542070781739D+00 -0.3196400064054076D+00
 -0.3257409517564818D+00 -0.3319591968486326D+00 -0.3382969289823733D+00
 -0.3447563687008442D+00 -0.3513397693746569D+00 -0.3580494167053295D+00
 -0.3648876281400587D+00 -0.3718567521901651D+00 -0.3789591676451377D+00
 -0.3861972826737794D+00 -0.3935735338034922D+00 -0.4010903847682694D+00
 -0.4087503252154588D+00 -0.4165558692608534D+00 -0.4245095538811174D+00
 -0.4326139371319975D+00 -0.4408715961802016D+00 -0.4492851251361926D+00
 -0.4578571326745733D+00 -0.4665902394280512D+00 -0.4754870751403485D+00
 -0.4845502755627151D+00 -0.4937824790780409D+00 -0.5031863230358317D+00
 -0.5127644397805959D+00 -0.5225194523554523D+00 -0.5324539698620296D+00
 -0.5425705824569645D+00 -0.5528718559645233D+00 -0.5633603260841579D+00
 -0.5740384921709780D+00 -0.5849088105663920D+00 -0.5959736874553910D+00
 -0.6072354712262181D+00 -0.6186964443073995D+00 -0.6303588144564293D+00
 -0.6422247054736853D+00 -0.6542961473144909D+00 -0.6665750655716365D+00
 -0.6790632703000780D+00 -0.6917624441549982D+00 -0.7046741298139846D+00
 -0.7177997166536694D+00 -0.7311404266508500D+00 -0.7446972994779556D+00
 -0.7584711767625665D+00 -0.7724626854807329D+00 -0.7866722204540040D+00
 -0.8010999259203776D+00 -0.8157456761498459D+00 -0.8306090550759309D+00
 -0.8456893349153913D+00 -0.8609854537495268D+00 -0.8764959920417343D+00
 -0.8922191480677187D+00 -0.9081527122366972D+00 -0.9242940402842036D+00
 -0.9406400253198109D+00 -0.9571870687161389D+00 -0.9739310498290068D+00
 -0.9908672945426394D+00 -0.1007990542638225D+01 -0.1025294913989308D+01
 -0.1042773873593027D+01 -0.1060420195452586D+01 -0.1078225925333331D+01
 -0.1096182342422453D+01 -0.1114279919930977D+01 -0.1132508284685945D+01
 -0.1150856175771024D+01 -0.1169311402284971D+01 -0.1187860800299549D+01
 -0.1206490189111822D+01 -0.1225184326900111D+01 -0.1243926865908415D+01
 -0.1262700307300944D+01 -0.1281485955846400D+01 -0.1300263874610963D+01
 -0.1319012839859754D+01 -0.1337710296388563D+01 -0.1356332313531170D+01
 -0.1374853542112613D+01 -0.1393247172645092D+01 -0.1411484895091197D+01
 -0.1429536860548341D+01 -0.1447371645239160D+01 -0.1464956217224584D+01
 -0.1482255906289881D+01 -0.1499234377488371D+01 -0.1515853608863393D+01
 -0.1532073873905649D+01 -0.1547853729340438D+01 -0.1563150008877363D+01
 -0.1577917823593174D+01 -0.1592110569656797D+01 -0.1605679944143352D+01
 -0.1618575969721185D+01 -0.1630747029031691D+01 -0.1642139909616098D+01
 -0.1652699860274927D+01 -0.1662370659775003D+01 -0.1671094698843829D+01
 -0.1678813076411992D+01 -0.1685465711079421D+01 -0.1690991468790366D+01
 -0.1695328307703424D+01 -0.1698413441236097D+01 -0.1700183520246477D+01
 -0.1700574835287082D+01 -0.1699523539825555D+01 -0.1696965895272967D+01
 -0.1692838538590969D+01 -0.1687078773162673D+01 -0.1679624883507058D+01
 -0.1670416474291533D+01 -0.1659394833949996D+01 -0.1646503323043069D+01
 -0.1631687787301263D+01 -0.1614896995069159D+01 -0.1596083098618009D+01
 -0.1575202118513967D+01 -0.1552214449918519D+01 -0.1527085389355796D+01
 -0.1499785680107782D+01 -0.1470292073992806D+01 -0.1438587906845740D+01
 -0.1404663684550520D+01 -0.1368517675978909D+01 -0.1330156508665796D+01
 -0.1289595762503977D+01 -0.1246860556174162D+01 -0.1201986120444179D+01
 -0.1155018351880639D+01 -0.1106014339924538D+01 -0.1055042859697668D+01
 -0.1002184822339373D+01 -0.9475336741346960D+00 -0.8911957351978917D+00
 -0.8332904680343703D+00 -0.7739506659348201D+00 -0.7133225508749906D+00
 -0.6515657704215326D+00 -0.5888532830980990D+00 -0.5253711217665081D+00
 -0.4613180248461077D+00 -0.3969049256510387D+00 -0.3323542907902216D+00
 -0.2678992994676871D+00 -0.2037828566589756D+00 -0.1402564345377927D+00
 -0.7757873819822739D-01 -0.1601419366990241D-01  0.4416874153943300D-01
  0.1026994426181385D+00  0.1593071507871609D+00  0.2137231671801171D+00
  0.2656831953380265D+00  0.3149298168591235D+00  0.3612150810268104D+00
  0.4043031853777609D+00  0.4439732202183714D+00  0.4800219461171639D+00
  0.5122665694671469D+00  0.5405474774193355D+00  0.5647308899390359D+00
  0.5847113835516590D+00  0.6004142386560444D+00  0.6117975602329996D+00
  0.6188541205126452D+00  0.6216128718343709D+00  0.6201400786803510D+00
  0.6145400198182904D+00  0.6049552147635704D+00  0.5915661334524819D+00
  0.5745903541632871D+00  0.5542811423501963D+00  0.5309254321456098D+00
  0.5048412027710001D+00  0.4763742538607508D+00  0.4458943965794799D+00
  0.4137910911833562D+00  0.3804685760701536D+00  0.3463405480626377D+00
  0.3118244683111797D+00  0.2773355823800849D+00  0.2432807563604219D+00
  0.2100522427681213D+00  0.1780215000632833D+00  0.1475331973865582D+00
  0.1188995410841438D+00  0.9239506134545661D-01  0.6825199541323676D-01
  0.4665639801716794D-01  0.2774509968914254D-01  0.1160361931300378D-01
 -0.1734881347626378D-02 -0.1228953614351812D-01 -0.2013056758169830D-01
 -0.2537692569591134D-01 -0.2819279625205819D-01 -0.2878303553109430D-01
 -0.2738762304346725D-01 -0.2427525675107991D-01 -0.1973624637250431D-01
 -0.1407488780492177D-01 -0.7601524368182776D-02 -0.6245173735739746D-03
  0.6557641478406464D-02  0.1366384087596785D-01  0.2043725438852649D-01
  0.2665142307108535D-01  0.3211532278988919D-01  0.3667725316372358D-01
  0.4022742269888903D-01  0.4269914867537358D-01  0.4406863907404736D-01
  0.4435337538347507D-01  0.4360916725715255D-01  0.4192600031450634D-01
  0.3942284449646492D-01  0.3624163006653467D-01  0.3254062966686149D-01
  0.2848750630401716D-01  0.2425229776941911D-01  0.2000060736309925D-01
  0.1588725900001434D-01  0.1205065245098587D-01  0.8608022656379928D-02
  0.5651767152560401D-02  0.3246959340885688D-02  0.1430114473667015D-02
  0.2092218361692391D-03 -0.4349972282176850D-03 -0.5466978965387763D-03
 -0.1915276311157800D-03  0.5475683371434696D-03  0.1575135675776312D-02
  0.2788354368237240D-02  0.4082286156193211D-02  0.5354976897503613D-02
  0.6512179395898030D-02  0.7471488992102184D-02  0.8165720917935619D-02
  0.8545402229894538D-02  0.8580298975705261D-02  0.8259948413097276D-02
  0.7593214569624447D-02  0.6606931642600708D-02  0.5343742136329662D-02
  0.3859273333595614D-02  0.2218824516336085D-02  0.4937561782553557D-03
 -0.1242220220917023D-02 -0.2916658201579644D-02 -0.4461720497950620D-02
 -0.5817100467417934D-02 -0.6932403392023012D-02 -0.7768908807951670D-02
 -0.8300674914112743D-02 -0.8514984600237365D-02 -0.8412167215281543D-02
 -0.8004859010028993D-02 -0.7316787082894423D-02 -0.6381176187455470D-02
 -0.5238885097477289D-02 -0.3936380031642957D-02 -0.2523647907990619D-02
 -0.1052143096801605D-02  0.4271509367505877D-03  0.1865478007182994D-02
  0.3217831833415865D-02  0.4444208678939539D-02  0.5510568793503545D-02
  0.6389499479284000D-02  0.7060585202714936D-02  0.7510501045133794D-02
  0.7732854687111097D-02  0.7727808874573268D-02  0.7501520859006363D-02
  0.7065437629805753D-02  0.6435486036241173D-02  0.5631195358989445D-02
  0.4674786947338327D-02  0.3590261589249433D-02  0.2402510800573682D-02
  0.1136473572830570D-02 -0.1836443983444729D-03 -0.1535076210851118D-02
 -0.2897115066355785D-02 -0.4251646036792483D-02 -0.5583586224933411D-02
 -0.6881234369333046D-02 -0.8136533947967765D-02 -0.9345256822689942D-02
 -0.1050711754227295D-01 -0.1162583179027534D-01 -0.1270913618901197D-01
 -0.1376879225909480D-01
  0.0000000000000000D+00  0.6887922510372127D-04  0.7185145086232191D-04
  0.7495242205546860D-04  0.7818771400110369D-04  0.8156233695328417D-04
  0.8508575168076845D-04  0.8876308385550741D-04  0.9260528200268985D-04
  0.9661661228192766D-04  0.1008057897799034D-03  0.1051805225536662D-03
  0.1097490612961898D-03  0.1145201279015528D-03  0.1195027920543206D-03
  0.1247065579045964D-03  0.1301413756473480D-03  0.1358176584026667D-03
  0.1417463073367759D-03  0.1479387345274987D-03  0.1544068874325554D-03
  0.1611632748242267D-03  0.1682209938814049D-03  0.1755937586768730D-03
  0.1832959301086092D-03  0.1913425473355525D-03  0.1997493608018628D-03
  0.2085328669285653D-03  0.2177103445564092D-03  0.2272998932286103D-03
  0.2373204734060416D-03  0.2477919487119884D-03  0.2587351303082519D-03
  0.2701718235092369D-03  0.2821248767456609D-03  0.2946182329947541D-03
  0.3076769837992193D-03  0.3213274260028130D-03  0.3355971213361927D-03
  0.3505149589926508D-03  0.3661112213395168D-03  0.3824176529173427D-03
  0.3994675328855314D-03  0.4172957510797466D-03  0.4359388878533154D-03
  0.4554352978818470D-03  0.4758251981174645D-03  0.4971507600863360D-03
  0.5194562067305833D-03  0.5427879140031727D-03  0.5671945174319335D-03
  0.5927270238764804D-03  0.6194389287094383D-03  0.6473863386609505D-03
  0.6766281005730270D-03  0.7072259363176893D-03  0.7392445841401680D-03
  0.7727519466954386D-03  0.8078192460532103D-03  0.8445211859528698D-03
  0.8829361215959072D-03  0.9231462372688374D-03  0.9652377320944977D-03
  0.1009301014213759D-02  0.1055430903702961D-02  0.1103726844534783D-02
  0.1154293125891390D-02  0.1207239113138714D-02  0.1262679488769129D-02
  0.1320734503616715D-02  0.1381530238644185D-02  0.1445198877593590D-02
  0.1511878990783381D-02  0.1581715830322463D-02  0.1654861636996975D-02
  0.1731475959067405D-02  0.1811725983191974D-02  0.1895786877666694D-02
  0.1983842148142586D-02  0.2076084005945807D-02  0.2172713749086693D-02
  0.2273942155998002D-02  0.2379989891990792D-02  0.2491087928357740D-02
  0.2607477973987447D-02  0.2729412919279084D-02  0.2857157292063709D-02
  0.2990987725145763D-02  0.3131193434975651D-02  0.3278076710849882D-02
  0.3431953413909210D-02  0.3593153485066158D-02  0.3762021460840070D-02
  0.3938916995909941D-02  0.4124215391011157D-02  0.4318308124601001D-02
  0.4521603386498645D-02  0.4734526611465957D-02  0.4957521010436445D-02
  0.5191048096817821D-02  0.5435588204989288D-02  0.5691640997785774D-02
  0.5959725959406467D-02  0.6240382869803790D-02  0.6534172256199200D-02
  0.6841675816933403D-02  0.7163496812389206D-02  0.7500260417224737D-02
  0.7852614027621881D-02  0.8221227516688620D-02  0.8606793430554566D-02
  0.9010027117065401D-02  0.9431666778314354D-02  0.9872473437546795D-02
  0.1033323081023998D-01  0.1081474506839169D-01  0.1131784448625370D-01
  0.1184337895491870D-01  0.1239221935231476D-01  0.1296525675428561D-01
  0.1356340147153774D-01  0.1418758189632591D-01  0.1483874314183001D-01
  0.1551784545625675D-01  0.1622586239278695D-01  0.1696377871559423D-01
  0.1773258802129232D-01  0.1853329005434086D-01  0.1936688769416783D-01
  0.2023438359106414D-01  0.2113677642729523D-01  0.2207505677937237D-01
  0.2305020255705719D-01  0.2406317399446257D-01  0.2511490816858863D-01
  0.2620631302082358D-01  0.2733826085738199D-01  0.2851158130537968D-01
  0.2972705370229910D-01  0.3098539889801819D-01  0.3228727045040872D-01
  0.3363324519780209D-01  0.3502381319442436D-01  0.3645936699826537D-01
  0.3794019030483217D-01  0.3946644592489350D-01  0.4103816310971095D-01
  0.4265522423343314D-01  0.4431735084935532D-01  0.4602408914468063D-01
  0.4777479482730992D-01  0.4956861748808790D-01  0.5140448449289000D-01
  0.5328108447098349D-01  0.5519685047926649D-01  0.5714994293630464D-01
  0.5913823243553610D-01  0.6115928256360874D-01  0.6321033286749733D-01
  0.6528828213277955D-01  0.6738967215514034D-01  0.6951067220771327D-01
  0.7164706442810211D-01  0.7379423037067630D-01  0.7594713899176209D-01
  0.7810033635738511D-01  0.8024793738492267D-01  0.8238361995102166D-01
  0.8450062171796974D-01  0.8659174004888140D-01  0.8864933539800429D-01
  0.9066533857551755D-01  0.9263126229570978D-01  0.9453821742260589D-01
  0.9637693432716204D-01  0.9813778976419617D-01  0.9981083966436610D-01
  0.1013858582158226D+00  0.1028523835807099D+00  0.1041997705525450D+00
  0.1054172504107714D+00  0.1064939981676490D+00  0.1074192073293439D+00
  0.1081821722070235D+00  0.1087723777144748D+00  0.1091795964759672D+00
  0.1093939929417260D+00  0.1094062340686450D+00  0.1092076059712217D+00
  0.1087901357828938D+00  0.1081467177920835D+00  0.1072712427317802D+00
  0.1061587289082670D+00  0.1048054536559574D+00  0.1032090834041435D+00
  0.1013688004414543D+00  0.9928542426872829D-01  0.9696152524699311D-01
  0.9440152807890131D-01  0.9161180251760331D-01  0.8860073858320523D-01
  0.8537880349264031D-01  0.8195857748236546D-01  0.7835476573360795D-01
  0.7458418370535606D-01  0.7066571334862812D-01  0.6662022792343715D-01
  0.6247048347246877D-01  0.5824097542622781D-01  0.5395775932456521D-01
  0.4964823523798237D-01  0.4534089615518865D-01  0.4106504136447932D-01
  0.3685045668600742D-01  0.3272706429721261D-01  0.2872454581863771D-01
  0.2487194327303375D-01  0.2119724347489684D-01  0.1772695232540083D-01
  0.1448566635150510D-01  0.1149564960806812D-01  0.8776424726633137D-02
  0.6344387411679807D-02  0.4212454021767135D-02  0.2389751997005230D-02
  0.8813627752926616D-03 -0.3118735495761055D-03 -0.1193483257262375D-02
 -0.1771406139028715D-02 -0.2057958475871367D-02 -0.2069707213593486D-02
 -0.1827252619217818D-02 -0.1354918903909836D-02 -0.6803547277571385D-03
  0.1659518988092881D-03  0.1151237109298670D-02  0.2241093166696254D-02
  0.3400156434504153D-02  0.4592836425924839D-02  0.5784068924608926D-02
  0.6940074469602871D-02  0.8029102278934575D-02  0.9022139022813427D-02
  0.9893561807648183D-02  0.1062171534281415D-01  0.1118939457064868D-01
  0.1158421606287468D-01  0.1179886422233811D-01  0.1183120173834986D-01
  0.1168423775162432D-01  0.1136595166933109D-01  0.1088897536980857D-01
  0.1027014145371995D-01  0.9529910016303312D-02  0.8691690910567838D-02
  0.7781082430336576D-02  0.6825050576822751D-02  0.5851075431356409D-02
  0.4886292534396243D-02  0.3956657510540806D-02  0.3086161473798667D-02
  0.2296123034626940D-02  0.1604580085726685D-02  0.1025801072057706D-02
  0.5699312772377719D-03  0.2427849220423261D-03  0.4578871850758741D-04
 -0.2392288998995494D-04  0.2673391779242258D-04  0.1871696853626921D-03
  0.4436188600803257D-03  0.7797362939448028D-03  0.1177268621797947D-02
  0.1616773132291431D-02  0.2078355026532693D-02  0.2542393639781180D-02
  0.2990229379242867D-02  0.3404785724144369D-02  0.3771104413604152D-02
  0.4076776529290035D-02  0.4312257164280844D-02  0.4471056445292356D-02
  0.4549804694660218D-02  0.4548194457900572D-02  0.4468806973269950D-02
  0.4316835318829539D-02  0.4099720708512384D-02  0.3826721902205989D-02
  0.3508440132250498D-02  0.3156323092984506D-02  0.2782171293550676D-02
  0.2397668475738005D-02  0.2013955024048352D-02  0.1641259614125057D-02
  0.1288600089541856D-02  0.9635600746336557D-03  0.6721434517355031D-03
  0.4187048355154125D-03  0.2059507762057848D-03  0.3500375083145248D-04
 -0.9448088672296807D-04 -0.1841559413433762D-03 -0.2367927499396856D-03
 -0.2560720449809234D-03 -0.2463657751718310D-03 -0.2125193023894010D-03
 -0.1596421051103733D-03 -0.9291368650822414D-04 -0.1740990515184488D-04
  0.6204652302349049D-04  0.1410090003827070D-03  0.2155024401824190D-03
  0.2820911656660802D-03  0.3379203915842320D-03  0.3807331686334240D-03
  0.4088652819121660D-03  0.4212210082325555D-03  0.4172328595511137D-03
  0.3968084896673369D-03  0.3602678445213868D-03  0.3082734281347876D-03
  0.2417562710109224D-03  0.1618398579168025D-03  0.6976392065647211D-04
 -0.3319035723622441D-04 -0.1457725405007301D-03 -0.2668317370862165D-03
 -0.3953815757759438D-03 -0.5306613953913945D-03 -0.6721941874883888D-03
 -0.8198424577194419D-03 -0.9738639616896440D-03 -0.1134970290388619D-02
 -0.1304392729906353D-02
  0.0000000000000000D+00 -0.1238337575206714D-06 -0.1328537624819947D-06
 -0.1425318006118193D-06 -0.1529158710236227D-06 -0.1640547764008306D-06
 -0.1760180226799516D-06 -0.1888585166346519D-06 -0.2026596870485607D-06
 -0.2174789220128530D-06 -0.2333971174186072D-06 -0.2504952242832450D-06
 -0.2688605821871630D-06 -0.2885879556825639D-06 -0.3097788695326661D-06
 -0.3325425953115341D-06 -0.3569967362712917D-06 -0.3832677969081055D-06
 -0.4114919013542579D-06 -0.4418155307038688D-06 -0.4743963180810045D-06
 -0.5094039124552089D-06 -0.5470209077313094D-06 -0.5874438454064116D-06
 -0.6308842967983209D-06 -0.6775700306968630D-06 -0.7277462735518554D-06
 -0.7816770696409734D-06 -0.8396467492563930D-06 -0.9019615136574046D-06
 -0.9689511462344100D-06 -0.1040970860106849D-05 -0.1118403293220847D-05
 -0.1201660662921228D-05 -0.1291187092958111D-05 -0.1387461126955526D-05
 -0.1490998443524682D-05 -0.1602354789455313D-05 -0.1722129148772671D-05
 -0.1850967166913692D-05 -0.1989564850862733D-05 -0.2138672567804928D-05
 -0.2299099366714425D-05 -0.2471717649306705D-05 -0.2657468218961577D-05
 -0.2857365738579334D-05 -0.3072504630881556D-05 -0.3304065457425342D-05
 -0.3553321815582333D-05 -0.3821647795959328D-05 -0.4110526046225199D-05
 -0.4421556491079540D-05 -0.4756465762174702D-05 -0.5117117396207813D-05
 -0.5505522864159833D-05 -0.5923853499800489D-05 -0.6374453401132334D-05
 -0.6859853384443946D-05 -0.7382786077117184D-05 -0.7946202242320169D-05
 -0.8553288436256969D-05 -0.9207486106776761D-05 -0.9912512250913527D-05
 -0.1067238175837946D-04 -0.1149143157821960D-04 -0.1237434685680699D-04
 -0.1332618920716984D-04 -0.1435242728235683D-04 -0.1545896983922578D-04
 -0.1665220149375046D-04 -0.1793902138475182D-04 -0.1932688497994553D-04
 -0.2082384927643708D-04 -0.2243862166736938D-04 -0.2418061276741999D-04
 -0.2605999351234839D-04 -0.2808775687189574D-04 -0.3027578454114195D-04
 -0.3263691900302300D-04 -0.3518504138420936D-04 -0.3793515555805057D-04
 -0.4090347898190636D-04 -0.4410754079202054D-04 -0.4756628771726363D-04
 -0.5130019841367691D-04 -0.5533140686490925D-04 -0.5968383553945346D-04
 -0.6438333904415775D-04 -0.6945785906492302D-04 -0.7493759143986864D-04
 -0.8085516626765185D-04 -0.8724584201413100D-04 -0.9414771464420505D-04
 -0.1016019428724994D-03 -0.1096529906966009D-03 -0.1183488884497515D-03
 -0.1277415136862742D-03 -0.1378868932924011D-03 -0.1488455282975183D-03
 -0.1606827429459220D-03 -0.1734690596767942D-03 -0.1872806017499176D-03
 -0.2021995253463019D-03 -0.2183144830659225D-03 -0.2357211208385868D-03
 -0.2545226103578909D-03 -0.2748302192414858D-03 -0.2967639212124985D-03
 -0.3204530486858357D-03 -0.3460369902279371D-03 -0.3736659354378695D-03
 -0.4035016698697571D-03 -0.4357184226794272D-03 -0.4705037697296472D-03
 -0.5080595949258669D-03 -0.5486031125751533D-03 -0.5923679535617207D-03
 -0.6396053181096238D-03 -0.6905851978526984D-03 -0.7455976698492197D-03
 -0.8049542650590680D-03 -0.8689894136389184D-03 -0.9380619691999604D-03
 -0.1012556813906407D-02 -0.1092886545963960D-02 -0.1179493250647817D-02
 -0.1272850355540728D-02 -0.1373464570083753D-02 -0.1481877908875658D-02
 -0.1598669797380078D-02 -0.1724459257801306D-02 -0.1859907171857064D-02
 -0.2005718615996876D-02 -0.2162645263273429D-02 -0.2331487844557558D-02
 -0.2513098660079103D-02 -0.2708384130361340D-02 -0.2918307373478659D-02
 -0.3143890793190818D-02 -0.3386218659874835D-02 -0.3646439663272668D-02
 -0.3925769412883155D-02 -0.4225492858336117D-02 -0.4546966598282191D-02
 -0.4891621042202158D-02 -0.5260962385076421D-02 -0.5656574350052232D-02
 -0.6080119649102432D-02 -0.6533341106187285D-02 -0.7018062381619504D-02
 -0.7536188230206868D-02 -0.8089704219330716D-02 -0.8680675826444530D-02
 -0.9311246828587758D-02 -0.9983636889462686D-02 -0.1070013824248405D-01
 -0.1146311136106910D-01 -0.1227497950039079D-01 -0.1313822198799108D-01
 -0.1405536613418705D-01 -0.1502897762726542D-01 -0.1606164927324255D-01
 -0.1715598793568057D-01 -0.1831459952794515D-01 -0.1954007190863571D-01
 -0.2083495553102111D-01 -0.2220174169950368D-01 -0.2364283829077857D-01
 -0.2516054280484037D-01 -0.2675701262173752D-01 -0.2843423235442655D-01
 -0.3019397820669146D-01 -0.3203777926834635D-01 -0.3396687570830748D-01
 -0.3598217386008205D-01 -0.3808419823423967D-01 -0.4027304053894233D-01
 -0.4254830584300803D-01 -0.4490905607660999D-01 -0.4735375113282908D-01
 -0.4988018790905543D-01 -0.5248543771072321D-01 -0.5516578253097732D-01
 -0.5791665081835853D-01 -0.6073255345001702D-01 -0.6360702073965234D-01
 -0.6653254142642659D-01 -0.6950050471228622D-01 -0.7250114653893158D-01
 -0.7552350142015082D-01 -0.7855536126804535D-01 -0.8158324276994140D-01
 -0.8459236498312900D-01 -0.8756663891297857D-01 -0.9048867092184100D-01
 -0.9333978187638875D-01 -0.9610004397348855D-01 -0.9874833718400321D-01
 -0.1012624272125327D+00 -0.1036190667837245D+00 -0.1057941219251926D+00
 -0.1077627247180729D+00 -0.1094994537234726D+00 -0.1109785429625096D+00
 -0.1121741199263936D+00 -0.1130604726195342D+00 -0.1136123450931025D+00
 -0.1138052603107173D+00 -0.1136158685058442D+00 -0.1130223184482151D+00
 -0.1120046482425221D+00 -0.1105451914478555D+00 -0.1086289934445920D+00
 -0.1062442321032122D+00 -0.1033826359463018D+00 -0.1000398921630672D+00
 -0.9621603606021331D-01 -0.9191581284180106D-01 -0.8714900203394299D-01
 -0.8193069444021836D-01 -0.7628151126434697D-01 -0.7022775500269331D-01
 -0.6380148192532104D-01 -0.5704048646412917D-01 -0.4998818864103278D-01
 -0.4269341682469422D-01 -0.3521007962092387D-01 -0.2759672259036542D-01
 -0.1991596774641559D-01 -0.1223383640057873D-01 -0.4618958857957688D-02
  0.2858322331544671D-02  0.1012694546612191D-01  0.1711620553992551D-01
  0.2375689579049041D-01  0.2998249457845280D-01  0.3573037421351503D-01
  0.4094300575071943D-01  0.4556913174282465D-01  0.4956487754779079D-01
  0.5289477113542723D-01  0.5553264146408492D-01  0.5746236645999284D-01
  0.5867844346765605D-01  0.5918635779708573D-01  0.5900272873286859D-01
  0.5815521709814030D-01  0.5668218418830932D-01  0.5463209849777466D-01
  0.5206269399669373D-01  0.4903989151236686D-01  0.4563650270731999D-01
  0.4193074385716785D-01  0.3800459373929500D-01  0.3394203609500039D-01
  0.2982723201865724D-01  0.2574267102650833D-01  0.2176735131548151D-01
  0.1797503978000076D-01  0.1443266073474958D-01  0.1119885908905037D-01
  0.8322779082986589D-02  0.5843093809573300D-02  0.3787313808778281D-02
  0.2171395223600877D-02  0.9996595400958287D-03  0.2650279638187574D-03
 -0.5043581845397231D-04  0.2530979769175240D-04  0.4553873319718741D-03
  0.1195336589457660D-02  0.2194641816686924D-02  0.3398399778382715D-02
  0.4749073240195167D-02  0.6188270881099441D-02  0.7658493841202640D-02
  0.9104791244591084D-02  0.1047627200522013D-01  0.1172742755094982D-01
  0.1281922890381894D-01  0.1371997092036650D-01  0.1440584576952096D-01
  0.1486123674447476D-01  0.1507873250030395D-01  0.1505887108550866D-01
  0.1480963272876877D-01  0.1434570986971350D-01  0.1368759165587592D-01
  0.1286050723738270D-01  0.1189327693635507D-01  0.1081712229924026D-01
  0.9664485000997052D-02  0.8467900743245264D-02  0.7258968100224081D-02
  0.6067444334102845D-02  0.4920491235954002D-02  0.3842084770186804D-02
  0.2852593367554542D-02  0.1968521663828729D-02  0.1202409706025179D-02
  0.5628723706575193D-03  0.5476002973501864D-04 -0.3205806997064451D-03
 -0.5649681356406327D-03 -0.6829903715220907D-03 -0.6815743374282638D-03
 -0.5695378363565369D-03 -0.3571410740924027D-03 -0.5565173732392417D-04
  0.3230648969222409D-03  0.7669218972167309D-03  0.1263946225771510D-02
  0.1802569833284301D-02  0.2371874444902526D-02  0.2961790199702008D-02
  0.3563250090993082D-02  0.4168303671281272D-02  0.4770194688875003D-02
  0.5363408201393723D-02  0.5943693252667418D-02  0.6508067446206236D-02
  0.7054809750453452D-02  0.7583447712895120D-02  0.8094745021507274D-02
  0.8590695125695404D-02  0.9074526467188595D-02  0.9550724844856050D-02
  0.1002507857774363D-01  0.1050475247883150D-01  0.1099839727070661D-01
  0.1151630202170051D-01  0.1207059861192731D-01  0.1267552908644285D-01
  0.1334779038287926D-01
  0.0000000000000000D+00  0.1397953528848452D-06  0.1499780012925482D-06
  0.1609035012938047D-06  0.1726260389772234D-06  0.1852007075864863D-06
  0.1987059722690661D-06  0.2132015593080705D-06  0.2287816513467938D-06
  0.2455110336355081D-06  0.2634810293964621D-06  0.2827830240832321D-06
  0.3035156151752189D-06  0.3257857822072347D-06  0.3497081363060821D-06
  0.3754060339651809D-06  0.4030122373034016D-06  0.4326695570458990D-06
  0.4645316635173920D-06  0.4987639190092099D-06  0.5355442753313771D-06
  0.5750642489740167D-06  0.6175299699568245D-06  0.6631633137285693D-06
  0.7122031228948483D-06  0.7649065253798035D-06  0.8215503570525177D-06
  0.8824326972207802D-06  0.9478745260673274D-06  0.1018221513903269D-05
  0.1093845952901637D-05  0.1175148842851295D-05  0.1262562143423401D-05
  0.1356551206468601D-05  0.1457617402975764D-05  0.1566300960527831D-05
  0.1683184028394493D-05  0.1808893988813375D-05  0.1944107034540155D-05
  0.2089552034402926D-05  0.2246014710387570D-05  0.2414342151719898D-05
  0.2595447693509277D-05  0.2790316189789653D-05  0.3000009713252023D-05
  0.3225673716621858D-05  0.3468543693512699D-05  0.3729952379699736D-05
  0.4011337539124272D-05  0.4314250382581178D-05  0.4640364670978896D-05
  0.4991486559318373D-05  0.5369565242138948D-05  0.5776704466151920D-05
  0.6215174981156606D-05  0.6687428006138364D-05  0.7196109793718149D-05
  0.7744077382893422D-05  0.8334415637319084D-05  0.8970455674265047D-05
  0.9655794797897805D-05  0.1039431805971352D-04  0.1119022157884859D-04
  0.1204803776566406D-04  0.1297266260349752D-04  0.1396938515586219D-04
  0.1504391947970702D-04  0.1620243913970647D-04  0.1745161453398933D-04
  0.1879865325832303D-04  0.2025134375361829D-04  0.2181810250079467D-04
  0.2350802504763793D-04  0.2533094117437598D-04  0.2729747452839970D-04
  0.2941910708395727D-04  0.3170824880986012D-04  0.3417831295736703D-04
  0.3684379741156776D-04  0.3972037258288775D-04  0.4282497635090097D-04
  0.4617591661058479D-04  0.4979298201160804D-04  0.5369756152433014D-04
  0.5791277351203167D-04  0.6246360503761846D-04  0.6737706218476046D-04
  0.7268233222825724D-04  0.7841095854648558D-04  0.8459702923016475D-04
  0.9127738040647788D-04  0.9849181536588709D-04  0.1062833406508312D-03
  0.1146984203409420D-03  0.1237872498484757D-03  0.1336040506202988D-03
  0.1442073872289749D-03  0.1556605084251248D-03  0.1680317138161929D-03
  0.1813947479327970D-03  0.1958292235427440D-03  0.2114210761741792D-03
  0.2282630519128045D-03  0.2464552306431123D-03  0.2661055870094942D-03
  0.2873305914791277D-03  0.3102558539938326D-03  0.3350168128015034D-03
  0.3617594711580705D-03  0.3906411846867187D-03  0.4218315022706175D-03
  0.4555130634368259D-03  0.4918825552600132D-03  0.5311517318727527D-03
  0.5735484997115491D-03  0.6193180716511461D-03  0.6687241931805166D-03
  0.7220504437481078D-03  0.7796016163469350D-03  0.8417051783168241D-03
  0.9087128162060033D-03  0.9810020673509962D-03  0.1058978040595618D-02
  0.1143075228269190D-02  0.1233759411172645D-02  0.1331529657870038D-02
  0.1436920419042136D-02  0.1550503717017660D-02  0.1672891429845123D-02
  0.1804737668391163D-02  0.1946741243937238D-02  0.2099648222580914D-02
  0.2264254561416072D-02  0.2441408819952308D-02  0.2632014938521388D-02
  0.2837035073490046D-02  0.3057492476936959D-02  0.3294474406038197D-02
  0.3549135044722504D-02  0.3822698417186367D-02  0.4116461269581611D-02
  0.4431795892587135D-02  0.4770152853636303D-02  0.5133063603276171D-02
  0.5522142915473011D-02  0.5939091116639748D-02  0.6385696052738874D-02
  0.6863834738007521D-02  0.7375474622662169D-02  0.7922674410380167D-02
  0.8507584349439642D-02  0.9132445914156384D-02  0.9799590785721379D-02
  0.1051143903376662D-01  0.1127049639202956D-01  0.1207935051342990D-01
  0.1294066608180866D-01  0.1385717864962714D-01  0.1483168706321730D-01
  0.1586704432987861D-01  0.1696614677441287D-01  0.1813192132679885D-01
  0.1936731077786905D-01  0.2067525683634614D-01  0.2205868081872890D-01
  0.2352046180363375D-01  0.2506341208467000D-01  0.2669024976117104D-01
  0.2840356831455377D-01  0.3020580303021362D-01  0.3209919414117855D-01
  0.3408574659075750D-01  0.3616718633767267D-01  0.3834491315918830D-01
  0.4061994994609155D-01  0.4299288852855871D-01  0.4546383212444709D-01
  0.4803233456183786D-01  0.5069733649609891D-01  0.5345709891863626D-01
  0.5630913434004866D-01  0.5925013612465716D-01  0.6227590655623851D-01
  0.6538128432598252D-01  0.6856007225270480D-01  0.7180496617143801D-01
  0.7510748605866113D-01  0.7845791059924252D-01  0.8184521653993299D-01
  0.8525702431477676D-01  0.8867955156644426D-01  0.9209757632101027D-01
  0.9549441169826837D-01  0.9885189415076916D-01  0.1021503873171746D+00
  0.1053688036435351D+00  0.1084846459627090D+00  0.1114740712213556D+00
  0.1143119784971997D+00  0.1169721233506175D+00  0.1194272603958687D+00
  0.1216493157526188D+00  0.1236095907417364D+00  0.1252789978161691D+00
  0.1266283292647020D+00  0.1276285586918910D+00  0.1282511746615505D+00
  0.1284685451960154D+00  0.1282543110533715D+00  0.1275838048668345D+00
  0.1264344923340316D+00  0.1247864307015022D+00  0.1226227388168506D+00
  0.1199300720362945D+00  0.1166990943008082D+00  0.1129249387548766D+00
  0.1086076474063952D+00  0.1037525795458928D+00  0.9837077799213441D-01
  0.9247928174575000D-01  0.8610137335104592D-01  0.7926674922783310D-01
  0.7201160147914024D-01  0.6437860024496611D-01  0.5641676659170636D-01
  0.4818122723147442D-01  0.3973284407775519D-01  0.3113771377589329D-01
  0.2246653489764399D-01  0.1379384344043277D-01  0.5197120586061501D-02
 -0.3244219710450150D-02 -0.1144995189878310D-01 -0.1934025343598585D-01
 -0.2683699355857561D-01 -0.3386507322976719D-01 -0.4035378985943294D-01
 -0.4623819747049727D-01 -0.5146043068434047D-01 -0.5597095933214893D-01
 -0.5972973975973791D-01 -0.6270722903655733D-01 -0.6488522936534888D-01
 -0.6625753206152782D-01 -0.6683033358436891D-01 -0.6662240032363978D-01
 -0.6566496418327435D-01 -0.6400133746355699D-01 -0.6168624300418667D-01
 -0.5878486383047925D-01 -0.5537162534842285D-01 -0.5152873209580507D-01
 -0.4734448976245832D-01 -0.4291145121765028D-01 -0.3832443222795192D-01
 -0.3367844807089376D-01 -0.2906662608744132D-01 -0.2457815120099349D-01
 -0.2029630149578914D-01 -0.1629662911871981D-01 -0.1264533815322196D-01
 -0.9397905880369943D-02 -0.6597987197057793D-02 -0.4276634127293719D-02
 -0.2451853560946206D-02 -0.1128516792905712D-02 -0.2986243083371191D-03
  0.5808124508018793D-04 -0.2682836216203070D-04 -0.5117124508515781D-03
 -0.1346370428394387D-02 -0.2473766183955825D-02 -0.3831911578264894D-02
 -0.5355846344353813D-02 -0.6979647806631063D-02 -0.8638402901983502D-02
 -0.1027007739550650D-01 -0.1181722279263960D-01 -0.1322846972180918D-01
 -0.1445976650069543D-01 -0.1547533217427887D-01 -0.1624830378496016D-01
 -0.1676106782053828D-01 -0.1700527594554153D-01 -0.1698155559882510D-01
 -0.1669893687517554D-01 -0.1617402786881285D-01 -0.1542998051934992D-01
 -0.1449529702888036D-01 -0.1340253227698598D-01 -0.1218694984032391D-01
 -0.1088518804869999D-01 -0.9533988186965442D-02 -0.8169029962948894D-02
 -0.6823910403245581D-02 -0.5529292214079373D-02 -0.4312237166305120D-02
 -0.3195729976181050D-02 -0.2198389065234202D-02 -0.1334352931592674D-02
 -0.6133249055391244D-03 -0.4075487366946054D-04  0.3818659287037257D-03
  0.6566219166325524D-03  0.7887264881298797D-03  0.7860349116326286D-03
  0.6585379521056518D-03  0.4178548958817750D-03  0.7674185387660576D-04
 -0.3513716798902858D-03 -0.8528079268679233D-03 -0.1414020303004524D-02
 -0.2021922674910321D-02 -0.2664166284551313D-02 -0.3329364512351326D-02
 -0.4007267663772074D-02 -0.4688891676397832D-02 -0.5366606002597565D-02
 -0.6034186913956431D-02 -0.6686843084503082D-02 -0.7321220588575378D-02
 -0.7935394452844831D-02 -0.8528853726511012D-02 -0.9102486769756201D-02
 -0.9658573213787214D-02 -0.1020078887665106D-01 -0.1073422990892049D-01
 -0.1126546263073979D-01 -0.1180260595691343D-01 -0.1235545406615957D-01
 -0.1293564812855064D-01 -0.1355690764829878D-01 -0.1423533425084035D-01
 -0.1498980510298380D-01
  0.0000000000000000D+00 -0.5681451122208791D-11 -0.6268522847644418D-11
 -0.6916315249797336D-11 -0.7631108882043971D-11 -0.8419640262606191D-11
 -0.9290658653128586D-11 -0.1025212846298591D-10 -0.1131503144688471D-10
 -0.1248887508673617D-10 -0.1378575579345165D-10 -0.1521854767735810D-10
 -0.1680150140068321D-10 -0.1855045806752786D-10 -0.2048289983273606D-10
 -0.2261817129591833D-10 -0.2497767808490858D-10 -0.2758510089674527D-10
 -0.3046664344666869D-10 -0.3365130324816812D-10 -0.3717117197894450D-10
 -0.4106176912951280D-10 -0.4536241169958532D-10 -0.5011662428210688D-10
 -0.5537259396722307D-10 -0.6118367498151296D-10 -0.6760894859678530D-10
 -0.7471384443150692D-10 -0.8257082996163618D-10 -0.9126017582634756D-10
 -0.1008708053664553D-09 -0.1115012377857844D-09 -0.1232606353858072D-09
 -0.1362699665052149D-09 -0.1506632971127399D-09 -0.1665892254688110D-09
 -0.1842124759071743D-09 -0.2037156696107910D-09 -0.2253012922889125D-09
 -0.2491938809284724D-09 -0.2756424543199319D-09 -0.3049232148756874D-09
 -0.3373425524019521D-09 -0.3732403839902218D-09 -0.4129938681043145D-09
 -0.4570215353004064D-09 -0.5057878828830638D-09 -0.5598084862285354D-09
 -0.6196556855630667D-09 -0.6859649137416506D-09 -0.7594417381132226D-09
 -0.8408696979726194D-09 -0.9311190284897367D-09 -0.1031156372485168D-08
 -0.1142055593116556D-08 -0.1265009813591552D-08 -0.1401344824590123D-08
 -0.1552534016336662D-08 -0.1720215010407442D-08 -0.1906208186610675D-08
 -0.2112537322879595D-08 -0.2341452591345293D-08 -0.2595456181911558D-08
 -0.2877330856075466D-08 -0.3190171768805594D-08 -0.3537421935423995D-08
 -0.3922911764109772D-08 -0.4350903123374323D-08 -0.4826138468233746D-08
 -0.5353895609473968D-08 -0.5940048778091277D-08 -0.6591136712500201D-08
 -0.7314438580331714D-08 -0.8118058640592306D-08 -0.9011020656730990D-08
 -0.1000337318800150D-07 -0.1110630701678417D-07 -0.1233228611477041D-07
 -0.1369519371281349D-07 -0.1521049521968950D-07 -0.1689541993609027D-07
 -0.1876916373420314D-07 -0.2085311512279925D-07 -0.2317110739570834D-07
 -0.2574969987107019D-07 -0.2861849157333549D-07 -0.3181047109351772D-07
 -0.3536240678998567D-07 -0.3931528196688982D-07 -0.4371478019538886D-07
 -0.4861182653001500D-07 -0.5406319102519962D-07 -0.6013216168226623D-07
 -0.6688929476289798D-07 -0.7441325129983516D-07 -0.8279172962880150D-07
 -0.9212250486789779D-07 -0.1025145874933441D-06 -0.1140895145161720D-06
 -0.1269827882670488D-06 -0.1413454794610721D-06 -0.1573460130576862D-06
 -0.1751721574710215D-06 -0.1950332399428427D-06 -0.2171626133855460D-06
 -0.2418204027598895D-06 -0.2692965620971530D-06 -0.2999142766360741D-06
 -0.3340337482515320D-06 -0.3720564064374879D-06 -0.4144295916064071D-06
 -0.4616517624199735D-06 -0.5142782843121560D-06 -0.5729278623503113D-06
 -0.6382896881502796D-06 -0.7111313777680451D-06 -0.7923077853877147D-06
 -0.8827707862705403D-06 -0.9835801318833360D-06 -0.1095915490450551D-05
 -0.1221089797440216D-05 -0.1360564052769120D-05 -0.1515963714870132D-05
 -0.1689096856279240D-05 -0.1881974261147735D-05 -0.2096831662143902D-05
 -0.2336154332655566D-05 -0.2602704270116904D-05 -0.2899550227733354D-05
 -0.3230100874938662D-05 -0.3598141391650832D-05 -0.4007873827857220D-05
 -0.4463961588297182D-05 -0.4971578432055645D-05 -0.5536462408748379D-05
 -0.6164975186659053D-05 -0.6864167263650098D-05 -0.7641849588842363D-05
 -0.8506672161845217D-05 -0.9468210216562924D-05 -0.1053705863810884D-04
 -0.1172493530385602D-04 -0.1304479408280804D-04 -0.1451094827086592D-04
 -0.1613920528268036D-04 -0.1794701346298898D-04 -0.1995362192090077D-04
 -0.2218025432861550D-04 -0.2465029766051182D-04 -0.2738950687819748D-04
 -0.3042622659056489D-04 -0.3379163073352991D-04 -0.3751998132008969D-04
 -0.4164890730551211D-04 -0.4621970459248579D-04 -0.5127765816424290D-04
 -0.5687238727702643D-04 -0.6305821456350584D-04 -0.6989455979216666D-04
 -0.7744635889034565D-04 -0.8578450866600788D-04 -0.9498633745093628D-04
 -0.1051361016305410D-03 -0.1163255077176863D-03 -0.1286542592639964D-03
 -0.1422306274761071D-03 -0.1571720439101247D-03 -0.1736057130488190D-03
 -0.1916692419165618D-03 -0.2115112831504808D-03 -0.2332921871168623D-03
 -0.2571846577338834D-03 -0.2833744056305459D-03 -0.3120607911331559D-03
 -0.3434574483220386D-03 -0.3777928800411533D-03 -0.4153110122723226D-03
 -0.4562716947068227D-03 -0.5009511326655822D-03 -0.5496422337439824D-03
 -0.6026548507009409D-03 -0.6603159001914174D-03 -0.7229693349791276D-03
 -0.7909759452898134D-03 -0.8647129630097115D-03 -0.9445734405411954D-03
 -0.1030965374347936D-02 -0.1124310541615697D-02 -0.1225043017090816D-02
 -0.1333607336116758D-02 -0.1450456269259653D-02 -0.1576048173796767D-02
 -0.1710843887846522D-02 -0.1855303134160770D-02 -0.2009880402700751D-02
 -0.2175020284202553D-02 -0.2351152231116549D-02 -0.2538684727710308D-02
 -0.2737998857833999D-02 -0.2949441266977949D-02 -0.3173316524852121D-02
 -0.3409878905852752D-02 -0.3659323617470673D-02 -0.3921777520939873D-02
 -0.4197289404189266D-02 -0.4485819884372713D-02 -0.4787231035799489D-02
 -0.5101275858804292D-02 -0.5427587725765394D-02 -0.5765669961818928D-02
 -0.6114885739480184D-02 -0.6474448487944339D-02 -0.6843413038800909D-02
 -0.7220667749674416D-02 -0.7604927865229337D-02 -0.7994730390298962D-02
 -0.8388430761772665D-02 -0.8784201613386935D-02 -0.9180033929720584D-02
 -0.9573740881442467D-02 -0.9962964622121206D-02 -0.1034518630658929D-01
 -0.1071773956091738D-01 -0.1107782759354811D-01 -0.1142254408529018D-01
 -0.1174889793216886D-01 -0.1205384183942104D-01 -0.1233430467754799D-01
 -0.1258722741323157D-01 -0.1280960232073494D-01 -0.1299851506559046D-01
 -0.1315118913520812D-01 -0.1326503197457279D-01 -0.1333768207409082D-01
 -0.1336705615585170D-01 -0.1335139551885539D-01 -0.1328931053718927D-01
 -0.1317982226053536D-01 -0.1302240004508854D-01 -0.1281699414441340D-01
 -0.1256406221424932D-01 -0.1226458873000024D-01 -0.1192009638448976D-01
 -0.1153264862756617D-01 -0.1110484263418943D-01 -0.1063979215242833D-01
 -0.1014109988741090D-01 -0.9612819327926896D-02 -0.9059406210187654D-02
 -0.8485660130672272D-02 -0.7896657150875119D-02 -0.7297674563422222D-02
 -0.6694109292695027D-02 -0.6091391666178336D-02 -0.5494896500640617D-02
 -0.4909853589118483D-02 -0.4341259744533536D-02 -0.3793794551896027D-02
 -0.3271741906478737D-02 -0.2778919276399493D-02 -0.2318616433924046D-02
 -0.1893545161093863D-02 -0.1505801162835090D-02 -0.1156839124536814D-02
 -0.8474615394116188D-03 -0.5778216097435314D-03 -0.3474401990390874D-03
 -0.1552364809374197D-03  0.4284035837821832D-06  0.1216957053056534D-03
  0.2111428013880519D-03  0.2717079909303443D-03  0.3066083429522015D-03
  0.3192528561738955D-03  0.3131533988182918D-03  0.2918360172551798D-03
  0.2587552155517225D-03  0.2172136927305175D-03  0.1702897867792016D-03
  0.1207745319882388D-03  0.7111982825544151D-04  0.2339878847144664D-04
 -0.2072109705191932D-04 -0.5999175120361328D-04 -0.9358542793242423D-04
 -0.1210833270827192D-03 -0.1424528705491751D-03 -0.1580149814072495D-03
 -0.1684030425352357D-03 -0.1745154749726694D-03 -0.1774640445961137D-03
 -0.1785200635782933D-03 -0.1790605973600479D-03 -0.1805166266107217D-03
 -0.1843248645167532D-03 -0.1918846168202192D-03 -0.2045207224947643D-03
 -0.2234532538574581D-03 -0.2497743104153815D-03 -0.2844319301480507D-03
 -0.3282208786069933D-03 -0.3817798674096461D-03 -0.4455946010043375D-03
 -0.5200059514238183D-03 -0.6052225085022541D-03 -0.7013367394561830D-03
 -0.8083440137809050D-03 -0.9261637890515747D-03 -0.1054662321668350D-02
 -0.1193676342522723D-02 -0.1343037234850650D-02 -0.1502595361201286D-02
 -0.1672244314088180D-02 -0.1851945008053082D-02 -0.2041749693058423D-02
 -0.2241826141847787D-02 -0.2452482450709014D-02 -0.2674193080025819D-02
 -0.2907626954974410D-02 -0.3153678637105529D-02 -0.3413503778987509D-02
 -0.3688560291515084D-02 -0.3980656908503521D-02 -0.4292011144420562D-02
 -0.4625319040384059D-02 -0.4983839600864116D-02 -0.5371497479766156D-02
 -0.5793008309878492D-02 -0.6254032127855083D-02 -0.6761361689809784D-02
 -0.7323154162340190D-02 -0.7949216828356318D-02 -0.8651360029869420D-02
 -0.9443834457650780D-02
  0.0000000000000000D+00  0.1050996503410638D-10  0.1159584218934604D-10
  0.1279401817417476D-10  0.1411610714962683D-10  0.1557456625468538D-10
  0.1718557072604554D-10  0.1896385251334792D-10  0.2092971318428151D-10
  0.2310073761383796D-10  0.2549929258694710D-10  0.2814918305213260D-10
  0.3107676064038539D-10  0.3431131628983787D-10  0.3788517538195673D-10
  0.4183410682541420D-10  0.4619768987882509D-10  0.5101971009836170D-10
  0.5634861765330209D-10  0.6223802789036257D-10  0.6874727664382963D-10
  0.7594203702799068D-10  0.8389500287651600D-10  0.9268664684441358D-10
  0.1024060613562598D-09  0.1131518914933437D-09  0.1250333700481756D-09
  0.1381714660639073D-09  0.1527001594600183D-09  0.1687678557655236D-09
  0.1865389565566288D-09  0.2061956029564390D-09  0.2279396115136852D-09
  0.2519946239611715D-09  0.2786084947884025D-09  0.3080559432750413D-09
  0.3406414996551390D-09  0.3767027784521495D-09  0.4166141157819885D-09
  0.4607906116104806D-09  0.5096926226227092D-09  0.5638307565708128D-09
  0.6237714247762544D-09  0.6901430159420397D-09  0.7636427616578751D-09
  0.8450443720435325D-09  0.9352065289698774D-09  0.1035082334331561D-08
  0.1145729822041080D-08  0.1268323654906125D-08  0.1404168141491356D-08
  0.1554711723620660D-08  0.1721563102534521D-08  0.1906509191088498D-08
  0.2111535100998773D-08  0.2338846398268447D-08  0.2590893886857736D-08
  0.2870401210716330D-08  0.3180395597841111D-08  0.3524242107462018D-08
  0.3905681783245767D-08  0.4328874162044621D-08  0.4798444639769792D-08
  0.5319537254061132D-08  0.5897873508258283D-08  0.6539817933531296D-08
  0.7252451166770287D-08  0.8043651411933239D-08  0.8922185253084984D-08
  0.9897808899533803D-08  0.1098138106862050D-07  0.1218498885132860D-07
  0.1352208806162551D-07  0.1500765974415407D-07  0.1665838470862890D-07
  0.1849283817533695D-07  0.2053170685703476D-07  0.2279803107109823D-07
  0.2531747477515935D-07  0.2811862675312885D-07  0.3123333655034035D-07
  0.3469708917084212D-07  0.3854942301138095D-07  0.4283439602064999D-07
  0.4760110564476869D-07  0.5290426875722846D-07  0.5880486848084660D-07
  0.6537087559859568D-07  0.7267805312833795D-07  0.8081085361317675D-07
  0.8986341976518065D-07  0.9994070030745834D-07  0.1111596942011064D-06
  0.1236508379339055D-06  0.1375595522027058D-06  0.1530479661588129D-06
  0.1702968394246959D-06  0.1895077043521705D-06  0.2109052535003249D-06
  0.2347400000913127D-06  0.2612912422820157D-06  0.2908703655000322D-06
  0.3238245208673508D-06  0.3605407219109953D-06  0.4014504063772873D-06
  0.4470345150685490D-06  0.4978291452561938D-06  0.5544318424435036D-06
  0.6175086011114991D-06  0.6878016526429522D-06  0.7661381269483317D-06
  0.8534396834849076D-06  0.9507332174420675D-06  0.1059162757944979D-05
  0.1180002687292771D-05  0.1314672423590538D-05  0.1464752723757028D-05
  0.1632003779898413D-05  0.1818385299545703D-05  0.2026078779377864D-05
  0.2257512202919348D-05  0.2515387415439554D-05  0.2802710454027373D-05
  0.3122825137706388D-05  0.3479450251636506D-05  0.3876720691061641D-05
  0.4319232964852828D-05  0.4812095495406962D-05  0.5360984191429627D-05
  0.5972203812889286D-05  0.6652755693298923D-05  0.7410412433568444D-05
  0.8253800234060982D-05  0.9192489587240424D-05  0.1023709511244876D-04
  0.1139938537688216D-04  0.1269240361269570D-04  0.1413060030922775D-04
  0.1572997873142282D-04  0.1750825449035990D-04  0.1948503036900636D-04
  0.2168198768542151D-04  0.2412309555601693D-04  0.2683483950237424D-04
  0.2984647092557411D-04  0.3319027905086133D-04  0.3690188702138624D-04
  0.4102057389109166D-04  0.4558962433163320D-04  0.5065670792431295D-04
  0.5627428995274465D-04  0.6250007564239983D-04  0.6939748980587218D-04
  0.7703619384376371D-04  0.8549264201614682D-04  0.9485067883367451D-04
  0.1052021793150417D-03  0.1166477337125869D-03  0.1292973781135264D-03
  0.1432713720733041D-03  0.1587010241216392D-03  0.1757295655924359D-03
  0.1945130727562428D-03  0.2152214366685409D-03  0.2380393794781165D-03
  0.2631675151561514D-03  0.2908234516969414D-03  0.3212429307937674D-03
  0.3546809997965508D-03  0.3914132094001303D-03  0.4317368289821531D-03
  0.4759720697972855D-03  0.5244633043308540D-03  0.5775802680122320D-03
  0.6357192271813074D-03  0.6993040946871332D-03  0.7687874717775866D-03
  0.8446515920170676D-03  0.9274091398560714D-03  0.1017603913187815D-02
  0.1115811295785641D-02  0.1222638501951967D-02  0.1338724552065361D-02
  0.1464739934038233D-02  0.1601385902057156D-02  0.1749393360448538D-02
  0.1909521277186405D-02  0.2082554568547067D-02  0.2269301393844172D-02
  0.2470589797194830D-02  0.2687263632038421D-02  0.2920177703839719D-02
  0.3170192067258085D-02  0.3438165416268822D-02  0.3724947509505429D-02
  0.4031370578683038D-02  0.4358239675570383D-02  0.4706321922842174D-02
  0.5076334646414910D-02  0.5468932381760015D-02  0.5884692764293527D-02
  0.6324101334381762D-02  0.6787535310818395D-02  0.7275246412821087D-02
  0.7787342839608980D-02  0.8323770548324814D-02  0.8884294005253774D-02
  0.9468476621668767D-02  0.1007566112380010D-01  0.1070495014587629D-01
  0.1135518737527548D-01  0.1202493961879317D-01  0.1271248019795277D-01
  0.1341577411809811D-01  0.1413246548948281D-01  0.1485986770732707D-01
  0.1559495692030595D-01  0.1633436933147138D-01  0.1707440288036861D-01
  0.1781102384814292D-01  0.1853987890675159D-01  0.1925631309697426D-01
  0.1995539416581716D-01  0.2063194362035958D-01  0.2128057476064449D-01
  0.2189573783788316D-01  0.2247177234572208D-01  0.2300296629217577D-01
  0.2348362211974696D-01  0.2390812874423129D-01  0.2427103897320782D-01
  0.2456715134926146D-01  0.2479159524802476D-01  0.2493991785573653D-01
  0.2500817146433472D-01  0.2499299936293378D-01  0.2489171848040221D-01
  0.2470239684983223D-01  0.2442392392442647D-01  0.2405607177459404D-01
  0.2359954523830090D-01  0.2305601917562636D-01  0.2242816110116601D-01
  0.2171963763625642D-01  0.2093510344795646D-01  0.2008017163973148D-01
  0.1916136493021393D-01  0.1818604741335726D-01  0.1716233721964196D-01
  0.1609900098025667D-01  0.1500533160473221D-01  0.1389101148475666D-01
  0.1276596379818486D-01  0.1164019507486279D-01  0.1052363257262529D-01
  0.9425960277344575D-02  0.8356457473856160D-02  0.7323843831477032D-02
  0.6336134814039573D-02  0.5400510971444694D-02  0.4523204314677400D-02
  0.3709404538778968D-02  0.2963187358768521D-02  0.2287466680925117D-02
  0.1683971761898416D-02  0.1153249922420628D-02  0.6946947881950340D-03
  0.3065994315000576D-03 -0.1376681514065773D-04 -0.2700597051851713D-03
 -0.4667420154764619D-03 -0.6089490903749358D-03 -0.7023415581783911D-03
 -0.7529492704796812D-03 -0.7670109002328650D-03 -0.7508138662406538D-03
 -0.7105392969936861D-03 -0.6521165608375240D-03 -0.5810914789266031D-03
 -0.5025117261684418D-03 -0.4208321809839163D-03 -0.3398421823719659D-03
 -0.2626158537855975D-03 -0.1914858868470863D-03 -0.1280404426019158D-03
 -0.7314211170542312D-04 -0.2696717647236394D-04  0.1093724221422508D-04
  0.4158115163594202D-04  0.6644822230388514D-04  0.8740463574570226D-04
  0.1066040870287153D-03  0.1263926836747339D-03  0.1492171982240165D-03
  0.1775396937081306D-03  0.2137609915528931D-03  0.2601548373249687D-03
  0.3188139884699041D-03  0.3916088419699686D-03  0.4801586724376564D-03
  0.5858150859520656D-03  0.7096569246133870D-03  0.8524955841466219D-03
  0.1014889527577867D-02  0.1197166680601710D-02  0.1399453364272224D-02
  0.1621708454411228D-02  0.1863761521286264D-02  0.2125353821418526D-02
  0.2406181145679981D-02  0.2705937702343170D-02  0.3024360413659936D-02
  0.3361273241231080D-02  0.3716631424063947D-02  0.4090565820750450D-02
  0.4483427876466802D-02  0.4895836093661656D-02  0.5328725244600705D-02
  0.5783399938516932D-02  0.6261594525119650D-02  0.6765541709349534D-02
  0.7298052679599873D-02  0.7862612056319041D-02  0.8463491587011967D-02
  0.9105887310324240D-02  0.9796085925940343D-02  0.1054166742006002D-01
  0.1135175266926583D-01  0.1223730686820505D-01  0.1321151232607199D-01
  0.1429022758566542D-01  0.1549255418628519D-01  0.1684153767970144D-01
  0.1836503748427233D-01
