    1
  344
 -0.7026697332267353D+00  0.3312459441443262D+00 -0.3106610079035787D+00
  0.2519331495549403D+01 -0.1318066997610735D+01 -0.1317906002783306D+01
 -0.5170306001243881D+00  0.2685140206600683D+00  0.6156976850613809D+00
 -0.1154623999091283D+00  0.8504296361552508D+00 -0.5559816051244285D+00
  0.3803663540324411D+00 -0.2676071752254406D+00  0.7984752228464554D+00
 -0.1000436660940338D+00  0.8906868257667890D+00 -0.2745137067294037D+00
 -0.6638804288399865D+00 -0.9656811335419077D-01 -0.3495217083913599D+00
  0.2241642948014800D+00 -0.3196718110664461D+00  0.9866479458112634D-01
  0.9115502873445536D-01 -0.1648170401833830D+00 -0.3485322159783346D+00
  0.1065770328494842D+00 -0.2098330004081163D+00  0.2677965042225334D+00
  0.1402355131298017D+00  0.1446211360040869D+00  0.1144705011515502D+00
 -0.4490016941451893D-01  0.3222475047284712D+00 -0.1919846436690761D+00
  0.1294002273037096D+00 -0.2302753767260875D+00  0.6134361923239853D-01
 -0.1101665029162480D+00 -0.1196906958148730D-01  0.1645090281247958D+00
 -0.7407329173876575D-02  0.9122810295391609D-01  0.7468752655792479D-01
 -0.6932869794169716D-01 -0.5827525380224442D-01 -0.5937686771531840D-01
  0.7061272916849942D-01  0.9068412521985224D-01 -0.3366109245659141D-01
 -0.3953384495283433D-01 -0.1079861412007825D-01  0.1030035919396228D+00
 -0.5164612107707449D-01 -0.6345602310074720D-01  0.8138260073636636D-01
 -0.7477374849004978D-01 -0.6492425555742999D-01 -0.7826261555848286D-01
  0.2491453883735497D-01 -0.3648161294535090D-01  0.2489396899082400D-01
  0.1833166652380556D-01  0.4886440170652989D-02 -0.2758903696196257D-01
 -0.1336777854696049D-01  0.1688944644776665D-01  0.2770885850873715D-01
  0.6608313806748476D-02 -0.4699256551662575D-02 -0.6143611446555855D-02
  0.2305048670262392D-01  0.3074935462429009D-01 -0.3931939824267878D-02
  0.1713657166197429D-01  0.2706679444407426D-02 -0.3150442329318823D-01
 -0.1603548143121914D-01  0.2642467013931423D-01 -0.9975549955567481D-02
  0.6702488711935512D-02 -0.1272055582916892D-01  0.2352413203417673D-01
 -0.5827906113552670D-02 -0.6059157184244883D-02  0.7576267430108932D-02
 -0.4000165902008887D-02  0.2123162876642555D-01  0.2498462300918588D-02
  0.7452621915356308D-04  0.7218257490516302D-02 -0.1458334705293051D-01
 -0.1281948667410752D-01 -0.1548297360879368D-01  0.7931158412395816D-02
  0.5595183465101914D-02 -0.8780639502568499D-02  0.1223435520508313D-01
 -0.3422668395561769D-03  0.1483157223709760D-01 -0.1349474116646015D-01
 -0.5763415218852378D-02  0.4688556255137370D-03  0.1265827966645932D-01
 -0.7832994659203372D-02 -0.1532551777106170D-01  0.9854355764178932D-02
  0.6722222125342663D-02  0.7443689517953597D-02 -0.8088398342747515D-02
  0.1280667623500137D-02 -0.7272660972216797D-02 -0.9560680472325974D-02
  0.1440829477170624D-02 -0.6694334495407575D-03 -0.7106996153429331D-02
 -0.1135942817613238D-01  0.2503645104844255D-02 -0.7344946907258275D-02
  0.1020985623007201D-01  0.1359772058257844D-01 -0.2930204430597588D-02
 -0.4044768934049697D-02  0.2661222319766326D-02  0.2088740053249281D-02
 -0.1405071512835140D-02  0.1384845454048027D-01  0.2935371003970401D-03
 -0.1346268251995107D-01 -0.7792765660622761D-02  0.6746395585605609D-02
 -0.4395829639094002D-02 -0.1332710899346418D-01 -0.1293723635135511D-01
  0.5720245521667974D-02 -0.1423172090188611D-01 -0.7331880122723252D-02
  0.5098305127163198D-02  0.5973248741814113D-02  0.4842588358114547D-02
  0.4275817562852505D-02  0.6999852813129736D-03  0.6302445536650207D-02
  0.1969631957604847D-02  0.1262585941055219D-01  0.6656846590351928D-02
  0.9288564296779789D-02 -0.3367150024948459D-02  0.1015740918966237D-01
  0.1092368590763625D-01 -0.1874383748904823D-02  0.1317558701172039D-01
 -0.6138894676045711D-02  0.5837083448285214D-02 -0.8097055133642448D-02
  0.9236640936605024D-03  0.1158625275126910D-01 -0.2201572965391471D-02
 -0.2184655462747053D-02 -0.1221947994787646D-01 -0.1125591934157232D-01
  0.3306126397590908D-02 -0.5219936738977557D-02 -0.5383128627678887D-02
  0.1185202794233171D-01  0.1222969341250240D-01 -0.6276338997915118D-02
  0.3876653678689558D-03 -0.1141321530456124D-01  0.1063965365860788D-01
  0.1761465681692801D-02 -0.4024990164596522D-02 -0.5362039918414501D-02
  0.2988774656287967D-02 -0.9396743774234344D-02 -0.9415859988538784D-02
  0.5184274227606313D-02 -0.5735425572878027D-02 -0.1451840924193681D-02
  0.7819285150384367D-02  0.3536736967999737D-02 -0.1335264858193981D-02
 -0.4092837142117316D-03  0.1034278999841327D-01  0.4998479230287620D-02
  0.5811232349164803D-03 -0.1031223809130031D-01 -0.6783523493940534D-02
  0.9180176888660728D-02 -0.9219648152126551D-02 -0.8747598856532807D-02
 -0.4421962759435132D-02  0.5138170085985052D-02 -0.7274138139513308D-02
  0.8860226285402915D-02 -0.4664515282242112D-02 -0.2477738419455099D-02
 -0.1062585005363340D-02 -0.1284513631686273D-02  0.7188194633003674D-02
 -0.6994890112251948D-03  0.8172328291568198D-02  0.2275560806778613D-03
  0.7535097298557451D-02  0.7344630274902225D-03 -0.6956906349255181D-02
  0.3287733630124405D-02 -0.2577263270633469D-02  0.5299076181229352D-02
  0.2438809734792175D-02 -0.3881094617006084D-02 -0.1622028366371964D-02
 -0.1920184130735361D-02 -0.6398952895704984D-02  0.2911802371560484D-02
 -0.4100419306661596D-02 -0.1876321842479035D-02  0.1113756508611224D-02
  0.5705922751314528D-02 -0.2231763009674083D-02 -0.2047664489133236D-02
 -0.2783233008476695D-02  0.3029992361370281D-02 -0.4913642997445268D-02
 -0.5201077784542069D-02 -0.1897580175347716D-02 -0.2114070995598544D-02
 -0.2131974620039669D-02  0.3496482904245267D-02  0.1245081117361727D-02
  0.1793803664712036D-02  0.8609074694970644D-04  0.4113219584739900D-02
  0.1442159683454604D-02 -0.2498157688289462D-02  0.6208355296778833D-03
 -0.3682848502190797D-02  0.1058411204149369D-02  0.1577791182739054D-02
  0.9264363513079637D-03 -0.2481964502882989D-02 -0.2838291924320471D-02
  0.1754049739576509D-02  0.1703107268485720D-02  0.2065770127482963D-02
  0.2286858859605675D-02 -0.2971238346545349D-03  0.2897432213948019D-02
 -0.3054127459061166D-02  0.8842623011523435D-03  0.2291680084735304D-02
  0.1265038327677743D-02 -0.8128127308966764D-03 -0.2114089380552791D-02
 -0.2051372928066356D-02  0.1148092425937268D-02  0.9584029503505731D-03
 -0.1756019871288883D-02  0.2415897362483800D-03  0.1705904440702592D-02
  0.1644480474955465D-02 -0.1038760911330945D-02 -0.3362286264982094D-03
  0.3017488126220972D-03  0.6067852450566600D-03 -0.1802110555021487D-03
  0.4013458201036431D-03  0.1420912524698340D-03  0.5290352569188626D-03
  0.7976056455962226D-03  0.1797327304341153D-03  0.9678962574197273D-03
 -0.4377431409657134D-04 -0.5527050742051555D-03 -0.1994725992565378D-03
 -0.3409210046807759D-03  0.2591637624639988D-03  0.4180265413498191D-03
  0.1184287057350124D-03 -0.1368660399755981D-03 -0.1934627823887817D-04
 -0.1504533316306293D-03 -0.5204997323115113D-03 -0.4988777396694082D-04
 -0.2571122558387426D-05 -0.1182609283824153D-03  0.1392949539313631D-03
  0.5980554269619015D-03  0.1007023140477578D-02 -0.2159407953687658D-03
  0.2824176727226710D-03  0.5128991205667365D-03  0.4842893887204196D-03
 -0.2827119914732181D-03  0.4640099095709380D-04  0.7671983984506468D-03
 -0.7668194525778560D-04 -0.1312155374565621D-03  0.1070181716750795D-02
 -0.9693520290484704D-03 -0.5806457599359066D-03  0.5013320923458885D-03
 -0.1558824259753827D-04  0.1825540439090238D-03  0.2598583985480345D-03
 -0.8723334318515859D-03  0.1161978014857721D-02  0.1310031542161946D-02
 -0.6186637449696811D-03  0.1096403190885089D-02 -0.6714542934751101D-03
 -0.6748108027810467D-03 -0.1225391432664905D-02  0.2526014164572006D-03
 -0.1592312208608295D-02  0.6610813815920860D-03  0.4166816825311303D-03
  0.3271715872781997D-03 -0.2101556633093147D-02 -0.2548208418527656D-03
 -0.5384611889479842D-03  0.1483912765627489D-02 -0.1527576201874941D-02
  0.6824192823263660D-03  0.7400920065384341D-03  0.1764538836222531D-02
  0.2103163382047862D-02 -0.1131127023410301D-02 -0.6313134636845462D-03
  0.1061042428507308D-02  0.9820107154253177D-03 -0.1756054908508933D-02
  0.1583398512908195D-02  0.7619716417038582D-03  0.1179488618687138D-02
 -0.6858627899112588D-03  0.2119245047394123D-03 -0.2341866193176297D-02
 -0.2079273389707112D-02 -0.1287430360786073D-02 -0.2950498272425956D-03
 -0.1857406703932931D-03 -0.1192621224365166D-02
    7
    1    1  333
  0.0000000000000000D+00 -0.4141018493990727D+07 -0.4017943108226534D+07
 -0.3898523380070169D+07 -0.3782650726144475D+07 -0.3670219788303700D+07
 -0.3561128337921129D+07 -0.3455277182683846D+07 -0.3352570076723188D+07
 -0.3252913632803071D+07 -0.3156217237621778D+07 -0.3062392969320877D+07
 -0.2971355517570690D+07 -0.2883022105995822D+07 -0.2797312416909091D+07
 -0.2714148518282080D+07 -0.2633454792884242D+07 -0.2555157869526882D+07
 -0.2479186556349399D+07 -0.2405471776087105D+07 -0.2333946503261791D+07
 -0.2264545703237885D+07 -0.2197206273088848D+07 -0.2131866984219993D+07
 -0.2068468426695582D+07 -0.2006952955219558D+07 -0.1947264636720816D+07
 -0.1889349199495356D+07 -0.1833153983859032D+07 -0.1778627894266098D+07
 -0.1725721352849949D+07 -0.1674386254343862D+07 -0.1624575922340701D+07
 -0.1576245066851866D+07 -0.1529349743126862D+07 -0.1483847311696049D+07
 -0.1439696399600255D+07 -0.1396856862771986D+07 -0.1355289749534033D+07
 -0.1314957265182292D+07 -0.1275822737620586D+07 -0.1237850584016242D+07
 -0.1201006278446116D+07 -0.1165256320503635D+07 -0.1130568204838321D+07
 -0.1096910391600093D+07 -0.1064252277761480D+07 -0.1032564169291671D+07
 -0.1001817254157097D+07 -0.9719835761239872D+06 -0.9430360093391133D+06
 -0.9149482336655583D+06 -0.8876947107511370D+06 -0.8612506608076638D+06
 -0.8355920400799912D+06 -0.8106955189843040D+06 -0.7865384608958188D+06
 -0.7630989015665705D+06 -0.7403555291546066D+06 -0.7182876648464038D+06
 -0.6968752440549033D+06 -0.6760987981760619D+06 -0.6559394368873399D+06
 -0.6363788309720242D+06 -0.6173991956537693D+06 -0.5989832744262129D+06
 -0.5811143233629534D+06 -0.5637760958936323D+06 -0.5469528280322724D+06
 -0.5306292240444453D+06 -0.5147904425402395D+06 -0.4994220829803770D+06
 -0.4845101725832170D+06 -0.4700411536207387D+06 -0.4560018710919524D+06
 -0.4423795607625355D+06 -0.4291618375598103D+06 -0.4163366843125222D+06
 -0.4038924408251749D+06 -0.3918177932769848D+06 -0.3801017639358243D+06
 -0.3687337011777951D+06 -0.3577032698033573D+06 -0.3470004416412099D+06
 -0.3366154864313799D+06 -0.3265389629792236D+06 -0.3167617105723072D+06
 -0.3072748406523446D+06 -0.2980697287346357D+06 -0.2891380065676455D+06
 -0.2804715545255932D+06 -0.2720624942271358D+06 -0.2639031813734305D+06
 -0.2559861987990559D+06 -0.2483043497294770D+06 -0.2408506512389108D+06
 -0.2336183279026465D+06 -0.2266008056380361D+06 -0.2197917057285550D+06
 -0.2131848390254859D+06 -0.2067742003219520D+06 -0.2005539628941710D+06
 -0.1945184732049591D+06 -0.1886622457646576D+06 -0.1829799581448001D+06
 -0.1774664461399718D+06 -0.1721166990734497D+06 -0.1669258552423405D+06
 -0.1618891974980597D+06 -0.1570021489581157D+06 -0.1522602688452821D+06
 -0.1476592484503551D+06 -0.1431949072148077D+06 -0.1388631889297501D+06
 -0.1346601580477240D+06 -0.1305819961039491D+06 -0.1266249982437404D+06
 -0.1227855698529154D+06 -0.1190602232880941D+06 -0.1154455747038927D+06
 -0.1119383409740908D+06 -0.1085353367039447D+06 -0.1052334713308918D+06
 -0.1020297463109791D+06 -0.9892125238842091D+05 -0.9590516694576580D+05
 -0.9297875143223042D+05 -0.9013934886782202D+05 -0.8738438142094645D+05
 -0.8471134805726187D+05 -0.8211782225760681D+05 -0.7960144980289288D+05
 -0.7715994662391793D+05 -0.7479109671411314D+05 -0.7249275010330256D+05
 -0.7026282089060792D+05 -0.6809928533469318D+05 -0.6600017999959842D+05
 -0.6396359995447068D+05 -0.6198769702555433D+05 -0.6007067809885956D+05
 -0.5821080347198174D+05 -0.5640638525360059D+05 -0.5465578580924054D+05
 -0.5295741625192986D+05 -0.5130973497644978D+05 -0.4971124623591815D+05
 -0.4816049875950837D+05 -0.4665608441015741D+05 -0.4519663688117119D+05
 -0.4378083043069155D+05 -0.4240737865304174D+05 -0.4107503328602314D+05
 -0.3978258305328965D+05 -0.3852885254097916D+05 -0.3731270110783626D+05
 -0.3613302182811006D+05 -0.3498874046656325D+05 -0.3387881448497571D+05
 -0.3280223207957263D+05 -0.3175801124884867D+05 -0.3074519889129902D+05
 -0.2976286993260001D+05 -0.2881012648180900D+05 -0.2788609701617096D+05
 -0.2698993559412879D+05 -0.2612082109612997D+05 -0.2527795649280672D+05
 -0.2446056814007241D+05 -0.2366790510062507D+05 -0.2289923849127381D+05
 -0.2215386085540369D+05 -0.2143108555976560D+05 -0.2073024621461735D+05
 -0.2005069611604653D+05 -0.1939180770907644D+05 -0.1875297206989118D+05
 -0.1813359840521981D+05 -0.1753311356660250D+05 -0.1695096157693286D+05
 -0.1638660316635858D+05 -0.1583951531435268D+05 -0.1530919079458788D+05
 -0.1479513771920626D+05 -0.1429687907924340D+05 -0.1381395227840594D+05
 -0.1334590865818086D+05 -0.1289231301342280D+05 -0.1245274309913309D+05
 -0.1202678913107230D+05 -0.1161405328501706D+05 -0.1121414920168072D+05
 -0.1082670150627953D+05 -0.1045134535340253D+05 -0.1008772600643809D+05
 -0.9735498464746261D+04 -0.9394327143270915D+04 -0.9063885610794830D+04
 -0.8743856386750374D+04 -0.8433930792105255D+04 -0.8133808845325879D+04
 -0.7843199190746847D+04 -0.7561819044334028D+04 -0.7289394141088062D+04
 -0.7025658669193541D+04 -0.6770355178239703D+04 -0.6523234452019913D+04
 -0.6284055340092709D+04 -0.6052584546013759D+04 -0.5828596373570836D+04
 -0.5611872435238743D+04 -0.5402201329301804D+04 -0.5199378293653435D+04
 -0.5003204845225972D+04 -0.4813488414419390D+04 -0.4630041983884194D+04
 -0.4452683740663894D+04 -0.4281236750090667D+04 -0.4115528659006720D+04
 -0.3955391434883069D+04 -0.3800661146237994D+04 -0.3651177788412891D+04
 -0.3506785157225591D+04 -0.3367330771263427D+04 -0.3232665841570621D+04
 -0.3102645285199745D+04 -0.2977127776523424D+04 -0.2855975827359068D+04
 -0.2739055883924445D+04 -0.2626238425589569D+04 -0.2517398047638224D+04
 -0.2412413508310158D+04 -0.2311167719990704D+04 -0.2213547666460555D+04
 -0.2119444233562846D+04 -0.2028751950155463D+04 -0.1941368649697150D+04
 -0.1857195078436303D+04 -0.1776134494192954D+04 -0.1698092304624216D+04
 -0.1622975802342595D+04 -0.1550694038241953D+04 -0.1481157850050933D+04
 -0.1414280040321216D+04 -0.1349975657429977D+04 -0.1288162321053722D+04
 -0.1228760523156127D+04 -0.1171693843841963D+04 -0.1116889039854464D+04
 -0.1064275986753513D+04 -0.1013787478260405D+04 -0.9653589039213298D+03
 -0.9189278377115586D+03 -0.8744335752216450D+03 -0.8318166577082544D+03
 -0.7910184178521752D+03 -0.7519805772863726D+03 -0.7146449198773923D+03
 -0.6789530584694181D+03 -0.6448463067743586D+03 -0.6122656622601103D+03
 -0.5811519005449838D+03 -0.5514457768115134D+03 -0.5230883250845901D+03
 -0.4960212417456316D+03 -0.4701873351796331D+03 -0.4455310186898588D+03
 -0.4219988183990915D+03 -0.3995398614155890D+03 -0.3781063019229280D+03
 -0.3576536345948380D+03 -0.3381408344377385D+03 -0.3195302820279038D+03
 -0.3017873926298532D+03 -0.2848799778103446D+03 -0.2687773686422981D+03
 -0.2534494462599158D+03 -0.2388657877729807D+03 -0.2249951557494751D+03
 -0.2118054863424824D+03 -0.1992643803408513D+03 -0.1873399386731244D+03
 -0.1760016891249479D+03 -0.1652213613248809D+03 -0.1549733580808108D+03
 -0.1452348835435817D+03 -0.1359857767287343D+03 -0.1272081404585524D+03
 -0.1188858629489360D+03 -0.1110041121531195D+03 -0.1035488604899696D+03
 -0.9650647536689837D+02 -0.8986339317706992D+02 -0.8360588211359212D+02
 -0.7771989072116156D+02 -0.7219097402345960D+02 -0.6700428614381295D+02
 -0.6214462694861534D+02 -0.5759652988991419D+02 -0.5334437857863909D+02
 -0.4937254046018414D+02 -0.4566550734212957D+02 -0.4220803250499527D+02
 -0.3898525812678395D+02 -0.3598283037648896D+02 -0.3318698713570633D+02
 -0.3058462667452904D+02 -0.2816335026568370D+02 -0.2591147989166607D+02
 -0.2381805247209854D+02 -0.2187279390607630D+02 -0.2006607678367752D+02
 -0.1838886820760801D+02 -0.1683267326683900D+02 -0.1538948135188059D+02
 -0.1405172053919542D+02 -0.1281222506268018D+02 -0.1166421720708889D+02
 -0.1060130342290628D+02 -0.9617481812094608D+01 -0.8707156587999105D+01
 -0.7865154583808031D+01 -0.7086739810533313D+01 -0.6367622684413997D+01
 -0.5703962558864917D+01 -0.5092363390252611D+01 -0.4529863191255812D+01
 -0.4013918655710934D+01 -0.3542385958525097D+01 -0.3113498585502782D+01
 -0.2725841953850340D+01 -0.2378330121762678D+01 -0.2070166014732240D+01
 -0.1800834721144003D+01
    1    1  333
  0.0000000000000000D+00  0.3841610673026426D-04  0.3931547977099919D-04
  0.4023649473006788D-04  0.4117968323192966D-04  0.4214543525645171D-04
  0.4313505368045514D-04  0.4414878932531898D-04  0.4518810037348897D-04
  0.4625300460437308D-04  0.4734438328318273D-04  0.4846286179472702D-04
  0.4960912234919427D-04  0.5078388376192653D-04  0.5198787585439970D-04
  0.5322185269101407D-04  0.5448659153391731D-04  0.5578289273815406D-04
  0.5711158096391574D-04  0.5847350573830344D-04  0.5986954229181229D-04
  0.6130059220076991D-04  0.6276758437030489D-04  0.6427147574877383D-04
  0.6581325227160329D-04  0.6739392981482158D-04  0.6901455510563960D-04
  0.7067620675763339D-04  0.7237999632915825D-04  0.7412706939993297D-04
  0.7591860669978458D-04  0.7775582533485646D-04  0.7963998005756261D-04
  0.8157236439155741D-04  0.8355431219752623D-04  0.8558719895599673D-04
  0.8767244323361817D-04  0.8981150820427205D-04  0.9200590332767388D-04
  0.9425718592530371D-04  0.9656696291528272D-04  0.9893689271589864D-04
  0.1013686869549507D-03  0.1038641127336329D-03  0.1064249943440835D-03
  0.1090532157020418D-03  0.1117507224747169D-03  0.1145195245246115D-03
  0.1173616982008425D-03  0.1202793891951013D-03  0.1232748150321913D-03
  0.1263502679826790D-03  0.1295081180512235D-03  0.1327508160623972D-03
  0.1360808969877371D-03  0.1395009833240619D-03  0.1430137887306685D-03
  0.1466221218492724D-03  0.1503288902059677D-03  0.1541371044770662D-03
  0.1580498829029880D-03  0.1620704559373450D-03  0.1662021710321195D-03
  0.1704484979655733D-03  0.1748130341548587D-03  0.1792995104993201D-03
  0.1839117973080505D-03  0.1886539108755514D-03  0.1935300200616088D-03
  0.1985444535621518D-03  0.2037017074603253D-03  0.2090064532186176D-03
  0.2144635461425217D-03  0.2200780344112424D-03  0.2258551685304238D-03
  0.2318004114602781D-03  0.2379194493978382D-03  0.2442182030006610D-03
  0.2507028395654616D-03  0.2573797857943130D-03  0.2642557414040979D-03
  0.2713376936280020D-03  0.2786329325908494D-03  0.2861490676348762D-03
  0.2938940447252173D-03  0.3018761650566307D-03  0.3101041046031852D-03
  0.3185869352199970D-03  0.3273341469067745D-03  0.3363556715460368D-03
  0.3456619083284407D-03  0.3552637505392944D-03  0.3651726143868601D-03
  0.3754004695206948D-03  0.3859598715522030D-03  0.3968639966721959D-03
  0.4081266786211880D-03  0.4197624478951845D-03  0.4317865735113794D-03
  0.4442151074790078D-03  0.4570649321465512D-03  0.4703538103696477D-03
  0.4841004390792740D-03  0.4983245059932057D-03  0.5130467500245163D-03
  0.5282890251865837D-03  0.5440743686254991D-03  0.5604270726223544D-03
  0.5773727608952920D-03  0.5949384693636531D-03  0.6131527316900467D-03
  0.6320456695176474D-03  0.6516490879560652D-03  0.6719965761208431D-03
  0.6931236131600166D-03  0.7150676798429407D-03  0.7378683757182821D-03
  0.7615675421751893D-03  0.7862093912706588D-03  0.8118406405720128D-03
  0.8385106537587065D-03  0.8662715872376626D-03  0.8951785424375893D-03
  0.9252897236549506D-03  0.9566666013593325D-03  0.9893740802846716D-03
  0.1023480672309818D-02  0.1059058673098327D-02  0.1096184342106613D-02
  0.1134938085051835D-02  0.1175404637580347D-02  0.1217673249332806D-02
  0.1261837866529131D-02  0.1307997311579752D-02  0.1356255457854376D-02
  0.1406721397016229D-02  0.1459509596678480D-02  0.1514740045019815D-02
  0.1572538379323483D-02  0.1633035994206812D-02  0.1696370125522730D-02
  0.1762683904712208D-02  0.1832126378434742D-02  0.1904852487153279D-02
  0.1981022995802739D-02  0.2060804369299523D-02  0.2144368584267686D-02
  0.2231892867979704D-02  0.2323559354555827D-02  0.2419554647360146D-02
  0.2520069276009224D-02  0.2625297035031369D-02  0.2735434190681113D-02
  0.2850678541275445D-02  0.2971228315782332D-02  0.3097280894492419D-02
  0.3229031335293659D-02  0.3366670688499709D-02  0.3510384083398079D-02
  0.3660348569917787D-02  0.3816730699898450D-02  0.3979683834055895D-02
  0.4149345163394315D-02  0.4325832437524061D-02  0.4509240397596785D-02
  0.4699636918671716D-02  0.4897058875433491D-02  0.5101507757332520D-02
  0.5312945074470858D-02  0.5531287614316860D-02  0.5756402633146428D-02
  0.5988103094326297D-02  0.6226143099298954D-02  0.6470213696583293D-02
  0.6719939298637409D-02  0.6974874985340274D-02  0.7234505023826557D-02
  0.7498242984654966D-02  0.7765433877402863D-02  0.8035358757764453D-02
  0.8307242262581246D-02  0.8580263494501002D-02  0.8853570590065463D-02
  0.9126299145276698D-02  0.9397594427213210D-02  0.9666636958372799D-02
  0.9932670623897473D-02  0.1019503194016940D-01  0.1045317858000257D-01
  0.1070671474654644D-01  0.1095541062356584D-01  0.1119921301819355D-01
  0.1143824456311352D-01  0.1167278953774548D-01  0.1190326547513876D-01
  0.1213018127474916D-01  0.1235408413101434D-01  0.1257549922069232D-01
  0.1279486727841015D-01  0.1301248578311207D-01  0.1322845932082546D-01
  0.1344266379898408D-01  0.1365472772749208D-01  0.1386403201460410D-01
  0.1406972794878453D-01  0.1427077150979270D-01  0.1446597104446234D-01
  0.1465404471868224D-01  0.1483368398522766D-01  0.1500361948900948D-01
  0.1516268624089072D-01  0.1530988540451685D-01  0.1544444055769940D-01
  0.1556584674399411D-01  0.1567391098668378D-01  0.1576878318909986D-01
  0.1585097650339333D-01  0.1592137633805258D-01  0.1598123722075575D-01
  0.1603216677007093D-01  0.1607609608856279D-01  0.1611523600611399D-01
  0.1615201881300265D-01  0.1618902547088813D-01  0.1622889882804300D-01
  0.1627424415278886D-01  0.1632751940201298D-01  0.1639091912037434D-01
  0.1646625775288030D-01  0.1655486041171206D-01  0.1665747159625080D-01
  0.1677419463427682D-01  0.1690447600493892D-01  0.1704714820553849D-01
  0.1720054120600826D-01  0.1736266471062000D-01  0.1753145112072763D-01
  0.1770503358685922D-01  0.1788201829603923D-01  0.1806170074735867D-01
  0.1824417744295972D-01  0.1843032060656857D-01  0.1862161177275421D-01
  0.1881986265043527D-01  0.1902687821485330D-01  0.1924412841406141D-01
  0.1947248878770198D-01  0.1971209033932000D-01  0.1996229317437733D-01
  0.2022177470617273D-01  0.2048870675042160D-01  0.2076098796875239D-01
  0.2103649751004509D-01  0.2131333971941978D-01  0.2159005596760970D-01
  0.2186578613834857D-01  0.2214036822240757D-01  0.2241436944083951D-01
  0.2268904646175787D-01  0.2296623584396277D-01  0.2324817911689594D-01
  0.2353729018739385D-01  0.2383587630917487D-01  0.2414582794418520D-01
  0.2446829781240666D-01  0.2480339565458322D-01  0.2514993310311812D-01
  0.2550526272268537D-01  0.2586526612015763D-01  0.2622455558681019D-01
  0.2657695613731251D-01  0.2691631900976484D-01  0.2723766767891717D-01
  0.2753857785582709D-01  0.2782054513244357D-01  0.2808994145335893D-01
  0.2835810277327147D-01  0.2864024271830263D-01  0.2895328356055982D-01
  0.2931318234153837D-01  0.2973261050850288D-01  0.3021970839925448D-01
  0.3077815776254303D-01  0.3140830168076524D-01  0.3210876343114898D-01
  0.3287802966633462D-01  0.3371564987000231D-01  0.3462291365345074D-01
  0.3560301667832423D-01  0.3666079997201073D-01  0.3780216846466457D-01
  0.3903328888687325D-01  0.4035965341802619D-01  0.4178508269784818D-01
  0.4331073298529056D-01  0.4493416722434311D-01  0.4664854744110408D-01
  0.4844200503870592D-01  0.5029724520172142D-01  0.5219144100590355D-01
  0.5409647123905284D-01  0.5597955240205353D-01  0.5780430942114459D-01
  0.5953231633457324D-01  0.6112512011011770D-01  0.6254673395780348D-01
  0.6376653536064010D-01  0.6476245101890536D-01  0.6552423449242732D-01
  0.6605656229686849D-01  0.6638160409733934D-01  0.6654068511990431D-01
  0.6659469086860489D-01  0.6662297927269409D-01  0.6672078225855037D-01
  0.6699535150843378D-01  0.6756138318351766D-01  0.6853643305906512D-01
  0.7003705782605163D-01  0.7217624990371135D-01  0.7506242329301771D-01
  0.7879985031905186D-01  0.8349014863549648D-01  0.8923423971149033D-01
  0.9613417519544822D-01  0.1042943216710493D+00  0.1138215702815361D+00
  0.1248244512871192D+00  0.1374112703008229D+00  0.1516876354795898D+00
  0.1677540387662165D+00  0.1857042045399287D+00  0.2056260704943131D+00
  0.2276044611575983D+00
    1    1  333
  0.0000000000000000D+00  0.2585384567934754D-08  0.2954918877270840D-08
  0.3356870276914543D-08  0.3793712479320725D-08  0.4268208940522333D-08
  0.4782525034900855D-08  0.5339878812013773D-08  0.5942619151811918D-08
  0.6594699612381515D-08  0.7299476658402127D-08  0.8060823502052857D-08
  0.8882841748862985D-08  0.9769895562692464D-08  0.1072664869219011D-07
  0.1175807248443831D-07  0.1286950459831973D-07  0.1406661496037221D-07
  0.1535544766715502D-07  0.1674247212110470D-07  0.1823457986917757D-07
  0.1983912869511655D-07  0.2156396009205112D-07  0.2341742910655833D-07
  0.2540847082566156D-07  0.2754658563428578D-07  0.2984193540748136D-07
  0.3230531041229226D-07  0.3494824775040152D-07  0.3778302531736660D-07
  0.4082274044464811D-07  0.4408133648207299D-07  0.4757367377580066D-07
  0.5131559180173995D-07  0.5532395980582637D-07  0.5961674891049595D-07
  0.6421308508438318D-07  0.6913336425227809D-07  0.7439929037230508D-07
  0.8003396799989190D-07  0.8606201039442201D-07  0.9250962003569808D-07
  0.9940467739376783D-07  0.1067768649308358D-06  0.1146577814100638D-06
  0.1230810436396836D-06  0.1320824492451992D-06  0.1417000705395107D-06
  0.1519744012747657D-06  0.1629485534280748D-06  0.1746683857828108D-06
  0.1871826499984853D-06  0.2005432340617798D-06  0.2148053001696842D-06
  0.2300275281294446D-06  0.2462723067008073D-06  0.2636059713343657D-06
  0.2820990687461282D-06  0.3018265682844758D-06  0.3228681860684827D-06
  0.3453086553878267D-06  0.3692380237432012D-06  0.3947520122510695D-06
  0.4219523049187358D-06  0.4509469905155359D-06  0.4818508754930569D-06
  0.5147859853316149D-06  0.5498818881255358D-06  0.5872762418941961D-06
  0.6271152520355940D-06  0.6695541996269465D-06  0.7147579850289290D-06
  0.7629016746812217D-06  0.8141711762824309D-06  0.8687638153608214D-06
  0.9268890883915835D-06  0.9887693483098226D-06  0.1054640534576262D-05
  0.1124753065839704D-05  0.1199372621049501D-05  0.1278781073475467D-05
  0.1363277414392453D-05  0.1453178796439165D-05  0.1548821542370702D-05
  0.1650562295094104D-05  0.1758779168023328D-05  0.1873873008655509D-05
  0.1996268660867232D-05  0.2126416378271081D-05  0.2264793246802205D-05
  0.2411904676986393D-05  0.2568286021382856D-05  0.2734504263959767D-05
  0.2911159724691192D-05  0.3098887928488613D-05  0.3298361516552600D-05
  0.3510292299253150D-05  0.3735433305807133D-05  0.3974581033649896D-05
  0.4228577727750936D-05  0.4498313804527173D-05  0.4784730312570096D-05
  0.5088821558810200D-05  0.5411637802008600D-05  0.5754288091413850D-05
  0.6117943072884410D-05  0.6503838107986370D-05  0.6913276287084539D-05
  0.7347631672857856D-05  0.7808352526338086D-05  0.8296964730374276D-05
  0.8815075172600430D-05  0.9364375258075690D-05  0.9946644484809786D-05
  0.1056375402247703D-04  0.1121767030043482D-04  0.1191045869623077D-04
  0.1264428708598826D-04  0.1342142944513598D-04  0.1424426931992301D-04
  0.1511530324621643D-04  0.1603714397816734D-04  0.1701252356616601D-04
  0.1804429620482317D-04  0.1913544073621565D-04  0.2028906290687104D-04
  0.2150839708957901D-04  0.2279680759673764D-04  0.2415778938141691D-04
  0.2559496802460536D-04  0.2711209902205563D-04  0.2871306606817041D-04
  0.3040187840043298D-04  0.3218266690340495D-04  0.3405967894178175D-04
  0.3603727163223722D-04  0.3811990349918506D-04  0.4031212419230566D-04
  0.4261856216171963D-04  0.4504390994742925D-04  0.4759290691603851D-04
  0.5027031918178886D-04  0.5308091631527055D-04  0.5602944475192676D-04
  0.5912059733258532D-04  0.6235897893470895D-04  0.6574906756654654D-04
  0.6929517091976483D-04  0.7300137770559309D-04  0.7687150377787612D-04
  0.8090903246488752D-04  0.8511704904473345D-04  0.8949816900149832D-04
  0.9405445993346507D-04  0.9878735704722649D-04  0.1036975722475827D-03
  0.1087849969182075D-03  0.1140485988793417D-03  0.1194863139060912D-03
  0.1250949328202813D-03  0.1308699851952263D-03  0.1368056214136034D-03
  0.1428944950766051D-03  0.1491276485397613D-03  0.1554944050300175D-03
  0.1619822715561380D-03  0.1685768579430541D-03  0.1752618183619658D-03
  0.1820188229260771D-03  0.1888275684937058D-03  0.1956658391024814D-03
  0.2025096281290951D-03  0.2093333356288105D-03  0.2161100557079705D-03
  0.2228119695738075D-03  0.2294108602347898D-03  0.2358787639539507D-03
  0.2421887713740900D-03  0.2483159868608973D-03  0.2542386476266959D-03
  0.2599393939578696D-03  0.2654066676320892D-03  0.2706361972189065D-03
  0.2756325065238718D-03  0.2804103566503083D-03  0.2849960052436563D-03
  0.2894281413526390D-03  0.2937583359357485D-03  0.2980508420459322D-03
  0.3023815918676895D-03  0.3068362755435199D-03  0.3115074528200361D-03
  0.3164907416755991D-03  0.3218802425621204D-03  0.3277634670121008D-03
  0.3342161676051864D-03  0.3412975068567854D-03  0.3490460428353071D-03
  0.3574769543279307D-03  0.3665808224992330D-03  0.3763241322138917D-03
  0.3866514809620074D-03  0.3974893154580023D-03  0.4087508813445722D-03
  0.4203419868322395D-03  0.4321671520063702D-03  0.4441357362265507D-03
  0.4561676933660295D-03  0.4681986819971365D-03  0.4801843395152537D-03
  0.4921036034323799D-03  0.5039610224051510D-03  0.5157880413871463D-03
  0.5276432702533826D-03  0.5396117567576364D-03  0.5518032867633193D-03
  0.5643497320600027D-03  0.5774014628847739D-03  0.5911228422393380D-03
  0.6056868258485179D-03  0.6212687078364760D-03  0.6380390814206589D-03
  0.6561561288707543D-03  0.6757574192736162D-03  0.6969514792424239D-03
  0.7198095131128171D-03  0.7443577854900440D-03  0.7705713357063210D-03
  0.7983698576494342D-03  0.8276167231498056D-03  0.8581222066156714D-03
  0.8896519146277649D-03  0.9219411477444644D-03  0.9547153303212789D-03
  0.9877156773829201D-03  0.1020727957382555D-02  0.1053610748114701D-02
  0.1086318362136913D-02  0.1118913192423747D-02  0.1151563107607972D-02
  0.1184521956482683D-02  0.1218094839127592D-02  0.1252593586463116D-02
  0.1288290664443050D-02  0.1325380299111852D-02  0.1363953984661835D-02
  0.1403994168762834D-02  0.1445386069984043D-02  0.1487944388886638D-02
  0.1531449791626413D-02  0.1575689545594179D-02  0.1620497223272434D-02
  0.1665787472524895D-02  0.1711583045921678D-02  0.1758032336310197D-02
  0.1805416458444040D-02  0.1854145472605205D-02  0.1904743711965959D-02
  0.1957824432635598D-02  0.2014054223775970D-02  0.2074107849669695D-02
  0.2138614499929264D-02  0.2208096849983532D-02  0.2282904950451805D-02
  0.2363147866785896D-02  0.2448627310523643D-02  0.2538779399637306D-02
  0.2632633298271506D-02  0.2728798811935491D-02  0.2825498638257314D-02
  0.2920663618151677D-02  0.3012108267574719D-02  0.3097794873960603D-02
  0.3176172020593892D-02  0.3246536664878844D-02  0.3309325054380091D-02
  0.3366211456485797D-02  0.3419917084468715D-02  0.3473721531030132D-02
  0.3530795545603115D-02  0.3593564005197535D-02  0.3663298241247966D-02
  0.3740032323721030D-02  0.3822768049598330D-02  0.3909850821763762D-02
  0.3999386934080017D-02  0.4089609320747392D-02  0.4179147111058965D-02
  0.4267191835062168D-02  0.4353573015603032D-02  0.4438762563164588D-02
  0.4523826604115513D-02  0.4610339906427092D-02  0.4700274519383985D-02
  0.4795871522941125D-02  0.4899503098911670D-02  0.5013531281725029D-02
  0.5140169479182305D-02  0.5281352956876957D-02  0.5438624794930368D-02
  0.5613044233437628D-02  0.5805124707732536D-02  0.6014809128614357D-02
  0.6241489804670477D-02  0.6484079369574573D-02  0.6741137723988254D-02
  0.7011055764031887D-02  0.7292291631174200D-02  0.7583647514735914D-02
  0.7884566099716512D-02  0.8195417039916560D-02  0.8517738166067306D-02
  0.8854396939427243D-02  0.9209647589179963D-02  0.9589078764630797D-02
  0.9999471392893672D-02  0.1044860977734327D-01  0.1094510152230299D-01
  0.1149825894811566D-01  0.1211807636183869D-01  0.1281531082667972D-01
  0.1360164819937942D-01  0.1448991863437755D-01  0.1549431826749659D-01
  0.1663059528608897D-01  0.1791616437309735D-01  0.1937012075617433D-01
  0.2101313320337182D-01  0.2286720588561883D-01  0.2495531650362483D-01
  0.2730096691554656D-01  0.2992772369292822D-01  0.3285888931326816D-01
  0.3611747884028914D-01
    1    1  333
  0.0000000000000000D+00 -0.1205268408444304D-11 -0.1767248767533144D-11
 -0.2417854711761226D-11 -0.3173000222922183D-11 -0.4009521203773474D-11
 -0.4975736692494132D-11 -0.6048416980868464D-11 -0.7314935629799181D-11
 -0.8738153530076461D-11 -0.1033956937233989D-10 -0.1214042032505205D-10
 -0.1418710808760379D-10 -0.1648584450778834D-10 -0.1905636122991580D-10
 -0.2195737271420710D-10 -0.2523375574608502D-10 -0.2889159720530412D-10
 -0.3297674937290007D-10 -0.3754369184826362D-10 -0.4265930999427378D-10
 -0.4841737873362076D-10 -0.5479685113120800D-10 -0.6189921974148647D-10
 -0.6983314696116918D-10 -0.7868185617242159D-10 -0.8850919194436377D-10
 -0.9946034644572855D-10 -0.1116095199856664D-09 -0.1251100903895436D-09
 -0.1401472056385137D-09 -0.1568010256626309D-09 -0.1753077841925910D-09
 -0.1958079092820885D-09 -0.2185315390215272D-09 -0.2437301636109952D-09
 -0.2716460146284247D-09 -0.3025426323096098D-09 -0.3367235344994563D-09
 -0.3745588349661133D-09 -0.4163767862362241D-09 -0.4626872058110651D-09
 -0.5138205686283758D-09 -0.5703337589497402D-09 -0.6327530054667912D-09
 -0.7016796496751647D-09 -0.7777977146569544D-09 -0.8618170043269628D-09
 -0.9545458801420687D-09 -0.1056815200525479D-08 -0.1169633529939911D-08
 -0.1294040368704780D-08 -0.1431204359683856D-08 -0.1582382472232592D-08
 -0.1748962323532442D-08 -0.1932493968433149D-08 -0.2134677038470569D-08
 -0.2357359351382326D-08 -0.2602542838342569D-08 -0.2872473594194378D-08
 -0.3169590919307072D-08 -0.3496570073334707D-08 -0.3856403935612542D-08
 -0.4252258135480251D-08 -0.4687684921967518D-08 -0.5166585765946157D-08
 -0.5693188913376774D-08 -0.6272211547562174D-08 -0.6908739916560666D-08
 -0.7608372244434161D-08 -0.8377334049952757D-08 -0.9222260260093773D-08
 -0.1015060496492545D-07 -0.1117045317248609D-07 -0.1229066397804963D-07
 -0.1352101131355305D-07 -0.1487211913359707D-07 -0.1635559761307130D-07
 -0.1798429522356393D-07 -0.1977215812794723D-07 -0.2173455032486348D-07
 -0.2388824502887520D-07 -0.2625159979344579D-07 -0.2884468175747417D-07
 -0.3168957935493549D-07 -0.3481034963842444D-07 -0.3823337301379650D-07
 -0.4198748832928485D-07 -0.4610425982560077D-07 -0.5061820943785931D-07
 -0.5556714087358845D-07 -0.6099230375390556D-07 -0.6693893171361605D-07
 -0.7345635593565918D-07 -0.8059863793125579D-07 -0.8842474561895474D-07
 -0.9699920429462733D-07 -0.1063925373494570D-06 -0.1166817064240938D-06
 -0.1279508558713272D-06 -0.1402919374646497D-06 -0.1538052427171580D-06
 -0.1686003505576138D-06 -0.1847968875955981D-06 -0.2025253753986047D-06
 -0.2219283091808943D-06 -0.2431610180008306D-06 -0.2663930846703708D-06
 -0.2918093247968538D-06 -0.3196112701068283D-06 -0.3500185131739196D-06
 -0.3832704430084015D-06 -0.4196277112713071D-06 -0.4593743036845591D-06
 -0.5028192909970899D-06 -0.5502991208660803D-06 -0.6021797924913142D-06
 -0.6588593550168589D-06 -0.7207706498344918D-06 -0.7883839688297254D-06
 -0.8622102564177164D-06 -0.9428043203839368D-06 -0.1030768291735603D-05
 -0.1126755402746030D-05 -0.1231473904521389D-05 -0.1345691262620334D-05
 -0.1470238769433240D-05 -0.1606016121544247D-05 -0.1753996536658934D-05
 -0.1915231965744050D-05 -0.2090858643863271D-05 -0.2282102924611826D-05
 -0.2490287361273763D-05 -0.2716836711517951D-05 -0.2963284776451045D-05
 -0.3231280779697532D-05 -0.3522596167728351D-05 -0.3839131493439172D-05
 -0.4182923223767061D-05 -0.4556150426683443D-05 -0.4961141394064113D-05
 -0.5400379850334325D-05 -0.5876510798648606D-05 -0.6392345537638267D-05
 -0.6950866204246152D-05 -0.7555228814239703D-05 -0.8208765231155070D-05
 -0.8914983333385282D-05 -0.9677565262696136D-05 -0.1050036276439542D-04
 -0.1138739013961197D-04 -0.1234281315573247D-04 -0.1337093396375886D-04
 -0.1447617109161169D-04 -0.1566303380646905D-04 -0.1693608976528372D-04
 -0.1829992531117392D-04 -0.1975909696919510D-04 -0.2131807351914999D-04
 -0.2298116689296745D-04 -0.2475245119110787D-04 -0.2663566816155607D-04
 -0.2863411813384794D-04 -0.3075053529905861D-04 -0.3298694611839835D-04
 -0.3534451041489234D-04 -0.3782334461340247D-04 -0.4042232764863612D-04
 -0.4313889012179697D-04 -0.4596878911148318D-04 -0.4890587204461151D-04
 -0.5194183440741707D-04 -0.5506597871662375D-04 -0.5826498454717656D-04
 -0.6152270202793809D-04 -0.6481998523889220D-04 -0.6813458489696621D-04
 -0.7144112419962778D-04 -0.7471118445886963D-04 -0.7791353011888717D-04
 -0.8101450397580250D-04 -0.8397862147748807D-04 -0.8676938813305525D-04
 -0.8935035361610881D-04 -0.9168639957223235D-04 -0.9374523428753562D-04
 -0.9549903622571140D-04 -0.9692615089327590D-04 -0.9801270433553323D-04
 -0.9875395771242915D-04 -0.9915519621414501D-04 -0.9923193275418254D-04
 -0.9900921897008843D-04 -0.9851990207563788D-04 -0.9780173748782395D-04
 -0.9689339244559524D-04 -0.9582947633532793D-04 -0.9463487268873222D-04
 -0.9331874066668654D-04 -0.9186861275301601D-04 -0.9024502127953988D-04
 -0.8837704004447252D-04 -0.8615903789592106D-04 -0.8344882839913449D-04
 -0.8006728294636809D-04 -0.7579937414870153D-04 -0.7039654393041715D-04
 -0.6358025175254027D-04 -0.5504655125621173D-04 -0.4447156071975233D-04
 -0.3151772519899373D-04 -0.1584080598162748D-04  0.2902431527385428D-05
  0.2504583457261876D-04  0.5090477426655574D-04  0.8076634420656976D-04
  0.1148788605867355D-03  0.1534407180025848D-03  0.1965887175810448D-03
  0.2443860697277243D-03  0.2968103874249564D-03  0.3537421302913202D-03
  0.4149541385136122D-03  0.4801031107991062D-03  0.5487241291119483D-03
  0.6202296033590803D-03  0.6939142766339069D-03  0.7689681455123277D-03
  0.8444992295881246D-03  0.9195679460773440D-03  0.9932342431539353D-03
  0.1064617428988337D-02  0.1132966634532618D-02  0.1197737019576312D-02
  0.1258663389081288D-02  0.1315819461771826D-02  0.1369648749983960D-02
  0.1420953331044656D-02  0.1470831134040078D-02  0.1520560887407488D-02
  0.1571445762196386D-02  0.1624638362071370D-02  0.1680977143234913D-02
  0.1740864788116522D-02  0.1804210574637180D-02  0.1870445512440103D-02
  0.1938604180925333D-02  0.2007455883337894D-02  0.2075662227655533D-02
  0.2141938575463254D-02  0.2205201167507864D-02  0.2264687765815485D-02
  0.2320045419951192D-02  0.2371383360035876D-02  0.2419291811950302D-02
  0.2464828873404425D-02  0.2509478002280114D-02  0.2555078528014037D-02
  0.2603731276782045D-02  0.2657681139599516D-02  0.2719178353757548D-02
  0.2790320539318356D-02  0.2872878253289677D-02  0.2968108176326261D-02
  0.3076560308315005D-02  0.3197889126914155D-02  0.3330684082203981D-02
  0.3472342587306581D-02  0.3619018997423039D-02  0.3765695007199355D-02
  0.3906427012203692D-02  0.4034826471463538D-02  0.4144807462640490D-02
  0.4231574002499189D-02  0.4292712479766417D-02  0.4329119052091063D-02
  0.4345397917312534D-02  0.4349412706390520D-02  0.4350921834872724D-02
  0.4359606308980924D-02  0.4383093358961187D-02  0.4425589638266337D-02
  0.4487453961355821D-02  0.4565654692105078D-02  0.4654792384754854D-02
  0.4748310048874400D-02  0.4839606018415826D-02  0.4922901835507421D-02
  0.4993829769576238D-02  0.5049766673132150D-02  0.5089963473237284D-02
  0.5115518685959169D-02  0.5129234223818852D-02  0.5135380615801868D-02
  0.5139389604956530D-02  0.5147485879320534D-02  0.5166265963959465D-02
  0.5202230459631656D-02  0.5261275323432252D-02  0.5348148433585141D-02
  0.5465879165879442D-02  0.5615191208605588D-02  0.5793912508946030D-02
  0.5996401513253721D-02  0.6213014524120453D-02  0.6429647796004648D-02
  0.6627394433853123D-02  0.6782362182559499D-02  0.6865698738586333D-02
  0.6843862756199970D-02  0.6679157042919184D-02  0.6330502959979478D-02
  0.5754383541603055D-02  0.4905824724765523D-02  0.3739235277284586D-02
  0.2208903462930046D-02  0.2689722198817674D-03 -0.2127217300377048D-02
 -0.5028417599076227D-02 -0.8487293830421200D-02 -0.1256257556194159D-01
 -0.1732131125145624D-01 -0.2284100972226431D-01 -0.2921151816722879D-01
 -0.3653656226996475D-01 -0.4493495421356127D-01 -0.5454154683308797D-01
 -0.6550806863310187D-01 -0.7800404713378371D-01 -0.9221810876557317D-01
 -0.1083600770153683D+00 -0.1266641561293616D+00 -0.1473946319908073D+00
 -0.1708523944604398D+00
    1    1  333
  0.0000000000000000D+00  0.1374921213565971D-11  0.2006302134712676D-11
  0.2725208226671623D-11  0.3554301940213835D-11  0.4512543761196601D-11
  0.5598126319168596D-11  0.6844437759234402D-11  0.8243245284936852D-11
  0.9847125368784915D-11  0.1165573280654483D-10  0.1369281687881159D-10
  0.1599685048551335D-10  0.1859920199695705D-10  0.2151602860329449D-10
  0.2479220596894310D-10  0.2846023830787950D-10  0.3259198175362741D-10
  0.3720480462298155D-10  0.4237743136178509D-10  0.4815534013883246D-10
  0.5460931279816581D-10  0.6181498879778346D-10  0.6984849322813263D-10
  0.7880217076671189D-10  0.8877263272545489D-10  0.9988361518524923D-10
  0.1122278745004127D-09  0.1259591459467589D-09  0.1412222181071822D-09
  0.1581657370691974D-09  0.1769725746225340D-09  0.1978498633885697D-09
  0.2210015595918845D-09  0.2466495702311279D-09  0.2750848720583397D-09
  0.3065744414469396D-09  0.3414544386222984D-09  0.3800434921208898D-09
  0.4227409499082178D-09  0.4699778811735619D-09  0.5221996188596619D-09
  0.5799179076435454D-09  0.6437099531855675D-09  0.7141710534010322D-09
  0.7920007121679790D-09  0.8779166551146539D-09  0.9727502391613884D-09
  0.1077403999688189D-08  0.1192859136642323D-08  0.1320190868975570D-08
  0.1460611677710939D-08  0.1615417710337345D-08  0.1786047101659951D-08
  0.1974084559597055D-08  0.2181251917557623D-08  0.2409467079495647D-08
  0.2660799388065217D-08  0.2937554191549365D-08  0.3242234548967072D-08
  0.3577619738032081D-08  0.3946703162217179D-08  0.4352836490808336D-08
  0.4799664758641896D-08  0.5291143889214474D-08  0.5831708027936546D-08
  0.6426138710608305D-08  0.7079704184696197D-08  0.7798183735245265D-08
  0.8587915817405128D-08  0.9455838768794938D-08  0.1040957750448558D-07
  0.1145745903356328D-07  0.1260862577826844D-07  0.1387309371015521D-07
  0.1526183753183392D-07  0.1678688010352078D-07  0.1846138639966127D-07
  0.2029978141847484D-07  0.2231786401876651D-07  0.2453292126954021D-07
  0.2696391986708115D-07  0.2963155876703396D-07  0.3255855895654543D-07
  0.3576977421260105D-07  0.3929237866517209D-07  0.4315614939978572D-07
  0.4739364588158679D-07  0.5204050084016042D-07  0.5713568276704818D-07
  0.6272183329994341D-07  0.6884557520258519D-07  0.7555790168082439D-07
  0.8291454347438039D-07  0.9097647416486854D-07  0.9981030958231919D-07
  0.1094888637811848D-06  0.1200916889252151D-06  0.1317057411632808D-06
  0.1444259786004132D-06  0.1583561240861853D-06  0.1736094605470150D-06
  0.1903096629304772D-06  0.2085917400797035D-06  0.2286030426239739D-06
  0.2505043655701788D-06  0.2744711307463371D-06  0.3006946640676013D-06
  0.3293836139001171D-06  0.3607654448114600D-06  0.3950880807000823D-06
  0.4326216603205407D-06  0.4736604802152035D-06  0.5185250218721714D-06
  0.5675641842396235D-06  0.6211577031635262D-06  0.6797187322039384D-06
  0.7436965894890801D-06  0.8135798084345834D-06  0.8898992618256054D-06
  0.9732316801018572D-06  0.1064203293914901D-05  0.1163493769168928D-05
  0.1271840429212401D-05  0.1390042710102992D-05  0.1518966943633801D-05
  0.1659551388691317D-05  0.1812811609363899D-05  0.1979846097511802D-05
  0.2161842264362764D-05  0.2360082641416216D-05  0.2575951462294949D-05
  0.2810941478889967D-05  0.3066660985344566D-05  0.3344841168630561D-05
  0.3647343572945470D-05  0.3976167714848257D-05  0.4333458798829388D-05
  0.4721515419208784D-05  0.5142797189962833D-05  0.5599932091789292D-05
  0.6095723544021245D-05  0.6633156992956681D-05  0.7215405655952779D-05
  0.7845835423899447D-05  0.8528008533755700D-05  0.9265685654934807D-05
  0.1006282614712068D-04  0.1092358589970444D-04  0.1185231239705714D-04
  0.1285353642917099D-04  0.1393195973688551D-04  0.1509243796191605D-04
  0.1633995806585878D-04  0.1767960931253353D-04  0.1911654683870413D-04
  0.2065594672500723D-04  0.2230295138211837D-04  0.2406260398603477D-04
  0.2593977061181935D-04  0.2793904868370436D-04  0.3006466038301871D-04
  0.3232032947701054D-04  0.3470914048628769D-04  0.3723337892835465D-04
  0.3989435189360573D-04  0.4269218856981144D-04  0.4562562101868779D-04
  0.4869174629148136D-04  0.5188577229608121D-04  0.5520075112224834D-04
  0.5862730566584694D-04  0.6215335761463258D-04  0.6576386780234145D-04
  0.6944060326451431D-04  0.7316194914320115D-04  0.7690278775244757D-04
  0.8063447130156898D-04  0.8432491866097372D-04  0.8793886953498271D-04
  0.9143833057898021D-04  0.9478324636104035D-04  0.9793242208021201D-04
  0.1008447133709882D-03  0.1034804798704780D-03  0.1058032721903277D-03
  0.1077816867632250D-03  0.1093912806941773D-03  0.1106163924932780D-03
  0.1114516702275311D-03  0.1119030740944102D-03  0.1119881053509762D-03
  0.1117350277117153D-03  0.1111808990291028D-03  0.1103683115349987D-03
  0.1093408807901034D-03  0.1081376362306529D-03  0.1067866240654418D-03
  0.1052981373797739D-03  0.1036580550787060D-03  0.1018217780546092D-03
  0.9970919813370560D-04  0.9720103505970756D-04  0.9413674901177811D-04
  0.9031410482881593D-04  0.8549035042162476D-04  0.7938489021952152D-04
  0.7168329064659563D-04  0.6204244634804448D-04  0.5009675537326462D-04
  0.3546518806794215D-04  0.1775917715713388D-04 -0.3408703730965982D-05
 -0.2841527637374630D-04 -0.5761649770062490D-04 -0.9133639509726253D-04
 -0.1298552130229572D-03 -0.1733968324543860D-03 -0.2221155946122272D-03
 -0.2760827576303388D-03 -0.3352729427616123D-03 -0.3995510897600333D-03
 -0.4686606430246254D-03 -0.5422139328331454D-03 -0.6196859964401271D-03
 -0.7004133894633308D-03 -0.7835998392565132D-03 -0.8683308337660699D-03
 -0.9535993290281856D-03 -0.1038344556854735D-02 -0.1121505234568817D-02
 -0.1202087104862684D-02 -0.1279242477400681D-02 -0.1352356251113421D-02
 -0.1421129010379071D-02 -0.1485643922711829D-02 -0.1546401589392780D-02
 -0.1604307363361213D-02 -0.1660600552286931D-02 -0.1716724542918362D-02
 -0.1774150302518041D-02 -0.1834178824390340D-02 -0.1897756473352935D-02
 -0.1965337685194599D-02 -0.2036819901324549D-02 -0.2111560642092618D-02
 -0.2188469875646791D-02 -0.2266158060121426D-02 -0.2343114023218333D-02
 -0.2417887214320183D-02 -0.2489253793052391D-02 -0.2556352825530374D-02
 -0.2618785370343342D-02 -0.2676674198039813D-02 -0.2730685041380503D-02
 -0.2782011790626806D-02 -0.2832328514892652D-02 -0.2883711032335485D-02
 -0.2938530391136212D-02 -0.2999320328405921D-02 -0.3068620707834702D-02
 -0.3148799243453351D-02 -0.3241854630118330D-02 -0.3349205726834610D-02
 -0.3471473989790794D-02 -0.3608270386759629D-02 -0.3758004135435707D-02
 -0.3917739389007278D-02 -0.4083137644569798D-02 -0.4248537115182754D-02
 -0.4407231724718847D-02 -0.4552012963187520D-02 -0.4676013246416978D-02
 -0.4773819984643368D-02 -0.4842708654275068D-02 -0.4883690260842337D-02
 -0.4901962351950127D-02 -0.4906404594429285D-02 -0.4908040051394352D-02
 -0.4917809503840402D-02 -0.4944339549817042D-02 -0.4992397750195766D-02
 -0.5062408274367562D-02 -0.5150966909377058D-02 -0.5251995153014000D-02
 -0.5358106881214039D-02 -0.5461865427661305D-02 -0.5556764117548032D-02
 -0.5637890128607072D-02 -0.5702301774911999D-02 -0.5749174899973001D-02
 -0.5779773066342542D-02 -0.5797284808816042D-02 -0.5806558619915782D-02
 -0.5813755988856136D-02 -0.5825935793353449D-02 -0.5850579123314264D-02
 -0.5895061522717307D-02 -0.5966079066427741D-02 -0.6069035285190244D-02
 -0.6207397603477112D-02 -0.6382034748823452D-02 -0.6590550711590293D-02
 -0.6826636775888747D-02 -0.7079469565028867D-02 -0.7333193128010257D-02
 -0.7566530530125565D-02 -0.7752577594562143D-02 -0.7858832488830151D-02
 -0.7847505765281169D-02 -0.7676131274557180D-02 -0.7298455894224024D-02
 -0.6665526980602455D-02 -0.5726829158969318D-02 -0.4431264782650968D-02
 -0.2727744995840603D-02 -0.5651843845014181D-03  0.2108229809407952D-02
  0.5346499895493448D-02  0.9207887116544036D-02  0.1375736363716697D-01
  0.1906918097964366D-01  0.2522930568846916D-01  0.3233754899107148D-01
  0.4050930601429192D-01  0.4987691342293439D-01  0.6059071857353598D-01
  0.7282001940095351D-01  0.8675411952675807D-01  0.1026038393715538D+00
  0.1206039831145809D+00  0.1410171249299719D+00  0.1641403833001819D+00
  0.1903133728037505D+00
    1   30  333
  0.0000000000000000D+00 -0.4486117165103687D-14 -0.3053923859128928D-14
 -0.5739531771756031D-14 -0.6876508697124915D-14 -0.2236116820857265D-14
 -0.1078956652256307D-13 -0.8591778285296787D-14 -0.4057534997047878D-14
 -0.1088233387573270D-13 -0.1028158972564341D-13 -0.5756581485331071D-14
 -0.5765036947679473D-14 -0.1177771069794028D-13 -0.6540356404260946D-14
 -0.9068388666118144D-14 -0.1332326792557867D-13 -0.6966760292413181D-14
 -0.8393509357137049D-14 -0.1351916576366204D-13 -0.1087975068778537D-13
 -0.2172893060546785D-13 -0.1656914458373042D-13 -0.1843838550378536D-13
 -0.1483580843624771D-13 -0.2363295832867223D-13 -0.1865813149921205D-13
 -0.2345242356060826D-13 -0.2602526699090500D-13 -0.2725224449773581D-13
 -0.3026573604725916D-13 -0.4028634415649587D-13 -0.4859984815330036D-13
 -0.4373163602798988D-13 -0.5745039478103797D-13 -0.6973245911328424D-13
 -0.8045014335338211D-13 -0.8034476804516628D-13 -0.9917047440076797D-13
 -0.1098013768534394D-12 -0.1310327800461960D-12 -0.1466046202427976D-12
 -0.1654411354850910D-12 -0.1877917966404427D-12 -0.2146742250976707D-12
 -0.2470539657376811D-12 -0.2824512329971738D-12 -0.3199215702578597D-12
 -0.3515600430780843D-12 -0.4036658075468332D-12 -0.4562072747339849D-12
 -0.5171874200618262D-12 -0.5932876161368031D-12 -0.6752094390423130D-12
 -0.7672307958245165D-12 -0.8640352722933666D-12 -0.9803514853969850D-12
 -0.1113387558258223D-11 -0.1259033525316541D-11 -0.1429852627140236D-11
 -0.1621920057768100D-11 -0.1829321795630094D-11 -0.2067332372364762D-11
 -0.2358006845243964D-11 -0.2661076208209069D-11 -0.3014616585024254D-11
 -0.3425112269889350D-11 -0.3864400579502797D-11 -0.4375089375309766D-11
 -0.4953410788090337D-11 -0.5600515479758258D-11 -0.6343908896598960D-11
 -0.7179427995149333D-11 -0.8121426954988846D-11 -0.9185109491126981D-11
 -0.1039212970004480D-10 -0.1174924570655169D-10 -0.1328518149446352D-10
 -0.1502234886954664D-10 -0.1699178350637170D-10 -0.1921231043393298D-10
 -0.2172788034438190D-10 -0.2455750938577713D-10 -0.2775957063156548D-10
 -0.3137277719379556D-10 -0.3546504956359128D-10 -0.4007909035569089D-10
 -0.4529839604484171D-10 -0.5118411195905822D-10 -0.5783486100949521D-10
 -0.6534725039990691D-10 -0.7382429946237115D-10 -0.8339511538171672D-10
 -0.9421238501256170D-10 -0.1064147503180418D-09 -0.1201962300800708D-09
 -0.1357488276300961D-09 -0.1533092027282895D-09 -0.1731223516461254D-09
 -0.1954935854331128D-09 -0.2207264148996916D-09 -0.2492086794403897D-09
 -0.2813525787375595D-09 -0.3176124109896149D-09 -0.3585306029018608D-09
 -0.4046838766910595D-09 -0.4567584137631867D-09 -0.5154941420628370D-09
 -0.5817474738251247D-09 -0.6564675851691289D-09 -0.7407343108685651D-09
 -0.8357650397327528D-09 -0.9429189113669879D-09 -0.1063733413850264D-08
 -0.1199940974741917D-08 -0.1353498481552484D-08 -0.1526578710085377D-08
 -0.1721665224583531D-08 -0.1941535871658600D-08 -0.2189301690980338D-08
 -0.2468488100508444D-08 -0.2783039658603959D-08 -0.3137412018916185D-08
 -0.3536579189657160D-08 -0.3986171094174873D-08 -0.4492497333449169D-08
 -0.5062645700604773D-08 -0.5704578755284069D-08 -0.6427232637719507D-08
 -0.7240656768607078D-08 -0.8156121494227617D-08 -0.9186260477201201D-08
 -0.1034527533159758D-07 -0.1164906835437001D-07 -0.1311547703688328D-07
 -0.1476449047304086D-07 -0.1661850177996123D-07 -0.1870258863395110D-07
 -0.2104483122372661D-07 -0.2367663574441886D-07 -0.2663313739624452D-07
 -0.2995361245880882D-07 -0.3368194824752109D-07 -0.3786715650136899D-07
 -0.4256393416830997D-07 -0.4783328680834384D-07 -0.5374324559468047D-07
 -0.6036955409825986D-07 -0.6779656125757456D-07 -0.7611806118982966D-07
 -0.8543831784059285D-07 -0.9587307823293229D-07 -0.1075507629700965D-06
 -0.1206136831066335D-06 -0.1352193860401757D-06 -0.1515420909565840D-06
 -0.1697741940060251D-06 -0.1901279148450409D-06 -0.2128369969971630D-06
 -0.2381585074178103D-06 -0.2663747102287757D-06 -0.2977949892902839D-06
 -0.3327578663127167D-06 -0.3716329813962189D-06 -0.4148231254490229D-06
 -0.4627662354462967D-06 -0.5159373169544258D-06 -0.5748503168716781D-06
 -0.6400598160078663D-06 -0.7121626107159194D-06 -0.7917990850697298D-06
 -0.8796543981863754D-06 -0.9764594662938660D-06 -0.1082991795150814D-05
 -0.1200076255156137D-05 -0.1328585930799730D-05 -0.1469443282673062D-05
 -0.1623621996330000D-05 -0.1792149933882757D-05 -0.1976113933447686D-05
 -0.2176667167861565D-05 -0.2395040159111881D-05 -0.2632556595503845D-05
 -0.2890655312701238D-05 -0.3170919765143737D-05 -0.3475116337576299D-05
 -0.3805242473121596D-05 -0.4163585118066945D-05 -0.4552789156099051D-05
 -0.4975934348473877D-05 -0.5436618011421283D-05 -0.5939039107855282D-05
 -0.6488078060834143D-05 -0.7089365520369317D-05 -0.7749332603127774D-05
 -0.8475235874762170D-05 -0.9275150860032689D-05 -0.1015793029968400D-04
 -0.1113312566549086D-04 -0.1221087301906778D-04 -0.1340174665883692D-04
 -0.1471658544998518D-04 -0.1616629731547251D-04 -0.1776164693146954D-04
 -0.1951303037136798D-04 -0.2143023874340809D-04 -0.2352221093847487D-04
 -0.2579677395665604D-04 -0.2826036820155669D-04 -0.3091775450721870D-04
 -0.3377169991306998D-04 -0.3682264014118074D-04 -0.4006831823201460D-04
 -0.4350340113410319D-04 -0.4711907893813053D-04 -0.5090265524658610D-04
 -0.5483714171737709D-04 -0.5890087556766032D-04 -0.6306718572975759D-04
 -0.6730414182039915D-04 -0.7157443007888086D-04 -0.7583541210134119D-04
 -0.8003943526006966D-04 -0.8413447724117754D-04 -0.8806521977526018D-04
 -0.9177465543665698D-04 -0.9520633168335271D-04 -0.9830732141456099D-04
 -0.1010319695088401D-03 -0.1033463887034716D-03 -0.1052335535626851D-03
 -0.1066986603067752D-03 -0.1077741861192013D-03 -0.1085238193542863D-03
 -0.1090441997662030D-03 -0.1094633006903117D-03 -0.1099344233936796D-03
 -0.1106252607542055D-03 -0.1117023775262483D-03 -0.1133125363790550D-03
 -0.1155634498001026D-03 -0.1185071637275160D-03 -0.1221291519861997D-03
 -0.1263453088176631D-03 -0.1310073406175869D-03 -0.1359154661848963D-03
 -0.1408360455567696D-03 -0.1455212453999864D-03 -0.1497280694484954D-03
 -0.1532348006311519D-03 -0.1558537916021436D-03 -0.1574403328792859D-03
 -0.1578978822453552D-03 -0.1571802271306140D-03 -0.1552912324062899D-03
 -0.1522827638536276D-03 -0.1482512563575217D-03 -0.1433332558470136D-03
 -0.1377001383751753D-03 -0.1315521104217524D-03 -0.1251115212858213D-03
 -0.1186154696040376D-03 -0.1123076560992633D-03 -0.1064294215890844D-03
 -0.1012099155076039D-03 -0.9685537649323402D-04 -0.9353759663479301D-04
 -0.9138182609825190D-04 -0.9045471757697757D-04 -0.9075348628119306D-04
 -0.9219832774409235D-04 -0.9463125362605871D-04 -0.9782550479900900D-04
 -0.1015100526015005D-03 -0.1054117919387080D-03 -0.1093132188785272D-03
 -0.1131154739383929D-03 -0.1168889968516680D-03 -0.1208922660319151D-03
 -0.1255476196372373D-03 -0.1313797162801552D-03 -0.1389373969239109D-03
 -0.1487241358245700D-03 -0.1611544943432137D-03 -0.1765407653066650D-03
 -0.1951033893573136D-03 -0.2169943733859349D-03 -0.2423237557034721D-03
 -0.2711822808792109D-03 -0.3036565862533686D-03 -0.3398353921400829D-03
 -0.3798063429770823D-03 -0.4236435573588758D-03 -0.4713859348170618D-03
 -0.5230060610918533D-03 -0.5783692859132222D-03 -0.6371822808355932D-03
 -0.6989301493040307D-03 -0.7628009746768653D-03 -0.8275965751997540D-03
 -0.8916282209451404D-03 -0.9525962156576263D-03 -0.1007452553101659D-02
 -0.1052246566502395D-02 -0.1081954876595071D-02 -0.1090297507336487D-02
 -0.1069545206228772D-02 -0.1010324366658612D-02 -0.9014282141729948D-03
 -0.7296437047996515D-03 -0.4796022015493324D-03 -0.1336563253055058D-03
  0.3282245281949139D-03  0.9285638948540037D-03  0.1692535198955735D-02
  0.2648226610011038D-02  0.3827083244570762D-02  0.5264594969703362D-02
  0.7001279388520739D-02  0.9083981186427635D-02  0.1156747821729501D-01
  0.1451636188018842D-01  0.1800714778723521D-01  0.2213058015932934D-01
  0.2699410484508480D-01  0.3272450133140189D-01  0.3947067679529508D-01
  0.4740662782778853D-01  0.5673458388881069D-01  0.6768835943973243D-01
  0.8053699902773852D-01  0.9558871887848824D-01  0.1131959922438706D+00
  0.1337607206637027D+00
    1   24  333
  0.0000000000000000D+00  0.2825932326737974D-15  0.6022851096314283D-16
  0.9424632550392154D-15  0.3826732492338570D-14  0.6581067248059712D-14
  0.5548219803420241D-14  0.8956697640666614D-14  0.9406667472675398D-15
  0.2587557106974977D-14  0.1792464329413874D-14  0.1331137793508129D-13
  0.1286933004021795D-13  0.1169722622438474D-13  0.1163637273280313D-13
  0.1941552305809540D-13  0.1445625300196796D-13  0.2779950812368315D-13
  0.2236967115200409D-13  0.2734880287405265D-13  0.3587055905562546D-13
  0.2825219332719073D-13  0.2786070151640013D-13  0.2567229601807117D-13
  0.3205183764727412D-13  0.3780221352118209D-13  0.3743907608052758D-13
  0.3584164447199927D-13  0.4621829018257128D-13  0.5185146271430342D-13
  0.6881607666982079D-13  0.7178594555034966D-13  0.8776401103786531D-13
  0.9817141072609856D-13  0.1102790734945650D-12  0.1282716327623909D-12
  0.1495587504859314D-12  0.1618827400003475D-12  0.1845804686672404D-12
  0.2120445390420432D-12  0.2439952599586875D-12  0.2743508269112964D-12
  0.3101532464085036D-12  0.3493603360255555D-12  0.3994006126687928D-12
  0.4522369799110774D-12  0.5248427212256080D-12  0.5941304367567842D-12
  0.6705376555771740D-12  0.7594014682737360D-12  0.8522050784251052D-12
  0.9741805237410445D-12  0.1107817494480043D-11  0.1241887269908534D-11
  0.1425878189379972D-11  0.1613348141314178D-11  0.1829346653038736D-11
  0.2073114114061563D-11  0.2344317791056367D-11  0.2658366133938921D-11
  0.3008798999752974D-11  0.3414743289822268D-11  0.3865690197537086D-11
  0.4388080718664994D-11  0.4961229203267264D-11  0.5609902127004716D-11
  0.6357011842176781D-11  0.7192891527230295D-11  0.8130705257722279D-11
  0.9211215710056764D-11  0.1043594847376945D-10  0.1179782851387294D-10
  0.1335403221269397D-10  0.1509775971228112D-10  0.1708716145706852D-10
  0.1932703841900824D-10  0.2185350121100641D-10  0.2471582608043769D-10
  0.2796151383509532D-10  0.3160787351781671D-10  0.3573700706987210D-10
  0.4040875043134847D-10  0.4568303819533921D-10  0.5163918231572011D-10
  0.5836259200066409D-10  0.6596562377962408D-10  0.7454741836662158D-10
  0.8425519032428187D-10  0.9520767381938864D-10  0.1075740214183304D-09
  0.1215503377591700D-09  0.1373192207649952D-09  0.1551319925666563D-09
  0.1752305899169210D-09  0.1979419320790461D-09  0.2235572922319738D-09
  0.2524820687194427D-09  0.2851361066701258D-09  0.3219960757839681D-09
  0.3635867624739016D-09  0.4105333006292263D-09  0.4635005959031555D-09
  0.5232695439005734D-09  0.5907160590509088D-09  0.6668037924923309D-09
  0.7526508072878733D-09  0.8494905846492914D-09  0.9587292812157803D-09
  0.1081942431492538D-08  0.1220909549688223D-08  0.1377628223305610D-08
  0.1554360848493920D-08  0.1753645281486671D-08  0.1978344678324871D-08
  0.2231663417855219D-08  0.2517234362277547D-08  0.2839134903072731D-08
  0.3201966598394592D-08  0.3610885397563369D-08  0.4071689945545658D-08
  0.4590928177911201D-08  0.5175948222555785D-08  0.5835023609017187D-08
  0.6577442216076356D-08  0.7413635873318319D-08  0.8355362000054988D-08
  0.9415794075663266D-08  0.1060974558186681D-07  0.1195386701894410D-07
  0.1346683166285705D-07  0.1516960554870042D-07  0.1708571407977403D-07
  0.1924155685465892D-07  0.2166673863827705D-07  0.2439444616298396D-07
  0.2746186569536411D-07  0.3091069366835776D-07  0.3478757492583214D-07
  0.3914477412211571D-07  0.4404073480173086D-07  0.4954087100357466D-07
  0.5571827918198471D-07  0.6265464639065576D-07  0.7044121093579960D-07
  0.7917979462765519D-07  0.8898400383426498D-07  0.9998046430628885D-07
  0.1123102512124836D-06  0.1261304074573805D-06  0.1416156364751801D-06
  0.1589601032090935D-06  0.1783794324099680D-06  0.2001128535503312D-06
  0.2244254942447269D-06  0.2516109331132305D-06  0.2819938078174165D-06
  0.3159327089453089D-06  0.3538232417344339D-06  0.3961011639290131D-06
  0.4432458092924273D-06  0.4957835813434205D-06  0.5542916069040467D-06
  0.6194014294916921D-06  0.6918028347872242D-06  0.7722476436123822D-06
  0.8615534719979970D-06  0.9606074080525029D-06  0.1070369488007688D-05
  0.1191876022730785D-05  0.1326242566743849D-05  0.1474666578674598D-05
  0.1638429735423340D-05  0.1818899854464310D-05  0.2017532578673385D-05
  0.2235872912496627D-05  0.2475556930648745D-05  0.2738314041014433D-05
  0.3025970522588692D-05  0.3340455122943179D-05  0.3683808040570381D-05
  0.4058194650465672D-05  0.4465926045022392D-05  0.4909488433415030D-05
  0.5391584031733616D-05  0.5915185836698185D-05  0.6483608924184266D-05
  0.7100600004560340D-05  0.7770446306172558D-05  0.8498103160037825D-05
  0.9289337630472544D-05  0.1015088308061544D-04  0.1109059667752025D-04
  0.1211760925353957D-04  0.1324245495697187D-04  0.1447716672691421D-04
  0.1583532491725503D-04  0.1733204755875249D-04  0.1898391494883010D-04
  0.2080882574967868D-04  0.2282578656701195D-04  0.2505464131400634D-04
  0.2751574945408037D-04  0.3022962337947441D-04  0.3321653428638687D-04
  0.3649609360816877D-04  0.4008681374872179D-04  0.4400564835153271D-04
  0.4826750923205152D-04  0.5288475485309582D-04  0.5786664433622739D-04
  0.6321875116318057D-04  0.6894233250843328D-04  0.7503365298688558D-04
  0.8148326576230487D-04  0.8827525956973641D-04  0.9538648691643172D-04
  0.1027857975768344D-03  0.1104333118482762D-03  0.1182797812093821D-03
  0.1262660996721178D-03  0.1343230479844092D-03  0.1423713747915485D-03
  0.1503223434352823D-03  0.1580788989094278D-03  0.1655376336877146D-03
  0.1725917482287113D-03  0.1791352039081368D-03  0.1850682392401018D-03
  0.1903043475189498D-03  0.1947786728464248D-03  0.1984575495295446D-03
  0.2013485710300126D-03  0.2035101346338001D-03  0.2050589128509012D-03
  0.2061732601554105D-03  0.2070903527772397D-03  0.2080951070158676D-03
  0.2094998243193667D-03  0.2116151757392323D-03  0.2147151718395954D-03
  0.2190009371944503D-03  0.2245693046697608D-03  0.2313920304558527D-03
  0.2393097757810895D-03  0.2480418451555160D-03  0.2572096806720905D-03
  0.2663696817094660D-03  0.2750499441341296D-03  0.2827859141990225D-03
  0.2891512906123404D-03  0.2937821734948199D-03  0.2963939446198039D-03
  0.2967914046984958D-03  0.2948732364188510D-03  0.2906320161666430D-03
  0.2841508832626578D-03  0.2755977499238766D-03  0.2652176733685228D-03
  0.2533237752891443D-03  0.2402869057568897D-03  0.2265241071559664D-03
  0.2124858351258247D-03  0.1986418257435742D-03  0.1854654554851923D-03
  0.1734164240917894D-03  0.1629216167002285D-03  0.1543541100674804D-03
  0.1480105527014102D-03  0.1440876881452892D-03  0.1426597599830930D-03
  0.1436600788501515D-03  0.1468721526725247D-03  0.1519378931424939D-03
  0.1583917637969505D-03  0.1657272918025846D-03  0.1734949608930311D-03
  0.1814169851656885D-03  0.1894900472587605D-03  0.1980410526178932D-03
  0.2077118791398557D-03  0.2193752431278749D-03  0.2340109489818812D-03
  0.2525835847444171D-03  0.2759542457210224D-03  0.3048389606933825D-03
  0.3398081380157122D-03  0.3813118164296703D-03  0.4297145840977333D-03
  0.4853277620761057D-03  0.5484311546022349D-03  0.6192803682047532D-03
  0.6980979293419712D-03  0.7850474393925525D-03  0.8801902360084234D-03
  0.9834238455598346D-03  0.1094401151863640D-02  0.1212428809176708D-02
  0.1336343073376324D-02  0.1464360974876855D-02  0.1593904676371939D-02
  0.1721397036098802D-02  0.1842026967259092D-02  0.1949484156634143D-02
  0.2035664510699043D-02  0.2090350878908040D-02  0.2100875054614623D-02
  0.2051773197196220D-02  0.1924448882503523D-02  0.1696860713782322D-02
  0.1343249960243504D-02  0.8339166896700427D-03  0.1350368111535236D-03
 -0.7915109490925997D-03 -0.1988372101274040D-02 -0.3503092380425649D-02
 -0.5388763241730304D-02 -0.7705059234787457D-02 -0.1051977208331202D-01
 -0.1391090055125316D-01 -0.1796930099677524D-01 -0.2280185538606790D-01
 -0.2853508731517232D-01 -0.3531915215780247D-01 -0.4333215370963461D-01
 -0.5278476555421327D-01 -0.6392516191884694D-01 -0.7704428021634990D-01
 -0.9248143591797615D-01 -0.1106303225381264D+00 -0.1319454544251338D+00
 -0.1569492222820350D+00 -0.1862395922635672D+00 -0.2205000516739815D+00
 -0.2605098850926030D+00
