 TOTAL CHARGE DENSITY OF ATOM  1  Sb (SPIN=1)
                  333
 0.0000000000000000D+00 0.3807256005942139D-01 0.4024869102673833D-01
 0.4254869573903581D-01 0.4497957953535277D-01 0.4754876352996751D-01
 0.5026404378174983D-01 0.5313369204117332D-01 0.5616640784140153D-01
 0.5937139210557970D-01 0.6275835448016839D-01 0.6633754531341293D-01
 0.7011978529733845D-01 0.7411649607276910D-01 0.7833973300682785D-01
 0.8280221958519085D-01 0.8751738357069909D-01 0.9249939505734159D-01
 0.9776320649389945D-01 0.1033245947725433D+00 0.1092002054820935D+00
 0.1154075994275771D+00 0.1219653015221690D+00 0.1288928521616569D+00
 0.1362108611955818D+00 0.1439410646133473D+00 0.1521063840677485D+00
 0.1607309893625439D+00 0.1698403640348750D+00 0.1794613763556279D+00
 0.1896223825002414D+00 0.2003532045501549D+00 0.2116853047126436D+00
 0.2236518382779351D+00 0.2362877407634203D+00 0.2496298191827430D+00
 0.2637168476014474D+00 0.2785896671438820D+00 0.2942912906187553D+00
 0.3108670119330509D+00 0.3283645204658739D+00 0.3468340205751529D+00
 0.3663283564108791D+00 0.3869031422086558D+00 0.4086168982366541D+00
 0.4315311925675382D+00 0.4557107888444152D+00 0.4812238002062779D+00
 0.5081418495336075D+00 0.5365402361686444D+00 0.5664981092571876D+00
 0.5980986478494660D+00 0.6314292478864637D+00 0.6665817161849138D+00
 0.7036524715187575D+00 0.7427427528770032D+00 0.7839588349573967D+00
 0.8274122509318156D+00 0.8732201744866956D+00 0.9215053566752555D+00
 0.9723964252044762D+00 0.1026028329473531D+01 0.1082542500621757D+01
 0.1142087117050388D+01 0.1204817376514534D+01 0.1270895774492530D+01
 0.1340492388475502D+01 0.1413785167749255D+01 0.1490960228162758D+01
 0.1572212151292332D+01 0.1657744287317342D+01 0.1747769060821554D+01
 0.1842508278623420D+01 0.1942193438618254D+01 0.2047066038484588D+01
 0.2157377882965762D+01 0.2273391388285084D+01 0.2395379882088394D+01
 0.2523627897130828D+01 0.2658431456734594D+01 0.2800098349841007D+01
 0.2948948393262443D+01 0.3105313678507849D+01 0.3269538800308494D+01
 0.3441981063708509D+01 0.3623010666307289D+01 0.3813011032994380D+01
 0.4012380236759990D+01 0.4221526531618097D+01 0.4440872934646484D+01
 0.4670855759457883D+01 0.4911924560656444D+01 0.5164542020500299D+01
 0.5429183771590258D+01 0.5706338149000378D+01 0.5996505864853428D+01
 0.6300199597925425D+01 0.6617943490441520D+01 0.6950272543803251D+01
 0.7297731904569476D+01 0.7660876031603497D+01 0.8040267734903081D+01
 0.8436477076253716D+01 0.8850080121495614D+01 0.9281657533878841D+01
 0.9731792997707702D+01 0.1020107146125402D+02 0.1069007718776061D+02
 0.1119939160327197D+02 0.1172959093003293D+02 0.1228124359430080D+02
 0.1285490739763912D+02 0.1345112644111682D+02 0.1407042779234480D+02
 0.1471331788596144D+02 0.1538028547823378D+02 0.1607178277090525D+02
 0.1678822623548891D+02 0.1752999833230233D+02 0.1829743863032630D+02
 0.1909083847170641D+02 0.1991043534117610D+02 0.2075640694522906D+02
 0.2162886500913724D+02 0.2252784880359306D+02 0.2345331841687714D+02
 0.2440514779303681D+02 0.2538311756162533D+02 0.2638690769011332D+02
 0.2741608999615357D+02 0.2847012056346419D+02 0.2954833211219186D+02
 0.3064992638221842D+02 0.3177396659596156D+02 0.3291937007576514D+02
 0.3408490109993357D+02 0.3526916409078490D+02 0.3647059723770102D+02
 0.3768746666795685D+02 0.3891786128799746D+02 0.4015968842767538D+02
 0.4141067042960171D+02 0.4266834233502407D+02 0.4393005271794954D+02
 0.4519296832021579D+02 0.4645404772027072D+02 0.4771007963562069D+02
 0.4895767594947091D+02 0.5019327955385029D+02 0.5141317452941946D+02
 0.5261349884402694D+02 0.5379025974534028D+02 0.5493935201244357D+02
 0.5605657921673379D+02 0.5713767812329660D+02 0.5817834633977454D+02
 0.5917427329011900D+02 0.6012117455517087D+02 0.6101482958038785D+02
 0.6185112270297083D+02 0.6262608739593304D+02 0.6333595356523975D+02
 0.6397719766804779D+02 0.6454659534551369D+02 0.6504127618297073D+02
 0.6545878012409318D+02 0.6579711497476023D+02 0.6605481433776144D+02
 0.6623099522257331D+02 0.6632541447678274D+02 0.6633852308926744D+02
 0.6627151732215555D+02 0.6612625654265260D+02 0.6590560031136596D+02
 0.6561330230617757D+02 0.6525395033916864D+02 0.6483304520686670D+02
 0.6435700696974736D+02 0.6383316901005606D+02 0.6326975854900902D+02
 0.6267586238266422D+02 0.6206137671092473D+02 0.6143694008936946D+02
 0.6081384873122003D+02 0.6020395362861652D+02 0.5961953924920989D+02
 0.5907318389583467D+02 0.5857760219216303D+02 0.5814547057312585D+02
 0.5778923711112726D+02 0.5752091790509721D+02 0.5735187713400666D+02
 0.5729261675682902D+02 0.5735253379425169D+02 0.5753968246688146D+02
 0.5786056280335296D+02 0.5831989348328924D+02 0.5892040432828513D+02
 0.5966264721218883D+02 0.6054483112917193D+02 0.6156275161722606D+02
 0.6270984545337711D+02 0.6397636159921527D+02 0.6535015781772675D+02
 0.6681648049915384D+02 0.6835806101348128D+02 0.6995527135813312D+02
 0.7158634132012207D+02 0.7322763812807061D+02 0.7485400810592111D+02
 0.7643917826367915D+02 0.7795621399506284D+02 0.7937802724275066D+02
 0.8067792755440992D+02 0.8183020657005770D+02 0.8281074456239156D+02
 0.8359762591167200D+02 0.8417174874234701D+02 0.8451741261332353D+02
 0.8462286705067324D+02 0.8448080306911376D+02 0.8408876957892264D+02
 0.8344949690699987D+02 0.8257111054377859D+02 0.8146721976389976D+02
 0.8015686798808134D+02 0.7866433461276416D+02 0.7701878165412906D+02
 0.7525374267541827D+02 0.7340589969695826D+02 0.7151576110748688D+02
 0.6962572927114894D+02 0.6777884299795326D+02 0.6601785968831348D+02
 0.6438402977217356D+02 0.6291584172144984D+02 0.6164778614996030D+02
 0.6060916119686801D+02 0.5982294694510676D+02 0.5930487959425952D+02
 0.5906267600162765D+02 0.5909544201028650D+02 0.5939337865432549D+02
 0.5993774510929438D+02 0.6070111199882535D+02 0.6164791745759850D+02
 0.6273531900949896D+02 0.6391432572050120D+02 0.6513118297598348D+02
 0.6632897112296143D+02 0.6744936849210579D+02 0.6843452084008386D+02
 0.6922895210196742D+02 0.6978144728336872D+02 0.7004683737353162D+02
 0.6998761663452740D+02 0.6957532856062844D+02 0.6879151106534270D+02
 0.6762809115118741D+02 0.6608938041885803D+02 0.6419066771186230D+02
 0.6195818704036428D+02 0.5942832862704871D+02 0.5664648303544119D+02
 0.5366555849964852D+02 0.5054422290751761D+02 0.4734493551540574D+02
 0.4413184059586379D+02 0.4096860287650101D+02 0.3791628207869383D+02
 0.3503127010915419D+02 0.3236349177351112D+02 0.2995482052661965D+02
 0.2783781433889122D+02 0.2603484167008388D+02 0.2455761343783017D+02
 0.2340713024033334D+02 0.2257403708388469D+02 0.2203936432157260D+02
 0.2177561436711769D+02 0.2174813710351354D+02 0.2191672696475616D+02
 0.2223736660961497D+02 0.2266403814522989D+02 0.2315052130131556D+02
 0.2365210239185588D+02 0.2412746260764151D+02 0.2453881418165100D+02
 0.2485413555636701D+02 0.2504780608963863D+02 0.2510089255498814D+02
 0.2500128785253350D+02 0.2474355603716588D+02 0.2432851833218720D+02
 0.2376262139582131D+02 0.2305714218922638D+02 0.2222727731163500D+02
 0.2129117927995756D+02 0.2026897598489398D+02 0.1918182752591513D+02
 0.1805105920317365D+02 0.1689739914985661D+02 0.1574032710032101D+02
 0.1459755380529019D+02 0.1348465147600299D+02 0.1241480035029923D+02
 0.1139866021725144D+02 0.1044435531408834D+02 0.9557538662094407D+01
 0.8741564686108196D+01 0.7997723268434088D+01 0.7325453488833256D+01
 0.6722653033751691D+01 0.6185970578961145D+01 0.5711146577069547D+01
 0.5293292984443892D+01 0.4926825533000963D+01 0.4606131988682444D+01
 0.4325613452164346D+01 0.4079854638820616D+01 0.3863781702601435D+01
 0.3672737463709538D+01 0.3502591081732526D+01 0.3349757910473453D+01
 0.3211250714417635D+01 0.3084662641556004D+01 0.2968191048355350D+01
 0.2860592698105797D+01 0.2761170672251880D+01 0.2669744710341885D+01
 0.2586620914070938D+01 0.2512570395432920D+01 0.2448795498202922D+01
 0.2396947218740483D+01
 CORE CHARGE DENSITY OF ATOM  1  Sb (SPIN=1)
                  333
 0.0000000000000000D+00 0.3805396749218752D-01 0.4022903565993701D-01
 0.4252791746534992D-01 0.4495761448361798D-01 0.4752554421037451D-01
 0.5023949890265680D-01 0.5310774627830069D-01 0.5613898162818009D-01
 0.5934240138966397D-01 0.6272771047555659D-01 0.6630515423720212D-01
 0.7008554809209296D-01 0.7408030811400604D-01 0.7830148379459194D-01
 0.8276179241893637D-01 0.8747465520662438D-01 0.9245423534725856D-01
 0.9771547800469220D-01 0.1032741523852152D+00 0.1091468959693625D+00
 0.1153512610089264D+00 0.1219057633952098D+00 0.1288299340086093D+00
 0.1361443726636273D+00 0.1438708047675442D+00 0.1520321408151507D+00
 0.1606525388461016D+00 0.1697574699956315D+00 0.1793737894605817D+00
 0.1895298396199926D+00 0.2002554280484058D+00 0.2115820016504243D+00
 0.2235426995926862D+00 0.2361724404060702D+00 0.2495080132108226D+00
 0.2635881732262098D+00 0.2784537417293039D+00 0.2941477106302468D+00
 0.3107153518336014D+00 0.3282043315572953D+00 0.3466648297820051D+00
 0.3661496650045836D+00 0.3867144244692251D+00 0.4084176000493999D+00
 0.4313207299520360D+00 0.4554885464129382D+00 0.4809891295488547D+00
 0.5078940675267725D+00 0.5362786232049105D+00 0.5662219073922100D+00
 0.5978070588638105D+00 0.6311214312588578D+00 0.6662567869738336D+00
 0.7033094981491620D+00 0.7423807548290361D+00 0.7835767803538515D+00
 0.8270090540212094D+00 0.8727946929426171D+00 0.9210563889355226D+00
 0.9719227076693343D+00 0.1025528533490287D+01 0.1082015229399354D+01
 0.1141530902451795D+01 0.1204230675724472D+01 0.1270276966558208D+01
 0.1339839770718313D+01 0.1413096952045679D+01 0.1490234537093004D+01
 0.1571447014155662D+01 0.1656937636013491D+01 0.1746918725598042D+01
 0.1841611983689228D+01 0.1941248797624887D+01 0.2046070549876280D+01
 0.2156328925201307D+01 0.2272286214934742D+01 0.2394215616810173D+01
 0.2522401528531572D+01 0.2657139833122478D+01 0.2798738173877292D+01
 0.2947516216521766D+01 0.3103805895957945D+01 0.3267951644721759D+01
 0.3440310600019873D+01 0.3621252785934718D+01 0.3811161448048142D+01
 0.4010434473590484D+01 0.4219479926710235D+01 0.4438720628251740D+01
 0.4668592690052110D+01 0.4909545459510155D+01 0.5162041406396999D+01
 0.5426555945732050D+01 0.5703577190143686D+01 0.5993605624721964D+01
 0.6297153696951720D+01 0.6614745313892916D+01 0.6946915238353009D+01
 0.7294208375378802D+01 0.7657178939985438D+01 0.8036389496644750D+01
 0.8432409860679176D+01 0.8845815851357449D+01 0.9277187886172609D+01
 0.9727109405509816D+01 0.1019616511668978D+02 0.1068493904621549D+02
 0.1119401238896615D+02 0.1172396114308465D+02 0.1227535351941129D+02
 0.1284874711453750D+02 0.1344468583690913D+02 0.1406369657591712D+02
 0.1470628560459206D+02 0.1537294153302653D+02 0.1606411644239738D+02
 0.1678022670922059D+02 0.1752165472389454D+02 0.1828874001558556D+02
 0.1908177391992750D+02 0.1990099395180534D+02 0.2074657788804572D+02
 0.2161863756810260D+02 0.2251721242450601D+02 0.2344226275896244D+02
 0.2439366278457399D+02 0.2537119345970609D+02 0.2637453514458992D+02
 0.2740326011781069D+02 0.2845682499641149D+02 0.2953456311043403D+02
 0.3063567689031233D+02 0.3175923033361615D+02 0.3290414162617971D+02
 0.3406917600160061D+02 0.3525293893240819D+02 0.3645386975579376D+02
 0.3767023584659096D+02 0.3890012746007239D+02 0.4014145337696111D+02
 0.4139193749268975D+02 0.4264911650218733D+02 0.4391034073122017D+02
 0.4517277876784222D+02 0.4643339113350925D+02 0.4768896856809528D+02
 0.4893612505255938D+02 0.5017130564174609D+02 0.5139079663171964D+02
 0.5259073824351360D+02 0.5376713999844287D+02 0.5491589894969110D+02
 0.5603282092034092D+02 0.5711364487887195D+02 0.5815407055900540D+02
 0.5914978940117440D+02 0.6009651885748737D+02 0.6099004006045876D+02
 0.6182623880776701D+02 0.6260114976064365D+02 0.6331100369214822D+02
 0.6395227755356043D+02 0.6452174705264726D+02 0.6501654135699219D+02
 0.6543419944950172D+02 0.6577272757241948D+02 0.6603065710174208D+02
 0.6620710209716064D+02 0.6630181567515544D+02 0.6631524425656609D+02
 0.6624857864704344D+02 0.6610367192581718D+02 0.6588337625671440D+02
 0.6559143689872099D+02 0.6523243227308184D+02 0.6481185275942599D+02
 0.6433610698674495D+02 0.6381251592113021D+02 0.6324929343387890D+02
 0.6265551211183755D+02 0.6204105318699528D+02 0.6141653961747922D+02
 0.6079325154954158D+02 0.6018302363173168D+02 0.5959812393891061D+02
 0.5905111459504210D+02 0.5855469455821850D+02 0.5812152544652115D+02
 0.5776404173466148D+02 0.5749424716789578D+02 0.5732349922769414D+02
 0.5726228685019515D+02 0.5731999971300008D+02 0.5750469702473984D+02
 0.5782288186161928D+02 0.5827928039403590D+02 0.5887663483212622D+02
 0.5961551475497129D+02 0.6049415254214254D+02 0.6150837293688598D+02
 0.6265164761410142D+02 0.6391426798147258D+02 0.6528413984162633D+02
 0.6674656364754330D+02 0.6828433047914788D+02 0.6987787711634229D+02
 0.7150550241806634D+02 0.7314364596086183D+02 0.7476722844919776D+02
 0.7635005181869468D+02 0.7786525521741540D+02 0.7928582122421557D+02
 0.8058512476208777D+02 0.8173751526270625D+02 0.8271892076152265D+02
 0.8350746084216281D+02 0.8408405373914948D+02 0.8443300155201707D+02
 0.8454253646302276D+02 0.8440531018954296D+02 0.8401880868512967D+02
 0.8338567442190367D+02 0.8251391948322524D+02 0.8141701422854922D+02
 0.8011383849430304D+02 0.7862848516729488D+02 0.7698990952588521D+02
 0.7523142190581312D+02 0.7338947125602709D+02 0.7150432313884367D+02
 0.6961813832538732D+02 0.6777372334798767D+02 0.6601362004166597D+02
 0.6437888882109276D+02 0.6290786379518502D+02 0.6163491783051243D+02
 0.6058927991292907D+02 0.5979394360676177D+02 0.5926471595266982D+02
 0.5900944520855800D+02 0.5902745332703687D+02 0.5930922942670956D+02
 0.5983639037521051D+02 0.6058193044726961D+02 0.6151076852462639D+02
 0.6258058791101340D+02 0.6374295321959497D+02 0.6494467704931982D+02
 0.6612939802884409D+02 0.6723932140718131D+02 0.6821706494020174D+02
 0.6900754586751894D+02 0.6955984085430386D+02 0.6982894977408904D+02
 0.6977739498628749D+02 0.6937659326627785D+02 0.6860779586446148D+02
 0.6746248525905052D+02 0.6594434235462782D+02 0.6406788456477271D+02
 0.6185844240958340D+02 0.5935139697487712D+02 0.5659105793789022D+02
 0.5362922058791648D+02 0.5052345286499876D+02 0.4733517499080436D+02
 0.4412760288515930D+02 0.4096363327022287D+02 0.3790375310037538D+02
 0.3500403465402050D+02 0.3231436492128983D+02 0.2987687181821345D+02
 0.2772466754854992D+02 0.2588098573263602D+02 0.2435868919217914D+02
 0.2316017773316841D+02 0.2227769904829571D+02 0.2169403209678965D+02
 0.2138350473247553D+02 0.2131329233235534D+02 0.2144493355541011D+02
 0.2173599190574090D+02 0.2214178776336033D+02 0.2261712480901813D+02
 0.2311793757546713D+02 0.2360315688416983D+02 0.2403477046507228D+02
 0.2438006295503854D+02 0.2461227305329676D+02 0.2471090558603443D+02
 0.2466191914273535D+02 0.2445763779877499D+02 0.2409641697833880D+02
 0.2358210257807246D+02 0.2292333032062600D+02 0.2213271407047522D+02
 0.2122597308416206D+02 0.2022104371335677D+02 0.1913721717078315D+02
 0.1799433659831393D+02 0.1681208120134865D+02 0.1560935219307569D+02
 0.1440376801858338D+02 0.1321129792758874D+02 0.1204599161774127D+02
 0.1091981399412946D+02 0.9842588929147233D+01 0.8822004684994280D+01
 0.7863722224781551D+01 0.6971537504261427D+01 0.6147517182992735D+01
 0.5392224370828901D+01 0.4704937342506622D+01 0.4083918510273280D+01
 0.3526634734304122D+01 0.3029654553155141D+01 0.2589218640802839D+01
 0.2201268738397835D+01 0.1861588310625726D+01 0.1565919892489212D+01
 0.1310060955253865D+01 0.1089938666348526D+01 0.9016661291942667D+00
 0.7415826100265053D+00 0.6062798992972431D+00 0.4926174099807477D+00
 0.3977281059430472D+00 0.3190172744245096D+00 0.2541558010531906D+00
 0.2010693878818151D+00 0.1579248542053707D+00 0.1231144637404876D+00
 0.9523901719004857D-01
 0.1020000000000000D+03 0.0000000000000000D+00
   11
    1    1
 -0.2224402090793197D+04  0.5676959520148438D+04
 -0.3386264639248809D+03  0.1223447462638022D+04
 -0.3041647316075133D+03  0.3347875018070435D+04
 -0.6643486884566070D+02  0.3490366853800170D+03
 -0.5520434001737138D+02  0.9433114931527612D+03
 -0.3802549977051437D+02  0.1428680962916795D+04
 -0.1101170522923086D+02  0.9555367837544729D+02
 -0.7564921442869085D+01  0.2383641564397054D+03
 -0.2563283361300610D+01  0.2716252384277254D+03
 -0.1039599535540171D+01  0.1381699031660285D+02
 -0.4507648870458006D+00  0.1071204418464536D+02
