1POTENTIAL OF ATOM  1  Sb (SPIN=1)
                 333
  0.0000000000000000D+00 -0.1019382015792995D+03 -0.1019362868020625D+03
 -0.1019343126921944D+03 -0.1019322774096037D+03 -0.1019301790596687D+03
 -0.1019280156843250D+03 -0.1019257852690530D+03 -0.1019234857330228D+03
 -0.1019211149324490D+03 -0.1019186706564820D+03 -0.1019161506255574D+03
 -0.1019135524892645D+03 -0.1019108738240911D+03 -0.1019081121311539D+03
 -0.1019052648338471D+03 -0.1019023292754156D+03 -0.1018993027164523D+03
 -0.1018961823323180D+03 -0.1018929652104802D+03 -0.1018896483477674D+03
 -0.1018862286475397D+03 -0.1018827029167684D+03 -0.1018790678630265D+03
 -0.1018753200913831D+03 -0.1018714561012021D+03 -0.1018674722828405D+03
 -0.1018633649142432D+03 -0.1018591301574319D+03 -0.1018547640550127D+03
 -0.1018502625281933D+03 -0.1018456213672592D+03 -0.1018408362332197D+03
 -0.1018359026518970D+03 -0.1018308160097059D+03 -0.1018255715493028D+03
 -0.1018201643651002D+03 -0.1018145893986420D+03 -0.1018088414338356D+03
 -0.1018029150920379D+03 -0.1017968048269887D+03 -0.1017905049195891D+03
 -0.1017840094725193D+03 -0.1017773124046917D+03 -0.1017704074455341D+03
 -0.1017632881290991D+03 -0.1017559477879941D+03 -0.1017483795471271D+03
 -0.1017405763172635D+03 -0.1017325307883887D+03 -0.1017242354228712D+03
 -0.1017156824484212D+03 -0.1017068638508387D+03 -0.1016977713665474D+03
 -0.1016883964749063D+03 -0.1016787303902969D+03 -0.1016687640539769D+03
 -0.1016584881256981D+03 -0.1016478929792318D+03 -0.1016369686849709D+03
 -0.1016257050027549D+03 -0.1016140913776816D+03 -0.1016021169276920D+03
 -0.1015897704336517D+03 -0.1015770403291570D+03 -0.1015639146900620D+03
 -0.1015503812237202D+03 -0.1015364272579380D+03 -0.1015220397296342D+03
 -0.1015072051732016D+03 -0.1014919097085672D+03 -0.1014761390289476D+03
 -0.1014598783882958D+03 -0.1014431125884375D+03 -0.1014258259658942D+03
 -0.1014080023783915D+03 -0.1013896251910521D+03 -0.1013706772622722D+03
 -0.1013511409292825D+03 -0.1013309979933946D+03 -0.1013102297049350D+03
 -0.1012888167478696D+03 -0.1012667392241224D+03 -0.1012439766375949D+03
 -0.1012205078778906D+03 -0.1011963112037551D+03 -0.1011713642286897D+03
 -0.1011456439207467D+03 -0.1011191265241174D+03 -0.1010917876035655D+03
 -0.1010636020063101D+03 -0.1010345438440016D+03 -0.1010045864745116D+03
 -0.1009737024835593D+03 -0.1009418636662002D+03 -0.1009090410082031D+03
 -0.1008752046673456D+03 -0.1008403239546606D+03 -0.1008043673156684D+03
 -0.1007673023116340D+03 -0.1007290956008889D+03 -0.1006897129202631D+03
 -0.1006491190666738D+03 -0.1006072778789217D+03 -0.1005641522197491D+03
 -0.1005197039582155D+03 -0.1004738939524527D+03 -0.1004266820328612D+03
 -0.1003780269858156D+03 -0.1003278865379470D+03 -0.1002762173410758D+03
 -0.1002229749578691D+03 -0.1001681138482990D+03 -0.1001115873569815D+03
 -0.1000533477014755D+03 -0.9999334601048395D+02 -0.9993153220640473D+02
 -0.9986785503879469D+02 -0.9980226212256896D+02 -0.9973469990427657D+02
 -0.9966511365784001D+02 -0.9959344748180335D+02 -0.9951964429815509D+02
 -0.9944364585278596D+02 -0.9936539271763364D+02 -0.9928482429455718D+02
 -0.9920187882097305D+02 -0.9911649337727171D+02 -0.9902860389601872D+02
 -0.9893814517292871D+02 -0.9884505087958065D+02 -0.9874925357782335D+02
 -0.9865068473579655D+02 -0.9854927474546842D+02 -0.9844495294156363D+02
 -0.9833764762172682D+02 -0.9822728606773633D+02 -0.9811379456755078D+02
 -0.9799709843793757D+02 -0.9787712204739881D+02 -0.9775378883907565D+02
 -0.9762702135327733D+02 -0.9749674124924933D+02 -0.9736286933467269D+02
 -0.9722532560419526D+02 -0.9708402912429361D+02 -0.9693889821028752D+02
 -0.9678985037722330D+02 -0.9663680234738749D+02 -0.9647967005374301D+02
 -0.9631836863882015D+02 -0.9615281244863012D+02 -0.9598291502122626D+02
 -0.9580858906961423D+02 -0.9562974645881167D+02 -0.9544629817698554D+02
 -0.9525815430074984D+02 -0.9506522395489424D+02 -0.9486741526703582D+02
 -0.9466463531794361D+02 -0.9445679008858065D+02 -0.9424378440524116D+02
 -0.9402552188452955D+02 -0.9380190488033062D+02 -0.9357283443535168D+02
 -0.9333821024026973D+02 -0.9309793060397564D+02 -0.9285189243886101D+02
 -0.9259999126551445D+02 -0.9234212124155781D+02 -0.9207817521961968D+02
 -0.9180804483957036D+02 -0.9153162004059674D+02 -0.9124879063123544D+02
 -0.9095944586896967D+02 -0.9066347431621602D+02 -0.9036076446191079D+02
 -0.9005120510184858D+02 -0.8973468576697265D+02 -0.8941109719227026D+02
 -0.8908033181463784D+02 -0.8874228428318817D+02 -0.8839685196019111D+02
 -0.8804393538553065D+02 -0.8768343867277162D+02 -0.8731526980140089D+02
 -0.8693934076846521D+02 -0.8655556756470982D+02 -0.8616386994645826D+02
 -0.8576417098567961D+02 -0.8535639639991138D+02 -0.8494047364956651D+02
 -0.8451633099536836D+02 -0.8408389630095532D+02 -0.8364309588282713D+02
 -0.8319385363849352D+02 -0.8273609026757738D+02 -0.8226972289335308D+02
 -0.8179466513447744D+02 -0.8131082768651422D+02 -0.8081811986027573D+02
 -0.8031645221405262D+02 -0.7980573345594836D+02 -0.7928587816637473D+02
 -0.7875680757020938D+02 -0.7821845207619332D+02 -0.7767075369028102D+02
 -0.7711366816344623D+02 -0.7654716675450888D+02 -0.7597123751401689D+02
 -0.7538588602397120D+02 -0.7479113555744698D+02 -0.7418702665125736D+02
 -0.7357361611215106D+02 -0.7295097550321013D+02 -0.7231918918117766D+02
 -0.7167835197844762D+02 -0.7102856664437803D+02 -0.7036994118026027D+02
 -0.6970258621916895D+02 -0.6902661261612940D+02 -0.6834212942337096D+02
 -0.6764924242887935D+02 -0.6694805343114126D+02 -0.6623866040642213D+02
 -0.6552115869384642D+02 -0.6479564327401839D+02 -0.6406221214644027D+02
 -0.6332097071556201D+02 -0.6257203254207464D+02 -0.6181553646055735D+02
 -0.6105164499695462D+02 -0.6028054768259231D+02 -0.5950246646343702D+02
 -0.5871765707162312D+02 -0.5792640765737368D+02 -0.5712903449673243D+02
 -0.5632587481346178D+02 -0.5551727737012752D+02 -0.5470359311911825D+02
 -0.5388516692568940D+02 -0.5306233220835455D+02 -0.5223541085276141D+02
 -0.5140471843908239D+02 -0.5057057458088852D+02 -0.4973331703601171D+02
 -0.4889331742870483D+02 -0.4805099616735132D+02 -0.4720683430617714D+02
 -0.4636138060977426D+02 -0.4551525275692216D+02 -0.4466913232405565D+02
 -0.4382375379844197D+02 -0.4297988835173810D+02 -0.4213832344805877D+02
 -0.4129983956713084D+02 -0.4046518546142739D+02 -0.3963505172777062D+02
 -0.3881004311939045D+02 -0.3799067557391984D+02 -0.3717734497329252D+02
 -0.3637032063729149D+02 -0.3556974149778402D+02 -0.3477561982555518D+02
 -0.3398785315328853D+02 -0.3320624465642651D+02 -0.3243053180130041D+02
 -0.3166042239135905D+02 -0.3089563627162832D+02 -0.3013595003766306D+02
 -0.2938123929817005D+02 -0.2863151458698109D+02 -0.2788694139533310D+02
 -0.2714783701992964D+02 -0.2641463856760290D+02 -0.2568784087538599D+02
 -0.2496791194031722D+02 -0.2425520350124468D+02 -0.2354988123376707D+02
 -0.2285189720657348D+02 -0.2216101545856790D+02 -0.2147688451474906D+02
 -0.2079913652003124D+02 -0.2012748769742228D+02 -0.1946181928845242D+02
 -0.1880222771352116D+02 -0.1814905232927989D+02 -0.1750282937085621D+02
 -0.1686429561341108D+02 -0.1623433990013574D+02 -0.1561394774033571D+02
 -0.1500414984450284D+02 -0.1440597337409073D+02 -0.1382039852022000D+02
 -0.1324832196242679D+02 -0.1269052823063818D+02 -0.1214766913110108D+02
 -0.1162025145464209D+02 -0.1110863207342507D+02 -0.1061302003385434D+02
 -0.1013348482211036D+02 -0.9669969790467754D+01 -0.9222309029728553D+01
 -0.8790246693208548D+01 -0.8373458353153849D+01 -0.7971571700709728D+01
 -0.7584186086560535D+01 -0.7210889887625590D+01 -0.6851273521875394D+01
 -0.6504940302553263D+01 -0.6171513456593382D+01 -0.5850633872039691D+01
 -0.5541958756815846D+01 -0.5245155270774167D+01 -0.4959897780930494D+01
 -0.4685861689217118D+01 -0.4422679427711837D+01 -0.4169983269129204D+01
 -0.3927390192408042D+01 -0.3694507578338049D+01 -0.3470946001300972D+01
 -0.3256327910263625D+01 -0.3050307150697690D+01 -0.2852579497990142D+01
 -0.2662901046133692D+01 -0.2481097515297253D+01 -0.2307082205847821D+01
 -0.2140863171216663D+01 -0.1982557235396831D+01 -0.1832402385301766D+01
 -0.1690771227821573D+01 -0.1558187250875856D+01 -0.1435338342621783D+01
 -0.1323100741552790D+01
 -0.1021529888932042D+00
