    1
  115
 -0.7273463318220923D+00  0.3819032266016104D+00 -0.3555400302846268D+00
  0.2761792521355385D+01 -0.1410920574964639D+01 -0.1399502960791468D+01
 -0.5338828048789723D+00  0.2682560995669758D+00  0.6136750216852226D+00
 -0.1059396185785721D+00  0.8237671379102194D+00 -0.4950481242522076D+00
  0.3188657264623121D+00 -0.2154707025501661D+00  0.6351753977603746D+00
 -0.8099788615746117D-01  0.6786111960980615D+00 -0.1985055902606068D+00
 -0.4567292914393186D+00 -0.6701551713062256D-01 -0.2356604256195473D+00
  0.1463378184858769D+00 -0.1983141426140284D+00  0.5640443694137227D-01
  0.5912133258680505D-01 -0.9766242881275666D-01 -0.1999115236295036D+00
  0.5814888769883689D-01 -0.1181056187051887D+00  0.1476131292211119D+00
  0.7982188796567805D-01  0.7743447100665275D-01  0.5784384669032025D-01
 -0.1683200808411979D-01  0.1681536194162042D+00 -0.1036332910274048D+00
  0.6693081807736360D-01 -0.1201517989037573D+00  0.3095940618214454D-01
 -0.5214777978985564D-01 -0.4758142212774773D-02  0.8119247490893403D-01
 -0.5905565072345261D-02  0.4385624589107835D-01  0.3393821894888232D-01
 -0.2950225130407047D-01 -0.2600592330892615D-01 -0.2597206296585871D-01
  0.3091853093814603D-01  0.3792485954111003D-01 -0.1267953950429930D-01
 -0.1498574714959312D-01 -0.5298138086530584D-02  0.4356524976693423D-01
 -0.2157357836033119D-01 -0.2592381518139629D-01  0.3405171059547239D-01
 -0.2977664135803627D-01 -0.2587648202193668D-01 -0.3075595874631801D-01
  0.9517072270741845D-02 -0.1261182601723360D-01  0.6878191923332090D-02
  0.7921454023801795D-02  0.6865159551805232D-03 -0.1065825406697740D-01
 -0.6394058989292722D-02  0.7447496480862604D-02  0.9141468583207890D-02
  0.2166148954898854D-02 -0.1765056480762468D-02 -0.1813356296953483D-02
  0.9601570614044109D-02  0.9526528824968095D-02 -0.3577283368271790D-03
  0.5090298704119607D-02  0.3385324330293162D-03 -0.1029322257186873D-01
 -0.6033131100456738D-02  0.7951688989894042D-02 -0.3421045476975380D-02
  0.1742803049721486D-02 -0.3556967713641203D-02  0.6051441012531664D-02
 -0.1520646805715942D-02 -0.1651470917060702D-02  0.1634236987231942D-02
 -0.3894918212467521D-03  0.4704129613464213D-02  0.2882474266121124D-03
  0.3696356950369273D-03  0.1741093986955168D-02 -0.3078305909413359D-02
 -0.2507466781773848D-02 -0.2629351738192331D-02  0.1546123587874342D-02
  0.8431678177087910D-03 -0.1258719472727312D-02  0.1916566735391757D-02
 -0.3538040217776861D-03  0.1973853632334920D-02 -0.1969440576576520D-02
 -0.5330147185621025D-03  0.1470996958153665D-03  0.1422218772088300D-02
 -0.6378131568448294D-03 -0.1130043743904288D-02  0.6395733287255248D-03
  0.4901305265510860D-03  0.4537758702344177D-03 -0.3555933798809834D-03
  0.5057755993589769D-04 -0.3033924726845868D-03 -0.3331831068778559D-03
  0.7454176653864976D-04
    7
    1    1  333
  0.0000000000000000D+00 -0.4141018451675449D+07 -0.4017943065916790D+07
 -0.3898523337765940D+07 -0.3782650683845746D+07 -0.3670219746010447D+07
 -0.3561128295633403D+07 -0.3455277140401645D+07 -0.3352570034446585D+07
 -0.3252913590532090D+07 -0.3156217195356457D+07 -0.3062392927061249D+07
 -0.2971355475316785D+07 -0.2883022063747671D+07 -0.2797312374666725D+07
 -0.2714148476045525D+07 -0.2633454750653525D+07 -0.2555157827302030D+07
 -0.2479186514130437D+07 -0.2405471733874054D+07 -0.2333946461054675D+07
 -0.2264545661036727D+07 -0.2197206230893668D+07 -0.2131866942030813D+07
 -0.2068468384512419D+07 -0.2006952913042431D+07 -0.1947264594549746D+07
 -0.1889349157330357D+07 -0.1833153941700121D+07 -0.1778627852113291D+07
 -0.1725721310703261D+07 -0.1674386212203307D+07 -0.1624575880206293D+07
 -0.1576245024723617D+07 -0.1529349701004784D+07 -0.1483847269580153D+07
 -0.1439696357490552D+07 -0.1396856820668485D+07 -0.1355289707436743D+07
 -0.1314957223091220D+07 -0.1275822695535738D+07 -0.1237850541937624D+07
 -0.1201006236373733D+07 -0.1165256278437489D+07 -0.1130568162778415D+07
 -0.1096910349546427D+07 -0.1064252235714053D+07 -0.1032564127250482D+07
 -0.1001817212122140D+07 -0.9719835340952576D+06 -0.9430359673166033D+06
 -0.9149481916492583D+06 -0.8876946687410352D+06 -0.8612506188037466D+06
 -0.8355919980822420D+06 -0.8106954769927042D+06 -0.7865384189103459D+06
 -0.7630988595872005D+06 -0.7403554871813115D+06 -0.7182876228791527D+06
 -0.6968752020936609D+06 -0.6760987562207900D+06 -0.6559393949379957D+06
 -0.6363787890285609D+06 -0.6173991537161351D+06 -0.5989832324943511D+06
 -0.5811142814368022D+06 -0.5637760539731246D+06 -0.5469527861173345D+06
 -0.5306291821349980D+06 -0.5147904006361963D+06 -0.4994220410816445D+06
 -0.4845101306896942D+06 -0.4700411117323166D+06 -0.4560018292085137D+06
 -0.4423795188839536D+06 -0.4291617956859494D+06 -0.4163366424432363D+06
 -0.4038923989603072D+06 -0.3918177514163673D+06 -0.3801017220792772D+06
 -0.3687336593251259D+06 -0.3577032279543602D+06 -0.3470003997956653D+06
 -0.3366154445890529D+06 -0.3265389211398641D+06 -0.3167616687356483D+06
 -0.3072747988181022D+06 -0.2980696869025075D+06 -0.2891379647373097D+06
 -0.2804715126967077D+06 -0.2720624523993375D+06 -0.2639031395463337D+06
 -0.2559861569722513D+06 -0.2483043079025306D+06 -0.2408506094113628D+06
 -0.2336182860740097D+06 -0.2266007638077947D+06 -0.2197916638961634D+06
 -0.2131847971903674D+06 -0.2067741584834968D+06 -0.2005539210517354D+06
 -0.1945184313578630D+06 -0.1886622039121841D+06 -0.1829799162861930D+06
 -0.1774664042744338D+06 -0.1721166572001415D+06 -0.1669258133603782D+06
 -0.1618891556065133D+06 -0.1570021070560075D+06 -0.1522602269315842D+06
 -0.1476592065239882D+06 -0.1431948652746383D+06 -0.1388631469745891D+06
 -0.1346601160763245D+06 -0.1305819541150043D+06 -0.1266249562358817D+06
 -0.1227855278247100D+06 -0.1190601812380432D+06 -0.1154455326304290D+06
 -0.1119382988755769D+06 -0.1085352945786708D+06 -0.1052334291770736D+06
 -0.1020297041267560D+06 -0.9892121017185364D+05 -0.9590512469483484D+05
 -0.9297870914483402D+05 -0.9013930654177432D+05 -0.8738433905397575D+05
 -0.8471130564700914D+05 -0.8211777980162390D+05 -0.7960140729864124D+05
 -0.7715990406876717D+05 -0.7479105410533989D+05 -0.7249270743808945D+05
 -0.7026277816604252D+05 -0.6809924254776744D+05 -0.6600013714720783D+05
 -0.6396355703341402D+05 -0.6198765403253332D+05 -0.6007063503047881D+05
 -0.5821076032474879D+05 -0.5640634202392620D+05 -0.5465574249343900D+05
 -0.5295737284621965D+05 -0.5130969147695408D+05 -0.4971120263866577D+05
 -0.4816045506043452D+05 -0.4665604060510471D+05 -0.4519659296589064D+05
 -0.4378078640084340D+05 -0.4240733450419635D+05 -0.4107498901366167D+05
 -0.3978253865280435D+05 -0.3852880800767356D+05 -0.3731265643692472D+05
 -0.3613297701471690D+05 -0.3498869550572109D+05 -0.3387876937162306D+05
 -0.3280218680855051D+05 -0.3175796581489600D+05 -0.3074515328904679D+05
 -0.2976282415656395D+05 -0.2881008052638049D+05 -0.2788605087560614D+05
 -0.2698988926253563D+05 -0.2612077456745304D+05 -0.2527790976080963D+05
 -0.2446052119831783D+05 -0.2366785794245204D+05 -0.2289919110977261D+05
 -0.2215381324338812D+05 -0.2143103770974301D+05 -0.2073019811875810D+05
 -0.2005064776615039D+05 -0.1939175909653932D+05 -0.1875292318567090D+05
 -0.1813354923980314D+05 -0.1753306410997488D+05 -0.1695091181855220D+05
 -0.1638655309513513D+05 -0.1583946491863713D+05 -0.1530914006216979D+05
 -0.1479508663732516D+05 -0.1429682763461461D+05 -0.1381390045726263D+05
 -0.1334585644633351D+05 -0.1289226039633577D+05 -0.1245269006201707D+05
 -0.1202673565898966D+05 -0.1161399936299561D+05 -0.1121409481482944D+05
 -0.1082664663989905D+05 -0.1045128999308181D+05 -0.1008767013812957D+05
 -0.9735442074812203D+04 -0.9394270218496338D+04 -0.9063828138365141D+04
 -0.8743798354195236D+04 -0.8433872187214840D+04 -0.8133749656046068D+04
 -0.7843139405066610D+04 -0.7561758650170897D+04 -0.7289333126197906D+04
 -0.7025597021100673D+04 -0.6770292884212183D+04 -0.6523171499085298D+04
 -0.6283991715104398D+04 -0.6052520235767857D+04 -0.5828531364972756D+04
 -0.5611806715516394D+04 -0.5402134886260143D+04 -0.5199311115963490D+04
 -0.5003136922740025D+04 -0.4813419738502711D+04 -0.4629972547752544D+04
 -0.4452613539714826D+04 -0.4281165782215620D+04 -0.4115456924869796D+04
 -0.3955318938151474D+04 -0.3800587893748305D+04 -0.3651103790256891D+04
 -0.3506710426739354D+04 -0.3367255324904089D+04 -0.3232589698666912D+04
 -0.3102568467565431D+04 -0.2977050307927664D+04 -0.2855897732854724D+04
 -0.2738977189045326D+04 -0.2626159155440278D+04 -0.2517318225934775D+04
 -0.2412333156383604D+04 -0.2311086855875461D+04 -0.2213466304116297D+04
 -0.2119362382348421D+04 -0.2028669614641170D+04 -0.1941285829871912D+04
 -0.1857111770329730D+04 -0.1776050690839335D+04 -0.1698007997270604D+04
 -0.1622890981698111D+04 -0.1550608695561323D+04 -0.1481071977868685D+04
 -0.1414193632704186D+04 -0.1349888709728039D+04 -0.1288074829220231D+04
 -0.1228672482790260D+04 -0.1171605249144810D+04 -0.1116799882689346D+04
 -0.1064186255966630D+04 -0.1013697159364300D+04 -0.9652679791846410D+03
 -0.9188362866439857D+03 -0.8743413753984369D+03 -0.8317237858452683D+03
 -0.7909248510201023D+03 -0.7518862941386449D+03 -0.7145499017614243D+03
 -0.6788572902968131D+03 -0.6447497775512160D+03 -0.6121683650821756D+03
 -0.5810538320633937D+03 -0.5513469359795855D+03 -0.5229887112248861D+03
 -0.4959208518964779D+03 -0.4700861607868685D+03 -0.4454290417776015D+03
 -0.4218960074548614D+03 -0.3994361673597284D+03 -0.3780016546913369D+03
 -0.3575479410324630D+03 -0.3380339783426643D+03 -0.3194221271608309D+03
 -0.3016777893164866D+03 -0.2847687730758266D+03 -0.2686644188114007D+03
 -0.2533346297602983D+03 -0.2387490150736824D+03 -0.2248763735960595D+03
 -0.2116846749559416D+03 -0.1991415444969828D+03 -0.1872150954785172D+03
 -0.1758748559571258D+03 -0.1650925467033310D+03 -0.1548425568174389D+03
 -0.1451020761068391D+03 -0.1358509318909950D+03 -0.1270712198445810D+03
 -0.1187468263810718D+03 -0.1108629225355239D+03 -0.1034054876166963D+03
 -0.9636089798218094D+02 -0.8971559900007047D+02 -0.8345586567468442D+02
 -0.7756764900423769D+02 -0.7203650006314925D+02 -0.6684756086232237D+02
 -0.6198560966046483D+02 -0.5743514804628384D+02 -0.5318051747074345D+02
 -0.4920603374248202D+02 -0.4549612936931867D+02 -0.4203549358795857D+02
 -0.3880920387600013D+02 -0.3580284634587905D+02 -0.3300260983315526D+02
 -0.3039536184354324D+02 -0.2796869891950399D+02 -0.2571097197227197D+02
 -0.2361128179721474D+02 -0.2165947427053570D+02 -0.1984608254150835D+02
 -0.1816227791330457D+02 -0.1659980556889548D+02 -0.1515091802093949D+02
 -0.1380831231390537D+02 -0.1256507734631791D+02 -0.1141465500836429D+02
 -0.1035081683456950D+02 -0.9367655183732277D+01 -0.8459585161736285D+01
 -0.7621352065826420D+01 -0.6848039072858702D+01 -0.6135070030798694D+01
 -0.5478204322578273D+01 -0.4873522455142719D+01 -0.4317402348149605D+01
 -0.3806489083094649D+01 -0.3337657310660500D+01 -0.2907978109683677D+01
 -0.2514657519874518D+01 -0.2155062332067915D+01 -0.1826508922861669D+01
 -0.1526629754155821D+01
    1    1  333
  0.0000000000000000D+00  0.4705689534533567D-04  0.4823546810848358D-04
  0.4944454236358053D-04  0.5068492793078460D-04  0.5195730986628288D-04
  0.5326324735786770D-04  0.5460331315595810D-04  0.5597923373744745D-04
  0.5739138214701903D-04  0.5884096002034360D-04  0.6032893792455369D-04
  0.6185635181932740D-04  0.6342428426290455D-04  0.6503384050309814D-04
  0.6668616152243434D-04  0.6838242321346323D-04  0.7012383687450816D-04
  0.7191165068640256D-04  0.7374715068947317D-04  0.7563166198095917D-04
  0.7756654982767174D-04  0.7955322103946115D-04  0.8159312504443446D-04
  0.8368775545464110D-04  0.8583865130799912D-04  0.8804739853716763D-04
  0.9031563150863968D-04  0.9264503450375665D-04  0.9503734334759343D-04
  0.9749434714721806D-04  0.1000178899388793D-03  0.1026098725792598D-03
  0.1052722544968332D-03  0.1080070557495851D-03  0.1108163590205421D-03
  0.1137023116344127D-03  0.1166671278233406D-03  0.1197130909934033D-03
  0.1228425559327207D-03  0.1260579515005762D-03  0.1293617829349472D-03
  0.1327566346042852D-03  0.1362451727819561D-03  0.1398301484143770D-03
  0.1435144001258407D-03  0.1473008573967057D-03  0.1511925436640628D-03
  0.1551925797394060D-03  0.1593041873120686D-03  0.1635306926284204D-03
  0.1678755301772391D-03  0.1723422467751764D-03  0.1769345056598709D-03
  0.1816560907788289D-03  0.1865109113984955D-03  0.1915030066981024D-03
  0.1966365507333870D-03  0.2019158576824400D-03  0.2073453870926965D-03
  0.2129297496299773D-03  0.2186737129023287D-03  0.2245822077260746D-03
  0.2306603345507689D-03  0.2369133703212038D-03  0.2433467755112681D-03
  0.2499662017361775D-03  0.2567774995756500D-03  0.2637867267584629D-03
  0.2710001570159915D-03  0.2784242890560910D-03  0.2860658562649514D-03
  0.2939318368748381D-03  0.3020294645474583D-03  0.3103662396676354D-03
  0.3189499411612931D-03  0.3277886390867691D-03  0.3368907077461525D-03
  0.3462648396323921D-03  0.3559200602533820D-03  0.3658657435287119D-03
  0.3761116284360966D-03  0.3866678362356022D-03  0.3975448889900336D-03
  0.4087537290275669D-03  0.4203057395477063D-03  0.4322127665340776D-03
  0.4444871418365020D-03  0.4571417077323840D-03  0.4701898430010458D-03
  0.4836454903737394D-03  0.4975231858595221D-03  0.5118380896562845D-03
  0.5266060191755257D-03  0.5418434837270491D-03  0.5575677217090193D-03
  0.5737967396681931D-03  0.5905493540694773D-03  0.6078452353442212D-03
  0.6257049547144086D-03  0.6441500338857610D-03  0.6632029976610875D-03
  0.6828874296231205D-03  0.7032280313591256D-03  0.7242506849687323D-03
  0.7459825193847248D-03  0.7684519804501577D-03  0.7916889051245361D-03
  0.8157245999771217D-03  0.8405919239064725D-03  0.8663253757111241D-03
  0.8929611863219410D-03  0.9205374160542711D-03  0.9490940570067537D-03
  0.9786731407970923D-03  0.1009318851766549D-02  0.1041077645727668D-02
  0.1073998374460667D-02  0.1108132416049116D-02  0.1143533810858662D-02
  0.1180259403578684D-02  0.1218368990965801D-02  0.1257925475219256D-02
  0.1298995023038032D-02  0.1341647229934401D-02  0.1385955289494450D-02
  0.1431996167311040D-02  0.1479850778881541D-02  0.1529604170895688D-02
  0.1581345705141676D-02  0.1635169243973687D-02  0.1691173336242441D-02
  0.1749461402221021D-02  0.1810141916094077D-02  0.1873328584003847D-02
  0.1939140515449993D-02  0.2007702385778577D-02  0.2079144586684387D-02
  0.2153603361676814D-02  0.2231220922619144D-02  0.2312145543589602D-02
  0.2396531626909876D-02  0.2484539736580841D-02  0.2576336593056127D-02
  0.2672095022986936D-02  0.2771993856638294D-02  0.2876217765380495D-02
  0.2984957030133066D-02  0.3098407231688195D-02  0.3216768852201876D-02
  0.3340246776863433D-02  0.3469049683474489D-02  0.3603389307047516D-02
  0.3743479565464735D-02  0.3889535531754755D-02  0.4041772237523339D-02
  0.4200403291869865D-02  0.4365639299467172D-02  0.4537686061971403D-02
  0.4716742546647935D-02  0.4902998607618010D-02  0.5096632446419507D-02
  0.5297807801046945D-02  0.5506670856266389D-02  0.5723346873086685D-02
  0.5947936541654200D-02  0.6180512071002120D-02  0.6421113040314718D-02
  0.6669742050831158D-02  0.6926360235792114D-02  0.7190882708066179D-02
  0.7463174052193108D-02  0.7743043999778437D-02  0.8030243464757163D-02
  0.8324461157334900D-02  0.8625321042309507D-02  0.8932380956132083D-02
  0.9245132744757316D-02  0.9563004325692043D-02  0.9885364105541217D-02
  0.1021152818827525D-01  0.1054077077692072D-01  0.1087233808731621D-01
  0.1120546594085522D-01  0.1153940096898413D-01  0.1187342503648121D-01
  0.1220688207445629D-01  0.1253920602608170D-01  0.1286994808968098D-01
  0.1319880096412168D-01  0.1352561745308540D-01  0.1385042067789933D-01
  0.1417340338711978D-01  0.1449491451084816D-01  0.1481543216287297D-01
  0.1513552377596818D-01  0.1545579557086979D-01  0.1577683511898746D-01
  0.1609915189143807D-01  0.1642312125514355D-01  0.1674893722860741D-01
  0.1707657846374936D-01  0.1740579052910874D-01  0.1773608588610699D-01
  0.1806676125718730D-01  0.1839693062679325D-01  0.1872557106172905D-01
  0.1905157794129204D-01  0.1937382602460646D-01  0.1969123295585711D-01
  0.2000282219898207D-01  0.2030778288255978D-01  0.2060552452859133D-01
  0.2089572507078922D-01  0.2117837090650389D-01  0.2145378796373360D-01
  0.2172266291160404D-01  0.2198605372078630D-01  0.2224538881664997D-01
  0.2250245409178494D-01  0.2275936708624096D-01  0.2301853773520941D-01
  0.2328261525978116D-01  0.2355442107767934D-01  0.2383686808589066D-01
  0.2413286737405840D-01  0.2444522443115402D-01  0.2477652827177826D-01
  0.2512903867336424D-01  0.2550457886264676D-01  0.2590444337970678D-01
  0.2632933314066973D-01  0.2677933128906586D-01  0.2725393332937719D-01
  0.2775214208389664D-01  0.2827263110877718D-01  0.2881396891643797D-01
  0.2937488173088672D-01  0.2995451759208026D-01  0.3055266467168613D-01
  0.3116987664514266D-01  0.3180747164130709D-01  0.3246739684761244D-01
  0.3315198138496626D-01  0.3386362618412059D-01  0.3460449208716530D-01
  0.3537624364278721D-01  0.3617988877854628D-01  0.3701573094112744D-01
  0.3788342791413211D-01  0.3878213540430903D-01  0.3971070526389910D-01
  0.4066790685769164D-01  0.4165264327678384D-01  0.4266413954857918D-01
  0.4370208592811532D-01  0.4476672487979346D-01  0.4585887508539090D-01
  0.4697988979512403D-01  0.4813155029559688D-01  0.4931589846398175D-01
  0.5053501558834114D-01  0.5179075814837669D-01  0.5308446534305979D-01
  0.5441665819931962D-01  0.5578675649937125D-01  0.5719284794371524D-01
  0.5863155407372815D-01  0.6009804883665221D-01  0.6158629566401051D-01
  0.6308957129146923D-01  0.6460132754764636D-01  0.6611638959169623D-01
  0.6763238333562727D-01  0.6915113070560340D-01  0.7067959247446483D-01
  0.7222988155147801D-01  0.7381803622800402D-01  0.7546166540465368D-01
  0.7717708988992948D-01  0.7897689169911121D-01  0.8086862680091968D-01
  0.8285494310854606D-01  0.8493480196839447D-01  0.8710521435782206D-01
  0.8936292639935620D-01  0.9170569250680721D-01  0.9413299792268866D-01
  0.9664624881252289D-01  0.9924852295838833D-01  0.1019439928887097D+00
  0.1047371243655212D+00  0.1076317363419134D+00  0.1106299935085356D+00
  0.1137313921741683D+00  0.1169317943432847D+00  0.1202225621603983D+00
  0.1235898441607632D+00  0.1270140650520915D+00  0.1304696714214891D+00
  0.1339251863302055D+00  0.1373436256734043D+00  0.1406833275931470D+00
  0.1438992407918011D+00  0.1469447104460855D+00  0.1497737770904775D+00
  0.1523439755273284D+00  0.1546195696860679D+00  0.1565750891331795D+00
  0.1581989228588146D+00  0.1594967326204194D+00  0.1604941019094173D+00
  0.1612381025537213D+00  0.1617972742212233D+00  0.1622597520928383D+00
  0.1627295432984514D+00  0.1633213288038359D+00  0.1641545213745130D+00
  0.1653475541923178D+00  0.1670133739635296D+00  0.1692568771004644D+00
  0.1721745964214367D+00  0.1758564882205156D+00  0.1803892922359071D+00
  0.1858607570823554D+00  0.1923640294327219D+00  0.2000016470560473D+00
  0.2088887810255162D+00  0.2191555683630506D+00  0.2309484249617195D+00
  0.2444308720784402D+00  0.2597817992850274D+00  0.2771988119922021D+00
  0.2968827334604591D+00
    1    1  333
  0.0000000000000000D+00  0.6776165969667168D-09  0.8180926545681827D-09
  0.9717897024690766D-09  0.1139717569802535D-08  0.1323057492546552D-08
  0.1522664152272564D-08  0.1739906466389909D-08  0.1975735796352085D-08
  0.2231846229058940D-08  0.2509624320843228D-08  0.2810699124561761D-08
  0.3136816293603263D-08  0.3489803320155884D-08  0.3871614004411233D-08
  0.4284367337648449D-08  0.4730303761926982D-08  0.5211825491037092D-08
  0.5731480169999634D-08  0.6292008260937301D-08  0.6896323844753609D-08
  0.7547540877288549D-08  0.8248985159003078D-08  0.9004189825737751D-08
  0.9816956407551683D-08  0.1069130219009143D-07  0.1163154826031330D-07
  0.1264227436714520D-07  0.1372839027922191D-07  0.1489509259497811D-07
  0.1614797080272959D-07  0.1749295941275201D-07  0.1893635768985457D-07
  0.2048493087244494D-07  0.2214585280752424D-07  0.2392677765964441D-07
  0.2583586884793805D-07  0.2788182181004433D-07  0.3007387661553388D-07
  0.3242190727841352D-07  0.3493640308605221D-07  0.3762854749240058D-07
  0.4051024710204165D-07  0.4359418625789549D-07  0.4689386803323897D-07
  0.5042364146484288D-07  0.5419881351548568D-07  0.5823564968370343D-07
  0.6255149265965793D-07  0.6716474850480876D-07  0.7209505517980008D-07
  0.7736325717282365D-07  0.8299156192366516D-07  0.8900357774596235D-07
  0.9542443411836528D-07  0.1022808370237645D-06  0.1096011673277315D-06
  0.1174156580308685D-06  0.1257564130623059D-06  0.1346575729433535D-06
  0.1441554332578832D-06  0.1542885776510693D-06  0.1650980149434353D-06
  0.1766273137334906D-06  0.1889227753941222D-06  0.2020336191147455D-06
  0.2160121228224266D-06  0.2309138127123445D-06  0.2467976764161653D-06
  0.2637263964702316D-06  0.2817664944743566D-06  0.3009886304387304D-06
  0.3214678371319927D-06  0.3432837916844017D-06  0.3665210383195570D-06
  0.3912693261703596D-06  0.4176239275773881D-06  0.4456859166142460D-06
  0.4755625567377894D-06  0.5073676370086249D-06  0.5412218805172231D-06
  0.5772532851398833D-06  0.6155976458357948D-06  0.6563989129029107D-06
  0.6998097041086975D-06  0.7459918137949227D-06  0.7951166964646003D-06
  0.8473660388987631D-06  0.9029323508480484D-06  0.9620195267638970D-06
  0.1024843527318059D-05  0.1091633036122703D-05  0.1162630125383174D-05
  0.1238091031987708D-05  0.1318286907130759D-05  0.1403504597337493D-05
  0.1494047527021476D-05  0.1590236528125994D-05  0.1692410759453782D-05
  0.1800928687215527D-05  0.1916169039928900D-05  0.2038531802676576D-05
  0.2168439357662208D-05  0.2306337505680110D-05  0.2452696640225325D-05
  0.2608012908039177D-05  0.2772809399243148D-05  0.2947637396631765D-05
  0.3133077652797608D-05  0.3329741621751310D-05  0.3538272828188301D-05
  0.3759348168961881D-05  0.3993679286737828D-05  0.4242013826728160D-05
  0.4505136912942402D-05  0.4783872354374386D-05  0.5079084020893265D-05
  0.5391677109486857D-05  0.5722599390484592D-05  0.6072842335600268D-05
  0.6443442248532286D-05  0.6835481229458577D-05  0.7250088073231078D-05
  0.7688438957545112D-05  0.8151758045563666D-05  0.8641317775498919D-05
  0.9158439023350818D-05  0.9704490911170010D-05  0.1028089032015544D-04
  0.1088910103376686D-04  0.1153063248912328D-04  0.1220703799604931D-04
  0.1291991249264530D-04  0.1367088964027954D-04  0.1446163824158100D-04
  0.1529385793894763D-04  0.1616927403193859D-04  0.1708963137882907D-04
  0.1805668721823080D-04  0.1907220291280181D-04  0.2013793435477921D-04
  0.2125562103818948D-04  0.2242697365392688D-04  0.2365365992825676D-04
  0.2493728883872895D-04  0.2627939283462588D-04  0.2768140798879510D-04
  0.2914465203937616D-04  0.3067030001576529D-04  0.3225935754081469D-04
  0.3391263146332858D-04  0.3563069792131713D-04  0.3741386765710356D-04
  0.3926214865793494D-04  0.4117520599717670D-04  0.4315231911863764D-04
  0.4519233660661495D-04  0.4729362874224864D-04  0.4945403823508600D-04
  0.5167082955402932D-04  0.5394063769238462D-04  0.5625941712161757D-04
  0.5862239220832867D-04  0.6102401044445889D-04  0.6345790038724866D-04
  0.6591683643958823D-04  0.6839271318178703D-04  0.7087653245294890D-04
  0.7335840692939598D-04  0.7582758463155225D-04  0.7827249940652042D-04
  0.8068085307562344D-04  0.8303973556948485D-04  0.8533578984369050D-04
  0.8755542854241780D-04  0.8968510946168789D-04  0.9171167595812116D-04
  0.9362276729475670D-04  0.9540730145546877D-04  0.9705602918131932D-04
  0.9856215292647569D-04  0.9992199729101150D-04  0.1011357086223194D-03
  0.1022079509707693D-03  0.1031485536738432D-03  0.1039730539890320D-03
  0.1047030675762252D-03  0.1053664130205035D-03  0.1059969161345901D-03
  0.1066338290725551D-03  0.1073208202274386D-03  0.1081045249127166D-03
  0.1090326927443143D-03  0.1101520220190759D-03  0.1115058219220500D-03
  0.1131316993896119D-03  0.1150594812762774D-03  0.1173095933698496D-03
  0.1198920841910968D-03  0.1228064245237463D-03  0.1260421361835339D-03
  0.1295802188734882D-03  0.1333952657580066D-03  0.1374580984743926D-03
  0.1417387178183753D-03  0.1462093583679194D-03  0.1508474507225831D-03
  0.1556383262545878D-03  0.1605775386030020D-03  0.1656727158664434D-03
  0.1709448923872957D-03  0.1764292959222697D-03  0.1821755841869036D-03
  0.1882475349343908D-03  0.1947221977894734D-03  0.2016885162649255D-03
  0.2092454269681742D-03  0.2174994422187570D-03  0.2265617241138637D-03
  0.2365446641035789D-03  0.2475579942136032D-03  0.2597044759450624D-03
  0.2730752422926501D-03  0.2877449094421469D-03  0.3037666293223333D-03
  0.3211673237640545D-03  0.3399434253557848D-03  0.3600575463271946D-03
  0.3814365958504075D-03  0.4039719513540114D-03  0.4275223310426011D-03
  0.4519199693984788D-03  0.4769805096261899D-03  0.5025166389066252D-03
  0.5283548698143058D-03  0.5543540383937892D-03  0.5804231743007182D-03
  0.6065356544270447D-03  0.6327363273509942D-03  0.6591389199532877D-03
  0.6859126274966087D-03  0.7132591087933069D-03  0.7413835015955652D-03
  0.7704647736276842D-03  0.8006310198363194D-03  0.8319441833530875D-03
  0.8643964808698729D-03  0.8979183545682124D-03  0.9323957674236694D-03
  0.9676935147264054D-03  0.1003680969776743D-02  0.1040257079459617D-02
  0.1077372154774130D-02  0.1115044785282408D-02  0.1153372886174448D-02
  0.1192538389475215D-02  0.1232805436177637D-02  0.1274512146662048D-02
  0.1318056195977521D-02  0.1363874543312546D-02  0.1412417795712083D-02
  0.1464119855126688D-02  0.1519363738007554D-02  0.1578444800012500D-02
  0.1641533101034611D-02  0.1708637371637197D-02  0.1779574074408866D-02
  0.1853946458296213D-02  0.1931140263060679D-02  0.2010344596580849D-02
  0.2090607758800214D-02  0.2170936923328684D-02  0.2250445331354693D-02
  0.2328538154335900D-02  0.2405108144682093D-02  0.2480688910087720D-02
  0.2556500631304430D-02  0.2634337500367463D-02  0.2716296253361231D-02
  0.2804413554358903D-02  0.2900326695702886D-02  0.3005063932224249D-02
  0.3119012114395301D-02  0.3242038800835056D-02  0.3373702625026718D-02
  0.3513481026710515D-02  0.3660965394125709D-02  0.3816000260421646D-02
  0.3978763450152800D-02  0.4149794643913324D-02  0.4329983199976013D-02
  0.4520525546162562D-02  0.4722860526225023D-02  0.4938589207545144D-02
  0.5169384269278569D-02  0.5416893301214213D-02  0.5682640037163794D-02
  0.5967927594446659D-02  0.6273748085533002D-02  0.6600703435049605D-02
  0.6948942822519112D-02  0.7318122817804294D-02  0.7707396943986381D-02
  0.8115441788492305D-02  0.8540526736353719D-02  0.8980634010764849D-02
  0.9433632896903563D-02  0.9897508409410657D-02  0.1037063799669671D-01
  0.1085210046227812D-01  0.1134199409279780D-01  0.1184172491497830D-01
  0.1235422862106321D-01  0.1288408853199636D-01  0.1343752874169145D-01
  0.1402228674644891D-01  0.1464740018149142D-01  0.1532296621179517D-01
  0.1605994132988123D-01  0.1687003764428414D-01  0.1776574522030805D-01
  0.1876047769570864D-01  0.1986881366495371D-01  0.2110679377459453D-01
  0.2249223455406488D-01  0.2404502840005603D-01  0.2578740837950608D-01
  0.2774416292463908D-01  0.2994278284222404D-01  0.3241351107546117D-01
  0.3518925635989426D-01  0.3830518171822362D-01  0.4179808560234465D-01
  0.4570404248212856D-01
    1    1  333
  0.0000000000000000D+00 -0.9325867433982416D-12 -0.1371236022669014D-11
 -0.1902989301872764D-11 -0.2499125040816946D-11 -0.3146130095247740D-11
 -0.3952626429059922D-11 -0.4818883388039832D-11 -0.5823821267722822D-11
 -0.6956795108515200D-11 -0.8241974433461987D-11 -0.9690549332222528D-11
 -0.1128300332660501D-10 -0.1313859730922395D-10 -0.1520140208719058D-10
 -0.1753221762379809D-10 -0.2013641263739394D-10 -0.2305694977698515D-10
 -0.2632486358815900D-10 -0.2998276968139447D-10 -0.3407303303471424D-10
 -0.3864840666483654D-10 -0.4374156917027635D-10 -0.4946440450856904D-10
 -0.5580688701152644D-10 -0.6285876233039509D-10 -0.7072157820994519D-10
 -0.7946194987880801D-10 -0.8920731113564591D-10 -0.1000207294729121D-09
 -0.1120328287862037D-09 -0.1253777508344971D-09 -0.1401487945323012D-09
 -0.1565504964127750D-09 -0.1747420198400285D-09 -0.1948821332703814D-09
 -0.2172093257324441D-09 -0.2419205622043763D-09 -0.2692913284195051D-09
 -0.2995650616454658D-09 -0.3330708279633057D-09 -0.3700631726775082D-09
 -0.4109762470457857D-09 -0.4561855327302103D-09 -0.5061584422285397D-09
 -0.5612896372808790D-09 -0.6222347529896049D-09 -0.6894593359274526D-09
 -0.7636370826804534D-09 -0.8454712855118003D-09 -0.9357665747726824D-09
 -0.1035317010520895D-08 -0.1145074922121855D-08 -0.1266050067970016D-08
 -0.1399359696570618D-08 -0.1546213338874058D-08 -0.1708049421386416D-08
 -0.1886244829761502D-08 -0.2082453958542351D-08 -0.2298482930446176D-08
 -0.2536256271608200D-08 -0.2797986636662643D-08 -0.3085934267988091D-08
 -0.3402761707877458D-08 -0.3751262820142198D-08 -0.4134517163615420D-08
 -0.4556051911921810D-08 -0.5019448791633589D-08 -0.5528913664953608D-08
 -0.6088894252344630D-08 -0.6704332813282602D-08 -0.7380646327777814D-08
 -0.8123661878923223D-08 -0.8939959784501080D-08 -0.9836606321880872D-08
 -0.1082138339851330D-07 -0.1190283351898940D-07 -0.1309026349611087D-07
 -0.1439389368159017D-07 -0.1582495696074450D-07 -0.1739570862170620D-07
 -0.1911962805963661D-07 -0.2101132673852788D-07 -0.2308697499346776D-07
 -0.2536417220134226D-07 -0.2786221102916197D-07 -0.3060218143082766D-07
 -0.3360721146943956D-07 -0.3690254220660149D-07 -0.4051579326267624D-07
 -0.4447722826469700D-07 -0.4881991215873726D-07 -0.5358001654745480D-07
 -0.5879705359380622D-07 -0.6451427479410263D-07 -0.7077891771548840D-07
 -0.7764262450012014D-07 -0.8516176528278579D-07 -0.9339805152064238D-07
 -0.1024188392541473D-06 -0.1122976521213012D-06 -0.1231148461441509D-06
 -0.1349581137879354D-06 -0.1479231882664743D-06 -0.1621145983783497D-06
 -0.1776463816863836D-06 -0.1946428705906136D-06 -0.2132397821316549D-06
 -0.2335850938555918D-06 -0.2558400963538059D-06 -0.2801805850574724D-06
 -0.3067981528870148D-06 -0.3359014732780230D-06 -0.3677177917983457D-06
 -0.4024945113780631D-06 -0.4405009776605639D-06 -0.4820300588199975D-06
 -0.5274004241966136D-06 -0.5769584459457146D-06 -0.6310805824470171D-06
 -0.6901757230185174D-06 -0.7546879450277447D-06 -0.8250991638024496D-06
 -0.9019321562736231D-06 -0.9857537082643579D-06 -0.1077178082286831D-05
 -0.1176870517757741D-05 -0.1285551003708938D-05 -0.1403998335779546D-05
 -0.1533054352054467D-05 -0.1673628292074994D-05 -0.1826701467502173D-05
 -0.1993332063025271D-05 -0.2174660206946073D-05 -0.2371913051125614D-05
 -0.2586410161863895D-05 -0.2819568821998283D-05 -0.3072909529323723D-05
 -0.3348061495426127D-05 -0.3646767891429944D-05 -0.3970891238279113D-05
 -0.4322418267158128D-05 -0.4703464541972855D-05 -0.5116278672216921D-05
 -0.5563245613749685D-05 -0.6046889293384355D-05 -0.6569874048986905D-05
 -0.7135004803377622D-05 -0.7745225449066748D-05 -0.8403615379493981D-05
 -0.9113383458793363D-05 -0.9877859324407771D-05 -0.1070048114902546D-04
 -0.1158477966892006D-04 -0.1253435745357230D-04 -0.1355286309949693D-04
 -0.1464395928304042D-04 -0.1581128392065051D-04 -0.1705840372261874D-04
 -0.1838875887115647D-04 -0.1980559808988485D-04 -0.2131190295589324D-04
 -0.2291030068662212D-04 -0.2460296417426645D-04 -0.2639149878899091D-04
 -0.2827681524692852D-04 -0.3025898827338301D-04 -0.3233710139496302D-04
 -0.3450907846360470D-04 -0.3677150394444562D-04 -0.3911943418749960D-04
 -0.4154620433139005D-04 -0.4404323609745110D-04 -0.4659985480181825D-04
 -0.4920312531681208D-04 -0.5183772019970926D-04 -0.5448583568683482D-04
 -0.5712717441404676D-04 -0.5973901646535420D-04 -0.6229640231228920D-04
 -0.6477245224452278D-04 -0.6713884552258037D-04 -0.6936647835980053D-04
 -0.7142631139118854D-04 -0.7329040438360054D-04 -0.7493311628648604D-04
 -0.7633242414746444D-04 -0.7747128420429044D-04 -0.7833892565231820D-04
 -0.7893193615392179D-04 -0.7925497403136442D-04 -0.7932093104239384D-04
 -0.7915038011255702D-04 -0.7877017934812742D-04 -0.7821116046319044D-04
 -0.7750493090351199D-04 -0.7667989881454294D-04 -0.7575674183849668D-04
 -0.7474361475869068D-04 -0.7363143785716589D-04 -0.7238961261419512D-04
 -0.7096247355092486D-04 -0.6926671363238578D-04 -0.6718992962181756D-04
 -0.6459034094800209D-04 -0.6129765418597035D-04 -0.5711498801241758D-04
 -0.5182174184426464D-04 -0.4517728579905275D-04 -0.3692536311741075D-04
 -0.2679912229345605D-04 -0.1452672610071119D-04  0.1624872028880078D-06
  0.1753129453944187D-04  0.3782732459309881D-04  0.6127523706586527D-04
  0.8806835848476874D-04  0.1183598214019176D-03  0.1522533032803614D-03
  0.1897935309914853D-03  0.2309568068825842D-03  0.2756419281551472D-03
  0.3236620132151513D-03  0.3747379194497301D-03  0.4284941331387883D-03
  0.4844582251139023D-03  0.5420651743037685D-03  0.6006680254915817D-03
  0.6595564027613160D-03  0.7179842473622509D-03  0.7752076573955078D-03
  0.8305327262327688D-03  0.8833716777960277D-03  0.9333033450757535D-03
  0.9801313141132412D-03  0.1023930364037804D-02  0.1065070073688623D-02
  0.1104204792749277D-02  0.1142222702365676D-02  0.1180153516814484D-02
  0.1219043830283916D-02  0.1259818283230087D-02  0.1303150508164198D-02
  0.1349368011528012D-02  0.1398408275346889D-02  0.1449832737096925D-02
  0.1502893512818244D-02  0.1556638791806856D-02  0.1610038551144045D-02
  0.1662112594436757D-02  0.1712046461163465D-02  0.1759285585192227D-02
  0.1803602675597142D-02  0.1845136777198000D-02  0.1884404669390993D-02
  0.1922286310476508D-02  0.1959986346500437D-02  0.1998973582723028D-02
  0.2040900059704553D-02  0.2087501176870956D-02  0.2140478282233209D-02
  0.2201365398312158D-02  0.2271382401848829D-02  0.2351278153585539D-02
  0.2441169054563283D-02  0.2540381616541148D-02  0.2647312339901346D-02
  0.2759324927991783D-02  0.2872713758885978D-02  0.2982772720959388D-02
  0.3084016966155373D-02  0.3170605017154539D-02  0.3236989080661473D-02
  0.3278767119468210D-02  0.3293617227627387D-02  0.3282078056338988D-02
  0.3247860181119912D-02  0.3197417327714710D-02  0.3138725691559513D-02
  0.3079548295182457D-02  0.3025714110768993D-02  0.2979944440986346D-02
  0.2941506716750776D-02  0.2906639191205947D-02  0.2869462016422878D-02
  0.2823043662968502D-02  0.2760376043004758D-02  0.2675133322816103D-02
  0.2562187444862524D-02  0.2417906880038484D-02  0.2240283652999414D-02
  0.2028932198102035D-02  0.1784993971075918D-02  0.1510971632869903D-02
  0.1210508288309158D-02  0.8881215451865293D-03  0.5488985730214134D-03
  0.1981562836751815D-03 -0.1589302959051546D-03 -0.5177287806826858D-03
 -0.8745765174628372D-03 -0.1227230572561318D-02 -0.1575335838761094D-02
 -0.1920904019977324D-02 -0.2268793939507147D-02 -0.2627176533628554D-02
 -0.3007963773654751D-02 -0.3427172494501542D-02 -0.3905187689066406D-02
 -0.4466883365090436D-02 -0.5141576712587085D-02 -0.5962765508266445D-02
 -0.6967676981743462D-02 -0.8196659552320285D-02 -0.9692515508930327D-02
 -0.1149992021549189D-01 -0.1366510566010293D-01 -0.1623598407597743D-01
 -0.1926284292902037D-01 -0.2279966371817597D-01 -0.2690602506776156D-01
 -0.3164947733428104D-01 -0.3710824090906422D-01 -0.4337409856520232D-01
 -0.5055540778615299D-01 -0.5878023559588733D-01 -0.6819970515247614D-01
 -0.7899169059538523D-01 -0.9136512535091609D-01 -0.1055650059040156D+00
 -0.1218792964910066D+00 -0.1406451086116609D+00 -0.1622649605588730D+00
 -0.1872057370715856D+00
    1    1  333
  0.0000000000000000D+00  0.1122996026144626D-11  0.1659873139103010D-11
  0.2278031145871735D-11  0.2970741931646488D-11  0.3774240072752501D-11
  0.4692851240558827D-11  0.5732553849554513D-11  0.6915437272659832D-11
  0.8262423958873448D-11  0.9791501412567413D-11  0.1150350279682848D-10
  0.1344831082169047D-10  0.1562392905049951D-10  0.1808750918990570D-10
  0.2083909598573147D-10  0.2393779404860149D-10  0.2741755207639388D-10
  0.3130967275319382D-10  0.3566592124860639D-10  0.4053903529921986D-10
  0.4596493942228032D-10  0.5205282254533573D-10  0.5881357965710817D-10
  0.6634965566875691D-10  0.7476432147545935D-10  0.8412261981431228D-10
  0.9452882596995953D-10  0.1061041751960006D-09  0.1189600021852129D-09
  0.1332457555110628D-09  0.1490913294560414D-09  0.1666846645371014D-09
  0.1861950889390952D-09  0.2078408702613239D-09  0.2317969801058731D-09
  0.2583391728551320D-09  0.2877402720520045D-09  0.3202807215343478D-09
  0.3562802977858280D-09  0.3961086847173192D-09  0.4401371362167112D-09
  0.4887943183529841D-09  0.5425803804093456D-09  0.6019918877932797D-09
  0.6676000079190693D-09  0.7400463770217609D-09  0.8200148591786486D-09
  0.9082518647325043D-09  0.1005608507798535D-08  0.1112974374807328D-08
  0.1231374252622573D-08  0.1361924556952836D-08  0.1505811811397410D-08
  0.1664377179215813D-08  0.1839077698325266D-08  0.2031523790778996D-08
  0.2243478268451468D-08  0.2476858719490184D-08  0.2733794270268532D-08
  0.3016627831664735D-08  0.3327898946171673D-08  0.3670404987259692D-08
  0.4047226474744528D-08  0.4461735476558694D-08  0.4917612810284292D-08
  0.5418929226059711D-08  0.5970135304574793D-08  0.6576089223681733D-08
  0.7242130664444508D-08  0.7974134452393415D-08  0.8778504151996687D-08
  0.9662294973569555D-08  0.1063319110849159D-07  0.1169966702981929D-07
  0.1287096730876677D-07  0.1415722408571044D-07  0.1556955135790115D-07
  0.1712010610819117D-07  0.1882223571902062D-07  0.2069050856078841D-07
  0.2274092207048814D-07  0.2499093930728531D-07  0.2745972505619249D-07
  0.3016824210550745D-07  0.3313942581988802D-07  0.3639837108242521D-07
  0.3997255604475501D-07  0.4389202606486080D-07  0.4818967538165500D-07
  0.5290144237733763D-07  0.5806666612050295D-07  0.6372836244112286D-07
  0.6993355785984639D-07  0.7673365077700683D-07  0.8418483948437208D-07
  0.9234856302165657D-07  0.1012919059892672D-06  0.1110882154949234D-06
  0.1218175954945189D-06  0.1335675373991225D-06  0.1464335954273855D-06
  0.1605200556604395D-06  0.1759408413611534D-06  0.1928202132558146D-06
  0.2112937975330599D-06  0.2315095582980645D-06  0.2536288847421982D-06
  0.2778277509368140D-06  0.3042980110598487D-06  0.3332487799485129D-06
  0.3649079094621578D-06  0.3995236142700916D-06  0.4373661873345848D-06
  0.4787299026690699D-06  0.5239350352456088D-06  0.5733300378343909D-06
  0.6272938812700749D-06  0.6862385365099946D-06  0.7506117775314391D-06
  0.8208999726270721D-06  0.8976312553068329D-06  0.9813788273730604D-06
  0.1072764478602077D-05  0.1172462385443386D-05  0.1281203114228750D-05
  0.1399777902710839D-05  0.1529043128202967D-05  0.1669925089370576D-05
  0.1823425040554892D-05  0.1990624439328858D-05  0.2172690456186122D-05
  0.2370881707006989D-05  0.2586554237645619D-05  0.2821167647674305D-05
  0.3076291378868424D-05  0.3353611157319071D-05  0.3654935468999518D-05
  0.3982202020907395D-05  0.4337484178801445D-05  0.4722997163466122D-05
  0.5141103961333681D-05  0.5594320831023416D-05  0.6085322168363917D-05
  0.6616944587823897D-05  0.7192189987848202D-05  0.7814227254691553D-05
  0.8486392453840243D-05  0.9212186934878988D-05  0.9995273180780387D-05
  0.1083946764568629D-04  0.1174873039798496D-04  0.1272715057494074D-04
  0.1377892732968123D-04  0.1490834524629765D-04  0.1611974357247496D-04
  0.1741747819974624D-04  0.1880587557627582D-04  0.2028917728299766D-04
  0.2187147434010585D-04  0.2355662988138083D-04  0.2534818921578648D-04
  0.2724927593837650D-04  0.2926247310721984D-04  0.3138968853320370D-04
  0.3363200353544192D-04  0.3598950483898057D-04  0.3846109983220783D-04
  0.4104431626723342D-04  0.4373508827250768D-04  0.4652753201934661D-04
  0.4941371579448115D-04  0.5238343149317629D-04  0.5542397672601415D-04
  0.5851995968023202D-04  0.6165314219591055D-04  0.6480233968473564D-04
  0.6794340049221098D-04  0.7104929021805222D-04  0.7409030918869197D-04
  0.7703447220290233D-04  0.7984807826298889D-04  0.8249649292517590D-04
  0.8494515612635544D-04  0.8716081252293099D-04  0.8911293858794990D-04
  0.9077531096054073D-04  0.9212762496417403D-04  0.9315703291963123D-04
  0.9385943488995530D-04  0.9424032514586048D-04  0.9431498525892384D-04
  0.9410782671150330D-04  0.9365072990811981D-04  0.9298029425086228D-04
  0.9213403406237684D-04  0.9114565007414268D-04  0.9003963946667512D-04
  0.8882559512903959D-04  0.8749260084193241D-04  0.8600413455759753D-04
  0.8429384700388851D-04  0.8226249804907962D-04  0.7977622494796693D-04
  0.7666620609604266D-04  0.7272968734100009D-04  0.6773226952090389D-04
  0.6141131843341661D-04  0.5348035176344591D-04  0.4363427366049679D-04
  0.3155535848345218D-04  0.1691992105594560D-04 -0.5943558661496194D-06
 -0.2130044173267250D-04 -0.4549331862537117D-04 -0.7344067811930715D-04
 -0.1053729709720938D-03 -0.1414728650542537D-03 -0.1818642262115996D-03
 -0.2266008189258688D-03 -0.2756550314508321D-03 -0.3289070671840025D-03
 -0.3861352134887479D-03 -0.4470080018953103D-03 -0.5110793075910117D-03
 -0.5777876893990669D-03 -0.6464615195731168D-03 -0.7163316488019921D-03
 -0.7865534173665168D-03 -0.8562396425170078D-03 -0.9245056281087893D-03
 -0.9905260764873189D-03 -0.1053601881026853D-02 -0.1113232098860995D-02
 -0.1169183161419629D-02 -0.1221544176598755D-02 -0.1270755079321023D-02
 -0.1317594772765321D-02 -0.1363120594530470D-02 -0.1408558560800971D-02
 -0.1455155086926662D-02 -0.1504011797327365D-02 -0.1555931928054887D-02
 -0.1611307069915709D-02 -0.1670064831696006D-02 -0.1731685367162575D-02
 -0.1795280678000227D-02 -0.1859719967636821D-02 -0.1923779221232506D-02
 -0.1986293603738829D-02 -0.2046295476745912D-02 -0.2103126581689509D-02
 -0.2156518403019567D-02 -0.2206638871845102D-02 -0.2254106191288632D-02
 -0.2299971814203520D-02 -0.2345674976312955D-02 -0.2392971044823057D-02
 -0.2443835638049985D-02 -0.2500346234052157D-02 -0.2564542956263409D-02
 -0.2638270520367993D-02 -0.2723004092754123D-02 -0.2819663205856648D-02
 -0.2928420220067484D-02 -0.3048513505811462D-02 -0.3178081092596609D-02
 -0.3314038511352178D-02 -0.3452035095272701D-02 -0.3586535086202844D-02
 -0.3711079935642903D-02 -0.3818788114042737D-02 -0.3903125631105743D-02
 -0.3958916250838070D-02 -0.3983450223954063D-02 -0.3977411855785976D-02
 -0.3945252380245821D-02 -0.3894686153155348D-02 -0.3835247545363335D-02
 -0.3776235505940337D-02 -0.3724673145123991D-02 -0.3683914099568612D-02
 -0.3653229100267525D-02 -0.3628307037911571D-02 -0.3602333938623716D-02
 -0.3567257424317342D-02 -0.3514943882064408D-02 -0.3438079671173535D-02
 -0.3330784020221782D-02 -0.3188964845587770D-02 -0.3010470807026345D-02
 -0.2795091234578090D-02 -0.2544444184773362D-02 -0.2261780919653699D-02
 -0.1951725231131545D-02 -0.1619959260234389D-02 -0.1272863213358914D-02
 -0.9171139439574237D-03 -0.5592461278876128D-03 -0.2051793047168571D-03
  0.1402857890332439D-03  0.4739973916372740D-03  0.7950035642058430D-03
  0.1105114911396791D-02  0.1409467522936742D-02  0.1717065956611447D-02
  0.2041280955120615D-02  0.2400266502882703D-02  0.2817252872998624D-02
  0.3320664443651653D-02  0.3944031501663245D-02  0.4725636100290368D-02
  0.5707924833960615D-02  0.6936728106817547D-02  0.8460406758391593D-02
  0.1032910554760376D-01  0.1259433182911636D-01  0.1530907332896469D-01
  0.1852861146898400D-01  0.2231208704174866D-01  0.2672476044901798D-01
  0.3184081913313838D-01  0.3774654390028368D-01  0.4454367074645306D-01
  0.5235285483148153D-01  0.6131723737605554D-01  0.7160622076232026D-01
  0.8341961334458647D-01  0.9699245792447338D-01  0.1126006446170693D+00
  0.1305687397291945D+00  0.1512769925518012D+00  0.1751803006063760D+00
  0.2028074028477474D+00
    1   29  333
  0.0000000000000000D+00 -0.6676727133984257D-14 -0.6060417562330057D-14
 -0.1170031167309678D-13 -0.3900744592905974D-14 -0.6852185136606502D-14
 -0.5542955484554644D-14 -0.3482929771408794D-14 -0.1232261369237438D-14
 -0.3043248981569390D-14 -0.2173653658515771D-14 -0.5063153846441987D-14
  0.7750542289450160D-15 -0.4744432363640154D-14 -0.1112225538156557D-13
 -0.7654123996202357D-14 -0.1180099618023168D-13 -0.1651933345975663D-13
 -0.8368846936780951D-14 -0.1299150201789231D-13 -0.2126804012842177D-13
 -0.2353640173208375D-13 -0.2418670714391418D-13 -0.2029725267399604D-13
 -0.2545682878761820D-13 -0.2036634202389648D-13 -0.2543316099998419D-13
 -0.2209832961748189D-13 -0.2877930634939466D-13 -0.3524628017893340D-13
 -0.4016157489073692D-13 -0.4337438471738352D-13 -0.4325577210369741D-13
 -0.5473805699784388D-13 -0.6270818078440362D-13 -0.7198858980349757D-13
 -0.8215091594516343D-13 -0.9554302295584774D-13 -0.1062252893877437D-12
 -0.1260107223200458D-12 -0.1423789470350249D-12 -0.1651717552937166D-12
 -0.1823057814672307D-12 -0.2120487380641145D-12 -0.2325721322452815D-12
 -0.2646261137009391D-12 -0.2942630175294639D-12 -0.3406556627730599D-12
 -0.3834028373727005D-12 -0.4344054027556689D-12 -0.4909492238274839D-12
 -0.5571091618770649D-12 -0.6330363278170554D-12 -0.7191301056632972D-12
 -0.8137628992146811D-12 -0.9285452276626225D-12 -0.1045024812848397D-11
 -0.1189949976245244D-11 -0.1351537930951588D-11 -0.1520246112954343D-11
 -0.1729957707204483D-11 -0.1960249280532218D-11 -0.2216233086491796D-11
 -0.2512640845088708D-11 -0.2844515281378065D-11 -0.3224886372574104D-11
 -0.3645662596213839D-11 -0.4127256041734281D-11 -0.4670832736161438D-11
 -0.5290412875194885D-11 -0.5986231069388824D-11 -0.6770056704411528D-11
 -0.7664347401745750D-11 -0.8670062371188835D-11 -0.9807706757369647D-11
 -0.1110079574078231D-10 -0.1255988715717583D-10 -0.1419516387828019D-10
 -0.1606233706459289D-10 -0.1815023546201854D-10 -0.2053744044571929D-10
 -0.2321446549469726D-10 -0.2624736147157472D-10 -0.2967822788559415D-10
 -0.3355179829543214D-10 -0.3792008994737079D-10 -0.4285399191483444D-10
 -0.4844284520608807D-10 -0.5473245489702031D-10 -0.6185966837751829D-10
 -0.6989357364679392D-10 -0.7896658615161145D-10 -0.8921656681335751D-10
 -0.1007836592835263D-09 -0.1138517593208336D-09 -0.1285997914760419D-09
 -0.1452435570198353D-09 -0.1640415820356906D-09 -0.1852477264626744D-09
 -0.2091942990511703D-09 -0.2362101817075581D-09 -0.2667008305081881D-09
 -0.3011091791032307D-09 -0.3399334764002168D-09 -0.3837309401188609D-09
 -0.4331542625194913D-09 -0.4888999894790769D-09 -0.5517765821521801D-09
 -0.6227035489646061D-09 -0.7026907088162373D-09 -0.7929149773080425D-09
 -0.8946407558465231D-09 -0.1009354895541270D-08 -0.1138684695334362D-08
 -0.1284489973984278D-08 -0.1448856547996859D-08 -0.1634138928560651D-08
 -0.1842952341482937D-08 -0.2078283367450450D-08 -0.2343478589074928D-08
 -0.2642277883016030D-08 -0.2978912676519975D-08 -0.3358144571779398D-08
 -0.3785300295551053D-08 -0.4266380896964297D-08 -0.4808126725643782D-08
 -0.5418117785892708D-08 -0.6104860609817358D-08 -0.6877902783111970D-08
 -0.7747957900076975D-08 -0.8727076723590700D-08 -0.9828739343888894D-08
 -0.1106809381800878D-07 -0.1246209998706233D-07 -0.1402979388012998D-07
 -0.1579248399763353D-07 -0.1777404511672435D-07 -0.2000119560606894D-07
 -0.2250384751763400D-07 -0.2531545216786477D-07 -0.2847340773093319D-07
 -0.3201950608203908D-07 -0.3600044530722834D-07 -0.4046831570744276D-07
 -0.4548126325664268D-07 -0.5110408943618489D-07 -0.5740901216979279D-07
 -0.6447642363616313D-07 -0.7239574806841794D-07 -0.8126640985119975D-07
 -0.9119882411782077D-07 -0.1023155035008187D-06 -0.1147522594346607D-06
 -0.1286594667500528D-06 -0.1442034607369830D-06 -0.1615679982434881D-06
 -0.1809558176409065D-06 -0.2025902852822070D-06 -0.2267171468991358D-06
 -0.2536063175157078D-06 -0.2835537610432040D-06 -0.3168834092380632D-06
 -0.3539491098567994D-06 -0.3951365781225112D-06 -0.4408653008258148D-06
 -0.4915904151434530D-06 -0.5478044709166982D-06 -0.6100390273121997D-06
 -0.6788661176897487D-06 -0.7548994531977652D-06 -0.8387953688337221D-06
 -0.9312535235373714D-06 -0.1033017302881678D-05 -0.1144873998785065D-05
 -0.1267654838477796D-05 -0.1402235067577693D-05 -0.1549534241266844D-05
 -0.1710517259859706D-05 -0.1886196516460603D-05 -0.2077635947744686D-05
 -0.2285957906792251D-05 -0.2512353899838690D-05 -0.2758100541774387D-05
 -0.3024582166143309D-05 -0.3313321584389451D-05 -0.3626020398831886D-05
 -0.3964609936765623D-05 -0.4331313360220641D-05 -0.4728718413558102D-05
 -0.5159859267312126D-05 -0.5628304238618967D-05 -0.6138244580066581D-05
 -0.6694578056544343D-05 -0.7302979747546427D-05 -0.7969951892702605D-05
 -0.8702845357919214D-05 -0.9509846009769613D-05 -0.1039992192652140D-04
 -0.1138273003707068D-04 -0.1246848363074125D-04 -0.1366778477936625D-04
 -0.1499142737346626D-04 -0.1645017717425918D-04 -0.1805453469105368D-04
 -0.1981448537099561D-04 -0.2173923978055348D-04 -0.2383696420016527D-04
 -0.2611450055382525D-04 -0.2857707318815306D-04 -0.3122797971947898D-04
 -0.3406826329556298D-04 -0.3709636491533597D-04 -0.4030775613678976D-04
 -0.4369455512878323D-04 -0.4724513239598187D-04 -0.5094371643981104D-04
 -0.5477001480719751D-04 -0.5869887189697469D-04 -0.6269999224858715D-04
 -0.6673776672457038D-04 -0.7077124913175642D-04 -0.7475434237387674D-04
 -0.7863626582558954D-04 -0.8236238816850268D-04 -0.8587552072453395D-04
 -0.8911777229873592D-04 -0.9203306260788274D-04 -0.9457037048506435D-04
 -0.9668774569843516D-04 -0.9835702777451054D-04 -0.9956908091640911D-04
 -0.1003391648997218D-03 -0.1007118237964220D-03 -0.1007644185894935D-03
 -0.1006082180603499D-03 -0.1003858952779741D-03 -0.1002644742570690D-03
 -0.1004233276633932D-03 -0.1010377782411393D-03 -0.1022599673494171D-03
 -0.1041997758205955D-03 -0.1069091128556829D-03 -0.1103726171731572D-03
 -0.1145067662548644D-03 -0.1191675914766865D-03 -0.1241655659924406D-03
 -0.1292849880724293D-03 -0.1343047720921791D-03 -0.1390178982945709D-03
 -0.1432475896405042D-03 -0.1468592338128221D-03 -0.1497678799312853D-03
 -0.1519416819228959D-03 -0.1534019205474395D-03 -0.1542202837561225D-03
 -0.1545139945734985D-03 -0.1544392329002006D-03 -0.1541831454151162D-03
 -0.1539546086396571D-03 -0.1539738168770642D-03 -0.1544607112806559D-03
 -0.1556222499626752D-03 -0.1576385478395856D-03 -0.1606479951255890D-03
 -0.1647316218617004D-03 -0.1698972443912587D-03 -0.1760643625519935D-03
 -0.1830514335660454D-03 -0.1905680769555474D-03 -0.1982159367869741D-03
 -0.2055031251647931D-03 -0.2118778055498088D-03 -0.2167854672194024D-03
 -0.2197501488139937D-03 -0.2204712289581971D-03 -0.2189150753896942D-03
 -0.2153700015324861D-03 -0.2104324246381974D-03 -0.2049093694483589D-03
 -0.1996545087264614D-03 -0.1953851094036784D-03 -0.1925358145619996D-03
 -0.1911864809606261D-03 -0.1910688299367066D-03 -0.1916303960055442D-03
 -0.1921247048137155D-03 -0.1917014929212213D-03 -0.1894815195012763D-03
 -0.1846104632912129D-03 -0.1762925131276061D-03 -0.1638068893493415D-03
 -0.1465109236234670D-03 -0.1238326208362815D-03 -0.9525468524568265D-04
 -0.6029109784384600D-04 -0.1845662758082859D-04  0.3077087383355354D-04
  0.8799595448136293D-04  0.1539597227845428D-03  0.2296038958851290D-03
  0.3161462459154553D-03  0.4151692358473852D-03  0.5287239782202978D-03
  0.6594517015009133D-03  0.8107247905536946D-03  0.9868100180505123D-03
  0.1193054618058483D-02  0.1436095497167715D-02  0.1724089493724636D-02
  0.2066960806441968D-02  0.2476654786926667D-02  0.2967395295510848D-02
  0.3555931188006879D-02  0.4261771867824169D-02  0.5107420059362312D-02
  0.6118628892140173D-02  0.7324731866115109D-02  0.8759114654730109D-02
  0.1045990825539305D-01  0.1247098152583438D-01  0.1484329611113630D-01
  0.1763666842675398D-01  0.2092196859419996D-01  0.2478378916927595D-01
  0.2932363736718863D-01  0.3466374419711685D-01  0.4095164351985377D-01
  0.4836573104812644D-01  0.5712213541795128D-01  0.6748320704131104D-01
  0.7976868965473843D-01  0.9436851402192663D-01  0.1117646490184939D+00
  0.1325455364458265D+00
    1   22  333
  0.0000000000000000D+00  0.1124207500062228D-13  0.1327727483054264D-13
  0.9377524020855732D-14  0.2653595504333629D-14  0.1725498252376842D-13
  0.6532385223926507D-14  0.1203820287760039D-13  0.1446231317535021D-13
  0.1809845553599855D-13  0.1755495819979088D-13  0.1965111551333239D-13
  0.2749847765801304D-13  0.1108857921435662D-13  0.1318280507477060D-13
  0.1856869856466541D-13  0.9124332795131457D-14  0.1745934127201315D-13
  0.2856358803423472D-13  0.3022755476459630D-13  0.2194438308939620D-13
  0.1903422497700011D-13  0.4571008315609805D-13  0.2755920975340381D-13
  0.3344796905474982D-13  0.3461702126813202D-13  0.4205103126728567D-13
  0.5189808629848759D-13  0.5575822024722068D-13  0.7134766596877292D-13
  0.8002780986803184D-13  0.8390516201002198D-13  0.1064101841693683D-12
  0.1173254513019050D-12  0.1332825716548502D-12  0.1582520542793859D-12
  0.1693775702105284D-12  0.1963517499123497D-12  0.2202448884666148D-12
  0.2476330461181964D-12  0.2856913080619093D-12  0.3290449826543265D-12
  0.3594261544259869D-12  0.4109496825916288D-12  0.4594758544426646D-12
  0.5313516175600628D-12  0.5995577946064727D-12  0.6727683955126335D-12
  0.7826417073838960D-12  0.8851419344770189D-12  0.9956034898116309D-12
  0.1136351406303384D-11  0.1289320092588331D-11  0.1458881832602043D-11
  0.1665189583969148D-11  0.1878357967152911D-11  0.2133051695304160D-11
  0.2416354311066157D-11  0.2752389056569949D-11  0.3103106194267228D-11
  0.3513211419501547D-11  0.3979853883272804D-11  0.4497604699990344D-11
  0.5103167660297584D-11  0.5775501842565389D-11  0.6548078462522348D-11
  0.7416757155073778D-11  0.8392320197751684D-11  0.9499917404001810D-11
  0.1075607116995514D-10  0.1217508362917780D-10  0.1377138939946065D-10
  0.1558682801213161D-10  0.1764105035227145D-10  0.1997173064031278D-10
  0.2257675134103013D-10  0.2553998488354662D-10  0.2888974138934284D-10
  0.3266432003812917D-10  0.3694485987360403D-10  0.4178642855205021D-10
  0.4724043464479880D-10  0.5341916750925182D-10  0.6038346022015931D-10
  0.6825636960425061D-10  0.7715583078038436D-10  0.8720175462975403D-10
  0.9855322300357116D-10  0.1113877142210096D-09  0.1258625615775115D-09
  0.1422275667164593D-09  0.1606811033288198D-09  0.1815407177433244D-09
  0.2050960100502562D-09  0.2316651331686586D-09  0.2616746415142998D-09
  0.2955612058444677D-09  0.3338091244149759D-09  0.3769640769444124D-09
  0.4256861216991578D-09  0.4806565221702630D-09  0.5427066966867073D-09
  0.6127351117624792D-09  0.6917251445232974D-09  0.7808626392289822D-09
  0.8814065682922256D-09  0.9948471299107577D-09  0.1122815318079423D-08
  0.1267143699964217D-08  0.1429923378602754D-08  0.1613493383445205D-08
  0.1820506299714581D-08  0.2053932433069242D-08  0.2317121259847612D-08
  0.2613816086106896D-08  0.2948292773134699D-08  0.3325314253538812D-08
  0.3750238968367661D-08  0.4229115540569999D-08  0.4768753215795008D-08
  0.5376777027285689D-08  0.6061807632827253D-08  0.6833479789673658D-08
  0.7702678631920129D-08  0.8681601731784782D-08  0.9783992476361621D-08
  0.1102523478615931D-07  0.1242264545249123D-07  0.1399565498953565D-07
  0.1576608217011656D-07  0.1775839147684690D-07  0.2000006112201761D-07
  0.2252190314220970D-07  0.2535841902953203D-07  0.2854833439966276D-07
  0.3213498540785828D-07  0.3616697346767628D-07  0.4069864200629991D-07
  0.4579084684546763D-07  0.5151163845550582D-07  0.5793711661530199D-07
  0.6515228368258290D-07  0.7325213304588595D-07  0.8234265357911978D-07
  0.9254208583481382D-07  0.1039823023407922D-06  0.1168101351418166D-06
  0.1311891313566182D-06  0.1473012195712923D-06  0.1653485871506502D-06
  0.1855557946235126D-06  0.2081720228635787D-06  0.2334734650116794D-06
  0.2617659383002371D-06  0.2933876779590166D-06  0.3287123515846682D-06
  0.3681521981160945D-06  0.4121613499843529D-06  0.4612394408940350D-06
  0.5159351905901802D-06  0.5768502312764984D-06  0.6446430027495632D-06
  0.7200326579530663D-06  0.8038030654339838D-06  0.8968066233887587D-06
  0.9999680646397379D-06  0.1114287955250779D-05  0.1240845985236072D-05
  0.1380803816857559D-05  0.1535407497932886D-05  0.1705989337629264D-05
  0.1893969199582434D-05  0.2100855259288422D-05  0.2328244218626229D-05
  0.2577821279330958D-05  0.2851360089192854D-05  0.3150723260386263D-05
  0.3477864165702742D-05  0.3834831156167203D-05  0.4223775588228884D-05
  0.4646965506015266D-05  0.5106807261075411D-05  0.5605877695176512D-05
  0.6146969946899169D-05  0.6733155784682609D-05  0.7367867502622888D-05
  0.8055001535586963D-05  0.8799044789921472D-05  0.9605222938469626D-05
  0.1047966722088259D-04  0.1142959335689889D-04  0.1246348283447208D-04
  0.1359125351729854D-04  0.1482440428972942D-04  0.1617611694951152D-04
  0.1766130002931707D-04  0.1929656087587893D-04  0.2110009763035617D-04
  0.2309150810635038D-04  0.2529151863090124D-04  0.2772164108319672D-04
  0.3040376993854268D-04  0.3335973238976298D-04  0.3661080361067241D-04
  0.4017719652687001D-04  0.4407753141829596D-04  0.4832828663600407D-04
  0.5294322798236689D-04  0.5793281201197760D-04  0.6330355734594255D-04
  0.6905737890827936D-04  0.7519088209291361D-04  0.8169461778113227D-04
  0.8855230424806377D-04  0.9574002884267928D-04  0.1032254506273624D-03
  0.1109670354002882D-03  0.1189133668222915D-03  0.1270025922399065D-03
  0.1351620793834245D-03  0.1433083808832096D-03  0.1513476267891354D-03
  0.1591764909212961D-03  0.1666839021929308D-03  0.1737536938767767D-03
  0.1802683955494765D-03  0.1861143641107548D-03  0.1911884073559271D-03
  0.1954059564735147D-03  0.1987106695960708D-03  0.2010850744777030D-03
  0.2025614732000116D-03  0.2032318475117693D-03  0.2032549841797995D-03
  0.2028586114388744D-03  0.2023342057627108D-03  0.2020225357811094D-03
  0.2022891496118738D-03  0.2034909550015037D-03  0.2059373042488001D-03
  0.2098512731015791D-03  0.2153378881374126D-03  0.2223654838172457D-03
  0.2307642144472351D-03  0.2402420740210378D-03  0.2504154559901028D-03
  0.2608487656627136D-03  0.2710967830111104D-03  0.2807441846403405D-03
  0.2894383118833349D-03  0.2969132115889718D-03  0.3030046263687417D-03
  0.3076567089745425D-03  0.3109217569973531D-03  0.3129543539369663D-03
  0.3140011134397371D-03  0.3143869297358358D-03  0.3144983262861135D-03
  0.3147642324737289D-03  0.3156343300692566D-03  0.3175550020733274D-03
  0.3209428894074153D-03  0.3261561291653750D-03  0.3334635270225607D-03
  0.3430122628876086D-03  0.3547953116285523D-03  0.3686206931497532D-03
  0.3840860708913934D-03  0.4005641822042053D-03  0.4172070258989684D-03
  0.4329791501983863D-03  0.4467314805399467D-03  0.4573245959558388D-03
  0.4638007572150149D-03  0.4655853942584915D-03  0.4626730065481682D-03
  0.4557310284312499D-03  0.4460566038277829D-03  0.4353599486036625D-03
  0.4254156283294868D-03  0.4176835690845408D-03  0.4130150367861716D-03
  0.4115164337979876D-03  0.4125757832918271D-03  0.4150041755854705D-03
  0.4172271537709643D-03  0.4174727745156681D-03  0.4139258001528433D-03
  0.4048378204582447D-03  0.3885952887859661D-03  0.3637524941388489D-03
  0.3290370437521609D-03  0.2833338440270068D-03  0.2256515706519838D-03
  0.1550737572664336D-03  0.7069518414503967D-04 -0.2845683563084214D-04
 -0.1435174970596707D-03 -0.2758977558351405D-03 -0.4274182482182556D-03
 -0.6004668448619225D-03 -0.7981832182480578D-03 -0.1024674259322690D-02
 -0.1285263940915739D-02 -0.1586780555981143D-02 -0.1937884868140222D-02
 -0.2349438227713186D-02 -0.2834908717849273D-02 -0.3410808765247664D-02
 -0.4097155102891669D-02 -0.4917930272713231D-02 -0.5901544627726685D-02
 -0.7081278883214345D-02 -0.8495720345275275D-02 -0.1018922419351086D-01
 -0.1221246629998864D-01 -0.1462318844793286D-01 -0.1748726446865090D-01
 -0.2088022327747008D-01 -0.2488935318408357D-01 -0.2961648213225136D-01
 -0.3518150132012771D-01 -0.4172668460774819D-01 -0.4942187508936079D-01
 -0.5847065862623237D-01 -0.6911772186100215D-01 -0.8165770220574546D-01
 -0.9644593873243354D-01 -0.1139117583106196D+00 -0.1345748722785123D+00
 -0.1590669080243157D+00 -0.1881560185123963D+00 -0.2227888065336120D+00
 -0.2641179588461928D+00
