  0.5920000000000000D+01    4
  0.2747673412109099D+01
    1  115    7
  333  333  333  333  333  333  333
  0.4064855441011031D-01 -0.1257672516457692D-01  0.1208426909306541D-01
 -0.9473055710809318D-01  0.4441088548688776D-01  0.4286347476614082D-01
  0.1446027289316832D-01 -0.7045423926250408D-02 -0.1430597037724765D-01
  0.8627834556348147D-03 -0.2000623552328626D-01  0.1132409865269283D-01
 -0.5280924211733618D-02  0.2820704048688650D-02 -0.1033725878868568D-01
  0.1582833359554456D-02 -0.9344690007122262D-02  0.2060271469128864D-02
  0.3639873381183620D-02  0.4981829863132967D-03  0.1656471074070679D-02
 -0.1020671457201336D-02  0.7178914042221075D-03  0.1559868762298951D-03
 -0.2963571042156355D-03  0.3886643205722973D-03  0.4045238204949418D-03
 -0.1530871260924774D-04  0.1952543632455164D-03 -0.1151085636181253D-04
 -0.2699795655425462D-03  0.1401629748253087D-04  0.2715931135579925D-04
 -0.2350140831905243D-03  0.1494906550518490D-03  0.7899063826540100D-04
  0.4528781684261310D-04 -0.5596363345210666D-04  0.6687657657067395D-04
 -0.9415273259137407D-04 -0.2502324642113826D-04  0.2091712243648032D-03
  0.5404659597456729D-05  0.1364506773800312D-03  0.6668800114215283D-04
 -0.1039986563002580D-03 -0.1000164244848788D-03 -0.7499202647947732D-04
  0.1224992404010169D-03  0.2232079183147342D-03 -0.1187801778499489D-03
 -0.1169578133845190D-03 -0.3419471901156351D-05  0.1917196272770460D-03
 -0.7149252779168254D-04 -0.1356218597426474D-03  0.1499139574105470D-03
 -0.1542235897603134D-03 -0.1444984394574989D-03 -0.1658599375856234D-03
  0.3199415298272924D-04 -0.9820631731284795D-04  0.9583782067701613D-04
  0.2940088215166989D-04  0.1681024084548059D-04 -0.4792986678397986D-04
  0.2315636129283922D-04 -0.2902811376798759D-04  0.5140674444156323D-04
  0.7390721407789195D-05  0.1008383595139947D-04 -0.1385395381512552D-04
 -0.1200791710006155D-04  0.4402268945562604D-04 -0.1411025922163557D-04
  0.2420040806077813D-04  0.1003581152942658D-04 -0.3581688253212825D-04
  0.5447411635412002D-05  0.3010600435697714D-04 -0.2188863747920199D-06
  0.9910716285493258D-05 -0.1582444083850172D-04  0.1778813372355338D-04
 -0.3943498254157173D-05  0.7942851953772916D-05  0.1162825691829441D-04
 -0.1060374162015677D-04  0.1940870446023180D-04 -0.6262391305141852D-05
 -0.1569063423225963D-05  0.6657322091419508D-06  0.7543528859192952D-06
 -0.1111252103803576D-05 -0.6195487559536400D-05 -0.1438116229390266D-05
  0.4162854113890065D-06 -0.3879540763651675D-05 -0.2794182279544382D-06
  0.1713948340324577D-05  0.2513160765736741D-06 -0.6689544870513041D-06
 -0.1103360367527716D-05  0.7422489442743551D-06  0.4415286707687906D-06
 -0.5651431895357222D-06 -0.1771517786945717D-05  0.4651131524217395D-07
  0.2145814371971756D-07  0.9067032526189125D-07 -0.1707621007054493D-07
 -0.1867592397691176D-08 -0.6370290793219902D-08  0.1186704172931285D-07
  0.3069840316816632D-08
  0.0000000000000000D+00  0.9972711546567918D+06  0.9925732017160786D+06
  0.9878855853620904D+06  0.9832080088367516D+06  0.9785401813557009D+06
  0.9738822576388194D+06  0.9692335453490501D+06  0.9645941553311149D+06
  0.9599634770734947D+06  0.9553412767624606D+06  0.9507271899950772D+06
  0.9461208723580147D+06  0.9415219746515519D+06  0.9369301403065976D+06
  0.9323450079403968D+06  0.9277662106459991D+06  0.9231933758435225D+06
  0.9186261251767116D+06  0.9140640743533450D+06  0.9095068329993823D+06
  0.9049540045142398D+06  0.9004051859266168D+06  0.8958599677521355D+06
  0.8913179338526112D+06  0.8867786612971328D+06  0.8822417202251037D+06
  0.8777066737114060D+06  0.8731730776339027D+06  0.8686404805434621D+06
  0.8641084235367717D+06  0.8595764401321809D+06  0.8550440561488606D+06
  0.8505107895895914D+06  0.8459761505275290D+06  0.8414396409972664D+06
  0.8369007548906321D+06  0.8323589778576060D+06  0.8278137872128211D+06
  0.8232646518481215D+06  0.8187110321517047D+06  0.8141523799343628D+06
  0.8095881383634460D+06  0.8050177419051353D+06  0.8004406162757037D+06
  0.7958561784024363D+06  0.7912638363949796D+06  0.7866629895278737D+06
  0.7820530282351064D+06  0.7774333341175535D+06  0.7728032799642290D+06
  0.7681622297882964D+06  0.7635095388788922D+06  0.7588445538697785D+06
  0.7541666128260011D+06  0.7494750453496999D+06  0.7447691727063123D+06
  0.7400483079724666D+06  0.7353117562069158D+06  0.7305588146459186D+06
  0.7257887729245705D+06  0.7210009133255960D+06  0.7161945110572234D+06
  0.7113688345618162D+06  0.7065231458569643D+06  0.7016567009108881D+06
  0.6967687500539952D+06  0.6918585384285384D+06  0.6869253064783831D+06
  0.6819682904809574D+06  0.6769867231235303D+06  0.6719798341260236D+06
  0.6669468509126285D+06  0.6618869993345602D+06  0.6567995044463527D+06
  0.6516835913381415D+06  0.6465384860264369D+06  0.6413634164059506D+06
  0.6361576132650791D+06  0.6309203113676730D+06  0.6256507506037767D+06
  0.6203481772120411D+06  0.6150118450765084D+06  0.6096410171005151D+06
  0.6042349666604203D+06  0.5987929791418704D+06  0.5933143535612888D+06
  0.5877984042751940D+06  0.5822444627799044D+06  0.5766518796043625D+06
  0.5710200262980433D+06  0.5653482975167277D+06  0.5596361132078749D+06
  0.5538829208978130D+06  0.5480881980824530D+06  0.5422514547230812D+06
  0.5363722358485652D+06  0.5304501242649478D+06  0.5244847433731445D+06
  0.5184757600950212D+06  0.5124228879077847D+06  0.5063258899861089D+06
  0.5001845824509295D+06  0.4939988377232992D+06  0.4877685879810594D+06
  0.4814938287154287D+06  0.4751746223838792D+06  0.4688111021548795D+06
  0.4624034757392351D+06  0.4559520293018242D+06  0.4494571314465446D+06
  0.4429192372662296D+06  0.4363388924481539D+06  0.4297167374245308D+06
  0.4230535115561536D+06  0.4163500573359555D+06  0.4096073245976630D+06
  0.4028263747139545D+06  0.3960083847657594D+06  0.3891546516638299D+06
  0.3822665962013461D+06  0.3753457670147414D+06  0.3683938444283275D+06
  0.3614126441562366D+06  0.3544041208334305D+06  0.3473703713456541D+06
  0.3403136379262872D+06  0.3332363109861992D+06  0.3261409316408733D+06
  0.3190301938972484D+06  0.3119069464610337D+06  0.3047741941236024D+06
  0.2976350986860868D+06  0.2904929793769266D+06  0.2833513127179908D+06
  0.2762137317934163D+06  0.2690840248746492D+06  0.2619661333547652D+06
  0.2548641489451143D+06  0.2477823100876521D+06  0.2407249975370925D+06
  0.2336967290682367D+06  0.2267021532656045D+06  0.2197460423548017D+06
  0.2128332840379773D+06  0.2059688722993139D+06  0.1991578971512953D+06
  0.1924055332961422D+06  0.1857170276847092D+06  0.1790976859596606D+06
  0.1725528577789203D+06  0.1660879210227697D+06  0.1597082648975692D+06
  0.1534192719590580D+06  0.1472262990891310D+06  0.1411346574717471D+06
  0.1351495916261458D+06  0.1292762575687929D+06  0.1235197001893483D+06
  0.1178848299403659D+06  0.1123763989552449D+06  0.1069989767240627D+06
  0.1017569254720971D+06  0.9665437540096631D+05  0.9169519996712099D+05
  0.8688299138670407D+05  0.8222103656927681D+05  0.7771229369533836D+05
  0.7335936966362593D+05  0.6916449864358225D+05  0.6512952197579463D+05
  0.6125586966831638D+05  0.5754454373927048D+05  0.5399610365675500D+05
  0.5061065411877504D+05  0.4738783541675637D+05  0.4432681660699376D+05
  0.4142629170517363D+05  0.3868447909743927D+05  0.3609912433793955D+05
  0.3366750647613407D+05  0.3138644802460373D+05  0.2925232864233440D+05
  0.2726110256852546D+05  0.2540831979855366D+05  0.2368915094719330D+05
  0.2209841569509473D+05  0.2063061466350537D+05  0.1927996451003793D+05
  0.1804043598580020D+05  0.1690579464233330D+05  0.1586964382656419D+05
  0.1492546955445184D+05  0.1406668690135065D+05  0.1328668694275094D+05
  0.1257888470598332D+05  0.1193676655793735D+05  0.1135393699002274D+05
  0.1082416411060402D+05  0.1034142326502227D+05  0.9899938211349960D+04
  0.9494219301071971D+04  0.9119098139986014D+04  0.8769758250913386D+04
  0.8441761297407158D+04  0.8131068500257243D+04  0.7834056932470350D+04
  0.7547530463476116D+04  0.7268725199038943D+04  0.6995309352031371D+04
  0.6725377569044712D+04  0.6457439829988916D+04  0.6190405130257679D+04
  0.5923560245654820D+04  0.5656543967272574D+04  0.5389317274945342D+04
  0.5122129991922839D+04  0.4855484528269673D+04  0.4590097374610747D+04
  0.4326859049798826D+04  0.4066793234706725D+04  0.3811015838719828D+04
  0.3560694744980889D+04  0.3317010964668171D+04  0.3081121899526215D+04
  0.2854127365782432D+04  0.2637038972060045D+04  0.2430753369835621D+04
  0.2236029808632023D+04  0.2053472330993118D+04  0.1883516837762258D+04
  0.1726423134612623D+04  0.1582271967156722D+04  0.1450966918446825D+04
  0.1332240938433525D+04  0.1225667155914714D+04  0.1130673522006235D+04
  0.1046560720330383D+04  0.9725228332243721D+03  0.9076698748445435D+03
  0.8510516733433849D+03  0.8016822932987827D+03  0.7585641716750963D+03
  0.7207115113627385D+03  0.6871720154752263D+03  0.6570465227042562D+03
  0.6295060191920871D+03  0.6038056352878109D+03  0.5792953491706775D+03
  0.5554272393639280D+03  0.5317592516419776D+03  0.5079555646609443D+03
  0.4837837554270318D+03  0.4591090604734198D+03  0.4338861258655621D+03
  0.4081486939116221D+03  0.3819977295951603D+03  0.3555885103103027D+03
  0.3291172031898274D+03  0.3028074370708314D+03  0.2768973328355162D+03
  0.2516274096336270D+03  0.2272297079564073D+03  0.2039184057221818D+03
  0.1818821170711890D+03  0.1612779880629596D+03  0.1422276254584542D+03
  0.1248148238882885D+03  0.1090849934295584D+03  0.9504613554949952D+02
  0.8267117171778159D+02  0.7190136586198862D+02  0.6265075045052433D+02
  0.5481095428595903D+02  0.4825655213751820D+02  0.4285045042764533D+02
  0.3844916459380298D+02  0.3490776729853220D+02  0.3208434479228352D+02
  0.2984383502773213D+02  0.2806116262993641D+02  0.2662362650705116D+02
  0.2543253410153183D+02  0.2440410908472241D+02  0.2346972869556704D+02
  0.2257556626180466D+02  0.2168173556626485D+02  0.2076103725830775D+02
  0.1979742003503348D+02  0.1878426044440009D+02  0.1772256495346663D+02
  0.1661918416920270D+02  0.1548511647442404D+02  0.1433396213554717D+02
  0.1318057150448266D+02  0.1203991421455149D+02  0.1092618040194493D+02
  0.9852111246541039D+01  0.8828544920183178D+01  0.7864155677387754D+01
  0.6965358309218430D+01  0.6136347700368002D+01  0.5379240281315497D+01
  0.4694290431125520D+01  0.4080158700602737D+01  0.3534192607103386D+01
  0.3052718736388364D+01  0.2631321752080576D+01  0.2265101082389791D+01
  0.1948893625719579D+01  0.1677480652991764D+01  0.1445730141390483D+01
  0.1248725455766883D+01  0.1081855591161803D+01  0.9408762540504156D+00
  0.8219453671470451D+00  0.7216374974417175D+00  0.6369411737187354D+00
  0.5652431459042444D+00  0.5043032854805564D+00  0.4522232495481303D+00
  0.4074116096599162D+00  0.3685477221660385D+00  0.3345459430549840D+00
  0.3045215221308945D+00  0.2777590657306794D+00  0.2536840647884552D+00
  0.2318380415436382D+00  0.2118568277438021D+00  0.1934535959087618D+00
  0.1764007156346708D+00  0.1605281284716252D+00  0.1456895899133241D+00
  0.1318113740272058D+00
  0.0000000000000000D+00 -0.1596635976021278D+00 -0.1626791675818004D+00
 -0.1657511709034558D+00 -0.1688805971073638D+00 -0.1720676978042454D+00
 -0.1753171485814042D+00 -0.1786283542949599D+00 -0.1820065811983164D+00
 -0.1854499978992492D+00 -0.1889609176206893D+00 -0.1925403417013150D+00
 -0.1961894804646727D+00 -0.1999096491710300D+00 -0.2037021430962782D+00
 -0.2075682982457904D+00 -0.2115094831387862D+00 -0.2155270955487081D+00
 -0.2196225648766405D+00 -0.2237973517970552D+00 -0.2280529482998178D+00
 -0.2323908778923741D+00 -0.2368126957063513D+00 -0.2413199886295284D+00
 -0.2459143754421412D+00 -0.2505975069474167D+00 -0.2553710660975259D+00
 -0.2602367681104438D+00 -0.2651963605739188D+00 -0.2702516235329492D+00
 -0.2754043695568345D+00 -0.2806564437817123D+00 -0.2860097239243321D+00
 -0.2914661202628277D+00 -0.2970275755797363D+00 -0.3026960650624785D+00
 -0.3084735961562590D+00 -0.3143622083640590D+00 -0.3203639729881270D+00
 -0.3264809928070886D+00 -0.3327154016824753D+00 -0.3390693640881307D+00
 -0.3455450745556291D+00 -0.3521447570284371D+00 -0.3588706641171801D+00
 -0.3657250762479551D+00 -0.3727103006952029D+00 -0.3798286704902058D+00
 -0.3870825431957967D+00 -0.3944742995373857D+00 -0.4020063418798878D+00
 -0.4096810925396182D+00 -0.4175009919196609D+00 -0.4254684964566439D+00
 -0.4335860763662891D+00 -0.4418562131744607D+00 -0.4502813970198530D+00
 -0.4588641237137777D+00 -0.4676068915419411D+00 -0.4765121977922801D+00
 -0.4855825349921548D+00 -0.4948203868379989D+00 -0.5042282237994351D+00
 -0.5138084983789989D+00 -0.5235636400081790D+00 -0.5334960495596948D+00
 -0.5436080934551344D+00 -0.5539020973463972D+00 -0.5643803393486503D+00
 -0.5750450428018024D+00 -0.5858983685367853D+00 -0.5969424066222700D+00
 -0.6081791675667723D+00 -0.6196105729504860D+00 -0.6312384454605801D+00
 -0.6430644983031578D+00 -0.6550903239645647D+00 -0.6673173822943061D+00
 -0.6797469878814572D+00 -0.6923802966961493D+00 -0.7052182919675287D+00
 -0.7182617692694787D+00 -0.7315113207853940D+00 -0.7449673187234754D+00
 -0.7586298978542545D+00 -0.7724989371425530D+00 -0.7865740404467271D+00
 -0.8008545162590643D+00 -0.8153393564612486D+00 -0.8300272140707939D+00
 -0.8449163799579792D+00 -0.8600047585107818D+00 -0.8752898422295983D+00
 -0.8907686852363081D+00 -0.9064378756844195D+00 -0.9222935070606189D+00
 -0.9383311483718506D+00 -0.9545458132161850D+00 -0.9709319277406262D+00
 -0.9874832974942512D+00 -0.1004193073191118D+01 -0.1021053715403937D+01
 -0.1038056958216802D+01 -0.1055193771873375D+01 -0.1072454324465746D+01
 -0.1089827942718891D+01 -0.1107303071936268D+01 -0.1124867235183638D+01
 -0.1142506991800764D+01 -0.1160207895344243D+01 -0.1177954451079438D+01
 -0.1195730073155392D+01 -0.1213517041613648D+01 -0.1231296459400193D+01
 -0.1249048209569458D+01 -0.1266750912890606D+01 -0.1284381886086904D+01
 -0.1301917100963981D+01 -0.1319331144709392D+01 -0.1336597181670737D+01
 -0.1353686916945289D+01 -0.1370570562146015D+01 -0.1387216803738891D+01
 -0.1403592774377316D+01 -0.1419664027692614D+01 -0.1435394517033527D+01
 -0.1450746578682119D+01 -0.1465680920109144D+01 -0.1480156613867907D+01
 -0.1494131097761879D+01 -0.1507560181957648D+01 -0.1520398063750799D+01
 -0.1532597350727457D+01 -0.1544109093098430D+01 -0.1554882826015407D+01
 -0.1564866622708832D+01 -0.1574007159314792D+01 -0.1582249792282080D+01
 -0.1589538649270596D+01 -0.1595816734466794D+01 -0.1601026049250764D+01
 -0.1605107729151179D+01 -0.1608002198018221D+01 -0.1609649340328907D+01
 -0.1609988692513330D+01 -0.1608959654152372D+01 -0.1606501719851200D+01
 -0.1602554732515699D+01 -0.1597059158694712D+01 -0.1589956386534403D+01
 -0.1581189046787280D+01 -0.1570701357171341D+01 -0.1558439490216984D+01
 -0.1544351964553730D+01 -0.1528390059378615D+01 -0.1510508251611557D+01
 -0.1490664674978226D+01 -0.1468821599967576D+01 -0.1444945933288115D+01
 -0.1419009735093719D+01 -0.1390990751866380D+01 -0.1360872962430026D+01
 -0.1328647134126993D+01 -0.1294311385718809D+01 -0.1257871753077315D+01
 -0.1219342753213950D+01 -0.1178747941657828D+01 -0.1136120457641996D+01
 -0.1091503550997405D+01 -0.1044951084092765D+01 -0.9965280016038200D+00
 -0.9463107603566677D+00 -0.8943877109821528D+00 -0.8408594226538612D+00
 -0.7858389416738063D+00 -0.7294519745021009D+00 -0.6718369853696122D+00
 -0.6131451985509438D+00 -0.5535404952960441D+00 -0.4931991954971722D+00
 -0.4323097144336494D+00 -0.3710720853506243D+00 -0.3096973392531499D+00
 -0.2484067341324532D+00 -0.1874308269089769D+00 -0.1270083826905316D+00
 -0.6738511751509932D-01 -0.8812272584606849D-02  0.4845497989770449D-01
  0.1041592967985749D+00  0.1580430849089966D+00  0.2098505745663242D+00
  0.2593300349066993D+00  0.3062361162762260D+00  0.3503323018200923D+00
  0.3913934466204944D+00  0.4292083790146691D+00  0.4635825349590050D+00
  0.4943405925760668D+00  0.5213290704295237D+00  0.5444188496982575D+00
  0.5635075773749729D+00  0.5785219050230521D+00  0.5894195159360612D+00
  0.5961908916646785D+00  0.5988607694220163D+00  0.5974892415967048D+00
  0.5921724511539370D+00  0.5830428393203833D+00  0.5702689064722355D+00
  0.5540544528599328D+00  0.5346372729472936D+00  0.5122872856739139D+00
  0.4873040927931762D+00  0.4600139684935923D+00  0.4307662956205174D+00
  0.3999294767738210D+00  0.3678863621121838D+00  0.3350292495470196D+00
  0.3017545268168330D+00  0.2684570383162871D+00  0.2355242721024020D+00
  0.2033304737788980D+00  0.1722308035210387D+00  0.1425556598975201D+00
  0.1146052989340752D+00  0.8864487863231081D-01  0.6490005753634771D-01
  0.4355327061975516D-01  0.2474079652080351D-01  0.8550716864043835D-02
 -0.4978149022940791D-02 -0.1585627167248144D-01 -0.2414236410189452D-01
 -0.2994124989638525D-01 -0.3340066748799083D-01 -0.3470706293947549D-01
 -0.3408045559376019D-01 -0.3176849217543649D-01 -0.2803983410931053D-01
 -0.2317704869491399D-01 -0.1746919619315837D-01 -0.1120432078459865D-01
 -0.4662062905473361D-02  0.1893387021064791D-02  0.8219778455436956D-02
  0.1410253200387511D-01  0.1935953047624717D-01  0.2384481630198650D-01
  0.2745107694444808D-01  0.3011084092595695D-01  0.3179635250767012D-01
  0.3251814116073826D-01  0.3232235064077062D-01  0.3128693950682874D-01
  0.2951690807478644D-01  0.2713874397655707D-01  0.2429430790976065D-01
  0.2113440142019422D-01  0.1781226870113119D-01  0.1447728384860868D-01
  0.1126906468367494D-01  0.8312233018989220D-02  0.5712012271811387D-02
  0.3550815814377759D-02  0.1885936516171870D-02  0.7484004282759102D-03
  0.1429977407317108D-03  0.4945385498427935D-04  0.4246547280405533D-03
  0.1205795642033524D-02  0.2314283330265161D-02  0.3660189988835152D-02
  0.5147035989043236D-02  0.6676667608465139D-02  0.8153997744020654D-02
  0.9491391459953305D-02  0.1061250337563382D-01  0.1145540830545883D-01
  0.1197490745000818D-01  0.1214393688267318D-01  0.1195405057805523D-01
  0.1141499497706275D-01  0.1055343473861978D-01  0.9410928542525338D-02
  0.8041287875252445D-02  0.6507478606545500D-02  0.4878242788240394D-02
  0.3224625405212174D-02  0.1616585816636301D-02  0.1198594445246892D-03
 -0.1206789786590810D-02 -0.2313816723460452D-02 -0.3162568381798794D-02
 -0.3726346920659875D-02 -0.3990861488251250D-02 -0.3954100363707605D-02
 -0.3625681582361079D-02 -0.3025760518919992D-02 -0.2183586309578748D-02
 -0.1135805679087164D-02  0.7538665968349831D-04  0.1404156415951475D-02
  0.2802910914534551D-02  0.4224078548285272D-02  0.5621725288830178D-02
  0.6952961289862077D-02  0.8179104942001789D-02  0.9266585583411200D-02
  0.1018757894222374D-01  0.1092038090682636D-01  0.1144953508979321D-01
  0.1176573808291797D-01  0.1186555211010856D-01  0.1175095949485984D-01
  0.1142879501384976D-01  0.1091009292035002D-01  0.1020938460763805D-01
  0.9343977099307121D-02  0.8333242755039319D-02  0.7197941224535702D-02
  0.5959593278486965D-02  0.4639919154885931D-02  0.3260349734389646D-02
  0.1841614579993202D-02  0.4034060891528242D-03 -0.1035884722165990D-02
 -0.2459369925297834D-02 -0.3851817356690887D-02 -0.5199773100929982D-02
 -0.6491678713436108D-02 -0.7718015948393523D-02 -0.8871520523566035D-02
 -0.9947522326052220D-02
  0.0000000000000000D+00  0.3300510772315335D-04  0.3443771431252658D-04
  0.3593276047487587D-04  0.3749296725743023D-04  0.3912078534100185D-04
  0.4082085708941961D-04  0.4259565098892091D-04  0.4445054255017587D-04
  0.4638759351999508D-04  0.4841106680449982D-04  0.5052473049373313D-04
  0.5273261378327971D-04  0.5503898211491103D-04  0.5744827052352807D-04
  0.5996512778601933D-04  0.6259442246237993D-04  0.6534125073949549D-04
  0.6821094899764377D-04  0.7120910507683879D-04  0.7434157031378390D-04
  0.7761447234924192D-04  0.8103422849047899D-04  0.8460755976485963D-04
  0.8834150569026985D-04  0.9224343978805892D-04  0.9632108588142802D-04
  0.1005825352179774D-03  0.1050362644573999D-03  0.1096911545680313D-03
  0.1145565106777604D-03  0.1196420829269752D-03  0.1249580883735341D-03
  0.1305152340022857D-03  0.1363247408938213D-03  0.1423983696098639D-03
  0.1487484468552995D-03  0.1553878934795497D-03  0.1623302538828046D-03
  0.1695897268955215D-03  0.1771811982025788D-03  0.1851202743865233D-03
  0.1934233186675136D-03  0.2021074884207537D-03  0.2111907745555298D-03
  0.2206920428432943D-03  0.2306310772856918D-03  0.2410286256168521D-03
  0.2519064470378272D-03  0.2632873622845616D-03  0.2751953061343675D-03
  0.2876553824594247D-03  0.3006939219394066D-03  0.3143385425488126D-03
  0.3286182129381026D-03  0.3435633188310900D-03  0.3592057325643474D-03
  0.3755788858975253D-03  0.3927178462265991D-03  0.4106593963345716D-03
  0.4294421178164688D-03  0.4491064783187212D-03  0.4696949227342050D-03
  0.4912519684953252D-03  0.5138243051092111D-03  0.5374608980793415D-03
  0.5622130973577758D-03  0.5881347504713824D-03  0.6152823204638524D-03
  0.6437150087927862D-03  0.6734948833177171D-03  0.7046870115102768D-03
  0.7373595990119656D-03  0.7715841336577452D-03  0.8074355350749492D-03
  0.8449923099566407D-03  0.8843367130961739D-03  0.9255549142554476D-03
  0.9687371709226987D-03  0.1013978006996563D-02  0.1061376397411329D-02
  0.1111035958693474D-02  0.1163065145411540D-02  0.1217577452449699D-02
  0.1274691622999995D-02  0.1334531862128425D-02  0.1397228055726035D-02
  0.1462915994608115D-02  0.1531737603465336D-02  0.1603841174312148D-02
  0.1679381604024298D-02  0.1758520635462345D-02  0.1841427101611096D-02
  0.1928277172075446D-02  0.2019254601175105D-02  0.2114550976776717D-02
  0.2214365968887861D-02  0.2318907576912952D-02  0.2428392374337012D-02
  0.2543045749457288D-02  0.2663102140625736D-02  0.2788805264295538D-02
  0.2920408333982395D-02  0.3058174268055402D-02  0.3202375884061962D-02
  0.3353296077066794D-02  0.3511227979244846D-02  0.3676475097712897D-02
  0.3849351427312808D-02  0.4030181534772080D-02  0.4219300610362896D-02
  0.4417054482860382D-02  0.4623799593263453D-02  0.4839902922388005D-02
  0.5065741867073158D-02  0.5301704059362984D-02  0.5548187122610086D-02
  0.5805598358027940D-02  0.6074354354853615D-02  0.6354880516799791D-02
  0.6647610497020075D-02  0.6952985533401130D-02  0.7271453675536355D-02
  0.7603468894288541D-02  0.7949490064413731D-02  0.8309979810293862D-02
  0.8685403204417975D-02  0.9076226307870503D-02  0.9482914541737008D-02
  0.9905930878030029D-02  0.1034573383848282D-01  0.1080277528936551D-01
  0.1127749802035966D-01  0.1177033309549658D-01  0.1228169696423765D-01
  0.1281198832096440D-01  0.1336158470147472D-01  0.1393083880556304D-01
  0.1452007453542045D-01  0.1512958274044716D-01  0.1575961666014462D-01
  0.1641038705807804D-01  0.1708205704149246D-01  0.1777473656305924D-01
  0.1848847660344952D-01  0.1922326303596974D-01  0.1997901017752499D-01
  0.2075555403350718D-01  0.2155264524802120D-01  0.2236994177508152D-01
  0.2320700129132239D-01  0.2406327337596245D-01  0.2493809148964999D-01
  0.2583066479020673D-01  0.2674006983025715D-01  0.2766524218928001D-01
  0.2860496810073492D-01  0.2955787614359776D-01  0.3052242907685899D-01
  0.3149691590525862D-01  0.3247944427470732D-01  0.3346793330640720D-01
  0.3446010698954581D-01  0.3545348826349724D-01  0.3644539393158807D-01
  0.3743293055952104D-01  0.3841299152231176D-01  0.3938225537387805D-01
  0.4033718572297711D-01  0.4127403280774178D-01  0.4218883696832270D-01
  0.4307743422274223D-01  0.4393546415458769D-01  0.4475838032341423D-01
  0.4554146340353075D-01  0.4627983725721131D-01  0.4696848813410147D-01
  0.4760228717992415D-01  0.4817601641773015D-01  0.4868439834155690D-01
  0.4912212923475165D-01  0.4948391628970730D-01  0.4976451856470682D-01
  0.4995879176549856D-01  0.5006173678419495D-01  0.5006855186599133D-01
  0.4997468820504090D-01  0.4977590869473384D-01  0.4946834947493650D-01
  0.4904858382990874D-01  0.4851368789629533D-01  0.4786130754164089D-01
  0.4708972567150158D-01  0.4619792911821963D-01  0.4518567416016566D-01
  0.4405354961582793D-01  0.4280303635791188D-01  0.4143656200025912D-01
  0.3995754942705276D-01  0.3837045776607368D-01  0.3668081435666328D-01
  0.3489523623411833D-01  0.3302143965168931D-01  0.3106823620776020D-01
  0.2904551416869036D-01  0.2696420374839794D-01  0.2483622519130351D-01
  0.2267441875049045D-01  0.2049245586888468D-01  0.1830473117191102D-01
  0.1612623521528921D-01  0.1397240831311543D-01  0.1185897619342464D-01
  0.9801768684853508D-02  0.7816523122003771D-02  0.5918674659501098D-02
  0.4123136194925489D-02  0.2444071106388345D-02  0.8946624977145472D-03
 -0.5131169022956684D-03 -0.1768729636600384D-02 -0.2863288326590178D-02
 -0.3789755251653147D-02 -0.4543121416589077D-02 -0.5120559794308044D-02
 -0.5521547540575898D-02 -0.5747952238367936D-02 -0.5804077653559655D-02
 -0.5696665079561986D-02 -0.5434847119654542D-02 -0.5030051703839647D-02
 -0.4495855225723194D-02 -0.3847784975640253D-02 -0.3103072378568341D-02
 -0.2280360039152200D-02 -0.1399367075096633D-02 -0.4805187150966800D-03
  0.4554524383505307D-03  0.1387924785858980D-02  0.2296815936221607D-02
  0.3163010046526779D-02  0.3968773001274159D-02  0.4698143847846624D-02
  0.5337290964913171D-02  0.5874821871404560D-02  0.6302036403029068D-02
  0.6613114201918449D-02  0.6805229078859128D-02  0.6878584794766137D-02
  0.6836369123817802D-02  0.6684625634494411D-02  0.6432045362670032D-02
  0.6089683339705567D-02  0.5670607653642894D-02  0.5189491235925982D-02
  0.4662158759194583D-02  0.4105102798440110D-02  0.3534984664780424D-02
  0.2968136013737227D-02  0.2420077424170678D-02  0.1905069620059699D-02
  0.1435712003376602D-02  0.1022601480506707D-02  0.6740625943094027D-03
  0.3959574589561455D-03  0.1915812691188048D-03  0.6164615620681735D-04
  0.4353041734674572D-05  0.1554796784693654D-04  0.8895627171466872D-04
  0.2164850265630190D-03  0.3885815222570905D-03  0.5946333392816445D-03
  0.8233939235030486D-03  0.1063416630498181D-02  0.1303480079971199D-02
  0.1532988390877346D-02  0.1742331412016865D-02  0.1923192285851088D-02
  0.2068792371825989D-02  0.2174066484898413D-02  0.2235764401936128D-02
  0.2252477568234091D-02  0.2224592879047306D-02  0.2154178300416290D-02
  0.2044807858554470D-02  0.1901336023978762D-02  0.1729633539012992D-02
  0.1536298232656682D-02  0.1328354773053057D-02  0.1112957388466262D-02
  0.8971083283599056D-03  0.6874033279265637D-03  0.4898130338194375D-03
  0.3095068181066105D-03  0.1507227346871381D-03  0.1668476710034366D-04
 -0.9043384956084965D-04 -0.1695044595716089D-03 -0.2203987721499415D-03
 -0.2439125139688729D-03 -0.2416635159182639D-03 -0.2159710417801905D-03
 -0.1697230535616967D-03 -0.1062377129309689D-03 -0.2912481423182988D-04
  0.5784789929603664D-04  0.1508794123651784D-03  0.2462478440125284D-03
  0.3404081806718298D-03  0.4300737624868505D-03  0.5122807245902274D-03
  0.5844353161115984D-03  0.6443446334226023D-03  0.6902318522888535D-03
  0.7207374432726713D-03  0.7349081754802653D-03  0.7321759479853740D-03
  0.7123283640111694D-03  0.6754731868037901D-03  0.6219983734654705D-03
  0.5525294118827581D-03  0.4678853010680699D-03  0.3690342511585128D-03
  0.2570498931682120D-03  0.1330683996567607D-03 -0.1753418622136997D-05
 -0.1462794605941972D-03 -0.2994360538343202D-03 -0.4602556627976357D-03
 -0.6279250344851080D-03 -0.8018413409670029D-03 -0.9816811849943500D-03
 -0.1167489481240513D-02
  0.0000000000000000D+00 -0.9930944882327762D-07 -0.1065440702601408D-06
 -0.1143065497580581D-06 -0.1226353965658748D-06 -0.1315697662545595D-06
 -0.1411654306054397D-06 -0.1514648280594909D-06 -0.1625349035554698D-06
 -0.1744216949278991D-06 -0.1871901091053487D-06 -0.2009050974759525D-06
 -0.2156367357312457D-06 -0.2314610595858585D-06 -0.2484595291798019D-06
 -0.2667198212070414D-06 -0.2863362986561411D-06 -0.3074104676443602D-06
 -0.3300515540739776D-06 -0.3543770954271769D-06 -0.3805135788572853D-06
 -0.4085971345064529D-06 -0.4387742812067449D-06 -0.4712027312299054D-06
 -0.5060522589136112D-06 -0.5435056378553697D-06 -0.5837596523859275D-06
 -0.6270261892980081D-06 -0.6735334162827735D-06 -0.7235270540961417D-06
 -0.7772717500374815D-06 -0.8350525609463317D-06 -0.8971765546000178D-06
 -0.9639745391262937D-06 -0.1035802930833583D-05 -0.1113045771719643D-05
 -0.1196116908846753D-05 -0.1285462348775297D-05 -0.1381562801334653D-05
 -0.1484936428187361D-05 -0.1596141812915912D-05 -0.1715781170740753D-05
 -0.1844503817470218D-05 -0.1983009918898274D-05 -0.2132054543613621D-05
 -0.2292452044075072D-05 -0.2465080792853584D-05 -0.2650888303155434D-05
 -0.2850896765134317D-05 -0.3066209032089384D-05 -0.3298015093446019D-05
 -0.3547599074442268D-05 -0.3816346805716390D-05 -0.4105754009525293D-05
 -0.4417435153145899D-05 -0.4753133024137100D-05 -0.5114729086598823D-05
 -0.5504254682376811D-05 -0.5923903146361711D-05 -0.6376042910632520D-05
 -0.6863231678238385D-05 -0.7388231753963471D-05 -0.7954026626441675D-05
 -0.8563838903560343D-05 -0.9221149711284162D-05 -0.9929719674826873D-05
 -0.1069361161057696D-04 -0.1151721506738853D-04 -0.1240527286682104D-04
 -0.1336290980371740D-04 -0.1439566368119466D-04 -0.1550951886774990D-04
 -0.1671094257881672D-04 -0.1800692410081323D-04 -0.1940501719256033D-04
 -0.2091338591700321D-04 -0.2254085417550454D-04 -0.2429695923767241D-04
 -0.2619200958182350D-04 -0.2823714738484341D-04 -0.3044441602547212D-04
 -0.3282683299200010D-04 -0.3539846861410347D-04 -0.3817453106915112D-04
 -0.4117145814587692D-04 -0.4440701628291836D-04 -0.4790040743646132D-04
 -0.5167238437022981D-04 -0.5574537500203590D-04 -0.6014361648474093D-04
 -0.6489329974626046D-04 -0.7002272526052105D-04 -0.7556247087293327D-04
 -0.8154557255751257D-04 -0.8800771903870230D-04 -0.9498746126967535D-04
 -0.1025264378200362D-03 -0.1106696172894140D-03 -0.1194655589293647D-03
 -0.1289666927240930D-03 -0.1392296202506208D-03 -0.1503154377108837D-03
 -0.1622900826015118D-03 -0.1752247055614697D-03 -0.1891960690126539D-03
 -0.2042869742836366D-03 -0.2205867189811526D-03 -0.2381915864470716D-03
 -0.2572053692093791D-03 -0.2777399284033342D-03 -0.2999157912019252D-03
 -0.3238627883521041D-03 -0.3497207339628382D-03 -0.3776401497317494D-03
 -0.4077830358262000D-03 -0.4403236906514673D-03 -0.4754495817357849D-03
 -0.5133622699412530D-03 -0.5542783891759213D-03 -0.5984306837086412D-03
 -0.6460691050880131D-03 -0.6974619705399089D-03 -0.7528971845456998D-03
 -0.8126835250867259D-03 -0.8771519957753073D-03 -0.9466572447693534D-03
 -0.1021579050980725D-02 -0.1102323877629423D-02 -0.1189326492657818D-02
 -0.1283051654892847D-02 -0.1383995864120167D-02 -0.1492689172402446D-02
 -0.1609697053023936D-02 -0.1735622322363397D-02 -0.1871107108776752D-02
 -0.2016834861196108D-02 -0.2173532388611205D-02 -0.2341971919880440D-02
 -0.2522973171406494D-02 -0.2717405408096713D-02 -0.2926189480694435D-02
 -0.3150299820003898D-02 -0.3390766365728074D-02 -0.3648676404582682D-02
 -0.3925176289035320D-02 -0.4221473004421226D-02 -0.4538835548352639D-02
 -0.4878596082217261D-02 -0.5242150810136605D-02 -0.5630960536096438D-02
 -0.6046550845081280D-02 -0.6490511848874191D-02 -0.6964497431851262D-02
 -0.7470223926581344D-02 -0.8009468143402313D-02 -0.8584064672439133D-02
 -0.9195902370820668D-02 -0.9846919942230876D-02 -0.1053910051048586D-01
 -0.1127446508368516D-01 -0.1205506480076790D-01 -0.1288297184817556D-01
 -0.1376026893094659D-01 -0.1468903718015042D-01 -0.1567134237732694D-01
 -0.1670921937676998D-01 -0.1780465460835903D-01 -0.1895956654748738D-01
 -0.2017578404476704D-01 -0.2145502241696360D-01 -0.2279885721235811D-01
 -0.2420869557884251D-01 -0.2568574518176696D-01 -0.2723098064234235D-01
 -0.2884510749298863D-01 -0.3052852368063456D-01 -0.3228127868395503D-01
 -0.3410303035630186D-01 -0.3599299965342182D-01 -0.3794992345973587D-01
 -0.3997200578875784D-01 -0.4205686769991432D-01 -0.4420149634744756D-01
 -0.4640219365624793D-01 -0.4865452520412133D-01 -0.5095326997965814D-01
 -0.5329237177877179D-01 -0.5566489310009711D-01 -0.5806297249859015D-01
 -0.6047778645623068D-01 -0.6289951692683769D-01 -0.6531732580631694D-01
 -0.6771933766756505D-01 -0.7009263217678070D-01 -0.7242324767352576D-01
 -0.7469619744277031D-01 -0.7689550023220426D-01 -0.7900422656596118D-01
 -0.8100456236968613D-01 -0.8287789135074783D-01 -0.8460489746123644D-01
 -0.8616568860675809D-01 -0.8753994254730003D-01 -0.8870707571027346D-01
 -0.8964643520701825D-01 -0.9033751411012798D-01 -0.9076018944925156D-01
 -0.9089498201337240D-01 -0.9072333642599344D-01 -0.9022791938697275D-01
 -0.8939293333152307D-01 -0.8820444208421162D-01 -0.8665070439461918D-01
 -0.8472251054125580D-01 -0.8241351649872790D-01 -0.7972056949801483D-01
 -0.7664401819107093D-01 -0.7318800008155206D-01 -0.6936069842747515D-01
 -0.6517456048523596D-01 -0.6064646877476176D-01 -0.5579785703069116D-01
 -0.5065476269206812D-01 -0.4524780820005778D-01 -0.3961210404423494D-01
 -0.3378706744400305D-01 -0.2781615178839800D-01 -0.2174648349299056D-01
 -0.1562840476542448D-01 -0.9514922888490984D-02 -0.3461069005618939D-02
  0.2476828058582609D-02  0.8241944578912176D-02  0.1377783025610511D-01
  0.1902932815921657D-01  0.2394352976000061D-01  0.2847074609220068D-01
  0.3256547401495085D-01  0.3618733494413972D-01  0.3930196233300611D-01
  0.4188181368678925D-01  0.4390688304626269D-01  0.4536529068988466D-01
  0.4625372832969659D-01  0.4657774035706448D-01  0.4635182474780641D-01
  0.4559934110513322D-01  0.4435221796994034D-01  0.4265045689167379D-01
  0.4054143668845474D-01  0.3807902762038912D-01  0.3532253159310535D-01
  0.3233547070323980D-01  0.2918425213159449D-01  0.2593674229964808D-01
  0.2266078708885908D-01  0.1942271759608697D-01  0.1628588224589619D-01
  0.1330924606689119D-01  0.1054609655834327D-01  0.8042892825227181D-02
  0.5838291170770595D-02  0.3962375119927792D-02  0.2436112630068589D-02
  0.1271056608021930D-02  0.4692981601489695D-03  0.2367468389435124D-04
 -0.8177260975627132D-04  0.1288951931639498D-03  0.6244242940716213D-03
  0.1367465451897116D-02  0.2315824148460465D-02  0.3423822996477541D-02
  0.4643731218383931D-02  0.5927213301487515D-02  0.7226748390189001D-02
  0.8496973843410707D-02  0.9695910565148015D-02  0.1078603378352338D-01
  0.1173516016661882D-01  0.1251712975080997D-01  0.1311226858703877D-01
  0.1350762517332757D-01  0.1369698086811444D-01  0.1368064185682303D-01
  0.1346502792962213D-01  0.1306208101417673D-01  0.1248852337095067D-01
  0.1176500182288931D-01  0.1091515676139819D-01  0.9964658251328624D-02
  0.8940248859835354D-02  0.7868831078130073D-02  0.6776631560052511D-02
  0.5688468059992759D-02  0.4627137685969766D-02  0.3612937490949592D-02
  0.2663321167012437D-02  0.1792689057909560D-02  0.1012303210893170D-02
  0.3303149201717887D-03 -0.2481107564052602D-03 -0.7205907570899440D-03
 -0.1087257919182191D-02 -0.1350450581431679D-02 -0.1514374404804855D-02
 -0.1584751385696534D-02 -0.1568469152671135D-02 -0.1473241598435198D-02
 -0.1307289806763861D-02 -0.1079050183092678D-02 -0.7969147486192306D-03
 -0.4690067834933131D-03 -0.1029933017606862D-03  0.2940655652664907D-03
  0.7158315386621626D-03  0.1156769798919049D-02  0.1612200508582525D-02
  0.2078323947751210D-02  0.2552223623034585D-02  0.3031851539151958D-02
  0.3516000008269197D-02  0.4004264089649437D-02  0.4496998366000884D-02
  0.4995271671379008D-02  0.5500822839820453D-02  0.6016020797277335D-02
  0.6543832010782222D-02  0.7087799254945800D-02  0.7652036041656083D-02
  0.8241242988041365D-02  0.8860754776520624D-02  0.9516628954353351D-02
  0.1021579700535644D-01
  0.0000000000000000D+00  0.1181220212615699D-06  0.1267270762527915D-06
  0.1359599762122545D-06  0.1458665245316770D-06  0.1564932932975796D-06
  0.1679066178072034D-06  0.1801569752325090D-06  0.1933239901871865D-06
  0.2074624208806534D-06  0.2226494681864446D-06  0.2389623858541737D-06
  0.2564845226051030D-06  0.2753063159325788D-06  0.2955246551720092D-06
  0.3172438236381928D-06  0.3405760573150738D-06  0.3656420882263886D-06
  0.3925718303029301D-06  0.4215050832584549D-06  0.4525922915325929D-06
  0.4859953689171723D-06  0.5218885854873209D-06  0.5604595247644352D-06
  0.6019101168528120D-06  0.6464577531297876D-06  0.6943364892829321D-06
  0.7457983438017861D-06  0.8011146995985911D-06  0.8605778171099706D-06
  0.9245024678981041D-06  0.9932276985110668D-06  0.1067118735167447D-05
  0.1146569040700162D-05  0.1232002536132089D-05  0.1323876000276981D-05
  0.1422681661861956D-05  0.1528949999861770D-05  0.1643252769028031D-05
  0.1766206268996300D-05  0.1898474876868865D-05  0.2040774864811068D-05
  0.2193878525974162D-05  0.2358618633978305D-05  0.2535893263268459D-05
  0.2726670999904868D-05  0.2931996574783485D-05  0.3152996953914217D-05
  0.3390887923232212D-05  0.3646981208496597D-05  0.3922692174160893D-05
  0.4219548148699624D-05  0.4539197427766185D-05  0.4883419010762750D-05
  0.5254133130947329D-05  0.5653412644111690D-05  0.6083495346165468D-05
  0.6546797295687292D-05  0.7045927223686586D-05  0.7583702119483505D-05
  0.8163164088802211D-05  0.8787598587964984D-05  0.9460554146425313D-05
  0.1018586369888704D-04  0.1096766765799665D-04  0.1181043886906260D-04
  0.1271900959952595D-04  0.1369860072804558D-04  0.1475485331111321D-04
  0.1589386271915348D-04  0.1712221554915267D-04  0.1844702953706893D-04
  0.1987599671068361D-04  0.2141743004222710D-04  0.2308031388014995D-04
  0.2487435846087537D-04  0.2681005882436782D-04  0.2889875848197574D-04
  0.3115271821132542D-04  0.3358519038119446D-04  0.3621049923934201D-04
  0.3904412762834133D-04  0.4210281062863890D-04  0.4540463666447764D-04
  0.4896915664704574D-04  0.5281750177036823D-04  0.5697251061917543D-04
  0.6145886629435497D-04  0.6630324431033369D-04  0.7153447207065239D-04
  0.7718370078362659D-04  0.8328459073622168D-04  0.8987351090573087D-04
  0.9698975395253290D-04  0.1046757677037506D-03  0.1129774043074780D-03
  0.1219441883099481D-03  0.1316296049836908D-03  0.1420914103130633D-03
  0.1533919641246298D-03  0.1655985879332034D-03  0.1787839491598596D-03
  0.1930264734654243D-03  0.2084107870313985D-03  0.2250281907095249D-03
  0.2429771680503590D-03  0.2623639293099657D-03  0.2833029936205905D-03
  0.3059178115956994D-03  0.3303414307199074D-03  0.3567172059495766D-03
  0.3851995580177980D-03  0.4159547819967278D-03  0.4491619087185179D-03
  0.4850136216908744D-03  0.5237172321631610D-03  0.5654957149958078D-03
  0.6105888079608134D-03  0.6592541770614829D-03  0.7117686503716803D-03
  0.7684295227757317D-03  0.8295559338395010D-03  0.8954903208379559D-03
  0.9665999487073529D-03  0.1043278518374530D-02  0.1125947854531579D-02
  0.1215059673464104D-02  0.1311097430996518D-02  0.1414578249978265D-02
  0.1526054925990086D-02  0.1646118009088542D-02  0.1775397958417807D-02
  0.1914567365388070D-02  0.2064343239835080D-02  0.2225489352124159D-02
  0.2398818622526658D-02  0.2585195547364849D-02  0.2785538649376849D-02
  0.3000822937479339D-02  0.3232082358590445D-02  0.3480412221398822D-02
  0.3746971568917294D-02  0.4032985473324156D-02  0.4339747222960319D-02
  0.4668620367410546D-02  0.5021040582315114D-02  0.5398517311000378D-02
  0.5802635135112839D-02  0.6235054821179275D-02  0.6697513984474040D-02
  0.7191827305769165D-02  0.7719886230394463D-02  0.8283658072690141D-02
  0.8885184442370278D-02  0.9526578902609942D-02  0.1021002376287532D-01
  0.1093776590273210D-01  0.1171211151617385D-01  0.1253541965953887D-01
  0.1341009447996291D-01  0.1433857599570181D-01  0.1532332929474413D-01
  0.1636683201411327D-01  0.1747155995938239D-01  0.1863997072243958D-01
  0.1987448515574630D-01  0.2117746656354073D-01  0.2255119747500706D-01
  0.2399785387171683D-01  0.2551947675207785D-01  0.2711794092947912D-01
  0.2879492097879772D-01  0.3055185426816061D-01  0.3238990104115155D-01
  0.3430990154506697D-01  0.3631233024198665D-01  0.3839724718102427D-01
  0.4056424666454331D-01  0.4281240339742277D-01  0.4514021637347768D-01
  0.4754555082664800D-01  0.5002557865385597D-01  0.5257671780377754D-01
  0.5519457121989244D-01  0.5787386602689704D-01  0.6060839375618765D-01
  0.6339095251781379D-01  0.6621329214183054D-01  0.6906606342991442D-01
  0.7193877277654716D-01  0.7481974353577851D-01  0.7769608562178545D-01
  0.8055367493604911D-01  0.8337714430621349D-01  0.8614988769976617D-01
  0.8885407953036593D-01  0.9147071090446313D-01  0.9397964465346267D-01
  0.9635969095368634D-01  0.9858870525191112D-01  0.1006437100762300D+00
  0.1025010421163173D+00  0.1041365256995445D+00  0.1055256735205332D+00
  0.1066439149718681D+00  0.1074668521456349D+00  0.1079705428622929D+00
  0.1081318096439211D+00  0.1079285728097037D+00  0.1073402051905102D+00
  0.1063479051944759D+00  0.1049350841554771D+00  0.1030877630743830D+00
  0.1007949730302546D+00  0.9804915271607277D-01  0.9484653576229896D-01
  0.9118751977560467D-01  0.8707700836631486D-01  0.8252471689544616D-01
  0.7754543227163516D-01  0.7215921690215817D-01  0.6639154688386172D-01
  0.6027337474223340D-01  0.5384110752195843D-01  0.4713649182952601D-01
  0.4020639855262616D-01  0.3310250145092623D-01  0.2588084563799066D-01
  0.1860130415300007D-01  0.1132692333823951D-01  0.4123160563365550D-02
 -0.2942979133115293D-02 -0.9803897547907892D-02 -0.1639243582469928D-01
 -0.2264296841652095D-01 -0.2849253885649822D-01 -0.3388201478837350D-01
 -0.3875723726474837D-01 -0.4307013739862190D-01 -0.4677979216471342D-01
 -0.4985339055481379D-01 -0.5226708146761706D-01 -0.5400667568019217D-01
 -0.5506817605960539D-01 -0.5545811288289842D-01 -0.5519366476184373D-01
 -0.5430255026684226D-01 -0.5282268087272293D-01 -0.5080157222532142D-01
 -0.4829551778436912D-01 -0.4536853638344282D-01 -0.4209111285007004D-01
 -0.3853875819633493D-01 -0.3479042266294682D-01 -0.3092680074068489D-01
 -0.2702857191433662D-01 -0.2317462405710010D-01 -0.1944030800915440D-01
 -0.1589577186140941D-01 -0.1260442182674320D-01 -0.9621553315629158D-02
 -0.6993191688531949D-02 -0.4755175955767782D-02 -0.2932512496203170D-02
 -0.1539017974336212D-02 -0.5772626802009529D-03 -0.3881681627989725D-04
  0.9520668289771320D-04 -0.1466716891222645D-03 -0.7273783143458684D-03
 -0.1602589938640362D-02 -0.2722219004468255D-02 -0.4032032517684554D-02
 -0.5475350763489814D-02 -0.6994768945911230D-02 -0.8533844171607496D-02
 -0.1003869241097536D-01 -0.1145944503010889D-01 -0.1275152169280689D-01
 -0.1387668500228480D-01 -0.1480385127237886D-01 -0.1550964065496912D-01
 -0.1597865837270410D-01 -0.1620350728507481D-01 -0.1618454079174860D-01
 -0.1592937421546950D-01 -0.1545218194253476D-01 -0.1477281587486677D-01
 -0.1391578842461768D-01 -0.1290916610522887D-01 -0.1178342401581863D-01
 -0.1057030831895242D-01 -0.9301751717291700D-02 -0.8008880229343832D-02
 -0.6721142028279993D-02 -0.5465580472237374D-02 -0.4266264432086620D-02
 -0.3143880396841427D-02 -0.2115483053856490D-02 -0.1194394510405076D-02
 -0.3902372492132919D-03  0.2909176219134433D-03  0.8463073262882178D-03
  0.1276160816857273D-02  0.1583329488052810D-02  0.1772884843011148D-02
  0.1851700925867262D-02  0.1828037094366404D-02  0.1711134286804039D-02
  0.1510835452593267D-02  0.1237238378581791D-02  0.9003868263434372D-03
  0.5100037835490692D-03  0.7526860715604938D-04 -0.3953618410738427D-03
 -0.8942895582585994D-03 -0.1414871976368598D-02 -0.1951482650035374D-02
 -0.2499540444580217D-02 -0.3055512418788320D-02 -0.3616895373641926D-02
 -0.4182181274109592D-02 -0.4750811405134002D-02 -0.5323123665488467D-02
 -0.5900297292585443D-02 -0.6484298658811539D-02 -0.7077832074932427D-02
 -0.7684299159872500D-02 -0.8307771439287456D-02 -0.8952981268431673D-02
 -0.9625338419638658D-02 -0.1033098243265487D-01 -0.1107688383493150D-01
 -0.1187101803181236D-01
  0.0000000000000000D+00 -0.6337380416461781D-11 -0.6992859871948312D-11
 -0.7716198579461230D-11 -0.8514421710524891D-11 -0.9395065505358092D-11
 -0.1036793636977608D-10 -0.1144192384008181D-10 -0.1262934128518588D-10
 -0.1394080711921533D-10 -0.1538986247684396D-10 -0.1699091831004491D-10
 -0.1875991990865152D-10 -0.2071460010261076D-10 -0.2287452843621859D-10
 -0.2526136036274910D-10 -0.2789906130566247D-10 -0.3081414541525395D-10
 -0.3403595386468514D-10 -0.3759695854441850D-10 -0.4153309868328889D-10
 -0.4588415500918629D-10 -0.5069416429605008D-10 -0.5601187919873318D-10
 -0.6189127839357122D-10 -0.6839213250815159D-10 -0.7558063205819149D-10
 -0.8353008426604218D-10 -0.9232168640730187D-10 -0.1020453841988643D-09
 -0.1128008246978140D-09 -0.1246984142486637D-09 -0.1378604932065664D-09
 -0.1524226404900417D-09 -0.1685351224939033D-09 -0.1863645025399462D-09
 -0.2060954288781298D-09 -0.2279326212968145D-09 -0.2521030786816684D-09
 -0.2788585324056888D-09 -0.3084781732677271D-09 -0.3412716828596540D-09
 -0.3775826037675154D-09 -0.4177920869451849D-09 -0.4623230589858064D-09
 -0.5116448569082368D-09 -0.5662783835352603D-09 -0.6268018426282163D-09
 -0.6938571197378564D-09 -0.7681568823108539D-09 -0.8504924810453841D-09
 -0.9417427439350422D-09 -0.1042883764960154D-08 -0.1154999801145577D-08
 -0.1279295404815739D-08 -0.1417108932510240D-08 -0.1569927588360017D-08
 -0.1739404177950284D-08 -0.1927375769036497D-08 -0.2135884478187414D-08
 -0.2367200627755560D-08 -0.2623848545861531D-08 -0.2908635313638572D-08
 -0.3224682799174615D-08 -0.3575463356906740D-08 -0.3964839615067084D-08
 -0.4397108822707466D-08 -0.4877052282417191D-08 -0.5409990455781538D-08
 -0.6001844396549244D-08 -0.6659204242323283D-08 -0.7389405580117098D-08
 -0.8200614595449426D-08 -0.9101923019842124D-08 -0.1010345400886171D-07
 -0.1121648021364742D-07 -0.1245355545467809D-07 -0.1382866156904962D-07
 -0.1535737218369843D-07 -0.1705703536891963D-07 -0.1894697735136087D-07
 -0.2104872971635746D-07 -0.2338628280856585D-07 -0.2598636835049396D-07
 -0.2887877464480774D-07 -0.3209669811122433D-07 -0.3567713533760254D-07
 -0.3966132030174699D-07 -0.4409521195065007D-07 -0.4903003791380813D-07
 -0.5452290078379443D-07 -0.6063745412481714D-07 -0.6744465618041213D-07
 -0.7502361015050653D-07 -0.8346250090647585D-07 -0.9285963912108950D-07
 -0.1033246250193217D-06 -0.1149796453194897D-06 -0.1279609184459031D-06
 -0.1424203047680921D-06 -0.1585271004772037D-06 -0.1764700357628936D-06
 -0.1964595002263305D-06 -0.2187300209766547D-06 -0.2435430216359827D-06
 -0.2711898935446351D-06 -0.3019954138453317D-06 -0.3363215488601689D-06
 -0.3745716852949659D-06 -0.4171953363417501D-06 -0.4646933747480122D-06
 -0.5176238504184338D-06 -0.5766084561547126D-06 -0.6423397117783831D-06
 -0.7155889441598956D-06 -0.7972151486652979D-06 -0.8881748262676191D-06
 -0.9895329001321430D-06 -0.1102474825956366D-05 -0.1228320021747062D-05
 -0.1368536755142014D-05 -0.1524758639949711D-05 -0.1698802908299787D-05
 -0.1892690640787087D-05 -0.2108669154328431D-05 -0.2349236766207981D-05
 -0.2617170173055572D-05 -0.2915554705344438D-05 -0.3247817741520838D-05
 -0.3617765591101309D-05 -0.4029624183132079D-05 -0.4488083925267998D-05
 -0.4998349129524971D-05 -0.5566192433415726D-05 -0.6198014679803796D-05
 -0.6900910755262359D-05 -0.7682741925078504D-05 -0.8552215243071476D-05
 -0.9518970656066241D-05 -0.1059367646597784D-04 -0.1178813385664326D-04
 -0.1311539123767686D-04 -0.1458986920310752D-04 -0.1622749694806551D-04
 -0.1804586103148209D-04 -0.2006436741612892D-04 -0.2230441775846329D-04
 -0.2478960095858847D-04 -0.2754590101364473D-04 -0.3060192224529621D-04
 -0.3398913299189423D-04 -0.3774212886593337D-04 -0.4189891667652338D-04
 -0.4650122010107943D-04 -0.5159480815892766D-04 -0.5722984748784540D-04
 -0.6346127934998230D-04 -0.7034922219237900D-04 -0.7795940045471599D-04
 -0.8636360014958012D-04 -0.9564015153207679D-04 -0.1058744389222374D-03
 -0.1171594374387078D-03 -0.1295962760401057D-03 -0.1432948258450480D-03
 -0.1583743122057624D-03 -0.1749639484384182D-03 -0.1932035884572579D-03
 -0.2132443948130053D-03 -0.2352495177940946D-03 -0.2593947803020988D-03
 -0.2858693621588629D-03 -0.3148764763325843D-03 -0.3466340282960214D-03
 -0.3813752483071759D-03 -0.4193492848949854D-03 -0.4608217461672266D-03
 -0.5060751738365434D-03 -0.5554094329772702D-03 -0.6091419985675278D-03
 -0.6676081178478469D-03 -0.7311608254336549D-03 -0.8001707859938189D-03
 -0.8750259371974683D-03 -0.9561309035547424D-03 -0.1043906149805310D-02
 -0.1138786840681589D-02 -0.1241221372283707D-02 -0.1351669539003374D-02
 -0.1470600299043492D-02 -0.1598489101185870D-02 -0.1735814735670846D-02
 -0.1883055673022428D-02 -0.2040685856463777D-02 -0.2209169916409872D-02
 -0.2388957779501160D-02 -0.2580478649860785D-02 -0.2784134346942737D-02
 -0.3000291992436957D-02 -0.3229276048490947D-02 -0.3471359720922314D-02
 -0.3726755754133822D-02 -0.3995606659082502D-02 -0.4277974434162729D-02
 -0.4573829852769167D-02 -0.4883041417407212D-02 -0.5205364094427185D-02
 -0.5540427971656782D-02 -0.5887727001240568D-02 -0.6246608014971165D-02
 -0.6616260223293940D-02 -0.6995705432635076D-02 -0.7383789238398752D-02
 -0.7779173471882508D-02 -0.8180330197772492D-02 -0.8585537573935887D-02
 -0.8992877895943082D-02 -0.9400238153995447D-02 -0.9805313428667629D-02
 -0.1020561344286848D-01 -0.1059847256942560D-01 -0.1098106356560420D-01
 -0.1135041526652953D-01 -0.1170343441790969D-01 -0.1203693176382195D-01
 -0.1234765242749272D-01 -0.1263231053158953D-01 -0.1288762790048030D-01
 -0.1311037657135966D-01 -0.1329742471613967D-01 -0.1344578545504480D-01
 -0.1355266786397252D-01 -0.1361552943079528D-01 -0.1363212899334850D-01
 -0.1360057916541782D-01 -0.1351939711666842D-01 -0.1338755251367224D-01
 -0.1320451139462953D-01 -0.1297027472863142D-01 -0.1268541042740095D-01
 -0.1235107761662669D-01 -0.1196904204519411D-01 -0.1154168160673210D-01
 -0.1107198107874543D-01 -0.1056351535538671D-01 -0.1002042066129615D-01
 -0.9447353496757831D-02 -0.8849437372058988D-02 -0.8232197736564702D-02
 -0.7601485882460846D-02 -0.6963392985753422D-02 -0.6324155817759306D-02
 -0.5690055997937433D-02 -0.5067314944507851D-02 -0.4461986897736372D-02
 -0.3879852531309209D-02 -0.3326315724673577D-02 -0.2806306043199428D-02
 -0.2324189369784791D-02 -0.1883688954331589D-02 -0.1487818892463647D-02
 -0.1138831812182638D-02 -0.8381821477410481D-03 -0.5865061027409425D-03
 -0.3836189714114368D-03 -0.2285301248380318D-03 -0.1194755498179748D-03
 -0.5396740556466991D-04 -0.2885962543071806D-04 -0.4042814098244221D-04
 -0.8446385333884464D-04 -0.1563760361528263D-03 -0.2513034495354004D-03
 -0.3642301065809394D-03 -0.4901024024216628D-03 -0.6239442270234293D-03
 -0.7609667653320891D-03 -0.8966699437531130D-03 -0.1026932881913880D-02
 -0.1148091193302438D-02 -0.1256999479502226D-02 -0.1351077830973206D-02
 -0.1428341574039893D-02 -0.1487413918460754D-02 -0.1527521606183774D-02
 -0.1548474167069169D-02 -0.1550627944827850D-02 -0.1534836611923423D-02
 -0.1502390499708744D-02 -0.1454947313795494D-02 -0.1394457323706214D-02
 -0.1323085990963761D-02 -0.1243137097339671D-02 -0.1156979126021769D-02
 -0.1066977291032133D-02 -0.9754331505710163D-03 -0.8845332119760485D-03
 -0.7963074029460958D-03 -0.7125977717587357D-03 -0.6350373227141723D-03
 -0.5650385101694757D-03 -0.5037906193453374D-03 -0.4522650552164835D-03
 -0.4112274396649512D-03 -0.3812553698528008D-03 -0.3627607057518948D-03
 -0.3560153193324631D-03 -0.3611793324343412D-03 -0.3783309914598776D-03
 -0.4074974566673757D-03 -0.4486859194053679D-03 -0.5019145940150528D-03
 -0.5672432763480143D-03 -0.6448032751186840D-03 -0.7348266738941480D-03
 -0.8376749806942491D-03 -0.9538673615830128D-03 -0.1084108841787896D-02
 -0.1229318744433051D-02 -0.1390660066196098D-02 -0.1569570159690531D-02
 -0.1767793441509646D-02 -0.1987416694875393D-02 -0.2230907487137298D-02
 -0.2501156264470445D-02 -0.2801522405409461D-02 -0.3135884546380516D-02
 -0.3508695062351312D-02 -0.3925038590500852D-02 -0.4390693929954572D-02
 -0.4912198564768369D-02 -0.5496914828238425D-02 -0.6153096048156523D-02
 -0.6889953790198872D-02
  0.0000000000000000D+00  0.1292367528861278D-10  0.1426044456970459D-10
  0.1573561091953421D-10  0.1736350262560391D-10  0.1915949043364070D-10
  0.2114357717343279D-10  0.2333389167087122D-10  0.2575555088138838D-10
  0.2843021006773851D-10  0.3138548833547715D-10  0.3465077882746196D-10
  0.3825860351207843D-10  0.4224513103865771D-10  0.4665027626787508D-10
  0.5151820867980555D-10  0.5689780956021164D-10  0.6284315889239689D-10
  0.6941410305783165D-10  0.7667687432415911D-10  0.8470477747212298D-10
  0.9357895301887837D-10  0.1033892228187190D-09  0.1142350280425193D-09
  0.1262264697770805D-09  0.1394854634261869D-09  0.1541470195981246D-09
  0.1703606655039729D-09  0.1882920224631485D-09  0.2081245568839292D-09
  0.2300615240348215D-09  0.2543281261025966D-09  0.2811739084598081D-09
  0.3108754207704178D-09  0.3437391725739872D-09  0.3801049163495872D-09
  0.4203492948031780D-09  0.4648898932964347D-09  0.5141897429875721D-09
  0.5687623254411439D-09  0.6291771352478447D-09  0.6960658636475209D-09
  0.7701292733372302D-09  0.8521448426714430D-09  0.9429752664093841D-09
  0.1043577910143658D-08  0.1155015326679608D-08  0.1278466955056199D-08
  0.1415242136757125D-08  0.1566794599121827D-08  0.1734738573221247D-08
  0.1920866732707447D-08  0.2127170161637419D-08  0.2355860583228979D-08
  0.2609395108274168D-08  0.2890503791767820D-08  0.3202220319648972D-08
  0.3547916184712117D-08  0.3931338752251081D-08  0.4356653662307219D-08
  0.4828492067059271D-08  0.5352003259588206D-08  0.5932913314620855D-08
  0.6577590433642477D-08  0.7293117766976505D-08  0.8087374574827410D-08
  0.8969126689124750D-08  0.9948127349320323D-08  0.1103522960958776D-07
  0.1224251165341404D-07  0.1358341650625826D-07  0.1507290780940841D-07
  0.1672764351048507D-07  0.1856616954072268D-07  0.2060913578821459D-07
  0.2287953694322072D-07  0.2540298108898484D-07  0.2820798924294502D-07
  0.3132632942282052D-07  0.3479338922373206D-07  0.3864859135129066D-07
  0.4293585706664990D-07  0.4770412306880040D-07  0.5300791797313154D-07
  0.5890800525121388D-07  0.6547210028209197D-07  0.7277567003970189D-07
  0.8090282491386427D-07  0.8994731324347921D-07  0.1000136303435405D-06
  0.1112182551468610D-06  0.1236910290649528D-06  0.1375766933249804D-06
  0.1530366028738889D-06  0.1702506369763020D-06  0.1894193288927799D-06
  0.2107662395321956D-06  0.2345406027517540D-06  0.2610202730606889D-06
  0.2905150098983642D-06  0.3233701364392874D-06  0.3599706150654281D-06
  0.4007455862775996D-06  0.4461734229405765D-06  0.4967873574206009D-06
  0.5531817454257557D-06  0.6160190372658188D-06  0.6860375348660209D-06
  0.7640600212662127D-06  0.8510033585905617D-06  0.9478891606605617D-06
  0.1055855657627913D-05  0.1176170882324297D-05  0.1310247321553413D-05
  0.1459658190394016D-05  0.1626155503860558D-05  0.1811690138082817D-05
  0.2018434092649700D-05  0.2248805187117443D-05  0.2505494447905645D-05
  0.2791496467152277D-05  0.3110143042726951D-05  0.3465140438608154D-05
  0.3860610637424187D-05  0.4301136992276071D-05  0.4791814723186518D-05
  0.5338306744815977D-05  0.5946905356609084D-05  0.6624600374422280D-05
  0.7379154334137738D-05  0.8219185452807633D-05  0.9154259091759107D-05
  0.1019498852871602D-04  0.1135314591259583D-04  0.1264178434506089D-04
  0.1407537210721313D-04  0.1566994012779539D-04  0.1744324387087388D-04
  0.1941494090567085D-04  0.2160678550898358D-04  0.2404284174055804D-04
  0.2674971652349186D-04  0.2975681435434838D-04  0.3309661535992174D-04
  0.3680497850873734D-04  0.4092147187300903D-04  0.4548973192057504D-04
  0.5055785389271397D-04  0.5617881539073345D-04  0.6241093534920863D-04
  0.6931837061376989D-04  0.7697165236094531D-04  0.8544826459500662D-04
  0.9483326692410849D-04  0.1052199637527286D-03  0.1167106219208636D-03
  0.1294172386673110D-03  0.1434623615863317D-03  0.1589799619753550D-03
  0.1761163626283284D-03  0.1950312207027194D-03  0.2158985657695013D-03
  0.2389078925317740D-03  0.2642653069567908D-03  0.2921947236967909D-03
  0.3229391116603457D-03  0.3567617834272373D-03  0.3939477228586469D-03
  0.4348049437323675D-03  0.4796658705092288D-03  0.5288887304063090D-03
  0.5828589438003839D-03  0.6419904975941706D-03  0.7067272835814382D-03
  0.7775443809406751D-03  0.8549492589140167D-03  0.9394828723274685D-03
  0.1031720619104341D-02  0.1132273125077041D-02  0.1241786817418226D-02
  0.1360944243887098D-02  0.1490464090814932D-02  0.1631100848443458D-02
  0.1783644067915432D-02  0.1948917150007161D-02  0.2127775601684287D-02
  0.2321104692842310D-02  0.2529816442388538D-02  0.2754845860178007D-02
  0.2997146369546735D-02  0.3257684334388932D-02  0.3537432615225565D-02
  0.3837363080701287D-02  0.4158438004704878D-02  0.4501600285158086D-02
  0.4867762428671936D-02  0.5257794255993876D-02  0.5672509296863595D-02
  0.6112649859466524D-02  0.6578870779767943D-02  0.7071721879313761D-02
  0.7591629186795179D-02  0.8138875008624579D-02  0.8713576971517541D-02
  0.9315666188639091D-02  0.9944864754070063D-02  0.1060066279944001D-01
  0.1128229540415208D-01  0.1198871969147658D-01  0.1271859249379440D-01
  0.1347024901894435D-01  0.1424168299755164D-01  0.1503052883732456D-01
  0.1583404635291858D-01  0.1664910867730323D-01  0.1747219399113364D-01
  0.1829938172812874D-01  0.1912635392495948D-01  0.1994840238102816D-01
  0.2076044227481030D-01  0.2155703284612918D-01  0.2233240569592173D-01
  0.2308050117400768D-01  0.2379501321961073D-01  0.2446944288679471D-01
  0.2509716062726770D-01  0.2567147721603647D-01  0.2618572299204847D-01
  0.2663333484981649D-01  0.2700795016216343D-01  0.2730350656697100D-01
  0.2751434618574171D-01  0.2763532274541016D-01  0.2766190962153768D-01
  0.2759030676663137D-01  0.2741754420164846D-01  0.2714157962909459D-01
  0.2676138765632543D-01  0.2627703807421813D-01  0.2568976067227840D-01
  0.2500199415290683D-01  0.2421741685447411D-01  0.2334095719142298D-01
  0.2237878198947536D-01  0.2133826124557886D-01  0.2022790827724173D-01
  0.1905729476554166D-01  0.1783694082765607D-01  0.1657818096676760D-01
  0.1529300751419536D-01  0.1399389396100852D-01  0.1269360133392445D-01
  0.1140497145954180D-01  0.1014071154350046D-01  0.8913174935998597D-02
  0.7734143240672241D-02  0.6614615039511348D-02  0.5564606451768570D-02
  0.4592968532270050D-02  0.3707226151279040D-02  0.2913442477080881D-02
  0.2216112702419418D-02  0.1618089843238944D-02  0.1120544864665225D-02
  0.7229625053127844D-03  0.4231734249085526D-03  0.2174224390915206D-03
  0.1004717349052870D-03  0.6573705679045165D-04  0.1054539239205420D-03
  0.2108700048153801D-03  0.3724588648935038D-03  0.5801494663813247D-03
  0.8235651046406662D-03  0.1092264990572270D-02  0.1375981511824160D-02
  0.1664846383599838D-02  0.1949599434568591D-02  0.2221774603925208D-02
  0.2473858725803114D-02  0.2699419705441559D-02  0.2893201647373497D-02
  0.3051185364987582D-02  0.3170613548179051D-02  0.3249980783831187D-02
  0.3288989669732068D-02  0.3288475420989469D-02  0.3250302523650581D-02
  0.3177238258325115D-02  0.3072808416642286D-02  0.2941141623088976D-02
  0.2786808404411999D-02  0.2614661357871099D-02  0.2429682122786642D-02
  0.2236840116406423D-02  0.2040967039505864D-02  0.1846650059521855D-02
  0.1658145471977555D-02  0.1479313578415914D-02  0.1313574572299867D-02
  0.1163884431041569D-02  0.1032729201576390D-02  0.9221356396994742D-03
  0.8336959142567176D-03  0.7686039913880724D-03  0.7277013469290802D-03
  0.7115297902568035D-03  0.7203893797716690D-03  0.7543996614453081D-03
  0.8135627303135461D-03  0.8978268951420039D-03  0.1007150002311596D-02
  0.1141561774456481D-02  0.1301224757428417D-02  0.1486493782439379D-02
  0.1697974059587534D-02  0.1936578309955751D-02  0.2203583733792537D-02
  0.2500689393564404D-02  0.2830075473248346D-02  0.3194465220688010D-02
  0.3597191102070421D-02  0.4042266410724900D-02  0.4534463492187880D-02
  0.5079399857461806D-02  0.5683632915271159D-02  0.6354764155026473D-02
  0.7101552783663360D-02  0.7934038883340501D-02  0.8863675094435499D-02
  0.9903465727213004D-02  0.1106811182037131D-01  0.1237415938558754D-01
  0.1384015376963119D-01
