   0   0   0  72  GM
   4   0   0  72  SM
  -4   0   0  72  SM
   8   0   0  72  SM
  -8   0   0  72  SM
  12   0   0  72  SM
 -12   0   0  72  SM
  16   0   0  72  SM
 -16   0   0  72  SM
  20   0   0  72  SM
 -20   0   0  72  SM
  24   0   0  72  SM
 -24   0   0  72  SM
  28   0   0  72  SM
 -28   0   0  72  SM
  32   0   0  72  SM
 -32   0   0  72  SM
  36   0   0  72  M 
   0   4   0  72  SM
   0  -4   0  72  SM
   4   4   0  72  T 
  -4  -4   0  72  T 
   8   4   0  72  ZP
  -8  -4   0  72  ZP
  12   4   0  72  ZP
 -12  -4   0  72  ZP
  16   4   0  72  ZP
 -16  -4   0  72  ZP
  20   4   0  72  ZP
 -20  -4   0  72  ZP
  24   4   0  72  ZP
 -24  -4   0  72  ZP
  28   4   0  72  ZP
 -28  -4   0  72  ZP
  32   4   0  72  ZP
 -32  -4   0  72  ZP
   0   8   0  72  SM
   0  -8   0  72  SM
   4   8   0  72  ZP
  -4  -8   0  72  ZP
   8   8   0  72  T 
  -8  -8   0  72  T 
  12   8   0  72  ZP
 -12  -8   0  72  ZP
  16   8   0  72  ZP
 -16  -8   0  72  ZP
  20   8   0  72  ZP
 -20  -8   0  72  ZP
  24   8   0  72  ZP
 -24  -8   0  72  ZP
  28   8   0  72  ZP
 -28  -8   0  72  ZP
  32   8   0  72  TP
 -32  -8   0  72  TP
   0  12   0  72  SM
   0 -12   0  72  SM
   4  12   0  72  ZP
  -4 -12   0  72  ZP
   8  12   0  72  ZP
  -8 -12   0  72  ZP
  12  12   0  72  T 
 -12 -12   0  72  T 
  16  12   0  72  ZP
 -16 -12   0  72  ZP
  20  12   0  72  ZP
 -20 -12   0  72  ZP
  24  12   0  72  ZP
 -24 -12   0  72  ZP
  28  12   0  72  ZP
 -28 -12   0  72  ZP
   0  16   0  72  SM
   0 -16   0  72  SM
   4  16   0  72  ZP
  -4 -16   0  72  ZP
   8  16   0  72  ZP
  -8 -16   0  72  ZP
  12  16   0  72  ZP
 -12 -16   0  72  ZP
  16  16   0  72  T 
 -16 -16   0  72  T 
  20  16   0  72  ZP
 -20 -16   0  72  ZP
  24  16   0  72  ZP
 -24 -16   0  72  ZP
  28  16   0  72  TP
 -28 -16   0  72  TP
   0  20   0  72  SM
   0 -20   0  72  SM
   4  20   0  72  ZP
  -4 -20   0  72  ZP
   8  20   0  72  ZP
  -8 -20   0  72  ZP
  12  20   0  72  ZP
 -12 -20   0  72  ZP
  16  20   0  72  ZP
 -16 -20   0  72  ZP
  20  20   0  72  T 
 -20 -20   0  72  T 
  24  20   0  72  ZP
 -24 -20   0  72  ZP
   0  24   0  72  SM
   0 -24   0  72  SM
   4  24   0  72  ZP
  -4 -24   0  72  ZP
   8  24   0  72  ZP
  -8 -24   0  72  ZP
  12  24   0  72  ZP
 -12 -24   0  72  ZP
  16  24   0  72  ZP
 -16 -24   0  72  ZP
  20  24   0  72  ZP
 -20 -24   0  72  ZP
  24  24   0  72  K 
 -24 -24   0  72  K 
   0  28   0  72  SM
   0 -28   0  72  SM
   4  28   0  72  ZP
  -4 -28   0  72  ZP
   8  28   0  72  ZP
  -8 -28   0  72  ZP
  12  28   0  72  ZP
 -12 -28   0  72  ZP
  16  28   0  72  TP
 -16 -28   0  72  TP
   0  32   0  72  SM
   0 -32   0  72  SM
   4  32   0  72  ZP
  -4 -32   0  72  ZP
   8  32   0  72  TP
  -8 -32   0  72  TP
   0  36   0  72  M 
   0   0   3  72  LD
   0   0  -3  72  LD
   4   0  -3  72  YP
  -4   0   3  72  YP
   8   0   3  72  YP
  -8   0  -3  72  YP
  12   0  -3  72  YP
 -12   0   3  72  YP
  16   0   3  72  YP
 -16   0  -3  72  YP
  20   0  -3  72  YP
 -20   0   3  72  YP
  24   0   3  72  YP
 -24   0  -3  72  YP
  28   0  -3  72  YP
 -28   0   3  72  YP
  32   0   3  72  YP
 -32   0  -3  72  YP
  36   0  -3  72  U 
 -36   0   3  72  U 
   0   4   3  72  YP
   0  -4  -3  72  YP
   4   4  -3  72  XY
  -4  -4   3  72  XY
   8   4   3  72  GN
  -8  -4  -3  72  GN
  12   4  -3  72  GN
 -12  -4   3  72  GN
  16   4   3  72  GN
 -16  -4  -3  72  GN
  20   4  -3  72  GN
 -20  -4   3  72  GN
  24   4   3  72  GN
 -24  -4  -3  72  GN
  28   4  -3  72  GN
 -28  -4   3  72  GN
  32   4   3  72  GN
 -32  -4  -3  72  GN
   0   8  -3  72  YP
   0  -8   3  72  YP
   4   8   3  72  GN
  -4  -8  -3  72  GN
   8   8  -3  72  XY
  -8  -8   3  72  XY
  12   8   3  72  GN
 -12  -8  -3  72  GN
  16   8  -3  72  GN
 -16  -8   3  72  GN
  20   8   3  72  GN
 -20  -8  -3  72  GN
  24   8  -3  72  GN
 -24  -8   3  72  GN
  28   8   3  72  GN
 -28  -8  -3  72  GN
  32   8  -3  72  XB
 -32  -8   3  72  XB
   0  12   3  72  YP
   0 -12  -3  72  YP
   4  12  -3  72  GN
  -4 -12   3  72  GN
   8  12   3  72  GN
  -8 -12  -3  72  GN
  12  12  -3  72  XY
 -12 -12   3  72  XY
  16  12   3  72  GN
 -16 -12  -3  72  GN
  20  12  -3  72  GN
 -20 -12   3  72  GN
  24  12   3  72  GN
 -24 -12  -3  72  GN
  28  12  -3  72  GN
 -28 -12   3  72  GN
   0  16   3  72  YP
   0 -16  -3  72  YP
   4  16  -3  72  GN
  -4 -16   3  72  GN
   8  16   3  72  GN
  -8 -16  -3  72  GN
  12  16  -3  72  GN
 -12 -16   3  72  GN
  16  16   3  72  XY
 -16 -16  -3  72  XY
  20  16  -3  72  GN
 -20 -16   3  72  GN
  24  16   3  72  GN
 -24 -16  -3  72  GN
  28  16  -3  72  XB
 -28 -16   3  72  XB
   0  20   3  72  YP
   0 -20  -3  72  YP
   4  20  -3  72  GN
  -4 -20   3  72  GN
   8  20   3  72  GN
  -8 -20  -3  72  GN
  12  20  -3  72  GN
 -12 -20   3  72  GN
  16  20   3  72  GN
 -16 -20  -3  72  GN
  20  20  -3  72  XY
 -20 -20   3  72  XY
  24  20   3  72  GN
 -24 -20  -3  72  GN
   0  24  -3  72  YP
   0 -24   3  72  YP
   4  24   3  72  GN
  -4 -24  -3  72  GN
   8  24  -3  72  GN
  -8 -24   3  72  GN
  12  24   3  72  GN
 -12 -24  -3  72  GN
  16  24  -3  72  GN
 -16 -24   3  72  GN
  20  24   3  72  GN
 -20 -24  -3  72  GN
  24  24  -3  72  P 
 -24 -24   3  72  P 
   0  28   3  72  YP
   0 -28  -3  72  YP
   4  28  -3  72  GN
  -4 -28   3  72  GN
   8  28   3  72  GN
  -8 -28  -3  72  GN
  12  28  -3  72  GN
 -12 -28   3  72  GN
  16  28   3  72  XB
 -16 -28  -3  72  XB
   0  32  -3  72  YP
   0 -32   3  72  YP
   4  32   3  72  GN
  -4 -32  -3  72  GN
   8  32  -3  72  XB
  -8 -32   3  72  XB
   0  36   3  72  U 
   0 -36  -3  72  U 
   0   0   6  72  LD
   0   0  -6  72  LD
   4   0  -6  72  YP
  -4   0   6  72  YP
   8   0   6  72  YP
  -8   0  -6  72  YP
  12   0  -6  72  YP
 -12   0   6  72  YP
  16   0   6  72  YP
 -16   0  -6  72  YP
  20   0  -6  72  YP
 -20   0   6  72  YP
  24   0   6  72  YP
 -24   0  -6  72  YP
  28   0  -6  72  YP
 -28   0   6  72  YP
  32   0   6  72  YP
 -32   0  -6  72  YP
  36   0  -6  72  U 
 -36   0   6  72  U 
   0   4   6  72  YP
   0  -4  -6  72  YP
   4   4  -6  72  XY
  -4  -4   6  72  XY
   8   4   6  72  GN
  -8  -4  -6  72  GN
  12   4  -6  72  GN
 -12  -4   6  72  GN
  16   4   6  72  GN
 -16  -4  -6  72  GN
  20   4  -6  72  GN
 -20  -4   6  72  GN
  24   4   6  72  GN
 -24  -4  -6  72  GN
  28   4  -6  72  GN
 -28  -4   6  72  GN
  32   4   6  72  GN
 -32  -4  -6  72  GN
   0   8  -6  72  YP
   0  -8   6  72  YP
   4   8   6  72  GN
  -4  -8  -6  72  GN
   8   8  -6  72  XY
  -8  -8   6  72  XY
  12   8   6  72  GN
 -12  -8  -6  72  GN
  16   8  -6  72  GN
 -16  -8   6  72  GN
  20   8   6  72  GN
 -20  -8  -6  72  GN
  24   8  -6  72  GN
 -24  -8   6  72  GN
  28   8   6  72  GN
 -28  -8  -6  72  GN
  32   8  -6  72  XB
 -32  -8   6  72  XB
   0  12   6  72  YP
   0 -12  -6  72  YP
   4  12  -6  72  GN
  -4 -12   6  72  GN
   8  12   6  72  GN
  -8 -12  -6  72  GN
  12  12  -6  72  XY
 -12 -12   6  72  XY
  16  12   6  72  GN
 -16 -12  -6  72  GN
  20  12  -6  72  GN
 -20 -12   6  72  GN
  24  12   6  72  GN
 -24 -12  -6  72  GN
  28  12  -6  72  GN
 -28 -12   6  72  GN
   0  16   6  72  YP
   0 -16  -6  72  YP
   4  16  -6  72  GN
  -4 -16   6  72  GN
   8  16   6  72  GN
  -8 -16  -6  72  GN
  12  16  -6  72  GN
 -12 -16   6  72  GN
  16  16   6  72  XY
 -16 -16  -6  72  XY
  20  16  -6  72  GN
 -20 -16   6  72  GN
  24  16   6  72  GN
 -24 -16  -6  72  GN
  28  16  -6  72  XB
 -28 -16   6  72  XB
   0  20   6  72  YP
   0 -20  -6  72  YP
   4  20  -6  72  GN
  -4 -20   6  72  GN
   8  20   6  72  GN
  -8 -20  -6  72  GN
  12  20  -6  72  GN
 -12 -20   6  72  GN
  16  20   6  72  GN
 -16 -20  -6  72  GN
  20  20  -6  72  XY
 -20 -20   6  72  XY
  24  20   6  72  GN
 -24 -20  -6  72  GN
   0  24  -6  72  YP
   0 -24   6  72  YP
   4  24   6  72  GN
  -4 -24  -6  72  GN
   8  24  -6  72  GN
  -8 -24   6  72  GN
  12  24   6  72  GN
 -12 -24  -6  72  GN
  16  24  -6  72  GN
 -16 -24   6  72  GN
  20  24   6  72  GN
 -20 -24  -6  72  GN
  24  24  -6  72  P 
 -24 -24   6  72  P 
   0  28   6  72  YP
   0 -28  -6  72  YP
   4  28  -6  72  GN
  -4 -28   6  72  GN
   8  28   6  72  GN
  -8 -28  -6  72  GN
  12  28  -6  72  GN
 -12 -28   6  72  GN
  16  28   6  72  XB
 -16 -28  -6  72  XB
   0  32  -6  72  YP
   0 -32   6  72  YP
   4  32   6  72  GN
  -4 -32  -6  72  GN
   8  32  -6  72  XB
  -8 -32   6  72  XB
   0  36   6  72  U 
   0 -36  -6  72  U 
   0   0   9  72  LD
   0   0  -9  72  LD
   4   0  -9  72  YP
  -4   0   9  72  YP
   8   0   9  72  YP
  -8   0  -9  72  YP
  12   0  -9  72  YP
 -12   0   9  72  YP
  16   0   9  72  YP
 -16   0  -9  72  YP
  20   0  -9  72  YP
 -20   0   9  72  YP
  24   0   9  72  YP
 -24   0  -9  72  YP
  28   0  -9  72  YP
 -28   0   9  72  YP
  32   0   9  72  YP
 -32   0  -9  72  YP
  36   0  -9  72  U 
 -36   0   9  72  U 
   0   4   9  72  YP
   0  -4  -9  72  YP
   4   4  -9  72  XY
  -4  -4   9  72  XY
   8   4   9  72  GN
  -8  -4  -9  72  GN
  12   4  -9  72  GN
 -12  -4   9  72  GN
  16   4   9  72  GN
 -16  -4  -9  72  GN
  20   4  -9  72  GN
 -20  -4   9  72  GN
  24   4   9  72  GN
 -24  -4  -9  72  GN
  28   4  -9  72  GN
 -28  -4   9  72  GN
  32   4   9  72  GN
 -32  -4  -9  72  GN
   0   8  -9  72  YP
   0  -8   9  72  YP
   4   8   9  72  GN
  -4  -8  -9  72  GN
   8   8  -9  72  XY
  -8  -8   9  72  XY
  12   8   9  72  GN
 -12  -8  -9  72  GN
  16   8  -9  72  GN
 -16  -8   9  72  GN
  20   8   9  72  GN
 -20  -8  -9  72  GN
  24   8  -9  72  GN
 -24  -8   9  72  GN
  28   8   9  72  GN
 -28  -8  -9  72  GN
  32   8  -9  72  XB
 -32  -8   9  72  XB
   0  12   9  72  YP
   0 -12  -9  72  YP
   4  12  -9  72  GN
  -4 -12   9  72  GN
   8  12   9  72  GN
  -8 -12  -9  72  GN
  12  12  -9  72  XY
 -12 -12   9  72  XY
  16  12   9  72  GN
 -16 -12  -9  72  GN
  20  12  -9  72  GN
 -20 -12   9  72  GN
  24  12   9  72  GN
 -24 -12  -9  72  GN
  28  12  -9  72  GN
 -28 -12   9  72  GN
   0  16   9  72  YP
   0 -16  -9  72  YP
   4  16  -9  72  GN
  -4 -16   9  72  GN
   8  16   9  72  GN
  -8 -16  -9  72  GN
  12  16  -9  72  GN
 -12 -16   9  72  GN
  16  16   9  72  XY
 -16 -16  -9  72  XY
  20  16  -9  72  GN
 -20 -16   9  72  GN
  24  16   9  72  GN
 -24 -16  -9  72  GN
  28  16  -9  72  XB
 -28 -16   9  72  XB
   0  20   9  72  YP
   0 -20  -9  72  YP
   4  20  -9  72  GN
  -4 -20   9  72  GN
   8  20   9  72  GN
  -8 -20  -9  72  GN
  12  20  -9  72  GN
 -12 -20   9  72  GN
  16  20   9  72  GN
 -16 -20  -9  72  GN
  20  20  -9  72  XY
 -20 -20   9  72  XY
  24  20   9  72  GN
 -24 -20  -9  72  GN
   0  24  -9  72  YP
   0 -24   9  72  YP
   4  24   9  72  GN
  -4 -24  -9  72  GN
   8  24  -9  72  GN
  -8 -24   9  72  GN
  12  24   9  72  GN
 -12 -24  -9  72  GN
  16  24  -9  72  GN
 -16 -24   9  72  GN
  20  24   9  72  GN
 -20 -24  -9  72  GN
  24  24  -9  72  P 
 -24 -24   9  72  P 
   0  28   9  72  YP
   0 -28  -9  72  YP
   4  28  -9  72  GN
  -4 -28   9  72  GN
   8  28   9  72  GN
  -8 -28  -9  72  GN
  12  28  -9  72  GN
 -12 -28   9  72  GN
  16  28   9  72  XB
 -16 -28  -9  72  XB
   0  32  -9  72  YP
   0 -32   9  72  YP
   4  32   9  72  GN
  -4 -32  -9  72  GN
   8  32  -9  72  XB
  -8 -32   9  72  XB
   0  36   9  72  U 
   0 -36  -9  72  U 
   0   0  12  72  LD
   0   0 -12  72  LD
   4   0 -12  72  YP
  -4   0  12  72  YP
   8   0  12  72  YP
  -8   0 -12  72  YP
  12   0 -12  72  YP
 -12   0  12  72  YP
  16   0  12  72  YP
 -16   0 -12  72  YP
  20   0 -12  72  YP
 -20   0  12  72  YP
  24   0  12  72  YP
 -24   0 -12  72  YP
  28   0 -12  72  YP
 -28   0  12  72  YP
  32   0  12  72  YP
 -32   0 -12  72  YP
  36   0 -12  72  U 
 -36   0  12  72  U 
   0   4  12  72  YP
   0  -4 -12  72  YP
   4   4 -12  72  XY
  -4  -4  12  72  XY
   8   4  12  72  GN
  -8  -4 -12  72  GN
  12   4 -12  72  GN
 -12  -4  12  72  GN
  16   4  12  72  GN
 -16  -4 -12  72  GN
  20   4 -12  72  GN
 -20  -4  12  72  GN
  24   4  12  72  GN
 -24  -4 -12  72  GN
  28   4 -12  72  GN
 -28  -4  12  72  GN
  32   4  12  72  GN
 -32  -4 -12  72  GN
   0   8 -12  72  YP
   0  -8  12  72  YP
   4   8  12  72  GN
  -4  -8 -12  72  GN
   8   8 -12  72  XY
  -8  -8  12  72  XY
  12   8  12  72  GN
 -12  -8 -12  72  GN
  16   8 -12  72  GN
 -16  -8  12  72  GN
  20   8  12  72  GN
 -20  -8 -12  72  GN
  24   8 -12  72  GN
 -24  -8  12  72  GN
  28   8  12  72  GN
 -28  -8 -12  72  GN
  32   8 -12  72  XB
 -32  -8  12  72  XB
   0  12  12  72  YP
   0 -12 -12  72  YP
   4  12 -12  72  GN
  -4 -12  12  72  GN
   8  12  12  72  GN
  -8 -12 -12  72  GN
  12  12 -12  72  XY
 -12 -12  12  72  XY
  16  12  12  72  GN
 -16 -12 -12  72  GN
  20  12 -12  72  GN
 -20 -12  12  72  GN
  24  12  12  72  GN
 -24 -12 -12  72  GN
  28  12 -12  72  GN
 -28 -12  12  72  GN
   0  16  12  72  YP
   0 -16 -12  72  YP
   4  16 -12  72  GN
  -4 -16  12  72  GN
   8  16  12  72  GN
  -8 -16 -12  72  GN
  12  16 -12  72  GN
 -12 -16  12  72  GN
  16  16  12  72  XY
 -16 -16 -12  72  XY
  20  16 -12  72  GN
 -20 -16  12  72  GN
  24  16  12  72  GN
 -24 -16 -12  72  GN
  28  16 -12  72  XB
 -28 -16  12  72  XB
   0  20  12  72  YP
   0 -20 -12  72  YP
   4  20 -12  72  GN
  -4 -20  12  72  GN
   8  20  12  72  GN
  -8 -20 -12  72  GN
  12  20 -12  72  GN
 -12 -20  12  72  GN
  16  20  12  72  GN
 -16 -20 -12  72  GN
  20  20 -12  72  XY
 -20 -20  12  72  XY
  24  20  12  72  GN
 -24 -20 -12  72  GN
   0  24 -12  72  YP
   0 -24  12  72  YP
   4  24  12  72  GN
  -4 -24 -12  72  GN
   8  24 -12  72  GN
  -8 -24  12  72  GN
  12  24  12  72  GN
 -12 -24 -12  72  GN
  16  24 -12  72  GN
 -16 -24  12  72  GN
  20  24  12  72  GN
 -20 -24 -12  72  GN
  24  24 -12  72  P 
 -24 -24  12  72  P 
   0  28  12  72  YP
   0 -28 -12  72  YP
   4  28 -12  72  GN
  -4 -28  12  72  GN
   8  28  12  72  GN
  -8 -28 -12  72  GN
  12  28 -12  72  GN
 -12 -28  12  72  GN
  16  28  12  72  XB
 -16 -28 -12  72  XB
   0  32 -12  72  YP
   0 -32  12  72  YP
   4  32  12  72  GN
  -4 -32 -12  72  GN
   8  32 -12  72  XB
  -8 -32  12  72  XB
   0  36  12  72  U 
   0 -36 -12  72  U 
   0   0  15  72  LD
   0   0 -15  72  LD
   4   0 -15  72  YP
  -4   0  15  72  YP
   8   0  15  72  YP
  -8   0 -15  72  YP
  12   0 -15  72  YP
 -12   0  15  72  YP
  16   0  15  72  YP
 -16   0 -15  72  YP
  20   0 -15  72  YP
 -20   0  15  72  YP
  24   0  15  72  YP
 -24   0 -15  72  YP
  28   0 -15  72  YP
 -28   0  15  72  YP
  32   0  15  72  YP
 -32   0 -15  72  YP
  36   0 -15  72  U 
 -36   0  15  72  U 
   0   4  15  72  YP
   0  -4 -15  72  YP
   4   4 -15  72  XY
  -4  -4  15  72  XY
   8   4  15  72  GN
  -8  -4 -15  72  GN
  12   4 -15  72  GN
 -12  -4  15  72  GN
  16   4  15  72  GN
 -16  -4 -15  72  GN
  20   4 -15  72  GN
 -20  -4  15  72  GN
  24   4  15  72  GN
 -24  -4 -15  72  GN
  28   4 -15  72  GN
 -28  -4  15  72  GN
  32   4  15  72  GN
 -32  -4 -15  72  GN
   0   8 -15  72  YP
   0  -8  15  72  YP
   4   8  15  72  GN
  -4  -8 -15  72  GN
   8   8 -15  72  XY
  -8  -8  15  72  XY
  12   8  15  72  GN
 -12  -8 -15  72  GN
  16   8 -15  72  GN
 -16  -8  15  72  GN
  20   8  15  72  GN
 -20  -8 -15  72  GN
  24   8 -15  72  GN
 -24  -8  15  72  GN
  28   8  15  72  GN
 -28  -8 -15  72  GN
  32   8 -15  72  XB
 -32  -8  15  72  XB
   0  12  15  72  YP
   0 -12 -15  72  YP
   4  12 -15  72  GN
  -4 -12  15  72  GN
   8  12  15  72  GN
  -8 -12 -15  72  GN
  12  12 -15  72  XY
 -12 -12  15  72  XY
  16  12  15  72  GN
 -16 -12 -15  72  GN
  20  12 -15  72  GN
 -20 -12  15  72  GN
  24  12  15  72  GN
 -24 -12 -15  72  GN
  28  12 -15  72  GN
 -28 -12  15  72  GN
   0  16  15  72  YP
   0 -16 -15  72  YP
   4  16 -15  72  GN
  -4 -16  15  72  GN
   8  16  15  72  GN
  -8 -16 -15  72  GN
  12  16 -15  72  GN
 -12 -16  15  72  GN
  16  16  15  72  XY
 -16 -16 -15  72  XY
  20  16 -15  72  GN
 -20 -16  15  72  GN
  24  16  15  72  GN
 -24 -16 -15  72  GN
  28  16 -15  72  XB
 -28 -16  15  72  XB
   0  20  15  72  YP
   0 -20 -15  72  YP
   4  20 -15  72  GN
  -4 -20  15  72  GN
   8  20  15  72  GN
  -8 -20 -15  72  GN
  12  20 -15  72  GN
 -12 -20  15  72  GN
  16  20  15  72  GN
 -16 -20 -15  72  GN
  20  20 -15  72  XY
 -20 -20  15  72  XY
  24  20  15  72  GN
 -24 -20 -15  72  GN
   0  24 -15  72  YP
   0 -24  15  72  YP
   4  24  15  72  GN
  -4 -24 -15  72  GN
   8  24 -15  72  GN
  -8 -24  15  72  GN
  12  24  15  72  GN
 -12 -24 -15  72  GN
  16  24 -15  72  GN
 -16 -24  15  72  GN
  20  24  15  72  GN
 -20 -24 -15  72  GN
  24  24 -15  72  P 
 -24 -24  15  72  P 
   0  28  15  72  YP
   0 -28 -15  72  YP
   4  28 -15  72  GN
  -4 -28  15  72  GN
   8  28  15  72  GN
  -8 -28 -15  72  GN
  12  28 -15  72  GN
 -12 -28  15  72  GN
  16  28  15  72  XB
 -16 -28 -15  72  XB
   0  32 -15  72  YP
   0 -32  15  72  YP
   4  32  15  72  GN
  -4 -32 -15  72  GN
   8  32 -15  72  XB
  -8 -32  15  72  XB
   0  36  15  72  U 
   0 -36 -15  72  U 
   0   0  18  72  LD
   0   0 -18  72  LD
   4   0 -18  72  YP
  -4   0  18  72  YP
   8   0  18  72  YP
  -8   0 -18  72  YP
  12   0 -18  72  YP
 -12   0  18  72  YP
  16   0  18  72  YP
 -16   0 -18  72  YP
  20   0 -18  72  YP
 -20   0  18  72  YP
  24   0  18  72  YP
 -24   0 -18  72  YP
  28   0 -18  72  YP
 -28   0  18  72  YP
  32   0  18  72  YP
 -32   0 -18  72  YP
  36   0 -18  72  U 
 -36   0  18  72  U 
   0   4  18  72  YP
   0  -4 -18  72  YP
   4   4 -18  72  XY
  -4  -4  18  72  XY
   8   4  18  72  GN
  -8  -4 -18  72  GN
  12   4 -18  72  GN
 -12  -4  18  72  GN
  16   4  18  72  GN
 -16  -4 -18  72  GN
  20   4 -18  72  GN
 -20  -4  18  72  GN
  24   4  18  72  GN
 -24  -4 -18  72  GN
  28   4 -18  72  GN
 -28  -4  18  72  GN
  32   4  18  72  GN
 -32  -4 -18  72  GN
   0   8 -18  72  YP
   0  -8  18  72  YP
   4   8  18  72  GN
  -4  -8 -18  72  GN
   8   8 -18  72  XY
  -8  -8  18  72  XY
  12   8  18  72  GN
 -12  -8 -18  72  GN
  16   8 -18  72  GN
 -16  -8  18  72  GN
  20   8  18  72  GN
 -20  -8 -18  72  GN
  24   8 -18  72  GN
 -24  -8  18  72  GN
  28   8  18  72  GN
 -28  -8 -18  72  GN
  32   8 -18  72  XB
 -32  -8  18  72  XB
   0  12  18  72  YP
   0 -12 -18  72  YP
   4  12 -18  72  GN
  -4 -12  18  72  GN
   8  12  18  72  GN
  -8 -12 -18  72  GN
  12  12 -18  72  XY
 -12 -12  18  72  XY
  16  12  18  72  GN
 -16 -12 -18  72  GN
  20  12 -18  72  GN
 -20 -12  18  72  GN
  24  12  18  72  GN
 -24 -12 -18  72  GN
  28  12 -18  72  GN
 -28 -12  18  72  GN
   0  16  18  72  YP
   0 -16 -18  72  YP
   4  16 -18  72  GN
  -4 -16  18  72  GN
   8  16  18  72  GN
  -8 -16 -18  72  GN
  12  16 -18  72  GN
 -12 -16  18  72  GN
  16  16  18  72  XY
 -16 -16 -18  72  XY
  20  16 -18  72  GN
 -20 -16  18  72  GN
  24  16  18  72  GN
 -24 -16 -18  72  GN
  28  16 -18  72  XB
 -28 -16  18  72  XB
   0  20  18  72  YP
   0 -20 -18  72  YP
   4  20 -18  72  GN
  -4 -20  18  72  GN
   8  20  18  72  GN
  -8 -20 -18  72  GN
  12  20 -18  72  GN
 -12 -20  18  72  GN
  16  20  18  72  GN
 -16 -20 -18  72  GN
  20  20 -18  72  XY
 -20 -20  18  72  XY
  24  20  18  72  GN
 -24 -20 -18  72  GN
   0  24 -18  72  YP
   0 -24  18  72  YP
   4  24  18  72  GN
  -4 -24 -18  72  GN
   8  24 -18  72  GN
  -8 -24  18  72  GN
  12  24  18  72  GN
 -12 -24 -18  72  GN
  16  24 -18  72  GN
 -16 -24  18  72  GN
  20  24  18  72  GN
 -20 -24 -18  72  GN
  24  24 -18  72  P 
 -24 -24  18  72  P 
   0  28  18  72  YP
   0 -28 -18  72  YP
   4  28 -18  72  GN
  -4 -28  18  72  GN
   8  28  18  72  GN
  -8 -28 -18  72  GN
  12  28 -18  72  GN
 -12 -28  18  72  GN
  16  28  18  72  XB
 -16 -28 -18  72  XB
   0  32 -18  72  YP
   0 -32  18  72  YP
   4  32  18  72  GN
  -4 -32 -18  72  GN
   8  32 -18  72  XB
  -8 -32  18  72  XB
   0  36  18  72  U 
   0 -36 -18  72  U 
   0   0  21  72  LD
   0   0 -21  72  LD
   4   0 -21  72  YP
  -4   0  21  72  YP
   8   0  21  72  YP
  -8   0 -21  72  YP
  12   0 -21  72  YP
 -12   0  21  72  YP
  16   0  21  72  YP
 -16   0 -21  72  YP
  20   0 -21  72  YP
 -20   0  21  72  YP
  24   0  21  72  YP
 -24   0 -21  72  YP
  28   0 -21  72  YP
 -28   0  21  72  YP
  32   0  21  72  YP
 -32   0 -21  72  YP
  36   0 -21  72  U 
 -36   0  21  72  U 
   0   4  21  72  YP
   0  -4 -21  72  YP
   4   4 -21  72  XY
  -4  -4  21  72  XY
   8   4  21  72  GN
  -8  -4 -21  72  GN
  12   4 -21  72  GN
 -12  -4  21  72  GN
  16   4  21  72  GN
 -16  -4 -21  72  GN
  20   4 -21  72  GN
 -20  -4  21  72  GN
  24   4  21  72  GN
 -24  -4 -21  72  GN
  28   4 -21  72  GN
 -28  -4  21  72  GN
  32   4  21  72  GN
 -32  -4 -21  72  GN
   0   8 -21  72  YP
   0  -8  21  72  YP
   4   8  21  72  GN
  -4  -8 -21  72  GN
   8   8 -21  72  XY
  -8  -8  21  72  XY
  12   8  21  72  GN
 -12  -8 -21  72  GN
  16   8 -21  72  GN
 -16  -8  21  72  GN
  20   8  21  72  GN
 -20  -8 -21  72  GN
  24   8 -21  72  GN
 -24  -8  21  72  GN
  28   8  21  72  GN
 -28  -8 -21  72  GN
  32   8 -21  72  XB
 -32  -8  21  72  XB
   0  12  21  72  YP
   0 -12 -21  72  YP
   4  12 -21  72  GN
  -4 -12  21  72  GN
   8  12  21  72  GN
  -8 -12 -21  72  GN
  12  12 -21  72  XY
 -12 -12  21  72  XY
  16  12  21  72  GN
 -16 -12 -21  72  GN
  20  12 -21  72  GN
 -20 -12  21  72  GN
  24  12  21  72  GN
 -24 -12 -21  72  GN
  28  12 -21  72  GN
 -28 -12  21  72  GN
   0  16  21  72  YP
   0 -16 -21  72  YP
   4  16 -21  72  GN
  -4 -16  21  72  GN
   8  16  21  72  GN
  -8 -16 -21  72  GN
  12  16 -21  72  GN
 -12 -16  21  72  GN
  16  16  21  72  XY
 -16 -16 -21  72  XY
  20  16 -21  72  GN
 -20 -16  21  72  GN
  24  16  21  72  GN
 -24 -16 -21  72  GN
  28  16 -21  72  XB
 -28 -16  21  72  XB
   0  20  21  72  YP
   0 -20 -21  72  YP
   4  20 -21  72  GN
  -4 -20  21  72  GN
   8  20  21  72  GN
  -8 -20 -21  72  GN
  12  20 -21  72  GN
 -12 -20  21  72  GN
  16  20  21  72  GN
 -16 -20 -21  72  GN
  20  20 -21  72  XY
 -20 -20  21  72  XY
  24  20  21  72  GN
 -24 -20 -21  72  GN
   0  24 -21  72  YP
   0 -24  21  72  YP
   4  24  21  72  GN
  -4 -24 -21  72  GN
   8  24 -21  72  GN
  -8 -24  21  72  GN
  12  24  21  72  GN
 -12 -24 -21  72  GN
  16  24 -21  72  GN
 -16 -24  21  72  GN
  20  24  21  72  GN
 -20 -24 -21  72  GN
  24  24 -21  72  P 
 -24 -24  21  72  P 
   0  28  21  72  YP
   0 -28 -21  72  YP
   4  28 -21  72  GN
  -4 -28  21  72  GN
   8  28  21  72  GN
  -8 -28 -21  72  GN
  12  28 -21  72  GN
 -12 -28  21  72  GN
  16  28  21  72  XB
 -16 -28 -21  72  XB
   0  32 -21  72  YP
   0 -32  21  72  YP
   4  32  21  72  GN
  -4 -32 -21  72  GN
   8  32 -21  72  XB
  -8 -32  21  72  XB
   0  36  21  72  U 
   0 -36 -21  72  U 
   0   0  24  72  LD
   0   0 -24  72  LD
   4   0 -24  72  YP
  -4   0  24  72  YP
   8   0  24  72  YP
  -8   0 -24  72  YP
  12   0 -24  72  YP
 -12   0  24  72  YP
  16   0  24  72  YP
 -16   0 -24  72  YP
  20   0 -24  72  YP
 -20   0  24  72  YP
  24   0  24  72  YP
 -24   0 -24  72  YP
  28   0 -24  72  YP
 -28   0  24  72  YP
  32   0  24  72  YP
 -32   0 -24  72  YP
  36   0 -24  72  U 
 -36   0  24  72  U 
   0   4  24  72  YP
   0  -4 -24  72  YP
   4   4 -24  72  XY
  -4  -4  24  72  XY
   8   4  24  72  GN
  -8  -4 -24  72  GN
  12   4 -24  72  GN
 -12  -4  24  72  GN
  16   4  24  72  GN
 -16  -4 -24  72  GN
  20   4 -24  72  GN
 -20  -4  24  72  GN
  24   4  24  72  GN
 -24  -4 -24  72  GN
  28   4 -24  72  GN
 -28  -4  24  72  GN
  32   4  24  72  GN
 -32  -4 -24  72  GN
   0   8 -24  72  YP
   0  -8  24  72  YP
   4   8  24  72  GN
  -4  -8 -24  72  GN
   8   8 -24  72  XY
  -8  -8  24  72  XY
  12   8  24  72  GN
 -12  -8 -24  72  GN
  16   8 -24  72  GN
 -16  -8  24  72  GN
  20   8  24  72  GN
 -20  -8 -24  72  GN
  24   8 -24  72  GN
 -24  -8  24  72  GN
  28   8  24  72  GN
 -28  -8 -24  72  GN
  32   8 -24  72  XB
 -32  -8  24  72  XB
   0  12  24  72  YP
   0 -12 -24  72  YP
   4  12 -24  72  GN
  -4 -12  24  72  GN
   8  12  24  72  GN
  -8 -12 -24  72  GN
  12  12 -24  72  XY
 -12 -12  24  72  XY
  16  12  24  72  GN
 -16 -12 -24  72  GN
  20  12 -24  72  GN
 -20 -12  24  72  GN
  24  12  24  72  GN
 -24 -12 -24  72  GN
  28  12 -24  72  GN
 -28 -12  24  72  GN
   0  16  24  72  YP
   0 -16 -24  72  YP
   4  16 -24  72  GN
  -4 -16  24  72  GN
   8  16  24  72  GN
  -8 -16 -24  72  GN
  12  16 -24  72  GN
 -12 -16  24  72  GN
  16  16  24  72  XY
 -16 -16 -24  72  XY
  20  16 -24  72  GN
 -20 -16  24  72  GN
  24  16  24  72  GN
 -24 -16 -24  72  GN
  28  16 -24  72  XB
 -28 -16  24  72  XB
   0  20  24  72  YP
   0 -20 -24  72  YP
   4  20 -24  72  GN
  -4 -20  24  72  GN
   8  20  24  72  GN
  -8 -20 -24  72  GN
  12  20 -24  72  GN
 -12 -20  24  72  GN
  16  20  24  72  GN
 -16 -20 -24  72  GN
  20  20 -24  72  XY
 -20 -20  24  72  XY
  24  20  24  72  GN
 -24 -20 -24  72  GN
   0  24 -24  72  YP
   0 -24  24  72  YP
   4  24  24  72  GN
  -4 -24 -24  72  GN
   8  24 -24  72  GN
  -8 -24  24  72  GN
  12  24  24  72  GN
 -12 -24 -24  72  GN
  16  24 -24  72  GN
 -16 -24  24  72  GN
  20  24  24  72  GN
 -20 -24 -24  72  GN
  24  24 -24  72  P 
 -24 -24  24  72  P 
   0  28  24  72  YP
   0 -28 -24  72  YP
   4  28 -24  72  GN
  -4 -28  24  72  GN
   8  28  24  72  GN
  -8 -28 -24  72  GN
  12  28 -24  72  GN
 -12 -28  24  72  GN
  16  28  24  72  XB
 -16 -28 -24  72  XB
   0  32 -24  72  YP
   0 -32  24  72  YP
   4  32  24  72  GN
  -4 -32 -24  72  GN
   8  32 -24  72  XB
  -8 -32  24  72  XB
   0  36  24  72  U 
   0 -36 -24  72  U 
   0   0  27  72  LD
   0   0 -27  72  LD
   4   0 -27  72  YP
  -4   0  27  72  YP
   8   0  27  72  YP
  -8   0 -27  72  YP
  12   0 -27  72  YP
 -12   0  27  72  YP
  16   0  27  72  YP
 -16   0 -27  72  YP
  20   0 -27  72  YP
 -20   0  27  72  YP
  24   0  27  72  YP
 -24   0 -27  72  YP
  28   0 -27  72  YP
 -28   0  27  72  YP
  32   0  27  72  YP
 -32   0 -27  72  YP
  36   0 -27  72  U 
 -36   0  27  72  U 
   0   4  27  72  YP
   0  -4 -27  72  YP
   4   4 -27  72  XY
  -4  -4  27  72  XY
   8   4  27  72  GN
  -8  -4 -27  72  GN
  12   4 -27  72  GN
 -12  -4  27  72  GN
  16   4  27  72  GN
 -16  -4 -27  72  GN
  20   4 -27  72  GN
 -20  -4  27  72  GN
  24   4  27  72  GN
 -24  -4 -27  72  GN
  28   4 -27  72  GN
 -28  -4  27  72  GN
  32   4  27  72  GN
 -32  -4 -27  72  GN
   0   8 -27  72  YP
   0  -8  27  72  YP
   4   8  27  72  GN
  -4  -8 -27  72  GN
   8   8 -27  72  XY
  -8  -8  27  72  XY
  12   8  27  72  GN
 -12  -8 -27  72  GN
  16   8 -27  72  GN
 -16  -8  27  72  GN
  20   8  27  72  GN
 -20  -8 -27  72  GN
  24   8 -27  72  GN
 -24  -8  27  72  GN
  28   8  27  72  GN
 -28  -8 -27  72  GN
  32   8 -27  72  XB
 -32  -8  27  72  XB
   0  12  27  72  YP
   0 -12 -27  72  YP
   4  12 -27  72  GN
  -4 -12  27  72  GN
   8  12  27  72  GN
  -8 -12 -27  72  GN
  12  12 -27  72  XY
 -12 -12  27  72  XY
  16  12  27  72  GN
 -16 -12 -27  72  GN
  20  12 -27  72  GN
 -20 -12  27  72  GN
  24  12  27  72  GN
 -24 -12 -27  72  GN
  28  12 -27  72  GN
 -28 -12  27  72  GN
   0  16  27  72  YP
   0 -16 -27  72  YP
   4  16 -27  72  GN
  -4 -16  27  72  GN
   8  16  27  72  GN
  -8 -16 -27  72  GN
  12  16 -27  72  GN
 -12 -16  27  72  GN
  16  16  27  72  XY
 -16 -16 -27  72  XY
  20  16 -27  72  GN
 -20 -16  27  72  GN
  24  16  27  72  GN
 -24 -16 -27  72  GN
  28  16 -27  72  XB
 -28 -16  27  72  XB
   0  20  27  72  YP
   0 -20 -27  72  YP
   4  20 -27  72  GN
  -4 -20  27  72  GN
   8  20  27  72  GN
  -8 -20 -27  72  GN
  12  20 -27  72  GN
 -12 -20  27  72  GN
  16  20  27  72  GN
 -16 -20 -27  72  GN
  20  20 -27  72  XY
 -20 -20  27  72  XY
  24  20  27  72  GN
 -24 -20 -27  72  GN
   0  24 -27  72  YP
   0 -24  27  72  YP
   4  24  27  72  GN
  -4 -24 -27  72  GN
   8  24 -27  72  GN
  -8 -24  27  72  GN
  12  24  27  72  GN
 -12 -24 -27  72  GN
  16  24 -27  72  GN
 -16 -24  27  72  GN
  20  24  27  72  GN
 -20 -24 -27  72  GN
  24  24 -27  72  P 
 -24 -24  27  72  P 
   0  28  27  72  YP
   0 -28 -27  72  YP
   4  28 -27  72  GN
  -4 -28  27  72  GN
   8  28  27  72  GN
  -8 -28 -27  72  GN
  12  28 -27  72  GN
 -12 -28  27  72  GN
  16  28  27  72  XB
 -16 -28 -27  72  XB
   0  32 -27  72  YP
   0 -32  27  72  YP
   4  32  27  72  GN
  -4 -32 -27  72  GN
   8  32 -27  72  XB
  -8 -32  27  72  XB
   0  36  27  72  U 
   0 -36 -27  72  U 
   0   0  30  72  LD
   0   0 -30  72  LD
   4   0 -30  72  YP
  -4   0  30  72  YP
   8   0  30  72  YP
  -8   0 -30  72  YP
  12   0 -30  72  YP
 -12   0  30  72  YP
  16   0  30  72  YP
 -16   0 -30  72  YP
  20   0 -30  72  YP
 -20   0  30  72  YP
  24   0  30  72  YP
 -24   0 -30  72  YP
  28   0 -30  72  YP
 -28   0  30  72  YP
  32   0  30  72  YP
 -32   0 -30  72  YP
  36   0 -30  72  U 
 -36   0  30  72  U 
   0   4  30  72  YP
   0  -4 -30  72  YP
   4   4 -30  72  XY
  -4  -4  30  72  XY
   8   4  30  72  GN
  -8  -4 -30  72  GN
  12   4 -30  72  GN
 -12  -4  30  72  GN
  16   4  30  72  GN
 -16  -4 -30  72  GN
  20   4 -30  72  GN
 -20  -4  30  72  GN
  24   4  30  72  GN
 -24  -4 -30  72  GN
  28   4 -30  72  GN
 -28  -4  30  72  GN
  32   4  30  72  GN
 -32  -4 -30  72  GN
   0   8 -30  72  YP
   0  -8  30  72  YP
   4   8  30  72  GN
  -4  -8 -30  72  GN
   8   8 -30  72  XY
  -8  -8  30  72  XY
  12   8  30  72  GN
 -12  -8 -30  72  GN
  16   8 -30  72  GN
 -16  -8  30  72  GN
  20   8  30  72  GN
 -20  -8 -30  72  GN
  24   8 -30  72  GN
 -24  -8  30  72  GN
  28   8  30  72  GN
 -28  -8 -30  72  GN
  32   8 -30  72  XB
 -32  -8  30  72  XB
   0  12  30  72  YP
   0 -12 -30  72  YP
   4  12 -30  72  GN
  -4 -12  30  72  GN
   8  12  30  72  GN
  -8 -12 -30  72  GN
  12  12 -30  72  XY
 -12 -12  30  72  XY
  16  12  30  72  GN
 -16 -12 -30  72  GN
  20  12 -30  72  GN
 -20 -12  30  72  GN
  24  12  30  72  GN
 -24 -12 -30  72  GN
  28  12 -30  72  GN
 -28 -12  30  72  GN
   0  16  30  72  YP
   0 -16 -30  72  YP
   4  16 -30  72  GN
  -4 -16  30  72  GN
   8  16  30  72  GN
  -8 -16 -30  72  GN
  12  16 -30  72  GN
 -12 -16  30  72  GN
  16  16  30  72  XY
 -16 -16 -30  72  XY
  20  16 -30  72  GN
 -20 -16  30  72  GN
  24  16  30  72  GN
 -24 -16 -30  72  GN
  28  16 -30  72  XB
 -28 -16  30  72  XB
   0  20  30  72  YP
   0 -20 -30  72  YP
   4  20 -30  72  GN
  -4 -20  30  72  GN
   8  20  30  72  GN
  -8 -20 -30  72  GN
  12  20 -30  72  GN
 -12 -20  30  72  GN
  16  20  30  72  GN
 -16 -20 -30  72  GN
  20  20 -30  72  XY
 -20 -20  30  72  XY
  24  20  30  72  GN
 -24 -20 -30  72  GN
   0  24 -30  72  YP
   0 -24  30  72  YP
   4  24  30  72  GN
  -4 -24 -30  72  GN
   8  24 -30  72  GN
  -8 -24  30  72  GN
  12  24  30  72  GN
 -12 -24 -30  72  GN
  16  24 -30  72  GN
 -16 -24  30  72  GN
  20  24  30  72  GN
 -20 -24 -30  72  GN
  24  24 -30  72  P 
 -24 -24  30  72  P 
   0  28  30  72  YP
   0 -28 -30  72  YP
   4  28 -30  72  GN
  -4 -28  30  72  GN
   8  28  30  72  GN
  -8 -28 -30  72  GN
  12  28 -30  72  GN
 -12 -28  30  72  GN
  16  28  30  72  XB
 -16 -28 -30  72  XB
   0  32 -30  72  YP
   0 -32  30  72  YP
   4  32  30  72  GN
  -4 -32 -30  72  GN
   8  32 -30  72  XB
  -8 -32  30  72  XB
   0  36  30  72  U 
   0 -36 -30  72  U 
   0   0  33  72  LD
   0   0 -33  72  LD
   4   0 -33  72  YP
  -4   0  33  72  YP
   8   0  33  72  YP
  -8   0 -33  72  YP
  12   0 -33  72  YP
 -12   0  33  72  YP
  16   0  33  72  YP
 -16   0 -33  72  YP
  20   0 -33  72  YP
 -20   0  33  72  YP
  24   0  33  72  YP
 -24   0 -33  72  YP
  28   0 -33  72  YP
 -28   0  33  72  YP
  32   0  33  72  YP
 -32   0 -33  72  YP
  36   0 -33  72  U 
 -36   0  33  72  U 
   0   4  33  72  YP
   0  -4 -33  72  YP
   4   4 -33  72  XY
  -4  -4  33  72  XY
   8   4  33  72  GN
  -8  -4 -33  72  GN
  12   4 -33  72  GN
 -12  -4  33  72  GN
  16   4  33  72  GN
 -16  -4 -33  72  GN
  20   4 -33  72  GN
 -20  -4  33  72  GN
  24   4  33  72  GN
 -24  -4 -33  72  GN
  28   4 -33  72  GN
 -28  -4  33  72  GN
  32   4  33  72  GN
 -32  -4 -33  72  GN
   0   8 -33  72  YP
   0  -8  33  72  YP
   4   8  33  72  GN
  -4  -8 -33  72  GN
   8   8 -33  72  XY
  -8  -8  33  72  XY
  12   8  33  72  GN
 -12  -8 -33  72  GN
  16   8 -33  72  GN
 -16  -8  33  72  GN
  20   8  33  72  GN
 -20  -8 -33  72  GN
  24   8 -33  72  GN
 -24  -8  33  72  GN
  28   8  33  72  GN
 -28  -8 -33  72  GN
  32   8 -33  72  XB
 -32  -8  33  72  XB
   0  12  33  72  YP
   0 -12 -33  72  YP
   4  12 -33  72  GN
  -4 -12  33  72  GN
   8  12  33  72  GN
  -8 -12 -33  72  GN
  12  12 -33  72  XY
 -12 -12  33  72  XY
  16  12  33  72  GN
 -16 -12 -33  72  GN
  20  12 -33  72  GN
 -20 -12  33  72  GN
  24  12  33  72  GN
 -24 -12 -33  72  GN
  28  12 -33  72  GN
 -28 -12  33  72  GN
   0  16  33  72  YP
   0 -16 -33  72  YP
   4  16 -33  72  GN
  -4 -16  33  72  GN
   8  16  33  72  GN
  -8 -16 -33  72  GN
  12  16 -33  72  GN
 -12 -16  33  72  GN
  16  16  33  72  XY
 -16 -16 -33  72  XY
  20  16 -33  72  GN
 -20 -16  33  72  GN
  24  16  33  72  GN
 -24 -16 -33  72  GN
  28  16 -33  72  XB
 -28 -16  33  72  XB
   0  20  33  72  YP
   0 -20 -33  72  YP
   4  20 -33  72  GN
  -4 -20  33  72  GN
   8  20  33  72  GN
  -8 -20 -33  72  GN
  12  20 -33  72  GN
 -12 -20  33  72  GN
  16  20  33  72  GN
 -16 -20 -33  72  GN
  20  20 -33  72  XY
 -20 -20  33  72  XY
  24  20  33  72  GN
 -24 -20 -33  72  GN
   0  24 -33  72  YP
   0 -24  33  72  YP
   4  24  33  72  GN
  -4 -24 -33  72  GN
   8  24 -33  72  GN
  -8 -24  33  72  GN
  12  24  33  72  GN
 -12 -24 -33  72  GN
  16  24 -33  72  GN
 -16 -24  33  72  GN
  20  24  33  72  GN
 -20 -24 -33  72  GN
  24  24 -33  72  P 
 -24 -24  33  72  P 
   0  28  33  72  YP
   0 -28 -33  72  YP
   4  28 -33  72  GN
  -4 -28  33  72  GN
   8  28  33  72  GN
  -8 -28 -33  72  GN
  12  28 -33  72  GN
 -12 -28  33  72  GN
  16  28  33  72  XB
 -16 -28 -33  72  XB
   0  32 -33  72  YP
   0 -32  33  72  YP
   4  32  33  72  GN
  -4 -32 -33  72  GN
   8  32 -33  72  XB
  -8 -32  33  72  XB
   0  36  33  72  U 
   0 -36 -33  72  U 
   0   0  36  72  A 
   4   0 -36  72  R 
  -4   0  36  72  R 
   8   0  36  72  R 
  -8   0 -36  72  R 
  12   0 -36  72  R 
 -12   0  36  72  R 
  16   0  36  72  R 
 -16   0 -36  72  R 
  20   0 -36  72  R 
 -20   0  36  72  R 
  24   0  36  72  R 
 -24   0 -36  72  R 
  28   0 -36  72  R 
 -28   0  36  72  R 
  32   0  36  72  R 
 -32   0 -36  72  R 
  36   0 -36  72  L 
   0   4  36  72  R 
   0  -4 -36  72  R 
   4   4 -36  72  S 
  -4  -4  36  72  S 
   8   4  36  72  ZB
  -8  -4 -36  72  ZB
  12   4 -36  72  ZB
 -12  -4  36  72  ZB
  16   4  36  72  ZB
 -16  -4 -36  72  ZB
  20   4 -36  72  ZB
 -20  -4  36  72  ZB
  24   4  36  72  ZB
 -24  -4 -36  72  ZB
  28   4 -36  72  ZB
 -28  -4  36  72  ZB
  32   4  36  72  ZB
 -32  -4 -36  72  ZB
   0   8 -36  72  R 
   0  -8  36  72  R 
   4   8  36  72  ZB
  -4  -8 -36  72  ZB
   8   8 -36  72  S 
  -8  -8  36  72  S 
  12   8  36  72  ZB
 -12  -8 -36  72  ZB
  16   8 -36  72  ZB
 -16  -8  36  72  ZB
  20   8  36  72  ZB
 -20  -8 -36  72  ZB
  24   8 -36  72  ZB
 -24  -8  36  72  ZB
  28   8  36  72  ZB
 -28  -8 -36  72  ZB
  32   8 -36  72  SP
 -32  -8  36  72  SP
   0  12  36  72  R 
   0 -12 -36  72  R 
   4  12 -36  72  ZB
  -4 -12  36  72  ZB
   8  12  36  72  ZB
  -8 -12 -36  72  ZB
  12  12 -36  72  S 
 -12 -12  36  72  S 
  16  12  36  72  ZB
 -16 -12 -36  72  ZB
  20  12 -36  72  ZB
 -20 -12  36  72  ZB
  24  12  36  72  ZB
 -24 -12 -36  72  ZB
  28  12 -36  72  ZB
 -28 -12  36  72  ZB
   0  16  36  72  R 
   0 -16 -36  72  R 
   4  16 -36  72  ZB
  -4 -16  36  72  ZB
   8  16  36  72  ZB
  -8 -16 -36  72  ZB
  12  16 -36  72  ZB
 -12 -16  36  72  ZB
  16  16  36  72  S 
 -16 -16 -36  72  S 
  20  16 -36  72  ZB
 -20 -16  36  72  ZB
  24  16  36  72  ZB
 -24 -16 -36  72  ZB
  28  16 -36  72  SP
 -28 -16  36  72  SP
   0  20  36  72  R 
   0 -20 -36  72  R 
   4  20 -36  72  ZB
  -4 -20  36  72  ZB
   8  20  36  72  ZB
  -8 -20 -36  72  ZB
  12  20 -36  72  ZB
 -12 -20  36  72  ZB
  16  20  36  72  ZB
 -16 -20 -36  72  ZB
  20  20 -36  72  S 
 -20 -20  36  72  S 
  24  20  36  72  ZB
 -24 -20 -36  72  ZB
   0  24 -36  72  R 
   0 -24  36  72  R 
   4  24  36  72  ZB
  -4 -24 -36  72  ZB
   8  24 -36  72  ZB
  -8 -24  36  72  ZB
  12  24  36  72  ZB
 -12 -24 -36  72  ZB
  16  24 -36  72  ZB
 -16 -24  36  72  ZB
  20  24  36  72  ZB
 -20 -24 -36  72  ZB
  24  24 -36  72  H 
 -24 -24  36  72  H 
   0  28  36  72  R 
   0 -28 -36  72  R 
   4  28 -36  72  ZB
  -4 -28  36  72  ZB
   8  28  36  72  ZB
  -8 -28 -36  72  ZB
  12  28 -36  72  ZB
 -12 -28  36  72  ZB
  16  28  36  72  SP
 -16 -28 -36  72  SP
   0  32 -36  72  R 
   0 -32  36  72  R 
   4  32  36  72  ZB
  -4 -32 -36  72  ZB
   8  32 -36  72  SP
  -8 -32  36  72  SP
   0  36  36  72  L 
