   GM 1(  0  0  0)/ 36     N.O.ENERGY= 48
 -2.25510 -2.25510 -2.25328 -2.25328 -2.25299 -2.25299 -2.25147 -2.25147
 -2.20286 -2.20286 -2.20194 -2.20194 -2.20149 -2.20149 -2.19703 -2.19703
 -2.19694 -2.19694 -2.19683 -2.19683 -0.65945 -0.65945  0.01962  0.01962
  0.26161  0.26161  0.29935  0.29935  0.31315  0.31315  0.58027  0.58027
  0.66050  0.66050  0.67716  0.67716  0.95419  0.95419  0.95594  0.95594
  0.98252  0.98252  1.10137  1.10137  1.10138  1.10138  1.10736  1.10736
   LD 1(  0  0  6)/ 36     N.O.ENERGY= 48
 -2.25510 -2.25510 -2.25326 -2.25326 -2.25300 -2.25300 -2.25147 -2.25147
 -2.20285 -2.20285 -2.20193 -2.20193 -2.20148 -2.20148 -2.19704 -2.19704
 -2.19696 -2.19696 -2.19684 -2.19684 -0.65737 -0.65737  0.00462  0.00462
  0.27188  0.27188  0.30102  0.30102  0.31345  0.31345  0.58087  0.58087
  0.65418  0.65418  0.67047  0.67047  0.95659  0.95659  0.95825  0.95825
  0.96949  0.96949  1.11513  1.11513  1.11567  1.11567  1.12314  1.12314
   LD 1(  0  0 12)/ 36     N.O.ENERGY= 48
 -2.25508 -2.25508 -2.25321 -2.25321 -2.25300 -2.25300 -2.25147 -2.25147
 -2.20284 -2.20284 -2.20189 -2.20189 -2.20143 -2.20143 -2.19706 -2.19706
 -2.19701 -2.19701 -2.19687 -2.19687 -0.65121 -0.65121 -0.03267 -0.03267
  0.28929  0.28929  0.31147  0.31147  0.31441  0.31441  0.58254  0.58254
  0.63704  0.63704  0.65225  0.65225  0.94522  0.94522  0.96682  0.96682
  0.96727  0.96727  1.15260  1.15260  1.15378  1.15378  1.15448  1.15448
   LD 1(  0  0 18)/ 36     N.O.ENERGY= 48
 -2.25505 -2.25505 -2.25316 -2.25316 -2.25300 -2.25300 -2.25148 -2.25148
 -2.20280 -2.20280 -2.20184 -2.20184 -2.20136 -2.20136 -2.19711 -2.19711
 -2.19709 -2.19709 -2.19693 -2.19693 -0.64118 -0.64118 -0.08034 -0.08034
  0.29615  0.29615  0.31613  0.31613  0.33605  0.33605  0.58392  0.58392
  0.61400  0.61400  0.62673  0.62673  0.92809  0.92809  0.98534  0.98534
  0.98566  0.98566  1.19825  1.19825  1.20789  1.20789  1.21065  1.21065
   LD 1(  0  0 24)/ 36     N.O.ENERGY= 48
 -2.25502 -2.25502 -2.25310 -2.25310 -2.25301 -2.25301 -2.25151 -2.25151
 -2.20276 -2.20276 -2.20178 -2.20178 -2.20128 -2.20128 -2.19720 -2.19720
 -2.19716 -2.19716 -2.19700 -2.19700 -0.62766 -0.62766 -0.13094 -0.13094
  0.30003  0.30003  0.31868  0.31868  0.36012  0.36012  0.57626  0.57626
  0.59665  0.59665  0.59831  0.59831  0.92427  0.92427  1.01358  1.01358
  1.01390  1.01390  1.25770  1.25770  1.27512  1.27512  1.27876  1.27876
   LD 1(  0  0 30)/ 36     N.O.ENERGY= 48
 -2.25497 -2.25497 -2.25302 -2.25302 -2.25301 -2.25301 -2.25155 -2.25155
 -2.20271 -2.20271 -2.20171 -2.20171 -2.20117 -2.20117 -2.19733 -2.19733
 -2.19722 -2.19722 -2.19708 -2.19708 -0.61138 -0.61138 -0.18020 -0.18020
  0.30401  0.30401  0.32207  0.32207  0.37827  0.37827  0.55323  0.55323
  0.57039  0.57039  0.59288  0.59288  0.93651  0.93651  1.05084  1.05084
  1.05130  1.05130  1.32736  1.32736  1.35070  1.35070  1.35480  1.35480
   LD 1(  0  0 36)/ 36     N.O.ENERGY= 48
 -2.25493 -2.25493 -2.25303 -2.25303 -2.25294 -2.25294 -2.25160 -2.25160
 -2.20267 -2.20267 -2.20165 -2.20165 -2.20108 -2.20108 -2.19745 -2.19745
 -2.19727 -2.19727 -2.19717 -2.19717 -0.59358 -0.59358 -0.22497 -0.22497
  0.30831  0.30831  0.32603  0.32603  0.39047  0.39047  0.52983  0.52983
  0.54553  0.54553  0.58966  0.58966  0.96328  0.96328  1.09611  1.09611
  1.09679  1.09679  1.37207  1.37207  1.42606  1.42606  1.43073  1.43073
   LD 1(  0  0 42)/ 36     N.O.ENERGY= 48
 -2.25490 -2.25490 -2.25304 -2.25304 -2.25288 -2.25288 -2.25163 -2.25163
 -2.20264 -2.20264 -2.20159 -2.20159 -2.20099 -2.20099 -2.19756 -2.19756
 -2.19733 -2.19733 -2.19723 -2.19723 -0.57641 -0.57641 -0.26200 -0.26200
  0.31248  0.31248  0.32999  0.32999  0.39797  0.39797  0.51099  0.51099
  0.52578  0.52578  0.58550  0.58550  0.99879  0.99879  1.14789  1.14789
  1.14883  1.14883  1.35762  1.35762  1.43850  1.43850  1.44161  1.44161
   LD 1(  0  0 48)/ 36     N.O.ENERGY= 48
 -2.25488 -2.25488 -2.25307 -2.25307 -2.25284 -2.25284 -2.25168 -2.25168
 -2.20261 -2.20261 -2.20158 -2.20158 -2.20093 -2.20093 -2.19765 -2.19765
 -2.19737 -2.19737 -2.19727 -2.19727 -0.56328 -0.56328 -0.28729 -0.28729
  0.31563  0.31563  0.33303  0.33303  0.40194  0.40194  0.49873  0.49873
  0.51294  0.51294  0.58203  0.58203  1.03245  1.03245  1.20213  1.20213
  1.20335  1.20335  1.32370  1.32370  1.37732  1.37732  1.37934  1.37934
   Z  1(  0  0 54)/ 36     N.O.ENERGY= 48
 -2.25486 -2.25486 -2.25307 -2.25307 -2.25280 -2.25280 -2.25168 -2.25168
 -2.20259 -2.20259 -2.20156 -2.20156 -2.20089 -2.20089 -2.19768 -2.19768
 -2.19738 -2.19738 -2.19728 -2.19728 -0.55821 -0.55821 -0.29643 -0.29643
  0.31683  0.31683  0.33419  0.33419  0.40320  0.40320  0.49447  0.49447
  0.50846  0.50846  0.58069  0.58069  1.04745  1.04745  1.23553  1.23553
  1.23700  1.23700  1.30723  1.30723  1.33885  1.33885  1.34077  1.34077
   XP 1(  0  6  0)/ 36     N.O.ENERGY= 48
 -2.25496 -2.25496 -2.25344 -2.25344 -2.25271 -2.25271 -2.25147 -2.25147
 -2.20269 -2.20269 -2.20205 -2.20205 -2.20098 -2.20098 -2.19766 -2.19766
 -2.19706 -2.19706 -2.19671 -2.19671 -0.63415 -0.63415 -0.05621 -0.05621
  0.26086  0.26086  0.27941  0.27941  0.31150  0.31150  0.58217  0.58217
  0.60951  0.60951  0.67352  0.67352  0.86984  0.86984  0.92416  0.92416
  0.97655  0.97655  1.20748  1.20748  1.21487  1.21487  1.27637  1.27637
   XP 1(  0  6  6)/ 36     N.O.ENERGY= 48
 -2.25496 -2.25496 -2.25344 -2.25344 -2.25271 -2.25271 -2.25148 -2.25148
 -2.20270 -2.20270 -2.20203 -2.20203 -2.20097 -2.20097 -2.19768 -2.19768
 -2.19710 -2.19710 -2.19669 -2.19669 -0.63216 -0.63216 -0.05759 -0.05759
  0.22966  0.22966  0.26393  0.26393  0.35149  0.35149  0.55216  0.55216
  0.61778  0.61778  0.70168  0.70168  0.86760  0.86760  0.94902  0.94902
  0.99669  0.99669  1.17813  1.17813  1.18015  1.18015  1.28987  1.28987
   XP 1(  0  6 12)/ 36     N.O.ENERGY= 48
 -2.25496 -2.25496 -2.25344 -2.25344 -2.25269 -2.25269 -2.25148 -2.25148
 -2.20271 -2.20271 -2.20198 -2.20198 -2.20095 -2.20095 -2.19772 -2.19772
 -2.19715 -2.19715 -2.19668 -2.19668 -0.62617 -0.62617 -0.07317 -0.07317
  0.20416  0.20416  0.25284  0.25284  0.37896  0.37896  0.53804  0.53804
  0.62245  0.62245  0.71826  0.71826  0.87196  0.87196  0.98482  0.98482
  1.02747  1.02747  1.16073  1.16073  1.16913  1.16913  1.30925  1.30925
   XP 1(  0  6 18)/ 36     N.O.ENERGY= 48
 -2.25494 -2.25494 -2.25342 -2.25342 -2.25266 -2.25266 -2.25149 -2.25149
 -2.20269 -2.20269 -2.20192 -2.20192 -2.20090 -2.20090 -2.19778 -2.19778
 -2.19721 -2.19721 -2.19669 -2.19669 -0.61638 -0.61638 -0.10160 -0.10160
  0.18788  0.18788  0.24455  0.24455  0.38262  0.38262  0.55029  0.55029
  0.62579  0.62579  0.71984  0.71984  0.87859  0.87859  1.02345  1.02345
  1.06986  1.06986  1.16711  1.16711  1.18016  1.18016  1.34009  1.34009
   XP 1(  0  6 24)/ 36     N.O.ENERGY= 48
 -2.25491 -2.25491 -2.25342 -2.25342 -2.25262 -2.25262 -2.25152 -2.25152
 -2.20267 -2.20267 -2.20186 -2.20186 -2.20084 -2.20084 -2.19784 -2.19784
 -2.19729 -2.19729 -2.19674 -2.19674 -0.60320 -0.60320 -0.13853 -0.13853
  0.17774  0.17774  0.23928  0.23928  0.37132  0.37132  0.57709  0.57709
  0.63248  0.63248  0.70818  0.70818  0.88293  0.88293  1.06310  1.06310
  1.12182  1.12182  1.20098  1.20098  1.21114  1.21114  1.38331  1.38331
   XP 1(  0  6 30)/ 36     N.O.ENERGY= 48
 -2.25488 -2.25488 -2.25341 -2.25341 -2.25257 -2.25257 -2.25155 -2.25155
 -2.20264 -2.20264 -2.20178 -2.20178 -2.20078 -2.20078 -2.19789 -2.19789
 -2.19735 -2.19735 -2.19680 -2.19680 -0.58735 -0.58735 -0.17876 -0.17876
  0.16972  0.16972  0.23730  0.23730  0.35877  0.35877  0.59794  0.59794
  0.64908  0.64908  0.68821  0.68821  0.88622  0.88622  1.10753  1.10753
  1.17803  1.17803  1.25210  1.25210  1.26109  1.26109  1.42995  1.42995
   XP 1(  0  6 36)/ 36     N.O.ENERGY= 48
 -2.25486 -2.25486 -2.25342 -2.25342 -2.25253 -2.25253 -2.25158 -2.25158
 -2.20262 -2.20262 -2.20172 -2.20172 -2.20073 -2.20073 -2.19795 -2.19795
 -2.19742 -2.19742 -2.19688 -2.19688 -0.57004 -0.57004 -0.21777 -0.21777
  0.16125  0.16125  0.23879  0.23879  0.35142  0.35142  0.60515  0.60515
  0.66073  0.66073  0.67869  0.67869  0.89436  0.89436  1.15717  1.15717
  1.23173  1.23173  1.29678  1.29678  1.32752  1.32752  1.42566  1.42566
   XP 1(  0  6 42)/ 36     N.O.ENERGY= 48
 -2.25483 -2.25483 -2.25342 -2.25342 -2.25248 -2.25248 -2.25162 -2.25162
 -2.20259 -2.20259 -2.20168 -2.20168 -2.20068 -2.20068 -2.19799 -2.19799
 -2.19746 -2.19746 -2.19697 -2.19697 -0.55336 -0.55336 -0.25138 -0.25138
  0.15180  0.15180  0.24379  0.24379  0.35110  0.35110  0.60385  0.60385
  0.63679  0.63679  0.70335  0.70335  0.91313  0.91313  1.20089  1.20089
  1.26596  1.26596  1.29415  1.29415  1.38585  1.38585  1.42348  1.42348
   XP 1(  0  6 48)/ 36     N.O.ENERGY= 48
 -2.25481 -2.25481 -2.25342 -2.25342 -2.25244 -2.25244 -2.25164 -2.25164
 -2.20256 -2.20256 -2.20165 -2.20165 -2.20064 -2.20064 -2.19801 -2.19801
 -2.19747 -2.19747 -2.19704 -2.19704 -0.54055 -0.54055 -0.27513 -0.27513
  0.14231  0.14231  0.25213  0.25213  0.35762  0.35762  0.59600  0.59600
  0.61317  0.61317  0.72380  0.72380  0.94431  0.94431  1.19417  1.19417
  1.24121  1.24121  1.30621  1.30621  1.41251  1.41251  1.48257  1.48257
   XP 1(  0  6 54)/ 36     N.O.ENERGY= 48
 -2.25479 -2.25479 -2.25342 -2.25342 -2.25242 -2.25242 -2.25164 -2.25164
 -2.20253 -2.20253 -2.20164 -2.20164 -2.20061 -2.20061 -2.19801 -2.19801
 -2.19746 -2.19746 -2.19709 -2.19709 -0.53549 -0.53549 -0.28458 -0.28458
  0.13426  0.13426  0.26336  0.26336  0.37014  0.37014  0.58100  0.58100
  0.59384  0.59384  0.73812  0.73812  0.98257  0.98257  1.15601  1.15601
  1.18588  1.18588  1.34093  1.34093  1.46316  1.46316  1.47375  1.47375
   YP 1(  6  0 48)/ 36     N.O.ENERGY= 48
 -2.25479 -2.25479 -2.25342 -2.25342 -2.25244 -2.25244 -2.25165 -2.25165
 -2.20253 -2.20253 -2.20167 -2.20167 -2.20062 -2.20062 -2.19800 -2.19800
 -2.19743 -2.19743 -2.19712 -2.19712 -0.54019 -0.54019 -0.27762 -0.27762
  0.12907  0.12907  0.27663  0.27663  0.38778  0.38778  0.56276  0.56276
  0.57628  0.57628  0.74649  0.74649  1.00911  1.00911  1.13021  1.13021
  1.14128  1.14128  1.33168  1.33168  1.40137  1.40137  1.54635  1.54635
   YP 1(  6  0 42)/ 36     N.O.ENERGY= 48
 -2.25480 -2.25480 -2.25341 -2.25341 -2.25247 -2.25247 -2.25163 -2.25163
 -2.20253 -2.20253 -2.20171 -2.20171 -2.20064 -2.20064 -2.19797 -2.19797
 -2.19737 -2.19737 -2.19710 -2.19710 -0.55281 -0.55281 -0.25641 -0.25641
  0.12799  0.12799  0.29052  0.29052  0.40979  0.40979  0.54564  0.54564
  0.55727  0.55727  0.74878  0.74878  1.00293  1.00293  1.08087  1.08087
  1.17266  1.17266  1.27972  1.27972  1.32711  1.32711  1.57905  1.57905
   YP 1(  6  0 36)/ 36     N.O.ENERGY= 48
 -2.25481 -2.25481 -2.25340 -2.25340 -2.25251 -2.25251 -2.25159 -2.25159
 -2.20254 -2.20254 -2.20177 -2.20177 -2.20069 -2.20069 -2.19792 -2.19792
 -2.19731 -2.19731 -2.19705 -2.19705 -0.56946 -0.56946 -0.22558 -0.22558
  0.13210  0.13210  0.30291  0.30291  0.43536  0.43536  0.52391  0.52391
  0.54394  0.54394  0.74501  0.74501  0.98012  0.98012  1.03947  1.03947
  1.19586  1.19586  1.23816  1.23816  1.27406  1.27406  1.54607  1.54607
   YP 1(  6  0 30)/ 36     N.O.ENERGY= 48
 -2.25484 -2.25484 -2.25340 -2.25340 -2.25256 -2.25256 -2.25156 -2.25156
 -2.20256 -2.20256 -2.20184 -2.20184 -2.20074 -2.20074 -2.19786 -2.19786
 -2.19725 -2.19725 -2.19698 -2.19698 -0.58683 -0.58683 -0.18972 -0.18972
  0.14248  0.14248  0.31114  0.31114  0.46215  0.46215  0.49427  0.49427
  0.54305  0.54305  0.73600  0.73600  0.95103  0.95103  1.00683  1.00683
  1.14539  1.14539  1.19122  1.19122  1.32861  1.32861  1.48259  1.48259
   YP 1(  6  0 24)/ 36     N.O.ENERGY= 48
 -2.25488 -2.25488 -2.25342 -2.25342 -2.25262 -2.25262 -2.25154 -2.25154
 -2.20260 -2.20260 -2.20191 -2.20191 -2.20081 -2.20081 -2.19780 -2.19780
 -2.19720 -2.19720 -2.19692 -2.19692 -0.60279 -0.60279 -0.15277 -0.15277
  0.16020  0.16020  0.31311  0.31311  0.45023  0.45023  0.49850  0.49850
  0.55378  0.55378  0.72174  0.72174  0.91809  0.91809  0.98322  0.98322
  1.07578  1.07578  1.17938  1.17938  1.37771  1.37771  1.43212  1.43212
   YP 1(  6  0 18)/ 36     N.O.ENERGY= 48
 -2.25492 -2.25492 -2.25343 -2.25343 -2.25266 -2.25266 -2.25151 -2.25151
 -2.20263 -2.20263 -2.20198 -2.20198 -2.20088 -2.20088 -2.19774 -2.19774
 -2.19714 -2.19714 -2.19686 -2.19686 -0.61608 -0.61608 -0.11816 -0.11816
  0.18607  0.18607  0.30861  0.30861  0.40781  0.40781  0.52886  0.52886
  0.57523  0.57523  0.69976  0.69976  0.88993  0.88993  0.96863  0.96863
  1.01099  1.01099  1.19185  1.19185  1.35850  1.35850  1.37830  1.37830
   YP 1(  6  0 12)/ 36     N.O.ENERGY= 48
 -2.25494 -2.25494 -2.25344 -2.25344 -2.25269 -2.25269 -2.25149 -2.25149
 -2.20266 -2.20266 -2.20202 -2.20202 -2.20093 -2.20093 -2.19769 -2.19769
 -2.19709 -2.19709 -2.19680 -2.19680 -0.62597 -0.62597 -0.08888 -0.08888
  0.21997  0.21997  0.29922  0.29922  0.36181  0.36181  0.55869  0.55869
  0.60463  0.60463  0.66806  0.66806  0.87531  0.87531  0.95836  0.95836
  0.96285  0.96285  1.21801  1.21801  1.30930  1.30930  1.31565  1.31565
   YP 1(  6  0  6)/ 36     N.O.ENERGY= 48
 -2.25496 -2.25496 -2.25345 -2.25345 -2.25271 -2.25271 -2.25149 -2.25149
 -2.20268 -2.20268 -2.20205 -2.20205 -2.20097 -2.20097 -2.19767 -2.19767
 -2.19707 -2.19707 -2.19676 -2.19676 -0.63206 -0.63206 -0.06747 -0.06747
  0.25858  0.25858  0.28793  0.28793  0.31689  0.31689  0.58358  0.58358
  0.62689  0.62689  0.64169  0.64169  0.87280  0.87280  0.92543  0.92543
  0.96548  0.96548  1.24270  1.24270  1.25335  1.25335  1.27111  1.27111
   XP 1(  0 12  0)/ 36     N.O.ENERGY= 48
 -2.25466 -2.25466 -2.25361 -2.25361 -2.25233 -2.25233 -2.25156 -2.25156
 -2.20244 -2.20244 -2.20176 -2.20176 -2.20015 -2.20015 -2.19862 -2.19862
 -2.19757 -2.19757 -2.19682 -2.19682 -0.56063 -0.56063 -0.20923 -0.20923
  0.22866  0.22866  0.26298  0.26298  0.28897  0.28897  0.50967  0.50967
  0.57983  0.57983  0.64441  0.64441  0.85699  0.85699  1.07069  1.07069
  1.13903  1.13903  1.36722  1.36722  1.41638  1.41638  1.59399  1.59399
   XP 1(  0 12  6)/ 36     N.O.ENERGY= 48
 -2.25469 -2.25469 -2.25362 -2.25362 -2.25232 -2.25232 -2.25154 -2.25154
 -2.20250 -2.20250 -2.20173 -2.20173 -2.20016 -2.20016 -2.19863 -2.19863
 -2.19759 -2.19759 -2.19672 -2.19672 -0.55930 -0.55930 -0.19675 -0.19675
  0.20775  0.20775  0.21832  0.21832  0.26674  0.26674  0.55627  0.55627
  0.60233  0.60233  0.68975  0.68975  0.84247  0.84247  1.09522  1.09522
  1.14813  1.14813  1.33808  1.33808  1.37968  1.37968  1.60421  1.60421
   XP 1(  0 12 12)/ 36     N.O.ENERGY= 48
 -2.25471 -2.25471 -2.25362 -2.25362 -2.25230 -2.25230 -2.25152 -2.25152
 -2.20254 -2.20254 -2.20170 -2.20170 -2.20016 -2.20016 -2.19865 -2.19865
 -2.19761 -2.19761 -2.19665 -2.19665 -0.55435 -0.55435 -0.18797 -0.18797
  0.16446  0.16446  0.19821  0.19821  0.24079  0.24079  0.58799  0.58799
  0.63957  0.63957  0.73542  0.73542  0.85332  0.85332  1.12383  1.12383
  1.15271  1.15271  1.31253  1.31253  1.36328  1.36328  1.60919  1.60919
   XP 1(  0 12 18)/ 36     N.O.ENERGY= 48
 -2.25473 -2.25473 -2.25364 -2.25364 -2.25226 -2.25226 -2.25152 -2.25152
 -2.20258 -2.20258 -2.20167 -2.20167 -2.20015 -2.20015 -2.19866 -2.19866
 -2.19763 -2.19763 -2.19660 -2.19660 -0.54603 -0.54603 -0.18513 -0.18513
  0.12006  0.12006  0.18531  0.18531  0.21945  0.21945  0.58902  0.58902
  0.70378  0.70378  0.77544  0.77544  0.87827  0.87827  1.15434  1.15434
  1.15733  1.15733  1.29883  1.29883  1.36817  1.36817  1.59437  1.59437
   XP 1(  0 12 24)/ 36     N.O.ENERGY= 48
 -2.25473 -2.25473 -2.25366 -2.25366 -2.25222 -2.25222 -2.25152 -2.25152
 -2.20259 -2.20259 -2.20164 -2.20164 -2.20014 -2.20014 -2.19867 -2.19867
 -2.19766 -2.19766 -2.19658 -2.19658 -0.53477 -0.53477 -0.19008 -0.19008
  0.08064  0.08064  0.17624  0.17624  0.20637  0.20637  0.58754  0.58754
  0.76873  0.76873  0.80204  0.80204  0.90310  0.90310  1.16666  1.16666
  1.19299  1.19299  1.30411  1.30411  1.38719  1.38719  1.52529  1.52529
   XP 1(  0 12 30)/ 36     N.O.ENERGY= 48
 -2.25473 -2.25473 -2.25369 -2.25369 -2.25218 -2.25218 -2.25154 -2.25154
 -2.20259 -2.20259 -2.20162 -2.20162 -2.20014 -2.20014 -2.19868 -2.19868
 -2.19768 -2.19768 -2.19660 -2.19660 -0.52129 -0.52129 -0.20324 -0.20324
  0.04786  0.04786  0.17135  0.17135  0.20259  0.20259  0.59110  0.59110
  0.80885  0.80885  0.82620  0.82620  0.91784  0.91784  1.19732  1.19732
  1.23466  1.23466  1.33208  1.33208  1.40176  1.40176  1.44419  1.44419
   XP 1(  0 12 36)/ 36     N.O.ENERGY= 48
 -2.25472 -2.25472 -2.25371 -2.25371 -2.25215 -2.25215 -2.25156 -2.25156
 -2.20258 -2.20258 -2.20162 -2.20162 -2.20013 -2.20013 -2.19868 -2.19868
 -2.19769 -2.19769 -2.19665 -2.19665 -0.50667 -0.50667 -0.22291 -0.22291
  0.02266  0.02266  0.17075  0.17075  0.20753  0.20753  0.60128  0.60128
  0.79682  0.79682  0.87015  0.87015  0.92063  0.92063  1.24904  1.24904
  1.27484  1.27484  1.37238  1.37238  1.37783  1.37783  1.38481  1.38481
   XP 1(  0 12 42)/ 36     N.O.ENERGY= 48
 -2.25469 -2.25469 -2.25373 -2.25373 -2.25211 -2.25211 -2.25157 -2.25157
 -2.20254 -2.20254 -2.20161 -2.20161 -2.20012 -2.20012 -2.19865 -2.19865
 -2.19769 -2.19769 -2.19671 -2.19671 -0.49253 -0.49253 -0.24565 -0.24565
  0.00559  0.00559  0.17436  0.17436  0.21973  0.21973  0.61652  0.61652
  0.77121  0.77121  0.89472  0.89472  0.91878  0.91878  1.25900  1.25900
  1.31076  1.31076  1.33352  1.33352  1.37249  1.37249  1.44367  1.44367
   XP 1(  0 12 48)/ 36     N.O.ENERGY= 48
 -2.25466 -2.25466 -2.25374 -2.25374 -2.25208 -2.25208 -2.25161 -2.25161
 -2.20250 -2.20250 -2.20162 -2.20162 -2.20011 -2.20011 -2.19864 -2.19864
 -2.19767 -2.19767 -2.19681 -2.19681 -0.48120 -0.48120 -0.26727 -0.26727
 -0.00284 -0.00284  0.18198  0.18198  0.23758  0.23758  0.63186  0.63186
  0.73775  0.73775  0.89800  0.89800  0.92065  0.92065  1.19835  1.19835
  1.27141  1.27141  1.39474  1.39474  1.40090  1.40090  1.51306  1.51306
   XP 1(  0 12 54)/ 36     N.O.ENERGY= 48
 -2.25462 -2.25462 -2.25375 -2.25375 -2.25207 -2.25207 -2.25162 -2.25162
 -2.20245 -2.20245 -2.20164 -2.20164 -2.20010 -2.20010 -2.19863 -2.19863
 -2.19766 -2.19766 -2.19690 -2.19690 -0.47549 -0.47549 -0.28364 -0.28364
 -0.00200 -0.00200  0.19333  0.19333  0.25988  0.25988  0.63846  0.63846
  0.70050  0.70050  0.90318  0.90318  0.91308  0.91308  1.13526  1.13526
  1.22522  1.22522  1.38864  1.38864  1.48701  1.48701  1.58144  1.58144
   YP 1( 12  0 48)/ 36     N.O.ENERGY= 48
 -2.25460 -2.25460 -2.25375 -2.25375 -2.25208 -2.25208 -2.25165 -2.25165
 -2.20240 -2.20240 -2.20166 -2.20166 -2.20009 -2.20009 -2.19862 -2.19862
 -2.19765 -2.19765 -2.19699 -2.19699 -0.47748 -0.47748 -0.29200 -0.29200
  0.00876  0.00876  0.20784  0.20784  0.28592  0.28592  0.62775  0.62775
  0.66244  0.66244  0.88637  0.88637  0.92835  0.92835  1.07999  1.07999
  1.18684  1.18684  1.38127  1.38127  1.54556  1.54556  1.57729  1.57729
   YP 1( 12  0 42)/ 36     N.O.ENERGY= 48
 -2.25459 -2.25459 -2.25374 -2.25374 -2.25210 -2.25210 -2.25166 -2.25166
 -2.20236 -2.20236 -2.20170 -2.20170 -2.20009 -2.20009 -2.19861 -2.19861
 -2.19763 -2.19763 -2.19706 -2.19706 -0.48673 -0.48673 -0.29226 -0.29226
  0.02974  0.02974  0.22459  0.22459  0.31536  0.31536  0.59982  0.59982
  0.62542  0.62542  0.84028  0.84028  0.97425  0.97425  1.04088  1.04088
  1.15692  1.15692  1.38407  1.38407  1.44690  1.44690  1.66380  1.66380
   YP 1( 12  0 36)/ 36     N.O.ENERGY= 48
 -2.25458 -2.25458 -2.25372 -2.25372 -2.25213 -2.25213 -2.25166 -2.25166
 -2.20232 -2.20232 -2.20173 -2.20173 -2.20008 -2.20008 -2.19861 -2.19861
 -2.19762 -2.19762 -2.19709 -2.19709 -0.50053 -0.50053 -0.28658 -0.28658
  0.06065  0.06065  0.24194  0.24194  0.34801  0.34801  0.56112  0.56112
  0.59143  0.59143  0.77846  0.77846  1.01600  1.01600  1.04039  1.04039
  1.13526  1.13526  1.33292  1.33292  1.40609  1.40609  1.70071  1.70071
   YP 1( 12  0 30)/ 36     N.O.ENERGY= 48
 -2.25457 -2.25457 -2.25370 -2.25370 -2.25219 -2.25219 -2.25165 -2.25165
 -2.20230 -2.20230 -2.20176 -2.20176 -2.20008 -2.20008 -2.19861 -2.19861
 -2.19761 -2.19761 -2.19711 -2.19711 -0.51582 -0.51582 -0.27723 -0.27723
  0.10047  0.10047  0.25731  0.25731  0.38361  0.38361  0.51603  0.51603
  0.56519  0.56519  0.70971  0.70971  1.00712  1.00712  1.11500  1.11500
  1.12144  1.12144  1.23112  1.23112  1.42786  1.42786  1.66768  1.66768
   YP 1( 12  0 24)/ 36     N.O.ENERGY= 48
 -2.25458 -2.25458 -2.25367 -2.25367 -2.25224 -2.25224 -2.25163 -2.25163
 -2.20229 -2.20229 -2.20178 -2.20178 -2.20009 -2.20009 -2.19860 -2.19860
 -2.19759 -2.19759 -2.19709 -2.19709 -0.53037 -0.53037 -0.26562 -0.26562
  0.14736  0.14736  0.26714  0.26714  0.42168  0.42168  0.46756  0.46756
  0.55136  0.55136  0.64114  0.64114  1.00411  1.00411  1.11468  1.11468
  1.13638  1.13638  1.19906  1.19906  1.45616  1.45616  1.62973  1.62973
   YP 1( 12  0 18)/ 36     N.O.ENERGY= 48
 -2.25459 -2.25459 -2.25365 -2.25365 -2.25227 -2.25227 -2.25162 -2.25162
 -2.20230 -2.20230 -2.20180 -2.20180 -2.20011 -2.20011 -2.19860 -2.19860
 -2.19758 -2.19758 -2.19704 -2.19704 -0.54278 -0.54278 -0.25246 -0.25246
  0.19829  0.19829  0.26836  0.26836  0.41772  0.41772  0.46089  0.46089
  0.55308  0.55308  0.57897  0.57897  0.99812  0.99812  1.06015  1.06015
  1.11435  1.11435  1.28554  1.28554  1.48731  1.48731  1.59414  1.59414
   YP 1( 12  0 12)/ 36     N.O.ENERGY= 48
 -2.25461 -2.25461 -2.25363 -2.25363 -2.25231 -2.25231 -2.25160 -2.25160
 -2.20234 -2.20234 -2.20180 -2.20180 -2.20013 -2.20013 -2.19860 -2.19860
 -2.19757 -2.19757 -2.19698 -2.19698 -0.55223 -0.55223 -0.23823 -0.23823
  0.24654  0.24654  0.26133  0.26133  0.36759  0.36759  0.49418  0.49418
  0.53399  0.53399  0.57241  0.57241  0.95349  0.95349  1.03966  1.03966
  1.11937  1.11937  1.35896  1.35896  1.52102  1.52102  1.53217  1.53217
   YP 1( 12  0  6)/ 36     N.O.ENERGY= 48
 -2.25463 -2.25463 -2.25362 -2.25362 -2.25231 -2.25231 -2.25157 -2.25157
 -2.20238 -2.20238 -2.20178 -2.20178 -2.20014 -2.20014 -2.19860 -2.19860
 -2.19756 -2.19756 -2.19690 -2.19690 -0.55826 -0.55826 -0.22351 -0.22351
  0.24571  0.24571  0.28100  0.28100  0.31844  0.31844  0.49193  0.49193
  0.54930  0.54930  0.60386  0.60386  0.89689  0.89689  1.05113  1.05113
  1.12834  1.12834  1.38494  1.38494  1.46821  1.46821  1.57837  1.57837
   XP 1(  0 18  0)/ 36     N.O.ENERGY= 48
 -2.25447 -2.25447 -2.25376 -2.25376 -2.25205 -2.25205 -2.25169 -2.25169
 -2.20230 -2.20230 -2.20149 -2.20149 -2.19959 -2.19959 -2.19927 -2.19927
 -2.19782 -2.19782 -2.19706 -2.19706 -0.46007 -0.46007 -0.34330 -0.34330
  0.14571  0.14571  0.21437  0.21437  0.29504  0.29504  0.55670  0.55670
  0.61369  0.61369  0.62281  0.62281  0.90558  0.90558  1.25800  1.25800
  1.34204  1.34204  1.35177  1.35177  1.43815  1.43815  1.46592  1.46592
   XP 1(  0 18  6)/ 36     N.O.ENERGY= 48
 -2.25452 -2.25452 -2.25378 -2.25378 -2.25204 -2.25204 -2.25165 -2.25165
 -2.20236 -2.20236 -2.20149 -2.20149 -2.19961 -2.19961 -2.19925 -2.19925
 -2.19783 -2.19783 -2.19694 -2.19694 -0.46044 -0.46044 -0.32586 -0.32586
  0.10266  0.10266  0.19622  0.19622  0.25630  0.25630  0.58750  0.58750
  0.65898  0.65898  0.69960  0.69960  0.86701  0.86701  1.26212  1.26212
  1.35141  1.35141  1.36090  1.36090  1.44326  1.44326  1.56669  1.56669
   XP 1(  0 18 12)/ 36     N.O.ENERGY= 48
 -2.25455 -2.25455 -2.25379 -2.25379 -2.25201 -2.25201 -2.25162 -2.25162
 -2.20242 -2.20242 -2.20150 -2.20150 -2.19961 -2.19961 -2.19924 -2.19924
 -2.19781 -2.19781 -2.19683 -2.19683 -0.45970 -0.45970 -0.30742 -0.30742
  0.06583  0.06583  0.17928  0.17928  0.22070  0.22070  0.59885  0.59885
  0.70813  0.70813  0.77859  0.77859  0.85885  0.85885  1.26764  1.26764
  1.34726  1.34726  1.37599  1.37599  1.44066  1.44066  1.59137  1.59137
   XP 1(  0 18 18)/ 36     N.O.ENERGY= 48
 -2.25459 -2.25459 -2.25381 -2.25381 -2.25200 -2.25200 -2.25159 -2.25159
 -2.20248 -2.20248 -2.20152 -2.20152 -2.19962 -2.19962 -2.19924 -2.19924
 -2.19781 -2.19781 -2.19672 -2.19672 -0.45812 -0.45812 -0.29000 -0.29000
  0.03712  0.03712  0.16459  0.16459  0.18953  0.18953  0.59200  0.59200
  0.75782  0.75782  0.85464  0.85464  0.87829  0.87829  1.27636  1.27636
  1.32492  1.32492  1.38930  1.38930  1.44305  1.44305  1.57624  1.57624
   XP 1(  0 18 24)/ 36     N.O.ENERGY= 48
 -2.25463 -2.25463 -2.25382 -2.25382 -2.25201 -2.25201 -2.25157 -2.25157
 -2.20253 -2.20253 -2.20152 -2.20152 -2.19963 -2.19963 -2.19925 -2.19925
 -2.19782 -2.19782 -2.19664 -2.19664 -0.45625 -0.45625 -0.27569 -0.27569
  0.01751  0.01751  0.15159  0.15159  0.16587  0.16587  0.57832  0.57832
  0.80326  0.80326  0.90949  0.90949  0.92164  0.92164  1.28789  1.28789
  1.29276  1.29276  1.39586  1.39586  1.45886  1.45886  1.52461  1.52461
   XP 1(  0 18 30)/ 36     N.O.ENERGY= 48
 -2.25465 -2.25465 -2.25382 -2.25382 -2.25200 -2.25200 -2.25155 -2.25155
 -2.20256 -2.20256 -2.20153 -2.20153 -2.19961 -2.19961 -2.19926 -2.19926
 -2.19781 -2.19781 -2.19659 -2.19659 -0.45476 -0.45476 -0.26634 -0.26634
  0.00673  0.00673  0.13921  0.13921  0.15403  0.15403  0.56723  0.56723
  0.83702  0.83702  0.93784  0.93784  0.96822  0.96822  1.25908  1.25908
  1.31416  1.31416  1.38290  1.38290  1.48270  1.48270  1.49649  1.49649
   F  1(  0 18 36)/ 36     N.O.ENERGY= 48
 -2.25466 -2.25466 -2.25382 -2.25382 -2.25200 -2.25200 -2.25154 -2.25154
 -2.20257 -2.20257 -2.20152 -2.20152 -2.19961 -2.19961 -2.19926 -2.19926
 -2.19781 -2.19781 -2.19657 -2.19657 -0.45418 -0.45418 -0.26310 -0.26310
  0.00342  0.00342  0.13376  0.13376  0.15089  0.15089  0.56313  0.56313
  0.84990  0.84990  0.94921  0.94921  0.98521  0.98521  1.24681  1.24681
  1.34807  1.34807  1.34824  1.34824  1.49909  1.49909  1.50378  1.50378
   YP 1( 18  0  6)/ 36     N.O.ENERGY= 48
 -2.25442 -2.25442 -2.25375 -2.25375 -2.25204 -2.25204 -2.25172 -2.25172
 -2.20223 -2.20223 -2.20149 -2.20149 -2.19955 -2.19955 -2.19929 -2.19929
 -2.19780 -2.19780 -2.19716 -2.19716 -0.45878 -0.45878 -0.35789 -0.35789
  0.19160  0.19160  0.23160  0.23160  0.33640  0.33640  0.51456  0.51456
  0.55198  0.55198  0.57678  0.57678  0.96660  0.96660  1.24934  1.24934
  1.32779  1.32779  1.34845  1.34845  1.36821  1.36821  1.42852  1.42852
   YP 1( 18  0 12)/ 36     N.O.ENERGY= 48
 -2.25440 -2.25440 -2.25374 -2.25374 -2.25204 -2.25204 -2.25174 -2.25174
 -2.20219 -2.20219 -2.20148 -2.20148 -2.19951 -2.19951 -2.19932 -2.19932
 -2.19778 -2.19778 -2.19723 -2.19723 -0.45729 -0.45729 -0.36777 -0.36777
  0.23280  0.23280  0.24458  0.24458  0.37992  0.37992  0.46893  0.46893
  0.49559  0.49559  0.55126  0.55126  1.04208  1.04208  1.20911  1.20911
  1.30877  1.30877  1.31650  1.31650  1.34689  1.34689  1.42039  1.42039
   L  1( 18  0 18)/ 36     N.O.ENERGY= 48
 -2.25439 -2.25439 -2.25374 -2.25374 -2.25204 -2.25204 -2.25174 -2.25174
 -2.20218 -2.20218 -2.20148 -2.20148 -2.19950 -2.19950 -2.19933 -2.19933
 -2.19778 -2.19778 -2.19726 -2.19726 -0.45661 -0.45661 -0.37131 -0.37131
  0.24944  0.24944  0.25172  0.25172  0.42415  0.42415  0.42510  0.42510
  0.47025  0.47025  0.54210  0.54210  1.11521  1.11521  1.13974  1.13974
  1.29802  1.29802  1.31178  1.31178  1.34647  1.34647  1.41730  1.41730
   SM 1(  6  6  0)/ 36     N.O.ENERGY= 48
 -2.25474 -2.25474 -2.25356 -2.25356 -2.25244 -2.25244 -2.25151 -2.25151
 -2.20251 -2.20251 -2.20184 -2.20184 -2.20040 -2.20040 -2.19832 -2.19832
 -2.19743 -2.19743 -2.19676 -2.19676 -0.58454 -0.58454 -0.16105 -0.16105
  0.17578  0.17578  0.31450  0.31450  0.32412  0.32412  0.51114  0.51114
  0.55082  0.55082  0.70462  0.70462  0.83760  0.83760  1.00175  1.00175
  1.15447  1.15447  1.17852  1.17852  1.43783  1.43783  1.55370  1.55370
   GN 1(  6  6  6)/ 36     N.O.ENERGY= 48
 -2.25474 -2.25474 -2.25356 -2.25356 -2.25243 -2.25243 -2.25152 -2.25152
 -2.20251 -2.20251 -2.20184 -2.20184 -2.20040 -2.20040 -2.19833 -2.19833
 -2.19745 -2.19745 -2.19676 -2.19676 -0.58260 -0.58260 -0.16355 -0.16355
  0.17659  0.17659  0.27898  0.27898  0.33957  0.33957  0.51741  0.51741
  0.57227  0.57227  0.69975  0.69975  0.83465  0.83465  1.01116  1.01116
  1.15526  1.15526  1.19214  1.19214  1.42233  1.42233  1.55682  1.55682
   GN 1(  6  6 12)/ 36     N.O.ENERGY= 48
 -2.25474 -2.25474 -2.25358 -2.25358 -2.25241 -2.25241 -2.25153 -2.25153
 -2.20252 -2.20252 -2.20182 -2.20182 -2.20039 -2.20039 -2.19835 -2.19835
 -2.19748 -2.19748 -2.19677 -2.19677 -0.57687 -0.57687 -0.17090 -0.17090
  0.17605  0.17605  0.23449  0.23449  0.33576  0.33576  0.54604  0.54604
  0.61607  0.61607  0.68748  0.68748  0.82720  0.82720  1.04031  1.04031
  1.15844  1.15844  1.22817  1.22817  1.38952  1.38952  1.55376  1.55376
   GN 1(  6  6 18)/ 36     N.O.ENERGY= 48
 -2.25473 -2.25473 -2.25359 -2.25359 -2.25238 -2.25238 -2.25154 -2.25154
 -2.20252 -2.20252 -2.20178 -2.20178 -2.20036 -2.20036 -2.19836 -2.19836
 -2.19753 -2.19753 -2.19678 -2.19678 -0.56756 -0.56756 -0.18272 -0.18272
  0.16153  0.16153  0.20157  0.20157  0.32644  0.32644  0.58723  0.58723
  0.65506  0.65506  0.68234  0.68234  0.82169  0.82169  1.08738  1.08738
  1.16576  1.16576  1.27529  1.27529  1.35535  1.35535  1.47392  1.47392
   GN 1(  6  6 24)/ 36     N.O.ENERGY= 48
 -2.25473 -2.25473 -2.25360 -2.25360 -2.25234 -2.25234 -2.25155 -2.25155
 -2.20251 -2.20251 -2.20175 -2.20175 -2.20034 -2.20034 -2.19838 -2.19838
 -2.19757 -2.19757 -2.19680 -2.19680 -0.55509 -0.55509 -0.19850 -0.19850
  0.12844  0.12844  0.18449  0.18449  0.32673  0.32673  0.61544  0.61544
  0.65871  0.65871  0.71933  0.71933  0.82935  0.82935  1.14063  1.14063
  1.18607  1.18607  1.28758  1.28758  1.34858  1.34858  1.41489  1.41489
   GN 1(  6  6 30)/ 36     N.O.ENERGY= 48
 -2.25471 -2.25471 -2.25362 -2.25362 -2.25228 -2.25228 -2.25156 -2.25156
 -2.20250 -2.20250 -2.20171 -2.20171 -2.20032 -2.20032 -2.19839 -2.19839
 -2.19759 -2.19759 -2.19683 -2.19683 -0.54020 -0.54020 -0.21742 -0.21742
  0.09567  0.09567  0.16748  0.16748  0.33947  0.33947  0.60098  0.60098
  0.69107  0.69107  0.74955  0.74955  0.85937  0.85937  1.17074  1.17074
  1.23080  1.23080  1.24817  1.24817  1.34532  1.34532  1.44342  1.44342
   GN 1(  6  6 36)/ 36     N.O.ENERGY= 48
 -2.25470 -2.25470 -2.25364 -2.25364 -2.25224 -2.25224 -2.25159 -2.25159
 -2.20249 -2.20249 -2.20168 -2.20168 -2.20030 -2.20030 -2.19840 -2.19840
 -2.19761 -2.19761 -2.19688 -2.19688 -0.52411 -0.52411 -0.23795 -0.23795
  0.06985  0.06985  0.14994  0.14994  0.36024  0.36024  0.57488  0.57488
  0.72765  0.72765  0.76928  0.76928  0.90246  0.90246  1.16234  1.16234
  1.19630  1.19630  1.31992  1.31992  1.35229  1.35229  1.50727  1.50727
   GN 1(  6  6 42)/ 36     N.O.ENERGY= 48
 -2.25469 -2.25469 -2.25366 -2.25366 -2.25220 -2.25220 -2.25161 -2.25161
 -2.20248 -2.20248 -2.20166 -2.20166 -2.20029 -2.20029 -2.19841 -2.19841
 -2.19761 -2.19761 -2.19693 -2.19693 -0.50880 -0.50880 -0.25742 -0.25742
  0.05205  0.05205  0.13512  0.13512  0.38381  0.38381  0.54832  0.54832
  0.75838  0.75838  0.78584  0.78584  0.94218  0.94218  1.09889  1.09889
  1.23006  1.23006  1.35127  1.35127  1.42259  1.42259  1.52737  1.52737
   GN 1(  6  6 48)/ 36     N.O.ENERGY= 48
 -2.25468 -2.25468 -2.25367 -2.25367 -2.25217 -2.25217 -2.25162 -2.25162
 -2.20247 -2.20247 -2.20165 -2.20165 -2.20029 -2.20029 -2.19841 -2.19841
 -2.19760 -2.19760 -2.19697 -2.19697 -0.49726 -0.49726 -0.27196 -0.27196
  0.04186  0.04186  0.12536  0.12536  0.40453  0.40453  0.52627  0.52627
  0.78040  0.78040  0.79836  0.79836  0.97289  0.97289  1.04619  1.04619
  1.27819  1.27819  1.38351  1.38351  1.44896  1.44896  1.48066  1.48066
   B  1(  6  6 54)/ 36     N.O.ENERGY= 48
 -2.25468 -2.25468 -2.25368 -2.25368 -2.25216 -2.25216 -2.25162 -2.25162
 -2.20247 -2.20247 -2.20164 -2.20164 -2.20028 -2.20028 -2.19842 -2.19842
 -2.19759 -2.19759 -2.19699 -2.19699 -0.49286 -0.49286 -0.27745 -0.27745
  0.03857  0.03857  0.12196  0.12196  0.41367  0.41367  0.51678  0.51678
  0.78898  0.78898  0.80300  0.80300  0.99439  0.99439  1.01511  1.01511
  1.31399  1.31399  1.40410  1.40410  1.42015  1.42015  1.45343  1.45343
   GN 1(  6 12  0)/ 36     N.O.ENERGY= 48
 -2.25452 -2.25452 -2.25367 -2.25367 -2.25217 -2.25217 -2.25158 -2.25158
 -2.20238 -2.20238 -2.20133 -2.20133 -2.20005 -2.20005 -2.19885 -2.19885
 -2.19784 -2.19784 -2.19699 -2.19699 -0.49154 -0.49154 -0.29339 -0.29339
  0.10330  0.10330  0.23265  0.23265  0.33299  0.33299  0.50834  0.50834
  0.56158  0.56158  0.73820  0.73820  0.92658  0.92658  1.10049  1.10049
  1.23108  1.23108  1.37272  1.37272  1.44533  1.44533  1.58387  1.58387
   GN 1(  6 12  6)/ 36     N.O.ENERGY= 48
 -2.25455 -2.25455 -2.25369 -2.25369 -2.25217 -2.25217 -2.25157 -2.25157
 -2.20241 -2.20241 -2.20134 -2.20134 -2.20005 -2.20005 -2.19886 -2.19886
 -2.19785 -2.19785 -2.19693 -2.19693 -0.49084 -0.49084 -0.28392 -0.28392
  0.09106  0.09106  0.19637  0.19637  0.31793  0.31793  0.52297  0.52297
  0.62655  0.62655  0.73804  0.73804  0.91048  0.91048  1.13644  1.13644
  1.22390  1.22390  1.35240  1.35240  1.45270  1.45270  1.65822  1.65822
   GN 1(  6 12 12)/ 36     N.O.ENERGY= 48
 -2.25457 -2.25457 -2.25370 -2.25370 -2.25215 -2.25215 -2.25156 -2.25156
 -2.20245 -2.20245 -2.20135 -2.20135 -2.20004 -2.20004 -2.19885 -2.19885
 -2.19786 -2.19786 -2.19687 -2.19687 -0.48720 -0.48720 -0.27662 -0.27662
  0.07825  0.07825  0.16879  0.16879  0.28191  0.28191  0.56243  0.56243
  0.69457  0.69457  0.72907  0.72907  0.90015  0.90015  1.18179  1.18179
  1.22594  1.22594  1.34268  1.34268  1.46007  1.46007  1.56453  1.56453
   GN 1(  6 12 18)/ 36     N.O.ENERGY= 48
 -2.25459 -2.25459 -2.25372 -2.25372 -2.25213 -2.25213 -2.25154 -2.25154
 -2.20248 -2.20248 -2.20136 -2.20136 -2.20003 -2.20003 -2.19885 -2.19885
 -2.19787 -2.19787 -2.19681 -2.19681 -0.48092 -0.48092 -0.27238 -0.27238
  0.06052  0.06052  0.15862  0.15862  0.23819  0.23819  0.61111  0.61111
  0.71342  0.71342  0.76925  0.76925  0.88424  0.88424  1.22467  1.22467
  1.25070  1.25070  1.33964  1.33964  1.45745  1.45745  1.49418  1.49418
   GN 1(  6 12 24)/ 36     N.O.ENERGY= 48
 -2.25461 -2.25461 -2.25374 -2.25374 -2.25211 -2.25211 -2.25153 -2.25153
 -2.20250 -2.20250 -2.20137 -2.20137 -2.20003 -2.20003 -2.19885 -2.19885
 -2.19788 -2.19788 -2.19677 -2.19677 -0.47255 -0.47255 -0.27168 -0.27168
  0.03898  0.03898  0.16593  0.16593  0.19476  0.19476  0.64939  0.64939
  0.72192  0.72192  0.82927  0.82927  0.86210  0.86210  1.24878  1.24878
  1.29708  1.29708  1.34285  1.34285  1.41497  1.41497  1.49368  1.49368
   GN 1(  6 12 30)/ 36     N.O.ENERGY= 48
 -2.25461 -2.25461 -2.25376 -2.25376 -2.25208 -2.25208 -2.25154 -2.25154
 -2.20251 -2.20251 -2.20139 -2.20139 -2.20003 -2.20003 -2.19884 -2.19884
 -2.19787 -2.19787 -2.19676 -2.19676 -0.46280 -0.46280 -0.27462 -0.27462
  0.01918  0.01918  0.15221  0.15221  0.18890  0.18890  0.66018  0.66018
  0.75357  0.75357  0.83406  0.83406  0.88710  0.88710  1.23937  1.23937
  1.32161  1.32161  1.36605  1.36605  1.41522  1.41522  1.51946  1.51946
   GN 1(  6 12 36)/ 36     N.O.ENERGY= 48
 -2.25461 -2.25461 -2.25378 -2.25378 -2.25206 -2.25206 -2.25154 -2.25154
 -2.20251 -2.20251 -2.20140 -2.20140 -2.20003 -2.20003 -2.19883 -2.19883
 -2.19786 -2.19786 -2.19677 -2.19677 -0.45266 -0.45266 -0.28098 -0.28098
  0.00500  0.00500  0.11854  0.11854  0.21783  0.21783  0.65852  0.65852
  0.75578  0.75578  0.85300  0.85300  0.92183  0.92183  1.19487  1.19487
  1.34303  1.34303  1.36843  1.36843  1.48195  1.48195  1.52746  1.52746
   GN 1(  6 12 42)/ 36     N.O.ENERGY= 48
 -2.25460 -2.25460 -2.25379 -2.25379 -2.25204 -2.25204 -2.25155 -2.25155
 -2.20249 -2.20249 -2.20141 -2.20141 -2.20003 -2.20003 -2.19882 -2.19882
 -2.19785 -2.19785 -2.19680 -2.19680 -0.44326 -0.44326 -0.29034 -0.29034
 -0.00140 -0.00140  0.09254  0.09254  0.25256  0.25256  0.64603  0.64603
  0.73744  0.73744  0.89848  0.89848  0.93641  0.93641  1.14351  1.14351
  1.33523  1.33523  1.39664  1.39664  1.48647  1.48647  1.56522  1.56522
   GN 1(  6 12 48)/ 36     N.O.ENERGY= 48
 -2.25458 -2.25458 -2.25380 -2.25380 -2.25203 -2.25203 -2.25156 -2.25156
 -2.20247 -2.20247 -2.20141 -2.20141 -2.20004 -2.20004 -2.19880 -2.19880
 -2.19783 -2.19783 -2.19685 -2.19685 -0.43580 -0.43580 -0.30188 -0.30188
  0.00129  0.00129  0.07566  0.07566  0.28986  0.28986  0.61511  0.61511
  0.73598  0.73598  0.92579  0.92579  0.93935  0.93935  1.09179  1.09179
  1.33112  1.33112  1.40956  1.40956  1.48224  1.48224  1.56094  1.56094
   GN 1(  6 18 18)/ 36     N.O.ENERGY= 48
 -2.25457 -2.25457 -2.25380 -2.25380 -2.25203 -2.25203 -2.25157 -2.25157
 -2.20244 -2.20244 -2.20141 -2.20141 -2.20004 -2.20004 -2.19879 -2.19879
 -2.19782 -2.19782 -2.19691 -2.19691 -0.43146 -0.43146 -0.31421 -0.31421
  0.01376  0.01376  0.06811  0.06811  0.32614  0.32614  0.57442  0.57442
  0.74936  0.74936  0.89831  0.89831  0.95597  0.95597  1.04640  1.04640
  1.34128  1.34128  1.40177  1.40177  1.50161  1.50161  1.55511  1.55511
   GN 1( 12  6 48)/ 36     N.O.ENERGY= 48
 -2.25454 -2.25454 -2.25380 -2.25380 -2.25204 -2.25204 -2.25159 -2.25159
 -2.20241 -2.20241 -2.20140 -2.20140 -2.20005 -2.20005 -2.19878 -2.19878
 -2.19781 -2.19781 -2.19697 -2.19697 -0.43121 -0.43121 -0.32536 -0.32536
  0.03607  0.03607  0.06929  0.06929  0.35532  0.35532  0.53787  0.53787
  0.76499  0.76499  0.84822  0.84822  0.95661  0.95661  1.01898  1.01898
  1.35791  1.35791  1.39256  1.39256  1.51829  1.51829  1.56621  1.56621
   GN 1( 12  6 42)/ 36     N.O.ENERGY= 48
 -2.25452 -2.25452 -2.25378 -2.25378 -2.25205 -2.25205 -2.25160 -2.25160
 -2.20238 -2.20238 -2.20139 -2.20139 -2.20006 -2.20006 -2.19877 -2.19877
 -2.19783 -2.19783 -2.19702 -2.19702 -0.43553 -0.43553 -0.33325 -0.33325
  0.06744  0.06744  0.07813  0.07813  0.36600  0.36600  0.52052  0.52052
  0.76716  0.76716  0.78403  0.78403  0.95706  0.95706  1.01290  1.01290
  1.35738  1.35738  1.39353  1.39353  1.51722  1.51722  1.56603  1.56603
   GN 1( 12  6 36)/ 36     N.O.ENERGY= 48
 -2.25451 -2.25451 -2.25376 -2.25376 -2.25208 -2.25208 -2.25162 -2.25162
 -2.20236 -2.20236 -2.20137 -2.20137 -2.20006 -2.20006 -2.19877 -2.19877
 -2.19786 -2.19786 -2.19706 -2.19706 -0.44385 -0.44385 -0.33670 -0.33670
  0.09193  0.09193  0.10758  0.10758  0.35161  0.35161  0.53106  0.53106
  0.70875  0.70875  0.75328  0.75328  0.96291  0.96291  1.03395  1.03395
  1.34056  1.34056  1.39769  1.39769  1.42965  1.42965  1.60646  1.60646
   GN 1( 12  6 30)/ 36     N.O.ENERGY= 48
 -2.25449 -2.25449 -2.25374 -2.25374 -2.25210 -2.25210 -2.25162 -2.25162
 -2.20234 -2.20234 -2.20135 -2.20135 -2.20006 -2.20006 -2.19877 -2.19877
 -2.19787 -2.19787 -2.19709 -2.19709 -0.45455 -0.45455 -0.33574 -0.33574
  0.10945  0.10945  0.15319  0.15319  0.32536  0.32536  0.55786  0.55786
  0.63698  0.63698  0.72150  0.72150  0.96728  0.96728  1.08447  1.08447
  1.30730  1.30730  1.34313  1.34313  1.40353  1.40353  1.63867  1.63867
   GN 1( 12  6 24)/ 36     N.O.ENERGY= 48
 -2.25448 -2.25448 -2.25371 -2.25371 -2.25213 -2.25213 -2.25162 -2.25162
 -2.20233 -2.20233 -2.20133 -2.20133 -2.20006 -2.20006 -2.19878 -2.19878
 -2.19788 -2.19788 -2.19710 -2.19710 -0.46572 -0.46572 -0.33115 -0.33115
  0.12543  0.12543  0.20194  0.20194  0.30260  0.30260  0.56677  0.56677
  0.58923  0.58923  0.68758  0.68758  0.97231  0.97231  1.15095  1.15095
  1.22676  1.22676  1.31864  1.31864  1.40691  1.40691  1.59359  1.59359
   GN 1( 12  6 18)/ 36     N.O.ENERGY= 48
 -2.25448 -2.25448 -2.25369 -2.25369 -2.25215 -2.25215 -2.25162 -2.25162
 -2.20233 -2.20233 -2.20132 -2.20132 -2.20006 -2.20006 -2.19879 -2.19879
 -2.19788 -2.19788 -2.19710 -2.19710 -0.47582 -0.47582 -0.32376 -0.32376
  0.13321  0.13321  0.24711  0.24711  0.29409  0.29409  0.51411  0.51411
  0.59269  0.59269  0.67529  0.67529  0.97797  0.97797  1.14532  1.14532
  1.21850  1.21850  1.32176  1.32176  1.41174  1.41174  1.53416  1.53416
   GN 1( 12  6 12)/ 36     N.O.ENERGY= 48
 -2.25449 -2.25449 -2.25368 -2.25368 -2.25217 -2.25217 -2.25161 -2.25161
 -2.20234 -2.20234 -2.20132 -2.20132 -2.20006 -2.20006 -2.19881 -2.19881
 -2.19786 -2.19786 -2.19708 -2.19708 -0.48384 -0.48384 -0.31439 -0.31439
  0.12888  0.12888  0.27357  0.27357  0.30366  0.30366  0.48764  0.48764
  0.56388  0.56388  0.69618  0.69618  0.97617  0.97617  1.09205  1.09205
  1.24294  1.24294  1.37247  1.37247  1.41860  1.41860  1.48205  1.48205
   GN 1( 12  6  6)/ 36     N.O.ENERGY= 48
 -2.25451 -2.25451 -2.25367 -2.25367 -2.25218 -2.25218 -2.25160 -2.25160
 -2.20236 -2.20236 -2.20132 -2.20132 -2.20006 -2.20006 -2.19883 -2.19883
 -2.19785 -2.19785 -2.19704 -2.19704 -0.48919 -0.48919 -0.30393 -0.30393
  0.11681  0.11681  0.26513  0.26513  0.32237  0.32237  0.50361  0.50361
  0.53243  0.53243  0.72226  0.72226  0.95404  0.95404  1.08029  1.08029
  1.23984  1.23984  1.39741  1.39741  1.44190  1.44190  1.48626  1.48626
   SM 1( 12 12  0)/ 36     N.O.ENERGY= 48
 -2.25452 -2.25452 -2.25374 -2.25374 -2.25211 -2.25211 -2.25154 -2.25154
 -2.20242 -2.20242 -2.20090 -2.20090 -2.20050 -2.20050 -2.19857 -2.19857
 -2.19805 -2.19805 -2.19705 -2.19705 -0.38850 -0.38850 -0.37616 -0.37616
  0.01086  0.01086  0.20779  0.20779  0.21814  0.21814  0.63406  0.63406
  0.64902  0.64902  0.88314  0.88314  0.93557  0.93557  1.03865  1.03865
  1.20095  1.20095  1.39216  1.39216  1.59997  1.59997  1.61356  1.61356
   GN 1( 12 12  6)/ 36     N.O.ENERGY= 48
 -2.25451 -2.25451 -2.25373 -2.25373 -2.25211 -2.25211 -2.25154 -2.25154
 -2.20241 -2.20241 -2.20090 -2.20090 -2.20050 -2.20050 -2.19857 -2.19857
 -2.19805 -2.19805 -2.19704 -2.19704 -0.38807 -0.38807 -0.37666 -0.37666
  0.01348  0.01348  0.17424  0.17424  0.25564  0.25564  0.58232  0.58232
  0.70283  0.70283  0.87407  0.87407  0.94015  0.94015  1.02814  1.02814
  1.21496  1.21496  1.40270  1.40270  1.51795  1.51795  1.61558  1.61558
   GN 1( 12 12 12)/ 36     N.O.ENERGY= 48
 -2.25451 -2.25451 -2.25373 -2.25373 -2.25211 -2.25211 -2.25153 -2.25153
 -2.20241 -2.20241 -2.20090 -2.20090 -2.20049 -2.20049 -2.19856 -2.19856
 -2.19805 -2.19805 -2.19704 -2.19704 -0.38707 -0.38707 -0.37779 -0.37779
  0.01942  0.01942  0.14596  0.14596  0.29353  0.29353  0.53442  0.53442
  0.76024  0.76024  0.84907  0.84907  0.95161  0.95161  1.00572  1.00572
  1.24759  1.24759  1.42410  1.42410  1.44680  1.44680  1.56743  1.56743
   Y  1( 12 12 18)/ 36     N.O.ENERGY= 48
 -2.25451 -2.25451 -2.25373 -2.25373 -2.25210 -2.25210 -2.25153 -2.25153
 -2.20241 -2.20241 -2.20090 -2.20090 -2.20049 -2.20049 -2.19856 -2.19856
 -2.19804 -2.19804 -2.19704 -2.19704 -0.38648 -0.38648 -0.37845 -0.37845
  0.02285  0.02285  0.13492  0.13492  0.31071  0.31071  0.51384  0.51384
  0.80733  0.80733  0.81327  0.81327  0.96145  0.96145  0.99073  0.99073
  1.27003  1.27003  1.40078  1.40078  1.45348  1.45348  1.53963  1.53963
