1POTENTIAL OF ATOM  1  As (SPIN=1)
                 327
  0.0000000000000000D+00 -0.6596710873336346D+02 -0.6596610031098346D+02
 -0.6596506068434698D+02 -0.6596398932026443D+02 -0.6596288501770640D+02
 -0.6596174685922833D+02 -0.6596057376971368D+02 -0.6595936468854762D+02
 -0.6595811850572730D+02 -0.6595683408271533D+02 -0.6595551024409806D+02
 -0.6595414577880112D+02 -0.6595273943828018D+02 -0.6595128993556321D+02
 -0.6594979594400316D+02 -0.6594825609606613D+02 -0.6594666898205985D+02
 -0.6594503314882867D+02 -0.6594334709840635D+02 -0.6594160928662679D+02
 -0.6593981812169152D+02 -0.6593797196269239D+02 -0.6593606911808789D+02
 -0.6593410784413194D+02 -0.6593208634325366D+02 -0.6593000276238591D+02
 -0.6592785519124212D+02 -0.6592564166053880D+02 -0.6592336014016246D+02
 -0.6592100853727905D+02 -0.6591858469438431D+02 -0.6591608638729288D+02
 -0.6591351132306437D+02 -0.6591085713786461D+02 -0.6590812139475970D+02
 -0.6590530158144082D+02 -0.6590239510787802D+02 -0.6589939930390013D+02
 -0.6589631141669906D+02 -0.6589312860825574D+02 -0.6588984795268541D+02
 -0.6588646643349975D+02 -0.6588298094078336D+02 -0.6587938826828160D+02
 -0.6587568511039747D+02 -0.6587186805909442D+02 -0.6586793360070243D+02
 -0.6586387811262398D+02 -0.6585969785993754D+02 -0.6585538899189477D+02
 -0.6585094753830853D+02 -0.6584636940582837D+02 -0.6584165037410023D+02
 -0.6583678609180657D+02 -0.6583177207258369D+02 -0.6582660369081226D+02
 -0.6582127617727792D+02 -0.6581578461469742D+02 -0.6581012393310679D+02
 -0.6580428890510771D+02 -0.6579827414096775D+02 -0.6579207408357027D+02
 -0.6578568300321029D+02 -0.6577909499223129D+02 -0.6577230395949940D+02
 -0.6576530362470974D+02 -0.6575808751252134D+02 -0.6575064894651516D+02
 -0.6574298104297144D+02 -0.6573507670446135D+02 -0.6572692861324829D+02
 -0.6571852922449446D+02 -0.6570987075926760D+02 -0.6570094519734377D+02
 -0.6569174426980095D+02 -0.6568225945139936D+02 -0.6567248195274337D+02
 -0.6566240271222122D+02 -0.6565201238771736D+02 -0.6564130134809371D+02
 -0.6563025966443524D+02 -0.6561887710105628D+02 -0.6560714310626318D+02
 -0.6559504680287037D+02 -0.6558257697846608D+02 -0.6556972207542455D+02
 -0.6555647018066267D+02 -0.6554280901513788D+02 -0.6552872592308609D+02
 -0.6551420786099794D+02 -0.6549924138633254D+02 -0.6548381264596838D+02
 -0.6546790736439193D+02 -0.6545151083162486D+02 -0.6543460789089184D+02
 -0.6541718292603173D+02 -0.6539921984865595D+02 -0.6538070208505852D+02
 -0.6536161256288418D+02 -0.6534193369756116D+02 -0.6532164737850759D+02
 -0.6530073495512102D+02 -0.6527917722256298D+02 -0.6525695440735120D+02
 -0.6523404615277485D+02 -0.6521043150414950D+02 -0.6518608889393033D+02
 -0.6516099612670503D+02 -0.6513513036408943D+02 -0.6510846810955194D+02
 -0.6508098519319456D+02 -0.6505265675652210D+02 -0.6502345723723295D+02
 -0.6499336035406839D+02 -0.6496233909176041D+02 -0.6493036568612077D+02
 -0.6489741160931806D+02 -0.6486344755539211D+02 -0.6482844342605941D+02
 -0.6479236831686583D+02 -0.6475519050374727D+02 -0.6471687743006204D+02
 -0.6467739569416253D+02 -0.6463671103757687D+02 -0.6459478833387546D+02
 -0.6455159157829961D+02 -0.6450708387823349D+02 -0.6446122744460273D+02
 -0.6441398358428620D+02 -0.6436531269362925D+02 -0.6431517425314894D+02
 -0.6426352682352235D+02 -0.6421032804294950D+02 -0.6415553462598299D+02
 -0.6409910236391569D+02 -0.6404098612681506D+02 -0.6398113986729000D+02
 -0.6391951662607237D+02 -0.6385606853948887D+02 -0.6379074684889363D+02
 -0.6372350191212162D+02 -0.6365428321701405D+02 -0.6358303939705431D+02
 -0.6350971824913898D+02 -0.6343426675349269D+02 -0.6335663109571645D+02
 -0.6327675669093976D+02 -0.6319458821002217D+02 -0.6311006960772639D+02
 -0.6302314415275568D+02 -0.6293375445951951D+02 -0.6284184252145795D+02
 -0.6274734974572196D+02 -0.6265021698896955D+02 -0.6255038459400047D+02
 -0.6244779242691319D+02 -0.6234237991442964D+02 -0.6223408608099092D+02
 -0.6212284958518622D+02 -0.6200860875504993D+02 -0.6189130162172029D+02
 -0.6177086595092520D+02 -0.6164723927173642D+02 -0.6152035890201720D+02
 -0.6139016196998047D+02 -0.6125658543127914D+02 -0.6111956608106721D+02
 -0.6097904056050480D+02 -0.6083494535723276D+02 -0.6068721679941778D+02
 -0.6053579104306833D+02 -0.6038060405245029D+02 -0.6022159157359023D+02
 -0.6005868910104741D+02 -0.5989183183836760D+02 -0.5972095465290094D+02
 -0.5954599202597877D+02 -0.5936687799979855D+02 -0.5918354612276234D+02
 -0.5899592939545100D+02 -0.5880396021989009D+02 -0.5860757035526434D+02
 -0.5840669088375954D+02 -0.5820125219073294D+02 -0.5799118396392814D+02
 -0.5777641521691216D+02 -0.5755687434229375D+02 -0.5733248920054389D+02
 -0.5710318725031581D+02 -0.5686889572599055D+02 -0.5662954186766900D+02
 -0.5638505320790296D+02 -0.5613535791799843D+02 -0.5588038521463027D+02
 -0.5562006582467060D+02 -0.5535433250247225D+02 -0.5508312058931926D+02
 -0.5480636859938542D+02 -0.5452401881046998D+02 -0.5423601783129950D+02
 -0.5394231711078913D+02 -0.5364287334910123D+02 -0.5333764876656419D+02
 -0.5302661118591450D+02 -0.5270973388670281D+02 -0.5238699520094895D+02
 -0.5205837783273246D+02 -0.5172386790817085D+02 -0.5138345382739362D+02
 -0.5103712484371967D+02 -0.5068486971947810D+02 -0.5032667535613842D+02
 -0.4996252564052220D+02 -0.4959240063881956D+02 -0.4921627625875702D+02
 -0.4883412447555698D+02 -0.4844591416638069D+02 -0.4805161254413130D+02
 -0.4765118712533523D+02 -0.4724460811819237D+02 -0.4683185108060684D+02
 -0.4641289967764000D+02 -0.4598774836366956D+02 -0.4555640482475653D+02
 -0.4511889203787035D+02 -0.4467524983174371D+02 -0.4422553586555234D+02
 -0.4376982597336085D+02 -0.4330821385252493D+02 -0.4284081010183822D+02
 -0.4236774064014199D+02 -0.4188914455829045D+02 -0.4140517147765138D+02
 -0.4091597850672566D+02 -0.4042172690500797D+02 -0.3992257857895737D+02
 -0.3941869255080140D+02 -0.3891022155435196D+02 -0.3839730892400301D+02
 -0.3788008595184584D+02 -0.3735866989308695D+02 -0.3683316279890582D+02
 -0.3630365134771381D+02 -0.3577020782655188D+02 -0.3523289238196479D+02
 -0.3469175660893143D+02 -0.3414684847371664D+02 -0.3359821846617371D+02
 -0.3304592674632590D+02 -0.3249005088661796D+02 -0.3193069362593898D+02
 -0.3136798984352298D+02 -0.3080211182951965D+02 -0.3023327174381005D+02
 -0.2966172032264010D+02 -0.2908774122196997D+02 -0.2851164075752879D+02
 -0.2793373395528922D+02 -0.2735432846134842D+02 -0.2677370934965359D+02
 -0.2619212749392447D+02 -0.2560979450966102D+02 -0.2502688595301586D+02
 -0.2444355293460866D+02 -0.2385994064821833D+02 -0.2327621106548405D+02
 -0.2269256650520300D+02 -0.2210927098028497D+02 -0.2152666695103466D+02
 -0.2094518606589006D+02 -0.2036535340627171D+02 -0.1978778547063412D+02
 -0.1921318262774145D+02 -0.1864231702754394D+02 -0.1807601704943408D+02
 -0.1751514935691756D+02 -0.1696059955273180D+02 -0.1641325232777695D+02
 -0.1587397189377749D+02 -0.1534358337905576D+02 -0.1482285576764746D+02
 -0.1431248685900152D+02 -0.1381309063671646D+02 -0.1332518733155944D+02
 -0.1284919638604688D+02 -0.1238543244543997D+02 -0.1193410427424817D+02
 -0.1149531679725386D+02 -0.1106907589702540D+02 -0.1065529574171635D+02
 -0.1025380858467737D+02 -0.9864376464384929D+01 -0.9486704480398721D+01
 -0.9120454939744841D+01 -0.8765262716748639D+01 -0.8420750399188609D+01
 -0.8086541986944912D+01 -0.7762276072576627D+01 -0.7447616779217009D+01
 -0.7142261860231999D+01 -0.6845947331357038D+01 -0.6558448061720807D+01
 -0.6279574127011762D+01 -0.6009162952374334D+01 -0.5747067978749185D+01
 -0.5493145030718737D+01 -0.5247238330667544D+01 -0.5009168064794867D+01
 -0.4778721620805285D+01 -0.4555650224315588D+01 -0.4339671383514693D+01
 -0.4130476859836768D+01 -0.3927745138491542D+01 -0.3731156024586967D+01
 -0.3540406023559717D+01 -0.3355222152252336D+01 -0.3175373787073067D+01
 -0.3000681243085904D+01 -0.2831022038513508D+01 -0.2666334322565092D+01
 -0.2506619531116578D+01 -0.2351943259739533D+01 -0.2202438825565383D+01
 -0.2058301400992891D+01 -0.1919815946311971D+01 -0.1787292338228996D+01
 -0.1661234540018140D+01
 -0.1473805718756132D+00
