1POTENTIAL OF ATOM  1  As (SPIN=1)
                 327
  0.0000000000000000D+00 -0.6596710857852547D+02 -0.6596610011983812D+02
 -0.6596506050917179D+02 -0.6596398912990620D+02 -0.6596288482531583D+02
 -0.6596174665961016D+02 -0.6596057356444047D+02 -0.6595936447685025D+02
 -0.6595811828760186D+02 -0.6595683385790497D+02 -0.6595551001241731D+02
 -0.6595414554003447D+02 -0.6595273919221287D+02 -0.6595128968197177D+02
 -0.6594979568265789D+02 -0.6594825582673015D+02 -0.6594666870448901D+02
 -0.6594503286277143D+02 -0.6594334680360342D+02 -0.6594160898281095D+02
 -0.6593981780858738D+02 -0.6593797164001614D+02 -0.6593606878554705D+02
 -0.6593410750142506D+02 -0.6593208599007008D+02 -0.6593000239840543D+02
 -0.6592785481613481D+02 -0.6592564127396459D+02 -0.6592335974177088D+02
 -0.6592100812670890D+02 -0.6591858427126336D+02 -0.6591608595123749D+02
 -0.6591351087367919D+02 -0.6591085667474215D+02 -0.6590812091748003D+02
 -0.6590530108957115D+02 -0.6590239460097234D+02 -0.6589939878149875D+02
 -0.6589631087832825D+02 -0.6589312805342725D+02 -0.6588984738089609D+02
 -0.6588646584423100D+02 -0.6588298033350074D+02 -0.6587938764243432D+02
 -0.6587568446541790D+02 -0.6587186739439754D+02 -0.6586793291568530D+02
 -0.6586387740666527D+02 -0.6585969713239686D+02 -0.6585538824211216D+02
 -0.6585094676560381D+02 -0.6584636860950059D+02 -0.6584164955342698D+02
 -0.6583678524604335D+02 -0.6583177120096317D+02 -0.6582660279254372D+02
 -0.6582127525154641D+02 -0.6581578366066304D+02 -0.6581012294990400D+02
 -0.6580428789184447D+02 -0.6579827309672473D+02 -0.6579207300740006D+02
 -0.6578568189413650D+02 -0.6577909384924769D+02 -0.6577230278156895D+02
 -0.6576530241076378D+02 -0.6575808626145849D+02 -0.6575064765720042D+02
 -0.6574297971423513D+02 -0.6573507533509807D+02 -0.6572692720201583D+02
 -0.6571852777011266D+02 -0.6570986926041725D+02 -0.6570094365266539D+02
 -0.6569174267789359D+02 -0.6568225781081934D+02 -0.6567248026200298D+02
 -0.6566240096978743D+02 -0.6565201059201041D+02 -0.6564129949748573D+02
 -0.6563025775724881D+02 -0.6561887513556289D+02 -0.6560714108068177D+02
 -0.6559504471536570D+02 -0.6558257482714714D+02 -0.6556971985834292D+02
 -0.6555646789581075D+02 -0.6554280666044720D+02 -0.6552872349642543D+02
 -0.6551420536017156D+02 -0.6549923880907821D+02 -0.6548380998995543D+02
 -0.6546790462721930D+02 -0.6545150801081897D+02 -0.6543460498390451D+02
 -0.6541717993023798D+02 -0.6539921676135181D+02 -0.6538069890345875D+02
 -0.6536160928411989D+02 -0.6534193031867746D+02 -0.6532164389646107D+02
 -0.6530073136677731D+02 -0.6527917352469416D+02 -0.6525695059663312D+02
 -0.6523404222578446D+02 -0.6521042745736212D+02 -0.6518608472371676D+02
 -0.6516099182932871D+02 -0.6513512593570347D+02 -0.6510846354619615D+02
 -0.6508098049079236D+02 -0.6505265191087740D+02 -0.6502345224402700D+02
 -0.6499335520885651D+02 -0.6496233378996871D+02 -0.6493036022304278D+02
 -0.6489740598011134D+02 -0.6486344175507482D+02 -0.6482843744950674D+02
 -0.6479236215880650D+02 -0.6475518415875992D+02 -0.6471687089257156D+02
 -0.6467738895843642D+02 -0.6463670409772152D+02 -0.6459478118383235D+02
 -0.6455158421184163D+02 -0.6450707628896106D+02 -0.6446121962593999D+02
 -0.6441397552947724D+02 -0.6436530439573420D+02 -0.6431516570504013D+02
 -0.6426351801788030D+02 -0.6421031897225899D+02 -0.6415552528252923D+02
 -0.6409909273978039D+02 -0.6404097621387258D+02 -0.6398112965720352D+02
 -0.6391950611029002D+02 -0.6385605770923998D+02 -0.6379073569518491D+02
 -0.6372349042573346D+02 -0.6365427138849680D+02 -0.6358302721672462D+02
 -0.6350970570707618D+02 -0.6343425383953517D+02 -0.6335661779945816D+02
 -0.6327674300172660D+02 -0.6319457411694854D+02 -0.6311005509963171D+02
 -0.6302312921822089D+02 -0.6293373908686357D+02 -0.6284182669873432D+02
 -0.6274733346071508D+02 -0.6265020022919111D+02 -0.6255036734668574D+02
 -0.6244777467901712D+02 -0.6234236165262246D+02 -0.6223406729165322D+02
 -0.6212283025440416D+02 -0.6200858886861016D+02 -0.6189128116510450D+02
 -0.6177084490930417D+02 -0.6164721762996354D+02 -0.6152033664462141D+02
 -0.6139013908115852D+02 -0.6125656189488705D+02 -0.6111954188061088D+02
 -0.6097901567912974D+02 -0.6083491977771263D+02 -0.6068719050414197D+02
 -0.6053576401402823D+02 -0.6038057627122434D+02 -0.6022156302132750D+02
 -0.6005865975844989D+02 -0.5989180168567096D+02 -0.5972092366985386D+02
 -0.5954596019182082D+02 -0.5936684529323665D+02 -0.5918351252194600D+02
 -0.5899589487794641D+02 -0.5880392476265331D+02 -0.5860753393461400D+02
 -0.5840665347534944D+02 -0.5820121376952589D+02 -0.5799114450417159D+02
 -0.5777637469211606D+02 -0.5755683272521192D+02 -0.5733244646315971D+02
 -0.5710314336383387D+02 -0.5686885066083549D+02 -0.5662949559349336D+02
 -0.5638500569360546D+02 -0.5613530913175465D+02 -0.5588033512393727D+02
 -0.5562001439640706D+02 -0.5535427970297534D+02 -0.5508306638447903D+02
 -0.5480631295475668D+02 -0.5452396169140094D+02 -0.5423595920307478D+02
 -0.5394225693878424D+02 -0.5364281159894205D+02 -0.5333758540428837D+02
 -0.5302654617811488D+02 -0.5270966720067821D+02 -0.5238692680475448D+02
 -0.5205830769535192D+02 -0.5172379600014408D+02 -0.5138338011552139D+02
 -0.5103704929928327D+02 -0.5068479231463120D+02 -0.5032659606333632D+02
 -0.4996244443250475D+02 -0.4959231748832154D+02 -0.4921619113834716D+02
 -0.4883403735748070D+02 -0.4844582502248152D+02 -0.4805152134584561D+02
 -0.4765109384377309D+02 -0.4724451272429876D+02 -0.4683175354539244D+02
 -0.4641279997246066D+02 -0.4598764646052838D+02 -0.4555630069659777D+02
 -0.4511878565883165D+02 -0.4467514117733339D+02 -0.4422542491271717D+02
 -0.4376971270041443D+02 -0.4330809823890490D+02 -0.4284069212766984D+02
 -0.4236762028558075D+02 -0.4188902180263192D+02 -0.4140504629818816D+02
 -0.4091585087735167D+02 -0.4042159679454603D+02 -0.3992244594926896D+02
 -0.3941855735468999D+02 -0.3891008373329724D+02 -0.3839716840576208D+02
 -0.3787994264800560D+02 -0.3735852369664017D+02 -0.3683301358197615D+02
 -0.3630349895954668D+02 -0.3577005209193991D+02 -0.3523273310026942D+02
 -0.3469159355390128D+02 -0.3414668139428552D+02 -0.3359804708843041D+02
 -0.3304575077676748D+02 -0.3248987001685089D+02 -0.3193050753839446D+02
 -0.3136779821932818D+02 -0.3080191435319514D+02 -0.3023306810792003D+02
 -0.2966151024616000D+02 -0.2908752444611716D+02 -0.2851141704669417D+02
 -0.2793350308940062D+02 -0.2735409023518172D+02 -0.2677346355559682D+02
 -0.2619187390725371D+02 -0.2560953287327308D+02 -0.2502661596447614D+02
 -0.2444327423747700D+02 -0.2385965282877305D+02 -0.2327591365471717D+02
 -0.2269225898524132D+02 -0.2210895279343488D+02 -0.2152633750981740D+02
 -0.2094484476220197D+02 -0.2036499961852213D+02 -0.1978741856791371D+02
 -0.1921280197065824D+02 -0.1864192196568624D+02 -0.1807560691577306D+02
 -0.1751472345974603D+02 -0.1696015716583910D+02 -0.1641279268010403D+02
 -0.1587349415948816D+02 -0.1534308666946174D+02 -0.1482233912622561D+02
 -0.1431194926137854D+02 -0.1381253099671991D+02 -0.1332460451554796D+02
 -0.1284858923604404D+02 -0.1238479980838407D+02 -0.1193344505911377D+02
 -0.1149463002945778D+02 -0.1106836078453911D+02 -0.1065455176895400D+02
 -0.1025303560415596D+02 -0.9863574799467784D+01 -0.9485875035225307D+01
 -0.9119599307524807D+01 -0.8764383277544097D+01 -0.8419850390613371D+01
 -0.8085625548504764D+01 -0.7761348253455877D+01 -0.7446683478245624D+01
 -0.7141329692249427D+01 -0.6845023408188419D+01 -0.6557539687555754D+01
 -0.6278688406942128D+01 -0.6008306335799249D+01 -0.5746245776878947D+01
 -0.5492360952699552D+01 -0.5246494083807222D+01 -0.5008463086105954D+01
 -0.4778052985027981D+01 -0.4555012719639392D+01 -0.4339057767887927D+01
 -0.4129878278356757D+01 -0.3927151617542899D+01 -0.3730557063997976D+01
 -0.3539791194819497D+01 -0.3354581765693372D+01 -0.3174699567827195D+01
 -0.2999967134764716D+01 -0.2830265097200666D+01 -0.2665535844883590D+01
 -0.2505786383986014D+01 -0.2351089492110613D+01 -0.2201587676280631D+01
 -0.2057487348249595D+01 -0.1919087674778619D+01 -0.1786714212560437D+01
 -0.1660891903998607D+01
 -0.1474071227326827D+00
