1POTENTIAL OF ATOM  1  As (SPIN=1)
                 327
  0.0000000000000000D+00 -0.6596710795921220D+02 -0.6596609935530454D+02
 -0.6596505980851487D+02 -0.6596398836852087D+02 -0.6596288405580164D+02
 -0.6596174586118740D+02 -0.6596057274339898D+02 -0.6595936363011369D+02
 -0.6595811741515467D+02 -0.6595683295871969D+02 -0.6595550908575215D+02
 -0.6595414458502755D+02 -0.6595273820800519D+02 -0.6595128866766944D+02
 -0.6594979463734218D+02 -0.6594825474945351D+02 -0.6594666759427510D+02
 -0.6594503171861396D+02 -0.6594334562446535D+02 -0.6594160776762349D+02
 -0.6593981655624908D+02 -0.6593797034939183D+02 -0.6593606745546680D+02
 -0.6593410613068323D+02 -0.6593208457742401D+02 -0.6593000094257457D+02
 -0.6592785331579934D+02 -0.6592563972776436D+02 -0.6592335814830412D+02
 -0.6592100648453095D+02 -0.6591858257888534D+02 -0.6591608420712494D+02
 -0.6591350907625075D+02 -0.6591085482236808D+02 -0.6590811900848065D+02
 -0.6590529912221547D+02 -0.6590239257347633D+02 -0.6589939669202384D+02
 -0.6589630872497960D+02 -0.6589312583425203D+02 -0.6588984509388169D+02
 -0.6588646348730330D+02 -0.6588297790452211D+02 -0.6587938513920172D+02
 -0.6587568188566085D+02 -0.6587186473577617D+02 -0.6586793017578806D+02
 -0.6586387458300688D+02 -0.6585969422241600D+02 -0.6585538524316910D+02
 -0.6585094367497810D+02 -0.6584636542438854D+02 -0.6584164627093914D+02
 -0.6583678186320184D+02 -0.6583176771469904D+02 -0.6582659919969413D+02
 -0.6582127154885177D+02 -0.6581577984476405D+02 -0.6581011901733862D+02
 -0.6580428383904479D+02 -0.6579826892001373D+02 -0.6579206870298827D+02
 -0.6578567745811858D+02 -0.6577908927759894D+02 -0.6577229807014162D+02
 -0.6576529755528335D+02 -0.6575808125751982D+02 -0.6575064250026377D+02
 -0.6574297439962209D+02 -0.6573506985798728D+02 -0.6572692155743877D+02
 -0.6571852195294905D+02 -0.6570986326539055D+02 -0.6570093747433803D+02
 -0.6569173631066212D+02 -0.6568225124890937D+02 -0.6567247349946410D+02
 -0.6566239400048786D+02 -0.6565200340963155D+02 -0.6564129209551648D+02
 -0.6563025012897985D+02 -0.6561886727408069D+02 -0.6560713297886247D+02
 -0.6559503636586888D+02 -0.6558256622240923D+02 -0.6556971099057066D+02
 -0.6555645875697429D+02 -0.6554279724227310D+02 -0.6552871379038945D+02
 -0.6551419535749120D+02 -0.6549922850070513D+02 -0.6548379936656764D+02
 -0.6546789367921305D+02 -0.6545149672830058D+02 -0.6543459335668187D+02
 -0.6541716794781190D+02 -0.6539920441290708D+02 -0.6538068617785505D+02
 -0.6536159616988240D+02 -0.6534191680398730D+02 -0.6532162996914548D+02
 -0.6530071701429956D+02 -0.6527915873414328D+02 -0.6525693535471339D+02
 -0.6523402651880464D+02 -0.6521041127122425D+02 -0.6518606804390498D+02
 -0.6516097464089769D+02 -0.6513510822326667D+02 -0.6510844529391375D+02
 -0.6508096168235907D+02 -0.6505263252950996D+02 -0.6502343227245146D+02
 -0.6499333462929525D+02 -0.6496231258412729D+02 -0.6493033837209653D+02
 -0.6489738346469171D+02 -0.6486341855525563D+02 -0.6482841354479011D+02
 -0.6479233752810862D+02 -0.6475515878039664D+02 -0.6471684474424394D+02
 -0.6467736201721586D+02 -0.6463667634003498D+02 -0.6459475258544740D+02
 -0.6455155474785126D+02 -0.6450704593376854D+02 -0.6446118835324363D+02
 -0.6441394331225499D+02 -0.6436527120622839D+02 -0.6431513151474178D+02
 -0.6426348279751335D+02 -0.6421028269176452D+02 -0.6415548791104993D+02
 -0.6409905424564509D+02 -0.6404093656458079D+02 -0.6398108881941000D+02
 -0.6391946404978945D+02 -0.6385601439095183D+02 -0.6379069108313833D+02
 -0.6372344448305228D+02 -0.6365422407738480D+02 -0.6358297849845081D+02
 -0.6350965554196035D+02 -0.6343420218693345D+02 -0.6335656461774886D+02
 -0.6327668824829605D+02 -0.6319451774817713D+02 -0.6310999707087986D+02
 -0.6302306948381520D+02 -0.6293367760008279D+02 -0.6284176341179533D+02
 -0.6274726832475856D+02 -0.6265013319426706D+02 -0.6255029836173843D+02
 -0.6244770369186959D+02 -0.6234228860995896D+02 -0.6223399213899950D+02
 -0.6212275293610835D+02 -0.6200850932782245D+02 -0.6189119934375526D+02
 -0.6177076074808017D+02 -0.6164713106828215D+02 -0.6152024762060229D+02
 -0.6139004753159261D+02 -0.6125646775520248D+02 -0.6111944508483543D+02
 -0.6097891615984952D+02 -0.6083481746602668D+02 -0.6068708532961223D+02
 -0.6053565590462479D+02 -0.6038046515326549D+02 -0.6022144881941428D+02
 -0.6005854239539508D+02 -0.5989168108242220D+02 -0.5972079974541093D+02
 -0.5954583286314714D+02 -0.5936671447516528D+02 -0.5918337812708041D+02
 -0.5899575681655697D+02 -0.5880378294257008D+02 -0.5860738826111736D+02
 -0.5840650385106070D+02 -0.5820106009430256D+02 -0.5799098667500982D+02
 -0.5777621260306239D+02 -0.5755666626728834D+02 -0.5733227552430678D+02
 -0.5710296782887713D+02 -0.5686867041148098D+02 -0.5662931050835877D+02
 -0.5638481564829345D+02 -0.5613511399897549D+02 -0.5588013477368732D+02
 -0.5561980869620929D+02 -0.5535406851818691D+02 -0.5508284957866863D+02
 -0.5480609039015222D+02 -0.5452373322940381D+02 -0.5423572470483223D+02
 -0.5394201626580694D+02 -0.5364256461374208D+02 -0.5333733197102487D+02
 -0.5302628616316757D+02 -0.5270940047325050D+02 -0.5238665323707476D+02
 -0.5205802716336321D+02 -0.5172350838601309D+02 -0.5138308528645957D+02
 -0.5103674714042283D+02 -0.5068448271459385D+02 -0.5032627891195020D+02
 -0.4996211962073592D+02 -0.4959198490711609D+02 -0.4921585067798672D+02
 -0.4883368890695395D+02 -0.4844546846916970D+02 -0.4805115657550132D+02
 -0.4765072074084376D+02 -0.4724413117257160D+02 -0.4683136342891746D+02
 -0.4641240117666838D+02 -0.4598723887343817D+02 -0.4555588420999345D+02
 -0.4511836016927028D+02 -0.4467470658685441D+02 -0.4422498112911331D+02
 -0.4376925963694558D+02 -0.4330763581332674D+02 -0.4284022026048839D+02
 -0.4236713889742294D+02 -0.4188853081068518D+02 -0.4140454561162860D+02
 -0.4091534039176148D+02 -0.4042107638522428D+02 -0.3992191546367110D+02
 -0.3941801660404173D+02 -0.3890953248353193D+02 -0.3839660636792614D+02
 -0.3787936946846885D+02 -0.3735793894740033D+02 -0.3683241675155983D+02
 -0.3630288944497330D+02 -0.3576942919242372D+02 -0.3523209601330637D+02
 -0.3469094137454245D+02 -0.3414601311832876D+02 -0.3359736162029946D+02
 -0.3304504694252399D+02 -0.3248914658299780D+02 -0.3192976323473594D+02
 -0.3136703177045260D+02 -0.3080112449726369D+02 -0.3023225361526638D+02
 -0.2966066999275611D+02 -0.2908665739689716D+02 -0.2851052225928062D+02
 -0.2793257968355977D+02 -0.2735313739006849D+02 -0.2677248044081516D+02
 -0.2619085962396414D+02 -0.2560848639312712D+02 -0.2502553607781102D+02
 -0.2444215951862113D+02 -0.2385850162294317D+02 -0.2327472408599862D+02
 -0.2269102898227073D+02 -0.2210768012557729D+02 -0.2152501982730450D+02
 -0.2094347963277124D+02 -0.2036358455596633D+02 -0.1978595104875320D+02
 -0.1921127943748494D+02 -0.1864034181701599D+02 -0.1807396648365727D+02
 -0.1751301997752888D+02 -0.1695838772885948D+02 -0.1641095420431852D+02
 -0.1587158334175848D+02 -0.1534109995525683D+02 -0.1482027268969210D+02
 -0.1430979900527931D+02 -0.1381029257663671D+02 -0.1332227339719878D+02
 -0.1284616078781259D+02 -0.1238226941831181D+02 -0.1193080836337167D+02
 -0.1149188312995679D+02 -0.1106550051336313D+02 -0.1065157606388851D+02
 -0.1024994387530577D+02 -0.9860368340205419D+01 -0.9482557461882578D+01
 -0.9116176992542030D+01 -0.8760865740574737D+01 -0.8416250581303316D+01
 -0.8081960023842328D+01 -0.7757637208916059D+01 -0.7442950507673658D+01
 -0.7137601253349487D+01 -0.6841327946483183D+01 -0.6553906417977728D+01
 -0.6275145748082537D+01 -0.6004880083642348D+01 -0.5742957174938184D+01
 -0.5489224836632516D+01 -0.5243517282418345D+01 -0.5005643347586165D+01
 -0.4775378609069350D+01 -0.4552462860302811D+01 -0.4336603458777098D+01
 -0.4127484102074604D+01 -0.3924777682121146D+01 -0.3728161371374675D+01
 -0.3537332033558116D+01 -0.3352020379546154D+01 -0.3172002859390091D+01
 -0.2997110879998118D+01 -0.2827237521175164D+01 -0.2662342133767027D+01
 -0.2502454003740127D+01 -0.2347674635026166D+01 -0.2198183291918305D+01
 -0.2054231340779424D+01 -0.1916174770703989D+01 -0.1784401854410390D+01
 -0.1659521445575194D+01
 -0.1475133195235784D+00
