1POTENTIAL OF ATOM  1  Sb (SPIN=1)
                 333
  0.0000000000000000D+00 -0.1019382098031136D+03 -0.1019362952700352D+03
 -0.1019343214116088D+03 -0.1019322863880094D+03 -0.1019301883023025D+03
 -0.1019280252011357D+03 -0.1019257950658388D+03 -0.1019234958196194D+03
 -0.1019211253169597D+03 -0.1019186813479121D+03 -0.1019161616330557D+03
 -0.1019135638222503D+03 -0.1019108854922776D+03 -0.1019081241445434D+03
 -0.1019052772027428D+03 -0.1019023420104309D+03 -0.1018993158285206D+03
 -0.1018961958327030D+03 -0.1018929791107859D+03 -0.1018896626599498D+03
 -0.1018862433839171D+03 -0.1018827180900341D+03 -0.1018790834862602D+03
 -0.1018753361780637D+03 -0.1018714726652209D+03 -0.1018674893385145D+03
 -0.1018633824763293D+03 -0.1018591482411416D+03 -0.1018547826758988D+03
 -0.1018502817002869D+03 -0.1018456411068808D+03 -0.1018408565571755D+03
 -0.1018359235774939D+03 -0.1018308375547668D+03 -0.1018255937321830D+03
 -0.1018201872047037D+03 -0.1018146129144387D+03 -0.1018088656458795D+03
 -0.1018029400209850D+03 -0.1017968304941164D+03 -0.1017905313468162D+03
 -0.1017840366824262D+03 -0.1017773404205419D+03 -0.1017704362912965D+03
 -0.1017633178294709D+03 -0.1017559783684245D+03 -0.1017484110338425D+03
 -0.1017406087372930D+03 -0.1017325641695913D+03 -0.1017242697939636D+03
 -0.1017157178390067D+03 -0.1017069002914380D+03 -0.1016978088886299D+03
 -0.1016884351109234D+03 -0.1016787701737157D+03 -0.1016688050193168D+03
 -0.1016585303085680D+03 -0.1016479364122186D+03 -0.1016370134020542D+03
 -0.1016257510417717D+03 -0.1016141387775954D+03 -0.1016021657286287D+03
 -0.1015898206769366D+03 -0.1015770920573535D+03 -0.1015639679470113D+03
 -0.1015504360545833D+03 -0.1015364837092389D+03 -0.1015220978493047D+03
 -0.1015072650106283D+03 -0.1014919713146407D+03 -0.1014762024561127D+03
 -0.1014599436906052D+03 -0.1014431798216068D+03 -0.1014258951873593D+03
 -0.1014080736473693D+03 -0.1013896985686029D+03 -0.1013707528113653D+03
 -0.1013512187148649D+03 -0.1013310780824621D+03 -0.1013103121666071D+03
 -0.1012889016534672D+03 -0.1012668266472493D+03 -0.1012440666542228D+03
 -0.1012206005664482D+03 -0.1011964066452199D+03 -0.1011714625042334D+03
 -0.1011457450924853D+03 -0.1011192306769202D+03 -0.1010918948248390D+03
 -0.1010637123860827D+03 -0.1010346574750112D+03 -0.1010047034522972D+03
 -0.1009738229065567D+03 -0.1009419876358412D+03 -0.1009091686290194D+03
 -0.1008753360470761D+03 -0.1008404592043640D+03 -0.1008045065498401D+03
 -0.1007674456483275D+03 -0.1007292431618418D+03 -0.1006898648310287D+03
 -0.1006492754567566D+03 -0.1006074388819189D+03 -0.1005643179734960D+03
 -0.1005198746049364D+03 -0.1004740696389164D+03 -0.1004268629105409D+03
 -0.1003782132110529D+03 -0.1003280782721206D+03 -0.1002764147507728D+03
 -0.1002231782150598D+03 -0.1001683231305137D+03 -0.1001118028474888D+03
 -0.1000535695894610D+03 -0.9999357444236793D+02 -0.9993176734507034D+02
 -0.9986809708101740D+02 -0.9980251127119428D+02 -0.9973495636843141D+02
 -0.9966537765315032D+02 -0.9959371923061741D+02 -0.9951992402977214D+02
 -0.9944393380368923D+02 -0.9936568913172708D+02 -0.9928512942340480D+02
 -0.9920219292403955D+02 -0.9911681672216281D+02 -0.9902893675871961D+02
 -0.9893848783803814D+02 -0.9884540364053862D+02 -0.9874961673712924D+02
 -0.9865105860521464D+02 -0.9854965964621708D+02 -0.9844534920448393D+02
 -0.9833805558742606D+02 -0.9822770608670101D+02 -0.9811422700022332D+02
 -0.9799754365475039D+02 -0.9787758042875855D+02 -0.9775426077528968D+02
 -0.9762750724441447D+02 -0.9749724150492540D+02 -0.9736338436484178D+02
 -0.9722585579028076D+02 -0.9708457492222495D+02 -0.9693946009069889D+02
 -0.9679042882585534D+02 -0.9663739786547146D+02 -0.9648028315836250D+02
 -0.9631899986324436D+02 -0.9615346234261327D+02 -0.9598358415126673D+02
 -0.9580927801916694D+02 -0.9563045582844758D+02 -0.9544702858449179D+02
 -0.9525890638116502D+02 -0.9506599836047394D+02 -0.9486821266714502D+02
 -0.9466545639887451D+02 -0.9445763555329721D+02 -0.9424465497305556D+02
 -0.9402641829072014D+02 -0.9380282787571761D+02 -0.9357378478585423D+02
 -0.9333918872647737D+02 -0.9309893802077912D+02 -0.9285292959520041D+02
 -0.9260105898431924D+02 -0.9234322035997110D+02 -0.9207930658962023D+02
 -0.9180920932912733D+02 -0.9153281915499005D+02 -0.9125002574080516D+02
 -0.9096071808199856D+02 -0.9066478477181796D+02 -0.9036211432992160D+02
 -0.9005259558272066D+02 -0.8973611809173863D+02 -0.8941257262265587D+02
 -0.8908185164342777D+02 -0.8874384983496805D+02 -0.8839846459260670D+02
 -0.8804559649121749D+02 -0.8768514968211204D+02 -0.8731703218625491D+02
 -0.8694115604699400D+02 -0.8655743730736070D+02 -0.8616579578310632D+02
 -0.8576615461382210D+02 -0.8535843959108230D+02 -0.8494257828413421D+02
 -0.8451849900881308D+02 -0.8408612971398121D+02 -0.8364539686881527D+02
 -0.8319622448863555D+02 -0.8273853339396206D+02 -0.8227224082891038D+02
 -0.8179726052942095D+02 -0.8131350330110189D+02 -0.8082087812389189D+02
 -0.8031929375429003D+02 -0.7980866075110877D+02 -0.7928889381366368D+02
 -0.7875991429458382D+02 -0.7822165273706489D+02 -0.7767405128568026D+02
 -0.7711706583167486D+02 -0.7655066777327661D+02 -0.7597484529725520D+02
 -0.7538960411648905D+02 -0.7479496762771609D+02 -0.7419097648251392D+02
 -0.7357768759210302D+02 -0.7295517261250544D+02 -0.7232351598091182D+02
 -0.7168281259688305D+02 -0.7103316526323950D+02 -0.7037468202095947D+02
 -0.6970747352961332D+02 -0.6903165065891810D+02 -0.6834732246660371D+02
 -0.6765459474114583D+02 -0.6695356928273992D+02 -0.6624434407933907D+02
 -0.6552701450335465D+02 -0.6480167560514752D+02 -0.6406842550828033D+02
 -0.6332736981616941D+02 -0.6257862682008793D+02 -0.6182233315912668D+02
 -0.6105864943174165D+02 -0.6028776512611554D+02 -0.5950990214086845D+02
 -0.5872531617036341D+02 -0.5793429536302833D+02 -0.5713715597307762D+02
 -0.5633423520298129D+02 -0.5552588211875698D+02 -0.5471244796100904D+02
 -0.5389427781548537D+02 -0.5307170554367450D+02 -0.5224505343102842D+02
 -0.5141463744112380D+02 -0.5058077753124280D+02 -0.4974381173653494D+02
 -0.4890411187530931D+02 -0.4806209845945242D+02 -0.4721825255911097D+02
 -0.4637312287611552D+02 -0.4552732696171825D+02 -0.4468154621246371D+02
 -0.4383651489696949D+02 -0.4299300393695550D+02 -0.4215180052105709D+02
 -0.4131368483202549D+02 -0.4047940530586047D+02 -0.3964965389409085D+02
 -0.3882504280412925D+02 -0.3800608416195157D+02 -0.3719317395742560D+02
 -0.3638658154255521D+02 -0.3558644577438200D+02 -0.3479277871817311D+02
 -0.3400547753746217D+02 -0.3322434485335833D+02 -0.3244911737454787D+02
 -0.3167950195223852D+02 -0.3091521733500593D+02 -0.3015603872830722D+02
 -0.2940184078981041D+02 -0.2865263274376854D+02 -0.2790857957764307D+02
 -0.2716999842786011D+02 -0.2643732714900024D+02 -0.2571106202072218D+02
 -0.2499167295150743D+02 -0.2427951368658341D+02 -0.2357475151422794D+02
 -0.2287733922950673D+02 -0.2218704040175074D+02 -0.2150350184735441D+02
 -0.2082635297394143D+02 -0.2015530657799421D+02 -0.1949024016861431D+02
 -0.1883124638071558D+02 -0.1817865068661852D+02 -0.1753300085485927D+02
 -0.1689503574321384D+02 -0.1626564106654241D+02 -0.1564579892405746D+02
 -0.1503653625873054D+02 -0.1443887602552134D+02 -0.1385379363962117D+02
 -0.1328218032525113D+02 -0.1272481427958807D+02 -0.1218234001244961D+02
 -0.1165525579541294D+02 -0.1114390881571018D+02 -0.1064849736373138D+02
 -0.1016907917409026D+02 -0.9705584927910920D+01 -0.9257835523819608D+01
 -0.8825562148297607D+01 -0.8408428689735231D+01 -0.8006052936784258D+01
 -0.7618027760209173D+01 -0.7243939952209359D+01 -0.6883385919056366D+01
 -0.6535981909597240D+01 -0.6201375397729308D+01 -0.5879242829849005D+01
 -0.5569288589208938D+01 -0.5271238397775406D+01 -0.4984830025550053D+01
 -0.4709802845017435D+01 -0.4445888298145789D+01 -0.4192802965525701D+01
 -0.3950245568901380D+01 -0.3717898522245136D+01 -0.3495433632402083D+01
 -0.3282520797311477D+01 -0.3078838155800000D+01 -0.2884081773814273D+01
 -0.2697973369071320D+01 -0.2520264979590522D+01 -0.2350739896048410D+01
 -0.2189210403922289D+01 -0.2035511506015609D+01 -0.1889495885054558D+01
 -0.1751014685311887D+01 -0.1619941499707991D+01 -0.1496079257297325D+01
 -0.1379370244575895D+01
 -0.1191383759304249D+00
