  0.8800000000000001D+01    4
  0.2747673412109099D+01
    1  344    7
  333  333  333  333  333  333  333
  0.5585232364378384D-01 -0.2427576739613214D-01  0.2386665385337917D-01
 -0.1983213675356851D+00  0.1426504174220642D+00  0.1519812028141814D+00
  0.7127252300241681D-01 -0.3565205423085225D-01 -0.8468035386937360D-01
  0.1316756537115612D-01 -0.1248100737192552D+00  0.1039037210619703D+00
 -0.7285267093724240D-01  0.5257378917729068D-01 -0.1606529820552995D+00
  0.2120873362884827D-01 -0.1868687995986696D+00  0.5863707081811127D-01
  0.1511997508409219D+00  0.2262983362972601D-01  0.8106244475788262D-01
 -0.5367066788207410D-01  0.7755251627461698D-01 -0.2366570953458421D-01
 -0.2305010684580266D-01  0.4216146316864351D-01  0.9651202080960394D-01
 -0.2759999808482243D-01  0.5743352062593290D-01 -0.7555246566263414D-01
 -0.4044901390665524D-01 -0.4087205431821285D-01 -0.3257057052689283D-01
  0.1133681374455030D-01 -0.9386367178296177D-01  0.5774239490260949D-01
 -0.4015700372115973D-01  0.7294850339706663D-01 -0.1866573931012311D-01
  0.3631680993369256D-01  0.3304710931371497D-02 -0.5467879917472217D-01
  0.3468447465474384D-02 -0.3117766487576294D-01 -0.2655948951692780D-01
  0.2419872824882625D-01  0.2146978957868861D-01  0.2159262349540631D-01
 -0.2458460709810242D-01 -0.3312381209695462D-01  0.1174643172342872D-01
  0.1279729419359446D-01  0.4633390992830539D-02 -0.4027862895659217D-01
  0.2031010462838973D-01  0.2478776902621027D-01 -0.3383023461772775D-01
  0.3067706041349829D-01  0.2727045009154257D-01  0.3241784612649506D-01
 -0.1049856207013198D-01  0.1465891043877104D-01 -0.8646331431148888D-02
 -0.8823085902809696D-02 -0.8715072405600284D-03  0.1265485361265408D-01
  0.7746905854801738D-02 -0.9800084954621409D-02 -0.1277404660846435D-01
 -0.3029226911066712D-02  0.2544475012506040D-02  0.2480567444845021D-02
 -0.1376621153675307D-01 -0.1366880835538080D-01  0.7863249324986859D-03
 -0.7643857186651058D-02 -0.5327153075369245D-03  0.1537816056385336D-01
  0.9462946013412597D-02 -0.1266163472221653D-01  0.5736099762241635D-02
 -0.2915252741112120D-02  0.5969131350913944D-02 -0.1083330762266892D-01
  0.2709853824639036D-02  0.3064612384696581D-02 -0.3097436610328338D-02
  0.9183750245254826D-03 -0.9047476235100929D-02 -0.7174967401400574D-03
 -0.6482685222734424D-03 -0.3690198024057146D-02  0.6756237061133956D-02
  0.5789863306654182D-02  0.5892190860256353D-02 -0.3497350457132003D-02
 -0.2147317631716402D-02  0.3107334529383611D-02 -0.4803680081942141D-02
  0.7394368583177915D-03 -0.5306638672219258D-02  0.5273368456326722D-02
  0.1581683578697088D-02 -0.3539079849491083D-03 -0.4262983714863166D-02
  0.2105594509565575D-02  0.3787593904695413D-02 -0.2454327927188004D-02
 -0.1807382406927207D-02 -0.1797225713066878D-02  0.1635616723961741D-02
 -0.2478970910483934D-03  0.1487361255819501D-02  0.1817571379342354D-02
 -0.3923675287793798D-03  0.1576440448359428D-03  0.1180477251526193D-02
  0.1857052794011849D-02 -0.6223528133993347D-03  0.1119811424538759D-02
 -0.1416605017403871D-02 -0.2006432155700077D-02  0.6661608929023201D-03
  0.5714832984902305D-03 -0.2333120863070962D-03 -0.3175817827989948D-03
  0.2034349551697210D-03 -0.1652298216114653D-02 -0.1040937386338009D-03
  0.1641326801157499D-02  0.1093104722854667D-02 -0.6540952212422741D-03
  0.5067432575920840D-03  0.1298289569338928D-02  0.1173066421676420D-02
 -0.6813875998280749D-03  0.1217576613782067D-02  0.4917266656118824D-03
 -0.4389780173330305D-03 -0.3887499499196297D-03 -0.2529716347669154D-03
 -0.3316036587309985D-03 -0.1152472725814459D-03 -0.3959846132984821D-03
 -0.8271666933924051D-04 -0.6924233550527253D-03 -0.3154439693790648D-03
 -0.3890678663639030D-03  0.1920836018914253D-03 -0.4603591836843116D-03
 -0.4144172739924060D-03  0.8300485707204423D-05 -0.4464417167327558D-03
  0.2277581975998650D-03 -0.2079439520374074D-03  0.3028662498525105D-03
 -0.2663185883870724D-04 -0.3484155711738619D-03  0.6225091575467036D-04
  0.6690178024280694D-04  0.3518808276404590D-03  0.3419389697161734D-03
 -0.1026653256208636D-03  0.1266902857684462D-03  0.1371327313181342D-03
 -0.2917444515095482D-03 -0.2855499064377680D-03  0.1482630350519640D-03
 -0.1095236426158909D-04  0.2277579883984364D-03 -0.2086642198531213D-03
 -0.1850056150229928D-04  0.6018825582532733D-04  0.8955192131082889D-04
 -0.4995609009850005D-04  0.1236634440994556D-03  0.1327571540102930D-03
 -0.9132372202126859D-04  0.8135463533441947D-04  0.1877013862277959D-04
 -0.8042739157818248D-04 -0.3491134039581755D-04  0.3897886427717143D-05
  0.1455182681289368D-04 -0.1100219921416052D-03 -0.5831226896956154D-04
 -0.1632216121066505D-04  0.1078146802858964D-03  0.6062337687145666D-04
 -0.8103798068360125D-04  0.8465803281133223D-04  0.8049024709696498D-04
  0.3382499106038247D-04 -0.4465326290578829D-04  0.5363542236292116D-04
 -0.6565889464830329D-04  0.3087807311642044D-04  0.8690196779274056D-05
  0.1991125451826809D-04  0.8996230795602876D-05 -0.5248292355501999D-04
  0.1287538196991709D-04 -0.5408967620808852D-04 -0.2003544817189488D-04
 -0.4818138664039915D-04  0.2635073133985735D-05  0.3120771801365179D-04
 -0.3204364674959301D-04  0.1372331203265908D-04 -0.1581962845165241D-04
 -0.1053796826042127D-04  0.7112667771172433D-05  0.1920052412635212D-04
  0.9941633126977523D-05  0.2106460471634336D-04 -0.9878132367953728D-05
  0.1384779756268192D-04  0.1150729479225646D-04  0.3465610256470088D-05
 -0.1540556491479204D-04  0.1639858394753266D-05  0.4516094712358475D-05
  0.7575361489142769D-05 -0.7723709421444760D-05  0.1022943033936015D-04
  0.1412161589865544D-04  0.5507616081667244D-05  0.5352953523825738D-05
  0.4984597559535542D-05 -0.8454863780438088D-05 -0.5125232760652511D-05
  0.1141922270552559D-05 -0.4870562560142906D-05 -0.8247475537490583D-05
 -0.2027172712354757D-05  0.9991946736479155D-05 -0.2018454054112245D-06
  0.6008416207412054D-05 -0.8941642642602806D-06 -0.6286744613113806D-05
 -0.1096003154558812D-05  0.4030757914590257D-05  0.4031735523846836D-05
 -0.3346359236921703D-05 -0.2088754692281453D-05 -0.6367113256950355D-05
 -0.2458614784418599D-05  0.5797157197297363D-06 -0.3862512289213407D-05
  0.4872512499871529D-05 -0.7766257329295841D-06 -0.1905835378779380D-05
 -0.1733359371595729D-05 -0.2808014510889007D-06  0.3403496822029449D-05
  0.2252133699830157D-05 -0.3744176837682740D-06 -0.9700079463512394D-06
  0.2167506055986180D-05 -0.3132162370100440D-06 -0.2441575196423021D-05
 -0.1350267541558393D-05  0.3264983873065000D-06  0.1565838738627640D-05
 -0.6042919601236936D-06  0.1994354346702780D-06 -0.4717709400115843D-06
 -0.3733924740749398D-06 -0.2473357044106980D-06 -0.8111885751861251D-06
 -0.5518827214098061D-06  0.5216601133050283D-06 -0.1198528932874451D-05
  0.6766356173309709D-06  0.8031965261838909D-06  0.4037622956283329D-06
  0.1796189021886840D-06 -0.5282559677944535D-06 -0.2350581558279152D-06
  0.1165167264854541D-06 -0.8187557529733067D-06 -0.3613245641605718D-06
 -0.2674886270516296D-06 -0.2976886512575128D-06  0.5280286456908256D-06
  0.1074734796678366D-06 -0.5077674699295011D-06  0.4733798893429954D-06
  0.3358364460066542D-06  0.4209309395992193D-06  0.1227930205297417D-07
  0.5231941010514781D-08  0.2010505485552254D-06  0.5419730975924927D-07
 -0.6964271122540929D-07  0.1302608277963799D-07  0.7636057780285489D-07
 -0.1230375355531363D-06  0.6336997832010564D-08  0.1227607416240051D-08
 -0.1717315021278340D-07 -0.1621142119615018D-07  0.3652922510902609D-08
 -0.3963395847821927D-07  0.2661020816019876D-07 -0.8524294178336688D-08
  0.5557749763819125D-07  0.4928357130007165D-07  0.1867605466566665D-07
 -0.6851424116000843D-07 -0.4311036843174667D-07  0.5436771907425979D-08
  0.9176928941732565D-09 -0.2889250626932444D-07  0.2742589538576093D-08
 -0.4335816820886728D-07  0.7422490409949616D-09  0.2454352447262973D-08
  0.2379626390206558D-07 -0.3589227407409512D-07  0.6065840379262685D-08
 -0.6153511799875425D-08  0.4300322797006571D-08 -0.1153199034864167D-07
  0.8212568516473516D-08 -0.1974097556155541D-07 -0.3155195957541899D-08
  0.6663669534075096D-09 -0.8320124093201126D-08  0.3606831116163804D-09
 -0.1982087771861906D-08  0.4449965775878242D-08  0.1240205265321214D-07
  0.1372363803263619D-08  0.1455863311521985D-08  0.1117958125614823D-08
  0.1219665363520988D-08 -0.1153296511295043D-08  0.1307354100545715D-08
 -0.2912189046391782D-09 -0.2949815169643707D-10 -0.1487123959090584D-09
 -0.5950028654284699D-10 -0.4642552221265542D-11
  0.0000000000000000D+00  0.9972913075904259D+06  0.9925932626501821D+06
  0.9879055545717480D+06  0.9832278865929558D+06  0.9785599679499727D+06
  0.9739019529825214D+06  0.9692531496045328D+06  0.9646136682929442D+06
  0.9599828987892192D+06  0.9553606071910978D+06  0.9507464291200620D+06
  0.9461400201640684D+06  0.9415410311237450D+06  0.9369491054316858D+06
  0.9323638817057238D+06  0.9277849930389298D+06  0.9232120668508995D+06
  0.9186447247842968D+06  0.9140825825452938D+06  0.9095252497577313D+06
  0.9049723298184152D+06  0.9004234197529674D+06  0.8958781100734728D+06
  0.8913359846377699D+06  0.8867966205105465D+06  0.8822595878263897D+06
  0.8777244496549689D+06  0.8731907618685422D+06  0.8686580730119988D+06
  0.8641259241756789D+06  0.8595938488712346D+06  0.8550613729107858D+06
  0.8505280142897296D+06  0.8459932830734990D+06  0.8414566812886454D+06
  0.8369177028186328D+06  0.8323758333047676D+06  0.8278305500527027D+06
  0.8232813219450023D+06  0.8187276093602882D+06  0.8141688640994884D+06
  0.8096045293198050D+06  0.8050340394769891D+06  0.8004568202766108D+06
  0.7958722886349800D+06  0.7912798526505016D+06  0.7866789115862123D+06
  0.7820688558643378D+06  0.7774490670737408D+06  0.7728189179911680D+06
  0.7681777726172773D+06  0.7635249862284528D+06  0.7588599054454736D+06
  0.7541818683201721D+06  0.7494902044412440D+06  0.7447842350604689D+06
  0.7400632732405977D+06  0.7353266240263015D+06  0.7305735846395671D+06
  0.7258034447010249D+06  0.7210154864787542D+06  0.7162089851661598D+06
  0.7113832091906104D+06  0.7065374205545422D+06  0.7016708752108715D+06
  0.6967828234745588D+06  0.6918725104722846D+06  0.6869391766322231D+06
  0.6819820582160046D+06  0.6770003878950145D+06  0.6719933953732109D+06
  0.6669603080587622D+06  0.6619003517868178D+06  0.6568127515958188D+06
  0.6516967325598022D+06  0.6465515206791912D+06  0.6413763438326472D+06
  0.6361704327925730D+06  0.6309330223069071D+06  0.6256633522498921D+06
  0.6203606688445096D+06  0.6150242259592976D+06  0.6096532864822854D+06
  0.6042471237747509D+06  0.5988050232075222D+06  0.5933262837825022D+06
  0.5878102198420357D+06  0.5822561628687207D+06  0.5766634633781540D+06
  0.5710314929070052D+06  0.5653596460987272D+06  0.5596473428890374D+06
  0.5538940307931429D+06  0.5480991872965114D+06  0.5422623223507247D+06
  0.5363829809757388D+06  0.5304607459695468D+06  0.5244952407259406D+06
  0.5184861321606548D+06  0.5124331337458301D+06  0.5063360086522129D+06
  0.5001945729980271D+06  0.4940086992029106D+06  0.4877783194446646D+06
  0.4815034292159321D+06  0.4751840909771593D+06  0.4688204379014314D+06
  0.4624126777059004D+06  0.4559610965636245D+06  0.4494660630886063D+06
  0.4429280323858106D+06  0.4363475501567733D+06  0.4297252568502023D+06
  0.4230618918457225D+06  0.4163582976575451D+06  0.4096154241434053D+06
  0.4028343327026421D+06  0.3960162004457107D+06  0.3891623243157886D+06
  0.3822741251414555D+06  0.3753531515976744D+06  0.3684010840504994D+06
  0.3614197382591246D+06  0.3544110689069958D+06  0.3473771729318583D+06
  0.3403202926226988D+06  0.3332428184496898D+06  0.3261472915913892D+06
  0.3190364061216566D+06  0.3119130108170319D+06  0.3047801105436822D+06
  0.2976408671815415D+06  0.2904986000418917D+06  0.2833567857335013D+06
  0.2762190574314702D+06  0.2690892035022591D+06  0.2619711654379802D+06
  0.2548690350529963D+06  0.2477870508961829D+06  0.2407295938329924D+06
  0.2337011817526689D+06  0.2267064633577430D+06  0.2197502109952335D+06
  0.2128373124919413D+06  0.2059727619598151D+06  0.1991616495416673D+06
  0.1924091500725858D+06  0.1857205106382123D+06  0.1791010370177103D+06
  0.1725560790067498D+06  0.1660910146241714D+06  0.1597112332152200D+06
  0.1534221174743183D+06  0.1472290244212770D+06  0.1411372653765969D+06
  0.1351520849940398D+06  0.1292786394218880D+06  0.1235219736781896D+06
  0.1178869983396977D+06  0.1123784656590290D+06  0.1070009452396694D+06
  0.1017587994136434D+06  0.9665615848177370D+05  0.9169689599127450D+05
  0.8688460423969671D+05  0.8222257020772946D+05  0.7771375213579409D+05
  0.7336075697042234D+05  0.6916581891581515D+05  0.6513077933339612D+05
  0.6125706823727932D+05  0.5754568763606131D+05  0.5399719697088395D+05
  0.5061170089600913D+05  0.4738883964091923D+05  0.4432778218195057D+05
  0.4142722243647613D+05  0.3868537867352289D+05  0.3609999631132124D+05
  0.3366835424462694D+05  0.3138727481275358D+05  0.2925313748325774D+05
  0.2726189628634093D+05  0.2540910099161274D+05  0.2368992197232636D+05
  0.2209917865309496D+05  0.2063137138608037D+05  0.1928071654846118D+05
  0.1804118460149523D+05  0.1690654079962018D+05  0.1587038818779366D+05
  0.1492621247771589D+05  0.1406742844104037D+05  0.1328742685305050D+05
  0.1257962244749226D+05  0.1193750130754641D+05  0.1135466765409499D+05
  0.1082488934159611D+05  0.1034214148133092D+05  0.9900647620882766D+04
  0.9494917927861854D+04  0.9119783855210257D+04  0.8770428804849202D+04
  0.8442414355685150D+04  0.8131701680575355D+04  0.7834667844054392D+04
  0.7548116747503891D+04  0.7269284569860441D+04  0.6995839638552435D+04
  0.6725876755604275D+04  0.6457906096061076D+04  0.6190836888263947D+04
  0.5923956176158065D+04  0.5656903050821238D+04  0.5389638819848115D+04
  0.5122413657262096D+04  0.4855730341507511D+04  0.4590305743205085D+04
  0.4327030766328900D+04  0.4066929475107823D+04  0.3811118153345555D+04
  0.3560765042346095D+04  0.3317051487876307D+04  0.3081135195547797D+04
  0.2854116247924811D+04  0.2637006476146897D+04  0.2430702704798910D+04
  0.2235964302390392D+04  0.2053395372669890D+04  0.1883431815965810D+04
  0.1726333377005097D+04  0.1582180678714669D+04  0.1450877123153413D+04
  0.1332155424007124D+04  0.1225588423260082D+04  0.1130603741118359D+04
  0.1046501693340016D+04  0.9724759674104768D+03  0.9076361640447002D+03
  0.8510316901430654D+03  0.8016761919337307D+03  0.7585717017267091D+03
  0.7207320419800677D+03  0.6872045695081060D+03  0.6570898198357573D+03
  0.6295585268121675D+03  0.6038656255856228D+03  0.5793609606876914D+03
  0.5554965410713262D+03  0.5318303074957427D+03  0.5080264965490670D+03
  0.4838528024622795D+03  0.4591746327003384D+03  0.4339468506418079D+03
  0.4082034534773069D+03  0.3820456886738260D+03  0.3556291329032912D+03
  0.3291502579749177D+03  0.3028329908269012D+03  0.2769157343633786D+03
  0.2516392624340494D+03  0.2272358355316786D+03  0.2039198090352883D+03
  0.1818799268122658D+03  0.1612734134531555D+03  0.1422219016704235D+03
  0.1248091602230545D+03  0.1090805243054438D+03  0.9504387623814132D+02
  0.8267198055628945D+02  0.7190591428793196D+02  0.6265950214764935D+02
  0.5482415374928242D+02  0.4827422313250934D+02  0.4287240397213466D+02
  0.3847501584067668D+02  0.3493696025787147D+02  0.3211618352726566D+02
  0.2987751971944625D+02  0.2809582875047673D+02  0.2665838526726743D+02
  0.2546651233986524D+02  0.2443648686046569D+02  0.2349977296549682D+02
  0.2260265934467741D+02  0.2170539722640544D+02  0.2078093996687248D+02
  0.1981339634658917D+02  0.1879630330452251D+02  0.1773082062886575D+02
  0.1662393899981076D+02  0.1548677822398052D+02  0.1433303707215133D+02
  0.1317763847923835D+02  0.1203559701438921D+02  0.1092111965000353D+02
  0.9846937044006452D+01  0.8823851306881561D+01  0.7860477829758756D+01
  0.6963153221201887D+01  0.6135978901160072D+01  0.5380966949735010D+01
  0.4698261086013485D+01  0.4086409419907135D+01  0.3542649648537177D+01
  0.3063205198668238D+01  0.2643567832376358D+01  0.2278757380021394D+01
  0.1963551043272693D+01  0.1692678315429720D+01  0.1460979555212375D+01
  0.1263529510591799D+01  0.1095727350327501D+01  0.9533569900617775D+00
  0.8326213123262766D+00  0.7301549525300276D+00  0.6430195713090386D+00
  0.5686858816412769D+00  0.5050061262638281D+00  0.4501802509989202D+00
  0.4027185148614946D+00  0.3614028782754398D+00  0.3252488322048124D+00
  0.2934690443538902D+00  0.2654397464784081D+00  0.2406704346354269D+00
  0.2187772492891017D+00  0.1994601142670346D+00  0.1824835991393462D+00
  0.1676612583886867D+00  0.1548439596699824D+00  0.1439092837536424D+00
  0.1347583813899053D+00
  0.0000000000000000D+00 -0.1686220993812469D+00 -0.1718068691723772D+00
 -0.1750512387366285D+00 -0.1783562531386034D+00 -0.1817221778670294D+00
 -0.1851539507131824D+00 -0.1886509436462054D+00 -0.1922187184030607D+00
 -0.1958553407589352D+00 -0.1995632537709107D+00 -0.2033435149582984D+00
 -0.2071974025581614D+00 -0.2111263056354250D+00 -0.2151315921484488D+00
 -0.2192146730715583D+00 -0.2233769937181995D+00 -0.2276200302983548D+00
 -0.2319452924252604D+00 -0.2363543227413158D+00 -0.2408486969625088D+00
 -0.2454300240920177D+00 -0.2500999465328703D+00 -0.2548601402274023D+00
 -0.2597123148013032D+00 -0.2646582137015738D+00 -0.2696996143296566D+00
 -0.2748383281649727D+00 -0.2800762008748529D+00 -0.2854151124070634D+00
 -0.2908569770607515D+00 -0.2964037435315418D+00 -0.3020573949263191D+00
 -0.3078199487430734D+00 -0.3136934568109330D+00 -0.3196800051852957D+00
 -0.3257817139927236D+00 -0.3320007372199799D+00 -0.3383392624413091D+00
 -0.3447995104777434D+00 -0.3513837349818967D+00 -0.3580942219413354D+00
 -0.3649332890932814D+00 -0.3719032852429665D+00 -0.3790065894775842D+00
 -0.3862456102673196D+00 -0.3936227844445090D+00 -0.4011405760514862D+00
 -0.4088014750471858D+00 -0.4166079958620528D+00 -0.4245626757902665D+00
 -0.4326680732077317D+00 -0.4409267656037090D+00 -0.4493413474133388D+00
 -0.4579144276377287D+00 -0.4666486272375924D+00 -0.4755465762858043D+00
 -0.4846109108635234D+00 -0.4938442696838858D+00 -0.5032492904265209D+00
 -0.5128286057654408D+00 -0.5225848390721139D+00 -0.5325205997747831D+00
 -0.5426384783543352D+00 -0.5529410409562571D+00 -0.5634308235974592D+00
 -0.5741103259459753D+00 -0.5849820046507694D+00 -0.5960482661981258D+00
 -0.6073114592703622D+00 -0.6187738665818465D+00 -0.6304376961665854D+00
 -0.6423050720909849D+00 -0.6543780245646748D+00 -0.6666584794217146D+00
 -0.6791482469438990D+00 -0.6918490099973317D+00 -0.7047623114530394D+00
 -0.7178895408619373D+00 -0.7312319203541953D+00 -0.7447904897328413D+00
 -0.7585660907313118D+00 -0.7725593504046969D+00 -0.7867706636245839D+00
 -0.8012001746477022D+00 -0.8158477577290514D+00 -0.8307129967508888D+00
 -0.8457951638397710D+00 -0.8610931969450504D+00 -0.8766056763535056D+00
 -0.8923308001164845D+00 -0.9082663583678935D+00 -0.9244097065136662D+00
 -0.9407577372759881D+00 -0.9573068515786715D+00 -0.9740529282635334D+00
 -0.9909912926316654D+00 -0.1008116683807931D+01 -0.1025423220932133D+01
 -0.1042904368185886D+01 -0.1060552898670588D+01 -0.1078360857158846D+01
 -0.1096319521749402D+01 -0.1114419364464201D+01 -0.1132650010835541D+01
 -0.1151000198541529D+01 -0.1169457735159271D+01 -0.1188009455117428D+01
 -0.1206641175943065D+01 -0.1225337653912079D+01 -0.1244082539228040D+01
 -0.1262858330871107D+01 -0.1281646331276662D+01 -0.1300426601022671D+01
 -0.1319177913725530D+01 -0.1337877711366244D+01 -0.1356502060292291D+01
 -0.1375025608165529D+01 -0.1393421542152936D+01 -0.1411661548684835D+01
 -0.1429715775134592D+01 -0.1447552793804559D+01 -0.1465139568635048D+01
 -0.1482441425086655D+01 -0.1499422023680732D+01 -0.1516043337718644D+01
 -0.1532265635736966D+01 -0.1548047469293293D+01 -0.1563345666715219D+01
 -0.1578115333483323D+01 -0.1592309859957240D+01 -0.1605880937191761D+01
 -0.1618778581627023D+01 -0.1630951169472768D+01 -0.1642345481640800D+01
 -0.1652906760111631D+01 -0.1662578776650186D+01 -0.1671303914810537D+01
 -0.1679023266190461D+01 -0.1685676741911756D+01 -0.1691203200311303D+01
 -0.1695540591829331D+01 -0.1698626122074472D+01 -0.1700396434028362D+01
 -0.1700787810324868D+01 -0.1699736396498828D+01 -0.1697178446045097D+01
 -0.1693050588059256D+01 -0.1687290118144973D+01 -0.1679835313167834D+01
 -0.1670625770310374D+01 -0.1659602770735655D+01 -0.1646709667996099D+01
 -0.1631892301128318D+01 -0.1615099432151977D+01 -0.1596283207440050D+01
 -0.1575399642147528D+01 -0.1552409126575053D+01 -0.1527276953001945D+01
 -0.1499973861149406D+01 -0.1470476600028992D+01 -0.1438768503494464D+01
 -0.1404840076347196D+01 -0.1368689587348634D+01 -0.1330323664969541D+01
 -0.1289757891158396D+01 -0.1247017387844032D+01 -0.1202137390305696D+01
 -0.1155163800953056D+01 -0.1106153716466672D+01 -0.1055175920664886D+01
 -0.1002311334895629D+01 -0.9476534172130621D+00 -0.8913085011019252D+00
 -0.8333960640713892D+00 -0.7740489160709318D+00 -0.7134132974004213D+00
 -0.6516488756134968D+00 -0.5889286308671223D+00 -0.5254386192708276D+00
 -0.4613776040575116D+00 -0.3969565448542949D+00 -0.3323979359971356D+00
 -0.2679349857258281D+00 -0.2038106292342521D+00 -0.1402763699493904D+00
 -0.7759094508395466D-01 -0.1601881345977988D-01  0.4417153416342527D-01
  0.1027094394978535D+00  0.1593241103205591D+00  0.2137468146298286D+00
  0.2657132234344453D+00  0.3149658867142764D+00  0.3612568233727606D+00
  0.4043502021403529D+00  0.4440250864336586D+00  0.4800782121938944D+00
  0.5123267637942489D+00  0.5406111093123960D+00  0.5647974529144182D+00
  0.5847803589111341D+00  0.6004850993587312D+00  0.6118697750250719D+00
  0.6189271582787943D+00  0.6216862061284966D+00  0.6202131923865875D+00
  0.6146124098873417D+00  0.6050263969636404D+00  0.5916356470690476D+00
  0.5746577665776671D+00  0.5543460534236115D+00  0.5309874783333316D+00
  0.5049000608904307D+00  0.4764296444380535D+00  0.4459460867017855D+00
  0.4138388967877603D+00  0.3805123636067301D+00  0.3463802354765868D+00
  0.3118600252989855D+00  0.2773670298860918D+00  0.2433081652934755D+00
  0.2100757319326164D+00  0.1780412333149470D+00  0.1475493800401897D+00
  0.1189124156180435D+00  0.9240490246492868D-01  0.6825910455290359D-01
  0.4666109737836592D-01  0.2774772592384089D-01  0.1160451697893788D-01
 -0.1735366425134838D-02 -0.1229106345980576D-01 -0.2013280834353007D-01
 -0.2537956886683828D-01 -0.2819555410822865D-01 -0.2878564859157038D-01
 -0.2738986425169994D-01 -0.2427693480108147D-01 -0.1973720809412691D-01
 -0.1407501954701266D-01 -0.7600752345634849D-02 -0.6228069736081812D-03
  0.6560287404862815D-02  0.1366738468122554D-01  0.2044162716695731D-01
  0.2665652895547240D-01  0.3212104386610865D-01  0.3668345484383291D-01
  0.4023395937706051D-01  0.4270586948138525D-01  0.4407539353583576D-01
  0.4436001881392265D-01  0.4361556569087190D-01  0.4193203483763561D-01
  0.3942841483581340D-01  0.3624665733293932D-01  0.3254505818019705D-01
  0.2849130446262186D-01  0.2425545796329239D-01  0.2000314496659322D-01
  0.1588921051438044D-01  0.1205207289864607D-01  0.8608982355902496D-02
  0.5652348024951245D-02  0.3247250913105314D-02  0.1430209753640947D-02
  0.2092132346354387D-03 -0.4350217599458699D-03 -0.5466583571919803D-03
 -0.1913549527258428D-03  0.5479299233852654D-03  0.1575726970768296D-02
  0.2789200279487417D-02  0.4083395526655691D-02  0.5356343064865642D-02
  0.6513781425602924D-02  0.7473293498291862D-02  0.8167684362603064D-02
  0.8547473572851107D-02  0.8582422537062892D-02  0.8262066805981299D-02
  0.7595271563626666D-02  0.6608874827698592D-02  0.5345525272115942D-02
  0.3860858288933680D-02  0.2220182728951089D-02  0.4948695909488263D-03
 -0.1241358762363432D-02 -0.2916045075882136D-02 -0.4461341922575848D-02
 -0.5816933538994458D-02 -0.6932417475106034D-02 -0.7769067182704555D-02
 -0.8300936587680600D-02 -0.8515306186485837D-02 -0.8412504792616149D-02
 -0.8005169876351709D-02 -0.7317031339353488D-02 -0.6381318097371541D-02
 -0.5238894182565331D-02 -0.3936231883373430D-02 -0.2523324706785551D-02
 -0.1051633845074145D-02  0.4278504503759243D-03  0.1866365486050564D-02
  0.3218898960198865D-02  0.4445441774418362D-02  0.5511949606482172D-02
  0.6391006066682791D-02  0.7062192859746192D-02  0.7512183247652797D-02
  0.7734584011518958D-02  0.7729557864836873D-02  0.7503262815285553D-02
  0.7067147298657601D-02  0.6437140188207637D-02  0.5632773245318181D-02
  0.4676270633365135D-02  0.3591636167292245D-02  0.2403764489799320D-02
  0.1137597717268224D-02 -0.1826554197441820D-03 -0.1534225146468235D-02
 -0.2896402009971853D-02 -0.4251068684906934D-02 -0.5583140157303886D-02
 -0.6880913337785183D-02 -0.8136330160015559D-02 -0.9345161208373044D-02
 -0.1050711999480995D-01 -0.1162592137362191D-01 -0.1270930130807803D-01
 -0.1376902079137020D-01
  0.0000000000000000D+00  0.6893242918682255D-04  0.7190692864358830D-04
  0.7501027100922621D-04  0.7824803577772006D-04  0.8162523694252837D-04
  0.8515134229365587D-04  0.8883148142757542D-04  0.9267661098594698D-04
  0.9669100037763092D-04  0.1008833711920300D-03  0.1052614372435076D-03
  0.1098334553986135D-03  0.1146081540613968D-03  0.1195946096872871D-03
  0.1248023335181946D-03  0.1302412831694824D-03  0.1359218795239102D-03
  0.1418550318706520D-03  0.1480521607876079D-03  0.1545252226277797D-03
  0.1612867354729630D-03  0.1683498062457210D-03  0.1757281592176076D-03
  0.1834361659624595D-03  0.1914888768152601D-03  0.1999020539206573D-03
  0.2086922059500895D-03  0.2178766245714078D-03  0.2274734227597331D-03
  0.2375015750421784D-03  0.2479809597736248D-03  0.2589324035454126D-03
  0.2703777278336586D-03  0.2823397979989235D-03  0.2948425747541816D-03
  0.3079111682234569D-03  0.3215718947190779D-03  0.3358523363712970D-03
  0.3507814037499994D-03  0.3663894016243908D-03  0.3827080980128939D-03
  0.3997707966820282D-03  0.4176124132597377D-03  0.4362695551355102D-03
  0.4557806053266340D-03  0.4761858104971476D-03  0.4975273733232914D-03
  0.5198495494067124D-03  0.5431987489441685D-03  0.5676236433700494D-03
  0.5931752771956559D-03  0.6199071852768149D-03  0.6478755157489840D-03
  0.6771391588766095D-03  0.7077598820708595D-03  0.7398024713372207D-03
  0.7733348794214204D-03  0.8084283809290275D-03  0.8451577347004276D-03
  0.8836013537289437D-03  0.9238414829153312D-03  0.9659643849567697D-03
  0.1010060534672616D-02  0.1056224822072489D-02  0.1104556764474619D-02
  0.1155160727983576D-02  0.1208146158636472D-02  0.1263627823525135D-02
  0.1321726062198735D-02  0.1382567048646160D-02  0.1446283064150508D-02
  0.1513012781298521D-02  0.1582901559415851D-02  0.1656101751684082D-02
  0.1732773024177390D-02  0.1813082687034933D-02  0.1897206037959626D-02
  0.1985326718203907D-02  0.2077637081168450D-02  0.2174338573699943D-02
  0.2275642130128307D-02  0.2381768579031916D-02  0.2492949062660591D-02
  0.2609425468879978D-02  0.2731450875426574D-02  0.2859290006179631D-02
  0.2993219699063307D-02  0.3133529385089723D-02  0.3280521577939086D-02
  0.3434512373346982D-02  0.3595831957429680D-02  0.3764825122925094D-02
  0.3941851792158876D-02  0.4127287545361031D-02  0.4321524152756994D-02
  0.4524970108637636D-02  0.4738051165373516D-02  0.4961210865079105D-02
  0.5194911066350857D-02  0.5439632463198524D-02  0.5695875092959777D-02
  0.5964158829633232D-02  0.6245023858683534D-02  0.6539031128961912D-02
  0.6846762776946840D-02  0.7168822518039386D-02  0.7505835999147346D-02
  0.7858451106258636D-02  0.8227338220138283D-02  0.8613190412683045D-02
  0.9016723575834204D-02  0.9438676474280448D-02  0.9879810712480820D-02
  0.1034091060580240D-01  0.1082278294479948D-01  0.1132625664086170D-01
  0.1185218224063098D-01  0.1240143129573263D-01  0.1297489557348819D-01
  0.1357348609338087D-01  0.1419813197313380D-01  0.1484977906734166D-01
  0.1552938838067687D-01  0.1623793423677749D-01  0.1697640218302827D-01
  0.1774578661057757D-01  0.1854708806810408D-01  0.1938131024707544D-01
  0.2024945661553750D-01  0.2115252667686130D-01  0.2209151182937279D-01
  0.2306739080242013D-01  0.2408112464422302D-01  0.2513365123682370D-01
  0.2622587931364984D-01  0.2735868195564341D-01  0.2853288954263472D-01
  0.2974928213769776D-01  0.3100858128364112D-01  0.3231144119262366D-01
  0.3365843931217705D-01  0.3505006625372174D-01  0.3648671507302920D-01
  0.3796866989607002D-01  0.3949609388834658D-01  0.4106901657120141D-01
  0.4268732049477655D-01  0.4435072728433005D-01  0.4605878308455288D-01
  0.4781084343542802D-01  0.4960605762307839D-01  0.5144335256001523D-01
  0.5332141626125432D-01  0.5523868099594761D-01  0.5719330620850009D-01
  0.5918316131860812D-01  0.6120580852625283D-01  0.6325848576538383D-01
  0.6533808996876946D-01  0.6744116082619288D-01  0.6956386523873015D-01
  0.7170198269309140D-01  0.7385089180177686D-01  0.7600555827683797D-01
  0.7816052462708996D-01  0.8030990189033559D-01  0.8244736373317742D-01
  0.8456614327084067D-01  0.8665903297762068D-01  0.8871838807452269D-01
  0.9073613379374576D-01  0.9270377692918423D-01  0.9461242208731391D-01
  0.9645279305288372D-01  0.9821525967788333D-01  0.9988987068940455D-01
  0.1014663927913142D+00  0.1029343564052002D+00  0.1042831083568855D+00
  0.1055018717650474D+00  0.1065798133273178D+00  0.1075061181258945D+00
  0.1082700719885990D+00  0.1088611513419633D+00  0.1092691203800717D+00
  0.1094841352464536D+00  0.1094968547865033D+00  0.1092985572751617D+00
  0.1088812623596936D+00  0.1082378572814112D+00  0.1073622262545977D+00
  0.1062493816875376D+00  0.1048955957317945D+00  0.1032985304445670D+00
  0.1014573646488233D+00  0.9937291538067529D-01  0.9704775162930540D-01
  0.9448629790628899D-01  0.9169492503666155D-01  0.8868202545014064D-01
  0.8545807017650602D-01  0.8203564472266274D-01  0.7842946103919105D-01
  0.7465634287966458D-01  0.7073518202440111D-01  0.6668686308829326D-01
  0.6253415496510654D-01  0.5830156738157612D-01  0.5401517154504281D-01
  0.4970238446717094D-01  0.4539171722973915D-01  0.4111248822001392D-01
  0.3689450319319235D-01  0.3276770490511279D-01  0.2876179598395011D-01
  0.2490583965586169D-01  0.2122784388438646D-01  0.1775433540181036D-01
  0.1450993097510511D-01  0.1151691402964251D-01  0.8794825419218194D-02
  0.6360077648470814D-02  0.4225602190754916D-02  0.2400539668767275D-02
  0.8899825463329787D-03 -0.3052204096128641D-03 -0.1188589320442109D-02
 -0.1768060456617612D-02 -0.2055949294220702D-02 -0.2068824720095103D-02
 -0.1827291666845235D-02 -0.1355681660794750D-02 -0.6816531974416774D-03
  0.1642935402252279D-03  0.1149380410829469D-02  0.2239183583069065D-02
  0.3398321832640491D-02  0.4591185953623784D-02  0.5782692269742364D-02
  0.6939041528926927D-02  0.8028463245451653D-02  0.9021924889756462D-02
  0.9893785275924187D-02  0.1062237210747813D-01  0.1119046495105264D-01
  0.1158566693092805D-01  0.1180065117421189D-01  0.1183327144732993D-01
  0.1168653043401594D-01  0.1136840359163659D-01  0.1089152132406939D-01
  0.1027271712907629D-01  0.9532454198510896D-02  0.8694147447348324D-02
  0.7783401908831949D-02  0.6827191669778912D-02  0.5853005880584744D-02
  0.4887989753093151D-02  0.3958108799670132D-02  0.3087363861427523D-02
  0.2297082760317691D-02  0.1605311764319802D-02  0.1026326581969632D-02
  0.5702784273427834D-03  0.2429859579785342D-03  0.4587873359605954D-04
 -0.2390757225937035D-04  0.2671051193987447D-04  0.1871417002780656D-03
  0.4436172876820775D-03  0.7797878556440005D-03  0.1177394893373485D-02
  0.1616989938030581D-02  0.2078672116319716D-02  0.2542814649860229D-02
  0.2990752064785526D-02  0.3405402440123083D-02  0.3771802810415298D-02
  0.4077540421480071D-02  0.4313067524904175D-02  0.4471892474987752D-02
  0.4550644913501146D-02  0.4549017769407832D-02  0.4469593653570183D-02
  0.4317567889623872D-02  0.4100384660005190D-02  0.3827306241032931D-02
  0.3508937739227414D-02  0.3156730885588505D-02  0.2782490197838240D-02
  0.2397903221333102D-02  0.2014113783416914D-02  0.1641353513235670D-02
  0.1288642620987990D-02  0.9635664463030720D-03  0.6721299042395176D-03
  0.4186879600332587D-03  0.2059468614406781D-03  0.3502818375024331D-04
 -0.9441414643291285D-04 -0.1840347982760986D-03 -0.2366073117795901D-03
 -0.2558148584405931D-03 -0.2460319589505823D-03 -0.2121065810611481D-03
 -0.1591507512209395D-03 -0.9234638083579542D-04 -0.1677152705609270D-04
  0.6274916195169422D-04  0.1417674655106519D-03  0.2163070119340667D-03
  0.2829311930369206D-03  0.3387846484422900D-03  0.3816102013804127D-03
  0.4097437385345871D-03  0.4220899403936803D-03  0.4180819910741859D-03
  0.3976284464631626D-03  0.3610503426529319D-03  0.3090114182414774D-03
  0.2424440387084807D-03  0.1624730810421892D-03  0.7033968536438226D-04
 -0.3267357844311814D-04 -0.1453149446131581D-03 -0.2664322747857220D-03
 -0.3950380566460009D-03 -0.5303706039410167D-03 -0.6719519949581555D-03
 -0.8196439061721675D-03 -0.9737032818217062D-03 -0.1134840787615407D-02
 -0.1304286425454730D-02
  0.0000000000000000D+00 -0.1238476746955756D-06 -0.1328686934418006D-06
 -0.1425478193196401D-06 -0.1529330568380508D-06 -0.1640732141682130D-06
 -0.1760378050618134D-06 -0.1888797422352976D-06 -0.2026824638512337D-06
 -0.2175033644519797D-06 -0.2334233490220252D-06 -0.2505233776787382D-06
 -0.2688907998204987D-06 -0.2886203906522754D-06 -0.3098136863500302D-06
 -0.3325799707714639D-06 -0.3570368603890061D-06 -0.3833108739198193D-06
 -0.4115381507986434D-06 -0.4418651885864154D-06 -0.4744496381277633D-06
 -0.5094611674636590D-06 -0.5470823910256782D-06 -0.5875098724057294D-06
 -0.6309552067061429D-06 -0.6776461883222792D-06 -0.7278280712721809D-06
 -0.7817649295173675D-06 -0.8397411253145417D-06 -0.9020628943464169D-06
 -0.9690600570780905D-06 -0.1041087866562711D-05 -0.1118529003763434D-05
 -0.1201795732367689D-05 -0.1291332226055403D-05 -0.1387617082250218D-05
 -0.1491166037538033D-05 -0.1602534901188138D-05 -0.1722322724566526D-05
 -0.1851175225697043D-05 -0.1989788489813169D-05 -0.2138912968460945D-05
 -0.2299357801573126D-05 -0.2471995488946667D-05 -0.2657766939733411D-05
 -0.2857686930909900D-05 -0.3072850008241581D-05 -0.3304436866014265D-05
 -0.3553721244788641D-05 -0.3822077389659348D-05 -0.4110988114988605D-05
 -0.4422053525355239D-05 -0.4757000446537029D-05 -0.5117692624749360D-05
 -0.5506141757124362D-05 -0.5924519421557054D-05 -0.6375169979599947D-05
 -0.6860624532085261D-05 -0.7383616013629120D-05 -0.7947095519159997D-05
 -0.8554249963153759D-05 -0.9208521180390168D-05 -0.9913626585815241D-05
 -0.1067358152054681D-04 -0.1149272342124643D-04 -0.1237573796105329D-04
 -0.1332768732208985D-04 -0.1435404077226472D-04 -0.1546070773277867D-04
 -0.1665407353745175D-04 -0.1794103810080147D-04 -0.1932905772879077D-04
 -0.2082619032440520D-04 -0.2244114425979464D-04 -0.2418333120770978D-04
 -0.2606292324746923D-04 -0.2809091458479772D-04 -0.3027918825068118D-04
 -0.3264058817198617D-04 -0.3518899703609142D-04 -0.3793942040328815D-04
 -0.4090807755432345D-04 -0.4411249959630306D-04 -0.4757163538834125D-04
 -0.5130596588895894D-04 -0.5533762757039376D-04 -0.5969054559080632D-04
 -0.6439057746394144D-04 -0.6946566801724444D-04 -0.7494601648380869D-04
 -0.8086425663094305D-04 -0.8725565088865605D-04 -0.9415829950500469D-04
 -0.1016133658221029D-03 -0.1096653188366194D-03 -0.1183621942818175D-03
 -0.1277558755445552D-03 -0.1379023958100730D-03 -0.1488622629097504D-03
 -0.1607008084320993D-03 -0.1734885627448877D-03 -0.1873016576661112D-03
 -0.2022222586131862D-03 -0.2183390281527853D-03 -0.2357476229675519D-03
 -0.2545512263498994D-03 -0.2748611184263558D-03 -0.2967972864075620D-03
 -0.3204890772479141D-03 -0.3460758951836978D-03 -0.3737079466978892D-03
 -0.4035470355319129D-03 -0.4357674104275380D-03 -0.4705566683335897D-03
 -0.5081167158497121D-03 -0.5486647917001691D-03 -0.5924345530314060D-03
 -0.6396772283042564D-03 -0.6906628395011663D-03 -0.7456814962862163D-03
 -0.8050447646360078D-03 -0.8690871122971872D-03 -0.9381674332153660D-03
 -0.1012670652813887D-02 -0.1093009415671794D-02 -0.1179625856750707D-02
 -0.1272993456841169D-02 -0.1373618982331172D-02 -0.1482044508732662D-02
 -0.1598849526625054D-02 -0.1724653127776338D-02 -0.1860116268169765D-02
 -0.2005944103484196D-02 -0.2162888391234909D-02 -0.2331749952264594D-02
 -0.2513381182565833D-02 -0.2708688604501461D-02 -0.2918635444351069D-02
 -0.3144244220735185D-02 -0.3386599325836165D-02 -0.3646849578431602D-02
 -0.3926210724565920D-02 -0.4225967858195047D-02 -0.4547477730334036D-02
 -0.4892170911107540D-02 -0.5261553764639175D-02 -0.5657210191912276D-02
 -0.6080803091590305D-02 -0.6534075483302113D-02 -0.7018851232085246D-02
 -0.7537035306554197D-02 -0.8090613496943478D-02 -0.8681651512500497D-02
 -0.9312293370814118D-02 -0.9984758984615032D-02 -0.1070134084444744D-01
 -0.1146439968846641D-01 -0.1227635904357127D-01 -0.1313969851525767D-01
 -0.1405694569710713D-01 -0.1503066656489368D-01 -0.1606345421506953D-01
 -0.1715791580310387D-01 -0.1831665753404361D-01 -0.1954226755601033D-01
 -0.2083729660744940D-01 -0.2220423627113803D-01 -0.2364549469260267D-01
 -0.2516336962808299D-01 -0.2676001869792916D-01 -0.2843742673577161D-01
 -0.3019737014241868D-01 -0.3204137817669356D-01 -0.3397069114379064D-01
 -0.3598621547569984D-01 -0.3808847573826757D-01 -0.4027756364598069D-01
 -0.4255308421896284D-01 -0.4491409927730776D-01 -0.4735906853599769D-01
 -0.4988578863944006D-01 -0.5249133055815562D-01 -0.5517197586127388D-01
 -0.5792315247699308D-01 -0.6073937065859437D-01 -0.6361415998530320D-01
 -0.6654000834435125D-01 -0.6950830396179593D-01 -0.7250928167347004D-01
 -0.7553197475192805D-01 -0.7856417372807897D-01 -0.8159239376447547D-01
 -0.8460185224759011D-01 -0.8757645836482743D-01 -0.9049881651388804D-01
 -0.9335024545235639D-01 -0.9611081512782146D-01 -0.9875940312815032D-01
 -0.1012737726501342D+00 -0.1036306737973449D+00 -0.1058059698774280D+00
 -0.1077747901700266D+00 -0.1095117103737269D+00 -0.1109909616098257D+00
 -0.1121866684594160D+00 -0.1130731160367820D+00 -0.1136250455564647D+00
 -0.1138179772355334D+00 -0.1136285586904467D+00 -0.1130349362455124D+00
 -0.1120171457758156D+00 -0.1105575188726057D+00 -0.1086410992572737D+00
 -0.1062560634977178D+00 -0.1033941392175820D+00 -0.1000510131568258D+00
 -0.9622672066652103D-01 -0.9192600752945111D-01 -0.8715865442127849D-01
 -0.8193975389700732D-01 -0.7628992953810441D-01 -0.7023548686167107D-01
 -0.6380848580922824D-01 -0.5704672513254996D-01 -0.4999362980849988D-01
 -0.4269803377050705D-01 -0.3521385176109778D-01 -0.2759963599861560D-01
 -0.1991801561085195D-01 -0.1223501940286132D-01 -0.4619285462068006D-02
  0.2858835692986626D-02  0.1012827431890593D-01  0.1711831741801571D-01
  0.2375975041590199D-01  0.2998604417630256D-01  0.3573456396462742D-01
  0.4094777438119320D-01  0.4557441224675364D-01  0.4957059803596985D-01
  0.5290085579941898D-01  0.5553901164161261D-01  0.5746894178429118D-01
  0.5868514308032728D-01  0.5919310160121332D-01  0.5900943866080147D-01
  0.5816181836655061D-01  0.5668860651198575D-01  0.5463827723323399D-01
  0.5206857118715207D-01  0.4904541680697917D-01  0.4564163412987252D-01
  0.4193544840257740D-01  0.3800884778025844D-01  0.3394582558584066D-01
  0.2983055248867795D-01  0.2574552736083307D-01  0.2176975732721499D-01
  0.1797701758342024D-01  0.1443423993490895D-01  0.1120007580847951D-01
  0.8323674850917777D-02  0.5843714343183785D-02  0.3787707719173014D-02
  0.2171612681574541D-02  0.9997509380280877D-03  0.2650426103143954D-03
 -0.5045093540426506D-04  0.2530845018516428D-04  0.4554388303532685D-03
  0.1195474712218761D-02  0.2194894384322564D-02  0.3398788190524970D-02
  0.4749612219073229D-02  0.6188968423506651D-02  0.7659351374052487D-02
  0.9105803972326175D-02  0.1047742943103416D-01  0.1172871414841220D-01
  0.1282062491115391D-01  0.1372145322650363D-01  0.1440738885907003D-01
  0.1486281366795815D-01  0.1508031583626870D-01  0.1506043386254222D-01
  0.1481114927796951D-01  0.1434715658180358D-01  0.1368894762179738D-01
  0.1286175475670108D-01  0.1189440188382818D-01  0.1081811434615870D-01
  0.9665337694004732D-02  0.8468611448960080D-02  0.7259537828803653D-02
  0.6067877458717668D-02  0.4920795127802670D-02  0.3842269370171649D-02
  0.2852670716070174D-02  0.1968505409412786D-02  0.1202314612046519D-02
  0.5627138369734269D-03  0.5455364355091323D-04 -0.3208195724814992D-03
 -0.5652247102387244D-03 -0.6832507499331415D-03 -0.6818257569904306D-03
 -0.5697688608320662D-03 -0.3573417286629604D-03 -0.5581359048586683D-04
  0.3229487004175101D-03  0.7668566473927698D-03  0.1263935696884651D-02
  0.1802616365831780D-02  0.2371979054142346D-02  0.2961952704622562D-02
  0.3563469257765459D-02  0.4168577365436696D-02  0.4770520030779283D-02
  0.5363781720044651D-02  0.5944111033413958D-02  0.6508525268655654D-02
  0.7055303213555083D-02  0.7583972344915018D-02  0.8095296373286688D-02
  0.8591268846179192D-02  0.9075118360696596D-02  0.9551330909954364D-02
  0.1002569502787845D-01  0.1050537574515723D-01  0.1099902398783432D-01
  0.1151692899748409D-01  0.1207122278299861D-01  0.1267614746203570D-01
  0.1334839998098812D-01
  0.0000000000000000D+00  0.1398036970633460D-06  0.1499869531635610D-06
  0.1609131051828861D-06  0.1726363424426394D-06  0.1852117614753640D-06
  0.1987178321108773D-06  0.2132142841918003D-06  0.2287953059794132D-06
  0.2455256865901490D-06  0.2634967546937539D-06  0.2827999011953838D-06
  0.3035337294563879D-06  0.3258052253932440D-06  0.3497290069696701D-06
  0.3754284380376092D-06  0.4030362886354057D-06  0.4326953780070155D-06
  0.4645593856436378D-06  0.4987936837003955D-06  0.5355762346019494D-06
  0.5750985662620485D-06  0.6175668209955498D-06  0.6632028874854163D-06
  0.7122456225833210D-06  0.7649521695499722D-06  0.8215993807663305D-06
  0.8824853533189454D-06  0.9479310865350163D-06  0.1018282271342518D-05
  0.1093911222118927D-05  0.1175218962569507D-05  0.1262637478128056D-05
  0.1356632148399141D-05  0.1457704374273467D-05  0.1566394415552903D-05
  0.1683284456225930D-05  0.1809001915946247D-05  0.1944223027796219D-05
  0.2089676704071708D-05  0.2246148713616503D-05  0.2414486196173614D-05
  0.2595602541319778D-05  0.2790482661820889D-05  0.3000188693704290D-05
  0.3225866158003566D-05  0.3468750622009291D-05  0.3730174900971945D-05
  0.4011576844570620D-05  0.4314507756102399D-05  0.4640641496285130D-05
  0.4991784327823289D-05  0.5369885561488534D-05  0.5777049069439729D-05
  0.6215545736881330D-05  0.6687826928964254D-05  0.7196539056103844D-05
  0.7744539327659973D-05  0.8334912791233812D-05  0.8970990762724182D-05
  0.9656370760797650D-05  0.1039493806860700D-04  0.1119088905549226D-04
  0.1204875640206897D-04  0.1297343638360684D-04  0.1397021837898789D-04
  0.1504481678586950D-04  0.1620340553703200D-04  0.1745265542833292D-04
  0.1879977448529811D-04  0.2025255161322861D-04  0.2181940379488037D-04
  0.2350942712036397D-04  0.2533245195600992D-04  0.2729910258264510D-04
  0.2942086165913067D-04  0.3171013989422196D-04  0.3418035133894193D-04
  0.3684599474281547D-04  0.3972274145061480D-04  0.4282753035183396D-04
  0.4617867043305826D-04  0.4979595152385577D-04  0.5370076386990628D-04
  0.5791622721292859D-04  0.6246733010569190D-04  0.6738108024211868D-04
  0.7268666663732103D-04  0.7841563455047930D-04  0.8460207410485500D-04
  0.9128282362403796D-04  0.9849768877182954D-04  0.1062896786550209D-03
  0.1147052601237742D-03  0.1237946315833840D-03  0.1336120177138396D-03
  0.1442159865798251D-03  0.1556697907034206D-03  0.1680417337647407D-03
  0.1814055646917889D-03  0.1958409009997249D-03  0.2114336833411251D-03
  0.2282766633323006D-03  0.2464699268257454D-03  0.2661214549047077D-03
  0.2873477249819394D-03  0.3102743544899476D-03  0.3350367897535283D-03
  0.3617810427356827D-03  0.3906644784438121D-03  0.4218566558726283D-03
  0.4555402254416014D-03  0.4919118859557876D-03  0.5311834041769639D-03
  0.5735827001344203D-03  0.6193550013281524D-03  0.6687640689780363D-03
  0.7220934994467504D-03  0.7796481039072204D-03  0.8417553692320663D-03
  0.9087670029474205D-03  0.9810605649102418D-03  0.1059041188130042D-02
  0.1143143390855306D-02  0.1233832981673357D-02  0.1331609058921272D-02
  0.1437006105164560D-02  0.1550596176859200D-02  0.1672991188559923D-02
  0.1804845290160567D-02  0.1946857334638231D-02  0.2099773432607210D-02
  0.2264389588656758D-02  0.2441554412932593D-02  0.2632171899709445D-02
  0.2837204262773416D-02  0.3057674815271192D-02  0.3294670879269523D-02
  0.3549346707585370D-02  0.3822926397475359D-02  0.4116706772495909D-02
  0.4432060205244075D-02  0.4770437349748673D-02  0.5133369747985796D-02
  0.5522472270330803D-02  0.5939445344719657D-02  0.6386076923870208D-02
  0.6864244134106627D-02  0.7375914543140933D-02  0.7923146977604356D-02
  0.8508091814205955D-02  0.9132990661151677D-02  0.9800175338922428D-02
  0.1051206606173279D-01  0.1127116871303418D-01  0.1208007110036972D-01
  0.1294143806682286D-01  0.1385800532835013D-01  0.1483257189858075D-01
  0.1586799095536969D-01  0.1696715899668665D-01  0.1813300312753297D-01
  0.1936846631473932D-01  0.2067649044299145D-01  0.2205999700356413D-01
  0.2352186524735859D-01  0.2506490763631230D-01  0.2669184243249301D-01
  0.2840526327264081D-01  0.3020760558805647D-01  0.3210110974605215D-01
  0.3408778081019416D-01  0.3616934484282144D-01  0.3834720170535076D-01
  0.4062237435022290D-01  0.4299545464352535D-01  0.4546654580983756D-01
  0.4803520165113259D-01  0.5070036276001704D-01  0.5346029002449560D-01
  0.5631249580699818D-01  0.5925367327466779D-01  0.6227962446077471D-01
  0.6538518774831731D-01  0.6856416558588872D-01  0.7180925337198892D-01
  0.7511197057610595D-01  0.7846259530171262D-01  0.8185010363609717D-01
  0.8526211527248349D-01  0.8868484702854174D-01  0.9210307601892023D-01
  0.9550011436400073D-01  0.9885779742818342D-01  0.1021564876734230D+00
  0.1053750962817478D+00  0.1084911247371176D+00  0.1114807285561788D+00
  0.1143188053107487D+00  0.1169791089862019D+00  0.1194343925611940D+00
  0.1216565804694736D+00  0.1236169723078482D+00  0.1252864787811684D+00
  0.1266358904221715D+00  0.1276361790894760D+00  0.1282588316310765D+00
  0.1284762144054790D+00  0.1282619665825500D+00  0.1275914193080908D+00
  0.1264420369196578D+00  0.1247938754586673D+00  0.1226300527508746D+00
  0.1199372233425676D+00  0.1167060506052173D+00  0.1129316673820780D+00
  0.1086141156747065D+00  0.1037587550869542D+00  0.9837662909283351D-01
  0.9248477770921142D-01  0.8610648487278197D-01  0.7927144878244084D-01
  0.7201586371222873D-01  0.6438240236433757D-01  0.5642008875119892D-01
  0.4818405290034483D-01  0.3973516038804256D-01  0.3113951183990591D-01
  0.2246781008755564D-01  0.1379459562200362D-01  0.5197354298722877D-02
 -0.3244495134461733D-02 -0.1145072228288102D-01 -0.1934149978099860D-01
 -0.2683869214238719D-01 -0.3386719578801238D-01 -0.4035630384883127D-01
 -0.4624106641463217D-01 -0.5146361459976673D-01 -0.5597441523069765D-01
 -0.5973342222080525D-01 -0.6271109084111390D-01 -0.6488922218138868D-01
 -0.6626160716881130D-01 -0.6683444262461352D-01 -0.6662649606088407D-01
 -0.6566900125802327D-01 -0.6400527312360293D-01 -0.6169003779473139D-01
 -0.5878848222642859D-01 -0.5537503631250370D-01 -0.5153190954749406D-01
 -0.4734741294458274D-01 -0.4291410494989821D-01 -0.3832680703933929D-01
 -0.3368054020639617D-01 -0.2906843738740252D-01 -0.2457968885546019D-01
 -0.2029757767946453D-01 -0.1629766051566400D-01 -0.1264614538363508D-01
 -0.9398512844673471D-02 -0.6598420354946648D-02 -0.4276921731391717D-02
 -0.2452024866096128D-02 -0.1128601262916598D-02 -0.2986508421610571D-03
  0.5808504628145189D-04 -0.2681985754420762D-04 -0.5117223127233207D-03
 -0.1346418668397048D-02 -0.2473869367414604D-02 -0.3832082554018108D-02
 -0.5356094097878210D-02 -0.6979977437679108D-02 -0.8638815723635710D-02
 -0.1027057114739889D-01 -0.1181779195724176D-01 -0.1322910592933203D-01
 -0.1446045900552892D-01 -0.1547606838396047D-01 -0.1624906982153460D-01
 -0.1676184909376930D-01 -0.1700605771774246D-01 -0.1698232352206118D-01
 -0.1669967748325029D-01 -0.1617472900876323D-01 -0.1543063171008413D-01
 -0.1449588973798826D-01 -0.1340306011047258D-01 -0.1218740864385793D-01
 -0.1088557592271563D-01 -0.9534305421392407D-02 -0.8169278900290757D-02
 -0.6824095241036945D-02 -0.5529418759340615D-02 -0.4312312555446013D-02
 -0.3195762373904697D-02 -0.2198387355428108D-02 -0.1334326412071799D-02
 -0.6132829969568723D-03 -0.4070685108056083D-04  0.3819111751167503D-03
  0.6566560871372936D-03  0.7887420426690077D-03  0.7860252017159392D-03
  0.6584973158221905D-03  0.4177787176260668D-03  0.7662659125458913D-04
 -0.3515284989067039D-03 -0.8530077330753971D-03 -0.1414263537702364D-02
 -0.2022208860428237D-02 -0.2664494109715219D-02 -0.3329731929021539D-02
 -0.4007671990610496D-02 -0.4689329706087400D-02 -0.5367074108872883D-02
 -0.6034681155033448D-02 -0.6687359299830444D-02 -0.7321754486263463D-02
 -0.7935941685630162D-02 -0.8529409954641794D-02 -0.9103047709688911D-02
 -0.9659134672030433D-02 -0.1020134676845781D-01 -0.1073478026182178D-01
 -0.1126600157315382D-01 -0.1180312969230356D-01 -0.1235595883351558D-01
 -0.1293613015040708D-01 -0.1355736306819563D-01 -0.1423575906310627D-01
 -0.1499019507946193D-01
  0.0000000000000000D+00 -0.5681163543141780D-11 -0.6268205547939825D-11
 -0.6915965154981877D-11 -0.7630722599593503D-11 -0.8419214058983245D-11
 -0.9290188351714395D-11 -0.1025160948370765D-10 -0.1131445865333626D-10
 -0.1248824286121596D-10 -0.1378505790559086D-10 -0.1521777724476467D-10
 -0.1680065081927219D-10 -0.1854951893091328D-10 -0.2048186284912150D-10
 -0.2261702619376198D-10 -0.2497641350851732D-10 -0.2758370429103557D-10
 -0.3046510092936312D-10 -0.3364959946827398D-10 -0.3716928996001712D-10
 -0.4105969009601474D-10 -0.4536011488451732D-10 -0.5011408671386272D-10
 -0.5536979023339875D-10 -0.6118057696714910D-10 -0.6760552519424330D-10
 -0.7471006121886917D-10 -0.8256664884617217D-10 -0.9125555464920705D-10
 -0.1008656974643209D-09 -0.1114955915047411D-09 -0.1232543935421505D-09
 -0.1362630657873452D-09 -0.1506556674176108D-09 -0.1665807891656961D-09
 -0.1842031470206839D-09 -0.2037053529141689D-09 -0.2252898822976400D-09
 -0.2491812607830803D-09 -0.2756284945456621D-09 -0.3049077720052706D-09
 -0.3373254674461915D-09 -0.3732214807393505D-09 -0.4129729512411855D-09
 -0.4569983883043822D-09 -0.5057622657011094D-09 -0.5597801326873427D-09
 -0.6196243004930371D-09 -0.6859301697802891D-09 -0.7594032721517098D-09
 -0.8408271072053062D-09 -0.9310718660216215D-09 -0.1031104142447299D-08
 -0.1141997745233594D-08 -0.1264945737139302D-08 -0.1401273841673792D-08
 -0.1552455374412501D-08 -0.1720127873961755D-08 -0.1906111627900121D-08
 -0.2112430311625729D-08 -0.2341333983263995D-08 -0.2595324705944193D-08
 -0.2877185100173377D-08 -0.3190010164102265D-08 -0.3537242738610260D-08
 -0.3922713037806197D-08 -0.4350682714270744D-08 -0.4825893982739938D-08
 -0.5353624386595511D-08 -0.5939747859211380D-08 -0.6590802807712295D-08
 -0.7314068030925315D-08 -0.8117647377249726D-08 -0.9010564152940653D-08
 -0.1000286640813724D-07 -0.1110574435823498D-07 -0.1233166134343552D-07
 -0.1369449989119732D-07 -0.1520972462674260D-07 -0.1689456397784522D-07
 -0.1876821284414215D-07 -0.2085205865076958D-07 -0.2316993348406417D-07
 -0.2574839531656751D-07 -0.2861704167313602D-07 -0.3180885947347050D-07
 -0.3536061521314175D-07 -0.3931329011997315D-07 -0.4371256545068240D-07
 -0.4860936367983223D-07 -0.5406045198578498D-07 -0.6012911516360866D-07
 -0.6688590590053980D-07 -0.7440948124430819D-07 -0.8278753508783196D-07
 -0.9211783759595953D-07 -0.1025093937225303D-06 -0.1140837343216720D-06
 -0.1269763548597524D-06 -0.1413383183989852D-06 -0.1573380413668973D-06
 -0.1751632826659253D-06 -0.1950233589341722D-06 -0.2171516112634693D-06
 -0.2418081514380320D-06 -0.2692829188018019D-06 -0.2998990822231047D-06
 -0.3340168253316445D-06 -0.3720375572882038D-06 -0.4144085958469289D-06
 -0.4616283744223663D-06 -0.5142522303194316D-06 -0.5728988372687998D-06
 -0.6382573519801558D-06 -0.7110953516319321D-06 -0.7922676471130931D-06
 -0.8827260654768624D-06 -0.9835303045195815D-06 -0.1095859972723259D-05
 -0.1221027939065668D-05 -0.1360495129476479D-05 -0.1515886920074712D-05
 -0.1689011291836810D-05 -0.1881878927091539D-05 -0.2096725445296167D-05
 -0.2336035993994415D-05 -0.2602572430767371D-05 -0.2899403353438710D-05
 -0.3229937258853432D-05 -0.3597959135282060D-05 -0.4007670819963477D-05
 -0.4463735481536531D-05 -0.4971326617154415D-05 -0.5536181985940865D-05
 -0.6164662934125768D-05 -0.6863819602656753D-05 -0.7641462545255663D-05
 -0.8506241323672604D-05 -0.9467730687132825D-05 -0.1053652498447527D-04
 -0.1172434149997622D-04 -0.1304413344700519D-04 -0.1451021339704949D-04
 -0.1613838796475485D-04 -0.1794610461183921D-04 -0.1995261147329524D-04
 -0.2217913114732197D-04 -0.2464904942487175D-04 -0.2738811996435192D-04
 -0.3042468594047566D-04 -0.3378991971188593D-04 -0.3751808155813493D-04
 -0.4164679853077988D-04 -0.4621736444337226D-04 -0.5127506198830194D-04
 -0.5686950791182374D-04 -0.6305502209882346D-04 -0.6989102131231598D-04
 -0.7744243819531210D-04 -0.8578016597013310D-04 -0.9498152905782968D-04
 -0.1051307795829156D-03 -0.1163196194208323D-03 -0.1286477470816366D-03
 -0.1422234282974484D-03 -0.1571640886869831D-03 -0.1735969263018290D-03
 -0.1916595412096008D-03 -0.2115005785326466D-03 -0.2332803805315391D-03
 -0.2571716423947116D-03 -0.2833600653644516D-03 -0.3120449996909282D-03
 -0.3434400686574361D-03 -0.3777737635599978D-03 -0.4152899980536245D-03
 -0.4562486086986701D-03 -0.5009257868592353D-03 -0.5496144253304881D-03
 -0.6026243612154804D-03 -0.6602824946516534D-03 -0.7229327610249213D-03
 -0.7909359323329099D-03 -0.8646692214033278D-03 -0.9445256607808197D-03
 -0.1030913226316212D-02 -0.1124253673885803D-02 -0.1224981056304395D-02
 -0.1333539886454197D-02 -0.1450382912022204D-02 -0.1575968467121802D-02
 -0.1710757366578801D-02 -0.1855209309904385D-02 -0.2009778764077905D-02
 -0.2174910297346590D-02 -0.2351033340428081D-02 -0.2538556356905939D-02
 -0.2737860411317846D-02 -0.2949292131566266D-02 -0.3173156071880981D-02
 -0.3409706493698034D-02 -0.3659138594507682D-02 -0.3921579228968246D-02
 -0.4197077182345225D-02 -0.4485593073547396D-02 -0.4786988983576743D-02
 -0.5101017924926089D-02 -0.5427313288125717D-02 -0.5765378422979473D-02
 -0.6114576533692184D-02 -0.6474121088650634D-02 -0.6843066966581679D-02
 -0.7220302580587662D-02 -0.7604543239484475D-02 -0.7994326021188396D-02
 -0.8388006444771562D-02 -0.8783757235317180D-02 -0.9179569477860434D-02
 -0.9573256452448296D-02 -0.9962460430614564D-02 -0.1034466269324960D-01
 -0.1071719699990873D-01 -0.1107726669910021D-01 -0.1142196561724606D-01
 -0.1174830280030901D-01 -0.1205323110637350D-01 -0.1233367956009862D-01
 -0.1258658928185825D-01 -0.1280895269720395D-01 -0.1299785561847394D-01
 -0.1315052167320708D-01 -0.1326435843756185D-01 -0.1333700452183887D-01
 -0.1336637675441256D-01 -0.1335071652467030D-01 -0.1328863427899144D-01
 -0.1317915111919693D-01 -0.1302173643160312D-01 -0.1281634047625955D-01
 -0.1256342089042838D-01 -0.1226396210509400D-01 -0.1191948674212394D-01
 -0.1153205815371071D-01 -0.1110427339075754D-01 -0.1063924605166537D-01
 -0.1014057866757913D-01 -0.9612324530797420D-02 -0.9058939160841212D-02
 -0.8485221920085016D-02 -0.7896248621725234D-02 -0.7297296299496017D-02
 -0.6693761612200646D-02 -0.6091074619191801D-02 -0.5494609870816102D-02
 -0.4909596899696007D-02 -0.4341032268575011D-02 -0.3793595326580287D-02
 -0.3271569751188502D-02 -0.2778772814243594D-02 -0.2318494116257629D-02
 -0.1893445294529836D-02 -0.1505721938183601D-02 -0.1156778647066359D-02
 -0.8474178597964104D-03 -0.5777927550469474D-03 -0.3474242030828517D-03
 -0.1552314134205362D-03  0.4244098230421868D-06  0.1216844294470267D-03
  0.2111259127085229D-03  0.2716870302332968D-03  0.3065847076853427D-03
  0.3192277894726180D-03  0.3131279825999119D-03  0.2918111693702937D-03
  0.2587316908837631D-03  0.2171920880204034D-03  0.1702705488549091D-03
  0.1207579689946546D-03  0.7110612341568882D-04  0.2338801586438112D-04
 -0.2072895524287615D-04 -0.5999678652862077D-04 -0.9358778715659763D-04
 -0.1210831938492003D-03 -0.1424504477284947D-03 -0.1580104745883213D-03
 -0.1683966450504907D-03 -0.1745073547764874D-03 -0.1774543332355864D-03
 -0.1785088474126701D-03 -0.1790479111044277D-03 -0.1805024492037631D-03
 -0.1843091172447163D-03 -0.1918671635719391D-03 -0.2045013719752637D-03
 -0.2234317635515996D-03 -0.2497503920672627D-03 -0.2844052565050396D-03
 -0.3281910911695260D-03 -0.3817465849278014D-03 -0.4455574284696641D-03
 -0.5199644893199567D-03 -0.6051763621012830D-03 -0.7012855279755029D-03
 -0.8082873792566959D-03 -0.9261014048232694D-03 -0.1054593900419074D-02
 -0.1193601643863722D-02 -0.1342956072478801D-02 -0.1502507609687456D-02
 -0.1672149915365722D-02 -0.1851843977666384D-02 -0.2041642126198886D-02
 -0.2241712219151437D-02 -0.2452362443721634D-02 -0.2674067356167324D-02
 -0.2907495981763865D-02 -0.3153542985350757D-02 -0.3413364124604546D-02
 -0.3688417415625682D-02 -0.3980511695465848D-02 -0.4291864577486063D-02
 -0.4625172194763103D-02 -0.4983693634173637D-02 -0.5371353620224388D-02
 -0.5792867843396988D-02 -0.6253896386706313D-02 -0.6761232048447958D-02
 -0.7323032051334148D-02 -0.7949103787217266D-02 -0.8651257837191320D-02
 -0.9443745408510833D-02
  0.0000000000000000D+00  0.1050933717986330D-10  0.1159514928264204D-10
  0.1279325346904489D-10  0.1411526320060559D-10  0.1557363486600092D-10
  0.1718454272219638D-10  0.1896271783658986D-10  0.2092846054551874D-10
  0.2309935466971108D-10  0.2549776564386052D-10  0.2814749697971843D-10
  0.3107489871969804D-10  0.3430926003383050D-10  0.3788290435240746D-10
  0.4183159842475568D-10  0.4619491911931844D-10  0.5101664934761676D-10
  0.5634523635191680D-10  0.6223429223917850D-10  0.6874314925755513D-10
  0.7593747655139680D-10  0.8388996355917465D-10  0.9268107806944597D-10
  0.1023999071180573D-09  0.1131450898186775D-09  0.1250258523544866D-09
  0.1381631564478844D-09  0.1526909739087976D-09  0.1687577012819969D-09
  0.1865277301894019D-09  0.2061831907239167D-09  0.2279258872105923D-09
  0.2519794478345146D-09  0.2785917120684061D-09  0.3080373825449942D-09
  0.3406209710422649D-09  0.3766800716196185D-09  0.4165889976999335D-09
  0.4607628240814163D-09  0.5096618795339418D-09  0.5637967408433746D-09
  0.6237337849764163D-09  0.6901013625176211D-09  0.7635966627573542D-09
  0.8449933488710715D-09  0.9351500506241672D-09  0.1035019812070428D-08
  0.1145660602907214D-08  0.1268247014641859D-08  0.1404083276662314D-08
  0.1554617742858874D-08  0.1721459016801406D-08  0.1906393902846789D-08
  0.2111407392169663D-08  0.2338704916836175D-08  0.2590737131968001D-08
  0.2870227516097273D-08  0.3180203113356076D-08  0.3524028778581185D-08
  0.3905445328199559D-08  0.4328612046394283D-08  0.4798154048100240D-08
  0.5319215058467175D-08  0.5897516233257531D-08  0.6539421716994593D-08
  0.7252011716413812D-08  0.8043163956863195D-08  0.8921644489827759D-08
  0.9897208931918750D-08  0.1098071534080908D-07  0.1218425007320322D-07
  0.1352126812565936D-07  0.1500674963278254D-07  0.1665737439103000D-07
  0.1849171649240247D-07  0.2053046139317175D-07  0.2279664801134633D-07
  0.2531593874593132D-07  0.2811692064468910D-07  0.3123144131891864D-07
  0.3469498361803580D-07  0.3854708353823006D-07  0.4283179635346908D-07
  0.4759821652948285D-07  0.5290105761858647D-07  0.5880129904247055D-07
  0.6536690745935945D-07  0.7267364129005264D-07  0.8080594795398438D-07
  0.8985796445242123D-07  0.9993463314305348D-07  0.1111529458917237D-06
  0.1236433312772746D-06  0.1375512011804764D-06  0.1530386749252670D-06
  0.1702865011793928D-06  0.1894962000832765D-06  0.2108924505838660D-06
  0.2347257507299430D-06  0.2612753817650206D-06  0.2908527102642725D-06
  0.3238048663365427D-06  0.3605188400882401D-06  0.4014260431629192D-06
  0.4470073872723283D-06  0.4977989372693882D-06  0.5543982025326358D-06
  0.6174711372913282D-06  0.6877599280815785D-06  0.7660916548522170D-06
  0.8533879214058930D-06  0.9506755609421780D-06  0.1059098533547915D-05
  0.1179931144643385D-05  0.1314592726735014D-05  0.1464663941447435D-05
  0.1631904874814901D-05  0.1818275116318514D-05  0.2025956031278914D-05
  0.2257375457079599D-05  0.2515235076433606D-05  0.2802540745650283D-05
  0.3122636082749993D-05  0.3479239649453010D-05  0.3876486092680676D-05
  0.4318971645395383D-05  0.4811804423513599D-05  0.5360659995393400D-05
  0.5971842743152991D-05  0.6652353580944445D-05  0.7409964644390237D-05
  0.8253301617776794D-05  0.9191934421352522D-05  0.1023647704022236D-04
  0.1139869733886160D-04  0.1269163777112534D-04  0.1412974796469075D-04
  0.1572903023095107D-04  0.1750719912620504D-04  0.1948385626719511D-04
  0.2168068168314678D-04  0.2412164306684109D-04  0.2683322436814264D-04
  0.2984467525385096D-04  0.3318828303661677D-04  0.3689966875157197D-04
  0.4101810913064699D-04  0.4558688628937314D-04  0.5065366699704759D-04
  0.5627091344588444D-04  0.6249632746520357D-04  0.6939333013939457D-04
  0.7703157877947323D-04  0.8548752316308772D-04  0.9484500289197243D-04
  0.1051958876134783D-03  0.1166407617079034D-03  0.1292896548490837D-03
  0.1432628195946859D-03  0.1586915568467986D-03  0.1757190896340014D-03
  0.1945014851936592D-03  0.2152086247678265D-03  0.2380252198571541D-03
  0.2631518728936296D-03  0.2908061793833219D-03  0.3212238675229728D-03
  0.3546599700974755D-03  0.3913900221075813D-03  0.4317112760473678D-03
  0.4759439250389246D-03  0.5244323221281539D-03  0.5775461819429390D-03
  0.6356817486080993D-03  0.6992629112975035D-03  0.7687422460835085D-03
  0.8446019598223729D-03  0.9273547087012096D-03  0.1017544260783594D-02
  0.1115745968449712D-02  0.1222567013064101D-02  0.1338646380560162D-02
  0.1464654522956583D-02  0.1601292657180660D-02  0.1749291649044221D-02
  0.1909410426892325D-02  0.2082433866432638D-02  0.2269170085682603D-02
  0.2470447086988427D-02  0.2687108681841132D-02  0.2920009633924587D-02
  0.3170009956680392D-02  0.3437968303878927D-02  0.3724734395467682D-02
  0.4031140426559253D-02  0.4357991415028032D-02  0.4706054453048018D-02
  0.5076046840174726D-02  0.5468623090463548D-02  0.5884360823721531D-02
  0.6323745571428137D-02  0.6787154551174274D-02  0.7274839489661286D-02
  0.7786908603311249D-02  0.8323307877241604D-02  0.8883801817542324D-02
  0.9467953888170099D-02  0.1007510688193879D-01  0.1070436351453289D-01
  0.1135456757056131D-01  0.1202428597063043D-01  0.1271179216733755D-01
  0.1341505131489450D-01  0.1413170769056498D-01  0.1485907487485592D-01
  0.1559412921989350D-01  0.1633350714995491D-01  0.1707350684288434D-01
  0.1781009483415962D-01  0.1853891806469751D-01  0.1925532185706727D-01
  0.1995437425068904D-01  0.2063089705305433D-01  0.2127950386956400D-01
  0.2189464525826011D-01  0.2247066101721144D-01  0.2300183945218515D-01
  0.2348248329216160D-01  0.2390698172324303D-01  0.2426988780202094D-01
  0.2456600029352842D-01  0.2479044876395496D-01  0.2493878055292791D-01
  0.2500704806348879D-01  0.2499189464874048D-01  0.2489063725000714D-01
  0.2470134385743011D-01  0.2442290382265578D-01  0.2405508905353501D-01
  0.2359860416299837D-01  0.2305512372317364D-01  0.2242731489847745D-01
  0.2171884389974588D-01  0.2093436492639012D-01  0.2007949056156366D-01
  0.1916074295671168D-01  0.1818548559878969D-01  0.1716183597973638D-01
  0.1609856007001219D-01  0.1500495010652845D-01  0.1389068780750670D-01
  0.1276569568805843D-01  0.1163997963785842D-01  0.1052346630900274D-01
  0.9425839127651566D-02  0.8356376876004575D-02  0.7323798788051212D-02
  0.6336119968759888D-02  0.5400520693471085D-02  0.4523232789224563D-02
  0.3709445862331084D-02  0.2963235637032503D-02  0.2287516127548008D-02
  0.1684016795901459D-02  0.1153285262272202D-02  0.6947155404607634D-03
  0.3066011720751121D-03 -0.1378796909087890D-04 -0.2701070342703765D-03
 -0.4668181495677804D-03 -0.6090559736885287D-03 -0.7024804287604477D-03
 -0.7531206545010999D-03 -0.7672146210838971D-03 -0.7510490679903084D-03
 -0.7108044813888162D-03 -0.6524096366630010D-03 -0.5814098222703209D-03
 -0.5028522499137048D-03 -0.4211914116889481D-03 -0.3402163425700783D-03
 -0.2630009476397763D-03 -0.1918777870214955D-03 -0.1284349761829393D-03
 -0.7353514303616503D-04 -0.2735468487512727D-04  0.1055909165654895D-04
  0.4121594578929981D-04  0.6609924738618568D-04  0.8707483523344029D-04
  0.1062960304644755D-03  0.1261085463666766D-03  0.1489587514521675D-03
  0.1773083047250227D-03  0.2135576324013014D-03  0.2599801013000789D-03
  0.3186681129282442D-03  0.3914917361308382D-03  0.4800699488253241D-03
  0.5857540941818165D-03  0.7096227863198798D-03  0.8524872279797291D-03
  0.1014905723340698D-02  0.1197206071771094D-02  0.1399514498310107D-02
  0.1621789810459220D-02  0.1863861534999473D-02  0.2125470906869334D-02
  0.2406313714407530D-02  0.2706084179755353D-02  0.3024519253092932D-02
  0.3361442936032568D-02  0.3716810518085565D-02  0.4090752917612303D-02
  0.4483621647897128D-02  0.4896035287129409D-02  0.5328928690362497D-02
  0.5783606556107134D-02  0.6261803329234123D-02  0.6765751815011505D-02
  0.7298263306443794D-02  0.7862822531768229D-02  0.8463701348035375D-02
  0.9106095903313793D-02  0.9796293004025942D-02  0.1054187273685492D-01
  0.1135195606758851D-01  0.1223750826173340D-01  0.1321171167112859D-01
  0.1429042483937189D-01  0.1549274924612381D-01  0.1684173029791421D-01
  0.1836522714873073D-01
