1POTENTIAL OF ATOM  1  Sb (SPIN=1)
                 333
  0.0000000000000000D+00 -0.1019382049617256D+03 -0.1019362902854249D+03
 -0.1019343162795172D+03 -0.1019322811040188D+03 -0.1019301828635288D+03
 -0.1019280196016204D+03 -0.1019257893023639D+03 -0.1019234898863358D+03
 -0.1019211192091736D+03 -0.1019186750603567D+03 -0.1019161551603899D+03
 -0.1019135571589758D+03 -0.1019108786327240D+03 -0.1019081170828722D+03
 -0.1019052699329402D+03 -0.1019023345263025D+03 -0.1018993081236855D+03
 -0.1018961879005880D+03 -0.1018929709446194D+03 -0.1018896542527551D+03
 -0.1018862347285063D+03 -0.1018827091790007D+03 -0.1018790743119724D+03
 -0.1018753267326569D+03 -0.1018714629405897D+03 -0.1018674793263053D+03
 -0.1018633721679317D+03 -0.1018591376276797D+03 -0.1018547717483065D+03
 -0.1018502704505314D+03 -0.1018456295254632D+03 -0.1018408446343151D+03
 -0.1018359113031198D+03 -0.1018308249185089D+03 -0.1018255807233622D+03
 -0.1018201738123227D+03 -0.1018145991271722D+03 -0.1018088514520630D+03
 -0.1018029254086050D+03 -0.1017968154507987D+03 -0.1017905158598143D+03
 -0.1017840207386096D+03 -0.1017773240063836D+03 -0.1017704193928596D+03
 -0.1017633004323957D+03 -0.1017559604579142D+03 -0.1017483925946485D+03
 -0.1017405897537003D+03 -0.1017325446254020D+03 -0.1017242496724807D+03
 -0.1017156971230173D+03 -0.1017068789631949D+03 -0.1016977869298331D+03
 -0.1016884125027005D+03 -0.1016787468966020D+03 -0.1016687810532335D+03
 -0.1016585056328001D+03 -0.1016479110081149D+03 -0.1016369872501334D+03
 -0.1016257241201075D+03 -0.1016141110636114D+03 -0.1016021371990772D+03
 -0.1015897913078771D+03 -0.1015770618241305D+03 -0.1015639368242309D+03
 -0.1015504040160889D+03 -0.1015364507280860D+03 -0.1015220638977346D+03
 -0.1015072300600408D+03 -0.1014919353355651D+03 -0.1014761654181786D+03
 -0.1014599055625108D+03 -0.1014431405710866D+03 -0.1014258547811505D+03
 -0.1014080320511758D+03 -0.1013896557470584D+03 -0.1013707087279949D+03
 -0.1013511733320441D+03 -0.1013310313613747D+03 -0.1013102640672008D+03
 -0.1012888521344074D+03 -0.1012667756658706D+03 -0.1012440141664784D+03
 -0.1012205465268562D+03 -0.1011963510068093D+03 -0.1011714052200940D+03
 -0.1011456861284032D+03 -0.1011191699839532D+03 -0.1010918323525863D+03
 -0.1010636480826356D+03 -0.1010345912869021D+03 -0.1010046353244462D+03
 -0.1009737527822157D+03 -0.1009419154565359D+03 -0.1009090943344881D+03
 -0.1008752595752075D+03 -0.1008403804911303D+03 -0.1008044255292288D+03
 -0.1007673622522696D+03 -0.1007291573201379D+03 -0.1006897764712712D+03
 -0.1006491845042497D+03 -0.1006073452595950D+03 -0.1005642216018300D+03
 -0.1005197754018564D+03 -0.1004739675197116D+03 -0.1004267577877674D+03
 -0.1003781049944365D+03 -0.1003279668684573D+03 -0.1002763000638277D+03
 -0.1002230601454641D+03 -0.1001682015756608D+03 -0.1001116777014296D+03
 -0.1000534407427994D+03 -0.9999344181421468D+02 -0.9993163084419662D+02
 -0.9986795659443347D+02 -0.9980236668241790D+02 -0.9973480755736404D+02
 -0.9966522449594942D+02 -0.9959356159956565D+02 -0.9951976179314336D+02
 -0.9944376682561227D+02 -0.9936551727204741D+02 -0.9928495253754505D+02
 -0.9920201086285978D+02 -0.9911662933182134D+02 -0.9902874388053573D+02
 -0.9893828930835819D+02 -0.9884519929060690D+02 -0.9874940639296572D+02
 -0.9865084208750162D+02 -0.9854943677019708D+02 -0.9844511977987180D+02
 -0.9833781941833826D+02 -0.9822746297160538D+02 -0.9811397673191362D+02
 -0.9799728602034928D+02 -0.9787731520975424D+02 -0.9775398774761088D+02
 -0.9762722617854959D+02 -0.9749695216609166D+02 -0.9736308651905640D+02
 -0.9722554922333178D+02 -0.9708425937209991D+02 -0.9693913528685219D+02
 -0.9679009448897726D+02 -0.9663705370726969D+02 -0.9647992888135924D+02
 -0.9631863516059315D+02 -0.9615308689793859D+02 -0.9598319763853146D+02
 -0.9580888010257105D+02 -0.9563004616236273D+02 -0.9544660681343569D+02
 -0.9525847213981940D+02 -0.9506555127374918D+02 -0.9486775235029373D+02
 -0.9466498245765501D+02 -0.9445714758418600D+02 -0.9424415256350532D+02
 -0.9402590101945702D+02 -0.9380229531306712D+02 -0.9357323649408005D+02
 -0.9333862426011160D+02 -0.9309835692691404D+02 -0.9285233141370423D+02
 -0.9260044324792622D+02 -0.9234258659418599D+02 -0.9207865431236185D+02
 -0.9180853805002340D+02 -0.9153212796778153D+02 -0.9124931383007366D+02
 -0.9095998480662152D+02 -0.9066402947285913D+02 -0.9036133633075733D+02
 -0.9005179418916451D+02 -0.8973529259212178D+02 -0.8941172228781096D+02
 -0.8908097572650841D+02 -0.8874294757102403D+02 -0.8839753519782258D+02
 -0.8804463916171491D+02 -0.8768416359221347D+02 -0.8731601648611316D+02
 -0.8694010985951041D+02 -0.8655635972434689D+02 -0.8616468586069259D+02
 -0.8576501136718024D+02 -0.8535726199032020D+02 -0.8494136523157033D+02
 -0.8451724937432908D+02 -0.8408484231536771D+02 -0.8364407042761133D+02
 -0.8319485765309088D+02 -0.8273712473708510D+02 -0.8227078884856317D+02
 -0.8179576365069421D+02 -0.8131195988108894D+02 -0.8081928674098056D+02
 -0.8031765417322281D+02 -0.7980697152654798D+02 -0.7928715342639784D+02
 -0.7875812114567445D+02 -0.7821980514340387D+02 -0.7767214747720423D+02
 -0.7711510395022692D+02 -0.7654864587311585D+02 -0.7597276134708710D+02
 -0.7538745600290709D+02 -0.7479275315986274D+02 -0.7418869339783488D+02
 -0.7357533356300021D+02 -0.7295274525378129D+02 -0.7232101285781563D+02
 -0.7168023123363888D+02 -0.7103050315180839D+02 -0.7037193662979551D+02
 -0.6970464231197474D+02 -0.6902873106019706D+02 -0.6834431192986278D+02
 -0.6765149070982503D+02 -0.6695036919918653D+02 -0.6624104537749993D+02
 -0.6552361459376073D+02 -0.6479817185007394D+02 -0.6406481518516294D+02
 -0.6332365006750138D+02 -0.6257479167931930D+02 -0.6181837809412058D+02
 -0.6105457116832871D+02 -0.6028356041149351D+02 -0.5950556774636244D+02
 -0.5872084888552389D+02 -0.5792969197276223D+02 -0.5713241327177727D+02
 -0.5632934999526474D+02 -0.5552085100727242D+02 -0.5470726735693016D+02
 -0.5388894398273817D+02 -0.5306621445198495D+02 -0.5223940078226106D+02
 -0.5140881867755695D+02 -0.5057478785873144D+02 -0.4973764616526573D+02
 -0.4889776527212724D+02 -0.4805556560584930D+02 -0.4721152820841195D+02
 -0.4636620180612250D+02 -0.4552020401955182D+02 -0.4467421635253248D+02
 -0.4382897321113801D+02 -0.4298524568073330D+02 -0.4214382113669061D+02
 -0.4130547996931078D+02 -0.4047097084167155D+02 -0.3964098484229043D+02
 -0.3881612931930425D+02 -0.3799691893544411D+02 -0.3718374964805585D+02
 -0.3637689082658795D+02 -0.3557648141259259D+02 -0.3478253363487026D+02
 -0.3399494491668709D+02 -0.3321351824433780D+02 -0.3243799080385947D+02
 -0.3166807002515795D+02 -0.3090347529943232D+02 -0.3014398263406448D+02
 -0.2938946716754302D+02 -0.2863993881206516D+02 -0.2789556269705376D+02
 -0.2715665587559609D+02 -0.2642365554594178D+02 -0.2569705692093114D+02
 -0.2497732859615079D+02 -0.2426482300412678D+02 -0.2355970642264717D+02
 -0.2286193122649856D+02 -0.2217126131672013D+02 -0.2148734458734030D+02
 -0.2080981211386464D+02 -0.2013837872939986D+02 -0.1947292411300286D+02
 -0.1881354306079282D+02 -0.1816056981443135D+02 -0.1751454423999311D+02
 -0.1687620351927051D+02 -0.1624643514967430D+02 -0.1562622325008882D+02
 -0.1501659707730459D+02 -0.1441858225305410D+02 -0.1383315730087108D+02
 -0.1326121706789388D+02 -0.1270354401779890D+02 -0.1216078762436129D+02
 -0.1163345198621544D+02 -0.1112189093725347D+02 -0.1062631016453449D+02
 -0.1014677549080318D+02 -0.9683226316589765D+01 -0.9235492618091078D+01
 -0.8803314515116512D+01 -0.8386363977458826D+01 -0.7984265681941901D+01
 -0.7596617102668171D+01 -0.7223006369661046D+01 -0.6863026190900035D+01
 -0.6516284480075544D+01 -0.6182412866658031D+01 -0.5861064440405920D+01
 -0.5551912517304332D+01 -0.5254644201999030D+01 -0.4968955407152310D+01
 -0.4694543235124777D+01 -0.4431073851682870D+01 -0.4178208220805256D+01
 -0.3935591168835316D+01 -0.3702855677864146D+01 -0.3479633255078217D+01
 -0.3265562632247503D+01 -0.3060306075689103D+01 -0.2863559639340173D+01
 -0.2675067901794060D+01 -0.2494631697739346D+01 -0.2322120243199200D+01
 -0.2157475090754591D+01 -0.2000717190779133D+01 -0.1851953304455041D+01
 -0.1711378202613669D+01 -0.1579293569616879D+01 -0.1456084648845468D+01
 -0.1342308203610004D+01
 -0.1079299485526757D+00
