1POTENTIAL OF ATOM  1  Sb (SPIN=1)
                 333
  0.0000000000000000D+00 -0.1019382054458644D+03 -0.1019362907838859D+03
 -0.1019343167927264D+03 -0.1019322816324179D+03 -0.1019301834074062D+03
 -0.1019280201615719D+03 -0.1019257898787114D+03 -0.1019234904796642D+03
 -0.1019211198199522D+03 -0.1019186756891123D+03 -0.1019161558076565D+03
 -0.1019135578253032D+03 -0.1019108793186793D+03 -0.1019081177890393D+03
 -0.1019052706599205D+03 -0.1019023352747153D+03 -0.1018993088941691D+03
 -0.1018961886937995D+03 -0.1018929717612361D+03 -0.1018896550934746D+03
 -0.1018862355940474D+03 -0.1018827100701041D+03 -0.1018790752294012D+03
 -0.1018753276771976D+03 -0.1018714639130528D+03 -0.1018674803275263D+03
 -0.1018633731987715D+03 -0.1018591386890259D+03 -0.1018547728410657D+03
 -0.1018502715755070D+03 -0.1018456306836049D+03 -0.1018408458266012D+03
 -0.1018359125305572D+03 -0.1018308261821347D+03 -0.1018255820242442D+03
 -0.1018201751515608D+03 -0.1018146005058988D+03 -0.1018088528714447D+03
 -0.1018029268698430D+03 -0.1017968169551305D+03 -0.1017905174085145D+03
 -0.1017840223329913D+03 -0.1017773256477994D+03 -0.1017704210827033D+03
 -0.1017633021721032D+03 -0.1017559622489652D+03 -0.1017483944385679D+03
 -0.1017405916520596D+03 -0.1017325465798209D+03 -0.1017242516846290D+03
 -0.1017156991946162D+03 -0.1017068810960192D+03 -0.1016977891257128D+03
 -0.1016884147635228D+03 -0.1016787492243134D+03 -0.1016687834498419D+03
 -0.1016585081003769D+03 -0.1016479135485253D+03 -0.1016369898653254D+03
 -0.1016257268122740D+03 -0.1016141138350098D+03 -0.1016021400520323D+03
 -0.1015897942447831D+03 -0.1015770648474528D+03 -0.1015639399365090D+03
 -0.1015504072199384D+03 -0.1015364540262013D+03 -0.1015220672928916D+03
 -0.1015072335550995D+03 -0.1014919389334726D+03 -0.1014761691219720D+03
 -0.1014599093753202D+03 -0.1014431444961386D+03 -0.1014258588217714D+03
 -0.1014080362107951D+03 -0.1013896600292129D+03 -0.1013707131363320D+03
 -0.1013511778703262D+03 -0.1013310360334835D+03 -0.1013102688771415D+03
 -0.1012888570863134D+03 -0.1012667807640085D+03 -0.1012440194152528D+03
 -0.1012205519308154D+03 -0.1011963565706504D+03 -0.1011714109485079D+03
 -0.1011456920248114D+03 -0.1011191760532499D+03 -0.1010918385998116D+03
 -0.1010636545129803D+03 -0.1010345979057130D+03 -0.1010046421372313D+03
 -0.1009737597946498D+03 -0.1009419226744664D+03 -0.1009091017639413D+03
 -0.1008752672223943D+03 -0.1008403883624537D+03 -0.1008044336312900D+03
 -0.1007673705918754D+03 -0.1007291659043083D+03 -0.1006897853072469D+03
 -0.1006491935995004D+03 -0.1006073546218274D+03 -0.1005642312389966D+03
 -0.1005197853221644D+03 -0.1004739777316321D+03 -0.1004267683000447D+03
 -0.1003781158160981D+03 -0.1003279780088236D+03 -0.1002763115325222D+03
 -0.1002230719524237D+03 -0.1001682137311461D+03 -0.1001116902160355D+03
 -0.1000534536274656D+03 -0.9999345507703001D+02 -0.9993164449428399D+02
 -0.9986797064309187D+02 -0.9980238114129554D+02 -0.9973482243847077D+02
 -0.9966523981166952D+02 -0.9959357736267083D+02 -0.9951977801680624D+02
 -0.9944378352341997D+02 -0.9936553445801538D+02 -0.9928497022613102D+02
 -0.9920202906897777D+02 -0.9911664807085549D+02 -0.9902876316835412D+02
 -0.9893830916132619D+02 -0.9884521972560007D+02 -0.9874942742738207D+02
 -0.9865086373927292D+02 -0.9854945905779908D+02 -0.9844514272233302D+02
 -0.9833784303524705D+02 -0.9822748728311494D+02 -0.9811400175874459D+02
 -0.9799731178378939D+02 -0.9787734173165467D+02 -0.9775401505037877D+02
 -0.9762725428513608D+02 -0.9749698109997503D+02 -0.9736311630363494D+02
 -0.9722557988002669D+02 -0.9708429092711241D+02 -0.9693916776723687D+02
 -0.9679012792266506D+02 -0.9663708812308985D+02 -0.9647996430905957D+02
 -0.9631867163085828D+02 -0.9615312444240605D+02 -0.9598323628980499D+02
 -0.9580891989423066D+02 -0.9563008712897121D+02 -0.9544664899054131D+02
 -0.9525851556395398D+02 -0.9506559598242167D+02 -0.9486779838197886D+02
 -0.9466502985177698D+02 -0.9445719638109712D+02 -0.9424420280446036D+02
 -0.9402595274658333D+02 -0.9380234856933217D+02 -0.9357329132325746D+02
 -0.9333868070674819D+02 -0.9309841503630054D+02 -0.9285239123185384D+02
 -0.9260050482156552D+02 -0.9234264997076450D+02 -0.9207871954008769D+02
 -0.9180860517793379D+02 -0.9153219708650239D+02 -0.9124938502114681D+02
 -0.9096005813415923D+02 -0.9066410500275501D+02 -0.9036141413067375D+02
 -0.9005187432852011D+02 -0.8973537514208347D+02 -0.8941180732129544D+02
 -0.8908106331820035D+02 -0.8874303779741844D+02 -0.8839762813730100D+02
 -0.8804473489466517D+02 -0.8768426220120332D+02 -0.8731611805612732D+02
 -0.8694021447825878D+02 -0.8655646748264829D+02 -0.8616479685293396D+02
 -0.8576512569184442D+02 -0.8535737975039642D+02 -0.8494148653682673D+02
 -0.8451737433777750D+02 -0.8408497105522906D+02 -0.8364420307173172D+02
 -0.8319499433664535D+02 -0.8273726560277279D+02 -0.8227093404659790D+02
 -0.8179591333856689D+02 -0.8131211422309025D+02 -0.8081944587927170D+02
 -0.8031781813132953D+02 -0.7980714044900407D+02 -0.7928732746512443D+02
 -0.7875830046056539D+02 -0.7821998990276998D+02 -0.7767233785805185D+02
 -0.7711530013837172D+02 -0.7654884806313193D+02 -0.7597296974210391D+02
 -0.7538767081426528D+02 -0.7479297460664807D+02 -0.7418892170630279D+02
 -0.7357556896591049D+02 -0.7295298798965369D+02 -0.7232126317012525D+02
 -0.7168048936996330D+02 -0.7103076936295150D+02 -0.7037221116891192D+02
 -0.6970492543373859D+02 -0.6902902302006916D+02 -0.6834461298353688D+02
 -0.6765180111295710D+02 -0.6695068920754187D+02 -0.6624137524768385D+02
 -0.6552395458472012D+02 -0.6479852222558131D+02 -0.6406517621747469D+02
 -0.6332402204236818D+02 -0.6257517519339617D+02 -0.6181877360062118D+02
 -0.6105497899467001D+02 -0.6028398088295572D+02 -0.5950600118581305D+02
 -0.5872129561400784D+02 -0.5793015231178884D+02 -0.5713288754190731D+02
 -0.5632983851603640D+02 -0.5552135411842087D+02 -0.5470778541733805D+02
 -0.5388947736601290D+02 -0.5306676356115391D+02 -0.5223996604713779D+02
 -0.5140940055391363D+02 -0.5057538682598258D+02 -0.4973826272239265D+02
 -0.4889839993244545D+02 -0.4805621889120961D+02 -0.4721220064348186D+02
 -0.4636689391312181D+02 -0.4552091631376846D+02 -0.4467494933852560D+02
 -0.4382972737972116D+02 -0.4298602150635553D+02 -0.4214461907512726D+02
 -0.4130630045558225D+02 -0.4047181428809044D+02 -0.3964185174747048D+02
 -0.3881702066778674D+02 -0.3799783545809485D+02 -0.3718469207899282D+02
 -0.3637785989818467D+02 -0.3557747784877154D+02 -0.3478355814320055D+02
 -0.3399599817876459D+02 -0.3321460090523985D+02 -0.3243910346092831D+02
 -0.3166921321786601D+02 -0.3090464950298968D+02 -0.3014518824348875D+02
 -0.2939070452976976D+02 -0.2864120820523550D+02 -0.2789686438511269D+02
 -0.2715799013082249D+02 -0.2642502270624762D+02 -0.2569845743091024D+02
 -0.2497876303168646D+02 -0.2426629207237244D+02 -0.2356121093180525D+02
 -0.2286347202679937D+02 -0.2217283922522319D+02 -0.2148896031334171D+02
 -0.2081146619987232D+02 -0.2014007151425929D+02 -0.1947465571856401D+02
 -0.1881531339278509D+02 -0.1816237790165007D+02 -0.1751638990147973D+02
 -0.1687808674166484D+02 -0.1624835574136111D+02 -0.1562818081748569D+02
 -0.1501859099544718D+02 -0.1442061163030083D+02 -0.1383522093474609D+02
 -0.1326331339362961D+02 -0.1270567104397781D+02 -0.1216294286317012D+02
 -0.1163563236713519D+02 -0.1112409272509914D+02 -0.1062852888445418D+02
 -0.1014900585913189D+02 -0.9685462177721881D+01 -0.9237726908663932D+01
 -0.8805539278434621D+01 -0.8388570448686467D+01 -0.7986444407426137D+01
 -0.7598758168422271D+01 -0.7225099727915877D+01 -0.6865062163715668D+01
 -0.6518254223027714D+01 -0.6184309119765159D+01 -0.5862882279350228D+01
 -0.5553650124494792D+01 -0.5256303621576667D+01 -0.4970542868992085D+01
 -0.4696069196114043D+01 -0.4432555296329163D+01 -0.4179667695277301D+01
 -0.3937056608841923D+01 -0.3704359962302245D+01 -0.3481213292810603D+01
 -0.3267258448753901D+01 -0.3062159283700193D+01 -0.2865611852787583D+01
 -0.2677358448521786D+01 -0.2497195025924464D+01 -0.2324982208484121D+01
 -0.2160648622071361D+01 -0.2004196622302780D+01 -0.1855707562514993D+01
 -0.1715341850883491D+01 -0.1583358362625990D+01 -0.1460084109690654D+01
 -0.1346014407706593D+01
 -0.1090507912904507D+00
