PARAMAGNETIC IrGe4  P1 
SPACE GROUP
 0 1 0 0
1  0 3 0 3 0 3
LATTICE PARAMETER
 11.733314184100972 11.733314184100972 14.70018538220671 #a=6.209A c=7.779A from T.D. Matsuda
0.0      0.0     -0.5
ATOMS
 4 15
 1 3 4 6 7 9 10 15
 0.31776       0.0           0.833333333333333 3b
 0.            0.31776       0.166666666666667
 0.68224       0.68224       0.5
 0.61750       0.0           0.333333333333333 3a
 0.0           0.61750       0.666666666666667
 0.38250       0.38250       0.0
 0.07830       0.0           0.333333333333333 3a
 0.0           0.07830       0.666666666666667
 0.92170       0.92170       0.0
 0.22030       0.48590       0.447880          6c
 0.51410       0.73440       0.781213 
 0.26560       0.77970       0.114547 
 0.48590       0.22030       0.552120 
 0.73440       0.51410       0.218787 
 0.77970       0.26560       0.885453 
 1.21
ATOMIC CONFIGURATIONS
Ir
77.0 14
 100 200 210 300 310 320 400 410 420 500 510 525 430 605
 2.0 2.0 6.0 2.0 6.0 10. 2.0 6.0 10. 2.0 6.0 7.0 14. 2.0
 0.0 0.0 0.0 0.0 0.0 0.0 0.0 0.0 0.0 0.0 0.0 0.0 0.0 0.0
Ge
 32. 8
 100 200 210 300 310 320 405 415
 2.0 2.0 6.0 2.0 6.0 10. 2.0 2.0
 0.0 0.0 0.0 0.0 0.0 0.0 0.0 0.0
G2
 32. 8
 100 200 210 300 310 320 405 415
 2.0 2.0 6.0 2.0 6.0 10. 2.0 2.0
 0.0 0.0 0.0 0.0 0.0 0.0 0.0 0.0
G3
 32. 8
 100 200 210 300 310 320 405 415
 2.0 2.0 6.0 2.0 6.0 10. 2.0 2.0
 0.0 0.0 0.0 0.0 0.0 0.0 0.0 0.0
K-POINT DATA
 0
